1.0,0.0,818094.859361
1.1,0.0,535079.85158
1.2,0.0,417247.821033
1.3,0.0,398982.866991
1.4,0.0,469602.135796
1.5,0.0,665675.858206
1.6,0.0,1099309.928318
1.7,0.0,2066279.040122
1.8,0.0,4605466.00614
2.1,0.0,5108400.072917
2.2,0.0,2228683.903214
2.3,0.0,1183339.502203
2.4,0.0,740490.357317
2.5,0.0,579988.330166
2.6,0.0,605423.23845
2.7,0.0,840626.233538
2.8,0.0,1458251.937474
2.9,0.0,3010833.831849
3.0,0.0,7982062.223815
3.3,0.0,3895721.174678
3.4,0.0,1684885.976066
3.5,0.0,813846.664988
3.6,0.0,429038.201586
3.7,0.0,251644.118973
3.8,0.0,170257.715739
3.9,0.0,135406.112562
4.0,0.0,123396.522941
4.1,0.0,122265.553287
4.2,0.0,92516.535035
4.3,0.0,66501.779283
4.4,0.0,47289.990381
4.5,0.0,33365.995085
4.6,0.0,23401.229817
4.7,0.0,16351.634179
4.8,0.0,11346.19894
4.9,0.0,7820.012071
5.0,0.0,5358.148695
5.1,0.0,3647.280219
5.2,0.0,2462.827068
5.3,0.0,1646.536527
5.4,0.0,1087.086475
5.5,0.0,706.237005
5.6,0.0,449.087984
5.7,0.0,277.162793
5.8,0.0,163.540863
5.9,0.0,89.469083
6.0,0.0,41.986561
6.2,0.0,-5.821503
6.4,0.0,-21.739035
6.6,0.0,-24.726378
6.8,0.0,-23.044414
7.0,0.0,-20.033081
7.2,0.0,-16.939511
7.4,0.0,-14.195372
7.6,0.0,-11.910128
7.8,0.0,-10.075569
8.0,0.0,-8.619942
8.2,0.0,-7.450303
8.4,0.0,-6.489586
8.6,0.0,-5.689688
8.8,0.0,-5.028394
9.0,0.0,-4.482975
9.5,0.0,-3.490547
10.0,0.0,-2.83
10.5,0.0,-2.366982
11.0,0.0,-2.033407
11.5,0.0,-1.784157
12.0,0.0,-1.591233
12.5,0.0,-1.435605
13.0,0.0,-1.308022
13.5,0.0,-1.201898
14.0,0.0,-1.111055
14.5,0.0,-1.034783
15.0,0.0,-0.96511
16.0,0.0,-0.850927
17.0,0.0,-0.761258
18.0,0.0,-0.686251
19.0,0.0,-0.622507
20.0,0.0,-0.569418
21.0,0.0,-0.523295
22.0,0.0,-0.483824
23.0,0.0,-0.448679
24.0,0.0,-0.41672
25.0,0.0,-0.389939
50.0,0.0,-0.120413
100.0,0.0,-0.023556
1.0,10.0,686010.660584
1.1,10.0,460551.75319
1.2,10.0,363784.813275
1.3,10.0,336485.809307
1.4,10.0,356379.090221
1.5,10.0,419765.168923
1.6,10.0,540210.663379
1.7,10.0,724589.127009
1.8,10.0,933555.955883
1.9,10.0,1061013.24537
2.0,10.0,1010750.888074
2.1,10.0,820465.998086
2.2,10.0,609338.181567
2.3,10.0,450806.364798
2.4,10.0,354971.055172
2.5,10.0,304486.308505
2.6,10.0,281881.161546
2.7,10.0,277654.995048
2.8,10.0,286780.327785
2.9,10.0,302252.218095
3.0,10.0,311687.241118
3.1,10.0,302394.761862
3.2,10.0,270930.175554
3.3,10.0,225757.364016
3.4,10.0,179812.091979
3.5,10.0,142190.038547
3.6,10.0,115777.407666
3.7,10.0,99049.867123
3.8,10.0,88359.110269
3.9,10.0,79530.852498
4.0,10.0,69295.168358
4.1,10.0,57116.825734
4.2,10.0,44786.575003
4.3,10.0,33927.824492
4.4,10.0,25122.575362
4.5,10.0,18326.17828
4.6,10.0,13215.466759
4.7,10.0,9412.051393
4.8,10.0,6638.016563
4.9,10.0,4641.188145
5.0,10.0,3216.017089
5.1,10.0,2206.248205
5.2,10.0,1496.067722
5.3,10.0,1000.487206
5.4,10.0,657.628171
5.5,10.0,422.726334
5.6,10.0,263.556685
5.7,10.0,157.032213
5.8,10.0,86.750734
5.9,10.0,41.172971
6.0,10.0,12.281565
6.2,10.0,-15.805911
6.4,10.0,-23.900112
6.6,10.0,-24.081161
6.8,10.0,-21.58265
7.0,10.0,-18.494939
7.2,10.0,-15.585563
7.4,10.0,-13.092265
7.6,10.0,-11.044834
7.8,10.0,-9.406386
8.0,10.0,-8.095352
8.2,10.0,-7.027052
8.4,10.0,-6.140991
8.6,10.0,-5.401966
8.8,10.0,-4.789303
9.0,10.0,-4.283081
9.5,10.0,-3.356965
10.0,10.0,-2.735445
10.5,10.0,-2.29966
11.0,10.0,-1.984084
11.5,10.0,-1.745204
12.0,10.0,-1.559488
12.5,10.0,-1.409105
13.0,10.0,-1.285929
13.5,10.0,-1.183301
14.0,10.0,-1.094769
14.5,10.0,-1.019136
15.0,10.0,-0.95211
16.0,10.0,-0.841408
17.0,10.0,-0.752955
18.0,10.0,-0.678507
19.0,10.0,-0.617386
20.0,10.0,-0.564651
21.0,10.0,-0.518115
22.0,10.0,-0.479666
23.0,10.0,-0.444758
24.0,10.0,-0.414183
25.0,10.0,-0.387107
50.0,10.0,-0.120786
100.0,10.0,-0.022987
1.0,20.0,466021.61009
1.1,20.0,324918.692934
1.2,20.0,258894.071082
1.3,20.0,230185.213041
1.4,20.0,216613.993514
1.5,20.0,207268.699375
1.6,20.0,199880.146684
1.7,20.0,193788.528648
1.8,20.0,186435.158189
1.9,20.0,175490.637981
2.0,20.0,161146.64979
2.1,20.0,146097.557052
2.2,20.0,133763.002563
2.3,20.0,126483.896608
2.4,20.0,124724.747364
2.5,20.0,127328.333752
2.6,20.0,132302.196522
2.7,20.0,138433.896521
2.8,20.0,122911.477969
2.9,20.0,107091.478478
3.0,20.0,92813.085434
3.1,20.0,80353.610375
3.2,20.0,69592.905378
3.3,20.0,60246.950804
3.4,20.0,52012.071912
3.5,20.0,44646.152289
3.6,20.0,37945.738909
3.7,20.0,31819.34398
3.8,20.0,26262.302396
3.9,20.0,21313.401167
4.0,20.0,17019.049393
4.1,20.0,13388.19809
4.2,20.0,10356.973366
4.3,20.0,7888.676417
4.4,20.0,5927.131133
4.5,20.0,4397.473449
4.6,20.0,3222.458454
4.7,20.0,2331.753289
4.8,20.0,1664.911409
4.9,20.0,1171.647107
5.0,20.0,811.103699
5.1,20.0,550.756198
5.2,20.0,365.121904
5.3,20.0,234.52091
5.4,20.0,143.938723
5.5,20.0,82.084963
5.6,20.0,40.606231
5.7,20.0,13.416995
5.8,20.0,-3.863569
5.9,20.0,-14.365674
6.0,20.0,-20.306318
6.2,20.0,-24.260284
6.4,20.0,-23.198856
6.6,20.0,-20.469665
6.8,20.0,-17.464762
7.0,20.0,-14.717905
7.2,20.0,-12.393308
7.4,20.0,-10.502434
7.6,20.0,-8.98684
7.8,20.0,-7.768251
8.0,20.0,-6.768756
8.2,20.0,-5.933518
8.4,20.0,-5.234882
8.6,20.0,-4.650812
8.8,20.0,-4.166274
9.0,20.0,-3.76132
9.5,20.0,-3.004941
10.0,20.0,-2.484839
10.5,20.0,-2.117199
11.0,20.0,-1.842259
11.5,20.0,-1.633784
12.0,20.0,-1.467971
12.5,20.0,-1.33381
13.0,20.0,-1.223457
13.5,20.0,-1.128078
14.0,20.0,-1.04679
14.5,20.0,-0.976201
15.0,20.0,-0.913809
16.0,20.0,-0.809689
17.0,20.0,-0.725627
18.0,20.0,-0.655831
19.0,20.0,-0.597513
20.0,20.0,-0.547705
21.0,20.0,-0.50311
22.0,20.0,-0.467052
23.0,20.0,-0.433349
24.0,20.0,-0.403568
25.0,20.0,-0.377509
50.0,20.0,-0.118617
100.0,20.0,-0.023041
1.0,30.0,284675.189844
1.1,30.0,207666.03593
1.2,30.0,168158.025095
1.3,30.0,147875.511092
1.4,30.0,134899.028402
1.5,30.0,122819.352761
1.6,30.0,109917.972053
1.7,30.0,97036.065072
1.8,30.0,85303.572174
1.9,30.0,75323.332485
2.0,30.0,67247.982035
2.1,30.0,60944.920506
2.2,30.0,56089.184626
2.3,30.0,52280.582851
2.4,30.0,48986.306773
2.5,30.0,45723.475447
2.6,30.0,42161.467194
2.7,30.0,38188.288748
2.8,30.0,33902.572555
2.9,30.0,29522.674694
3.0,30.0,25265.437747
3.1,30.0,21317.023846
3.2,30.0,17781.653616
3.3,30.0,14680.727051
3.4,30.0,12006.061909
3.5,30.0,9729.820191
3.6,30.0,7814.413638
3.7,30.0,6218.887326
3.8,30.0,4902.492543
3.9,30.0,3826.603439
4.0,30.0,2955.667013
4.1,30.0,2257.604916
4.2,30.0,1703.837528
4.3,30.0,1269.233053
4.4,30.0,931.950169
4.5,30.0,673.249841
4.6,30.0,477.25015
4.7,30.0,330.65313
4.8,30.0,222.468961
4.9,30.0,143.751668
5.0,30.0,87.334795
5.1,30.0,47.587149
5.2,30.0,20.157397
5.3,30.0,1.725182
5.4,30.0,-10.216321
5.5,30.0,-17.547856
5.6,30.0,-21.672427
5.7,30.0,-23.619512
5.8,30.0,-24.134338
5.9,30.0,-23.741138
6.0,30.0,-22.801311
6.2,30.0,-20.157432
6.4,30.0,-17.276207
6.6,30.0,-14.599478
6.8,30.0,-12.294738
7.0,30.0,-10.398447
7.2,30.0,-8.878795
7.4,30.0,-7.666708
7.6,30.0,-6.680689
7.8,30.0,-5.864867
8.0,30.0,-5.179428
8.2,30.0,-4.607001
8.4,30.0,-4.127167
8.6,30.0,-3.726504
8.8,30.0,-3.387577
9.0,30.0,-3.101962
9.5,30.0,-2.548568
10.0,30.0,-2.156155
10.5,30.0,-1.869506
11.0,30.0,-1.650362
11.5,30.0,-1.477679
12.0,30.0,-1.33927
12.5,30.0,-1.225478
13.0,30.0,-1.127799
13.5,30.0,-1.045907
14.0,30.0,-0.975266
14.5,30.0,-0.912014
15.0,30.0,-0.857384
16.0,30.0,-0.763089
17.0,30.0,-0.685629
18.0,30.0,-0.622086
19.0,30.0,-0.567153
20.0,30.0,-0.521063
21.0,30.0,-0.480684
22.0,30.0,-0.44601
23.0,30.0,-0.414929
24.0,30.0,-0.387321
25.0,30.0,-0.36197
50.0,30.0,-0.11584
100.0,30.0,-0.021161
1.0,40.0,173780.542331
1.1,40.0,132732.261951
1.2,40.0,109518.426364
1.3,40.0,95570.828247
1.4,40.0,85288.965704
1.5,40.0,75772.293269
1.6,40.0,66167.895894
1.7,40.0,56741.569469
1.8,40.0,48020.692401
1.9,40.0,40353.961242
2.0,40.0,33835.10733
2.1,40.0,28370.659514
2.2,40.0,23856.16447
2.3,40.0,20110.535155
2.4,40.0,16963.839981
2.5,40.0,14280.202838
2.6,40.0,11968.150576
2.7,40.0,9981.763162
2.8,40.0,8271.26578
2.9,40.0,6800.703661
3.0,40.0,5544.312546
3.1,40.0,4479.953211
3.2,40.0,3586.758247
3.3,40.0,2844.393994
3.4,40.0,2233.427232
3.5,40.0,1735.53583
3.6,40.0,1333.786408
3.7,40.0,1012.800037
3.8,40.0,758.894985
3.9,40.0,560.08551
4.0,40.0,406.05006
4.1,40.0,288.012761
4.2,40.0,198.619551
4.3,40.0,131.763543
4.4,40.0,82.446214
4.5,40.0,46.621948
4.6,40.0,21.069549
4.7,40.0,3.256883
4.8,40.0,-8.784605
4.9,40.0,-16.576487
5.0,40.0,-21.277929
5.1,40.0,-23.776928
5.2,40.0,-24.744898
5.3,40.0,-24.68246
5.4,40.0,-23.962282
5.5,40.0,-22.842196
5.6,40.0,-21.507716
5.7,40.0,-20.076912
5.8,40.0,-18.627951
5.9,40.0,-17.203197
6.0,40.0,-15.83903
6.2,40.0,-13.345129
6.4,40.0,-11.224952
6.6,40.0,-9.486776
6.8,40.0,-8.095955
7.0,40.0,-6.985321
7.2,40.0,-6.088488
7.4,40.0,-5.352053
7.6,40.0,-4.739984
7.8,40.0,-4.22908
8.0,40.0,-3.804443
8.2,40.0,-3.448374
8.4,40.0,-3.147162
8.6,40.0,-2.893223
8.8,40.0,-2.672376
9.0,40.0,-2.481945
9.5,40.0,-2.102697
10.0,40.0,-1.82062
10.5,40.0,-1.604947
11.0,40.0,-1.436172
11.5,40.0,-1.301143
12.0,40.0,-1.189158
12.5,40.0,-1.097495
13.0,40.0,-1.016016
13.5,40.0,-0.947492
14.0,40.0,-0.886272
14.5,40.0,-0.833325
15.0,40.0,-0.784611
16.0,40.0,-0.703133
17.0,40.0,-0.635256
18.0,40.0,-0.578271
19.0,40.0,-0.529115
20.0,40.0,-0.48695
21.0,40.0,-0.451212
22.0,40.0,-0.418148
23.0,40.0,-0.390065
24.0,40.0,-0.365362
25.0,40.0,-0.341381
50.0,40.0,-0.110706
100.0,40.0,-0.020912
1.0,50.0,117433.027023
1.1,50.0,93604.496958
1.2,50.0,78125.363073
1.3,50.0,66841.126568
1.4,50.0,57329.079971
1.5,50.0,48561.008964
1.6,50.0,40379.970239
1.7,50.0,32965.429588
1.8,50.0,26500.046875
1.9,50.0,21046.06039
2.0,50.0,16542.703996
2.1,50.0,12932.434186
2.2,50.0,10077.851404
2.3,50.0,7831.066485
2.4,50.0,6069.414626
2.5,50.0,4691.198494
2.6,50.0,3614.198226
2.7,50.0,2773.239435
2.8,50.0,2117.130835
2.9,50.0,1605.92618
3.0,50.0,1208.513901
3.1,50.0,900.576629
3.2,50.0,663.052964
3.3,50.0,480.895128
3.4,50.0,342.177241
3.5,50.0,237.405804
3.6,50.0,159.030519
3.7,50.0,101.045965
3.8,50.0,58.706053
3.9,50.0,28.275109
4.0,50.0,6.837165
4.1,50.0,-7.872782
4.2,50.0,-17.595343
4.3,50.0,-23.664739
4.4,50.0,-27.090369
4.5,50.0,-28.636879
4.6,50.0,-28.880945
4.7,50.0,-28.251646
4.8,50.0,-27.063526
4.9,50.0,-25.550456
5.0,50.0,-23.868709
5.1,50.0,-22.134712
5.2,50.0,-20.417699
5.3,50.0,-18.762441
5.4,50.0,-17.19505
5.5,50.0,-15.728823
5.6,50.0,-14.370683
5.7,50.0,-13.123858
5.8,50.0,-11.984119
5.9,50.0,-10.950937
6.0,50.0,-10.019554
6.2,50.0,-8.43934
6.4,50.0,-7.18261
6.6,50.0,-6.181803
6.8,50.0,-5.380467
7.0,50.0,-4.728302
7.2,50.0,-4.194107
7.4,50.0,-3.753159
7.6,50.0,-3.38819
7.8,50.0,-3.083285
8.0,50.0,-2.827092
8.2,50.0,-2.606735
8.4,50.0,-2.419134
8.6,50.0,-2.254969
8.8,50.0,-2.110689
9.0,50.0,-1.981884
9.5,50.0,-1.71805
10.0,50.0,-1.51498
10.5,50.0,-1.35661
11.0,50.0,-1.228835
11.5,50.0,-1.125595
12.0,50.0,-1.037847
12.5,50.0,-0.962419
13.0,50.0,-0.897905
13.5,50.0,-0.840333
14.0,50.0,-0.790847
14.5,50.0,-0.745646
15.0,50.0,-0.706275
16.0,50.0,-0.635318
17.0,50.0,-0.577138
18.0,50.0,-0.52812
19.0,50.0,-0.484631
20.0,50.0,-0.447852
21.0,50.0,-0.416184
22.0,50.0,-0.386687
23.0,50.0,-0.36148
24.0,50.0,-0.338991
25.0,50.0,-0.318646
50.0,50.0,-0.104732
100.0,50.0,-0.019251
1.0,60.0,94940.061746
1.1,60.0,78058.978652
1.2,60.0,65010.09344
1.3,60.0,53924.687439
1.4,60.0,44112.612248
1.5,60.0,35432.708492
1.6,60.0,27943.6488
1.7,60.0,21680.665013
1.8,60.0,16584.564656
1.9,60.0,12508.546658
2.0,60.0,9340.722473
2.1,60.0,6916.817365
2.2,60.0,5078.273858
2.3,60.0,3696.630536
2.4,60.0,2666.544154
2.5,60.0,1904.063635
2.6,60.0,1343.599451
2.7,60.0,934.560703
2.8,60.0,638.317566
2.9,60.0,425.554912
3.0,60.0,274.200388
3.1,60.0,167.716482
3.2,60.0,93.794088
3.3,60.0,43.313287
3.4,60.0,9.568857
3.5,60.0,-12.338112
3.6,60.0,-25.959627
3.7,60.0,-33.847181
3.8,60.0,-37.818348
3.9,60.0,-39.161296
4.0,60.0,-38.785085
4.1,60.0,-37.321592
4.2,60.0,-35.217808
4.3,60.0,-32.775539
4.4,60.0,-30.203301
4.5,60.0,-27.638987
4.6,60.0,-25.165983
4.7,60.0,-22.837044
4.8,60.0,-20.676977
4.9,60.0,-18.69751
5.0,60.0,-16.896328
5.1,60.0,-15.267478
5.2,60.0,-13.801737
5.3,60.0,-12.485765
5.4,60.0,-11.313085
5.5,60.0,-10.26657
5.6,60.0,-9.339654
5.7,60.0,-8.516221
5.8,60.0,-7.789777
5.9,60.0,-7.147285
6.0,60.0,-6.576747
6.2,60.0,-5.622632
6.4,60.0,-4.867507
6.6,60.0,-4.260645
6.8,60.0,-3.768538
7.0,60.0,-3.367569
7.2,60.0,-3.036139
7.4,60.0,-2.760962
7.6,60.0,-2.531266
7.8,60.0,-2.336327
8.0,60.0,-2.168654
8.2,60.0,-2.023555
8.4,60.0,-1.895915
8.6,60.0,-1.781974
8.8,60.0,-1.681238
9.0,60.0,-1.590085
9.5,60.0,-1.39989
10.0,60.0,-1.251848
10.5,60.0,-1.135018
11.0,60.0,-1.039641
11.5,60.0,-0.959513
12.0,60.0,-0.891392
12.5,60.0,-0.831965
13.0,60.0,-0.779627
13.5,60.0,-0.734243
14.0,60.0,-0.692913
14.5,60.0,-0.654853
15.0,60.0,-0.621368
16.0,60.0,-0.563908
17.0,60.0,-0.514542
18.0,60.0,-0.473662
19.0,60.0,-0.437142
20.0,60.0,-0.40454
21.0,60.0,-0.376698
22.0,60.0,-0.351448
23.0,60.0,-0.330237
24.0,60.0,-0.309164
25.0,60.0,-0.292368
50.0,60.0,-0.098824
100.0,60.0,-0.018255
1.0,70.0,92262.153119
1.1,70.0,76807.824094
1.2,70.0,62893.996548
1.3,70.0,50326.136515
1.4,70.0,39365.437823
1.5,70.0,30230.907745
1.6,70.0,22867.236545
1.7,70.0,17075.289082
1.8,70.0,12583.365273
1.9,70.0,9185.298026
2.0,70.0,6645.40349
2.1,70.0,4761.425908
2.2,70.0,3376.512959
2.3,70.0,2366.834186
2.4,70.0,1636.876021
2.5,70.0,1113.739559
2.6,70.0,742.38337
2.7,70.0,481.545414
2.8,70.0,300.514688
2.9,70.0,176.612366
3.0,70.0,93.217044
3.1,70.0,38.240206
3.2,70.0,2.968962
3.3,70.0,-18.806787
3.4,70.0,-31.466212
3.5,70.0,-38.065369
3.6,70.0,-40.70572
3.7,70.0,-40.823271
3.8,70.0,-39.393714
3.9,70.0,-37.074179
4.0,70.0,-34.300985
4.1,70.0,-31.366578
4.2,70.0,-28.449037
4.3,70.0,-25.662449
4.4,70.0,-23.066104
4.5,70.0,-20.685565
4.6,70.0,-18.528367
4.7,70.0,-16.588505
4.8,70.0,-14.853712
4.9,70.0,-13.308066
5.0,70.0,-11.940734
5.1,70.0,-10.733336
5.2,70.0,-9.670065
5.3,70.0,-8.734753
5.4,70.0,-7.918502
5.5,70.0,-7.200715
5.6,70.0,-6.574115
5.7,70.0,-6.025576
5.8,70.0,-5.540385
5.9,70.0,-5.112254
6.0,70.0,-4.734849
6.2,70.0,-4.097717
6.4,70.0,-3.588077
6.6,70.0,-3.17441
6.8,70.0,-2.839342
7.0,70.0,-2.562127
7.2,70.0,-2.331218
7.4,70.0,-2.136453
7.6,70.0,-1.973428
7.8,70.0,-1.831524
8.0,70.0,-1.708919
8.2,70.0,-1.601854
8.4,70.0,-1.505578
8.6,70.0,-1.420854
8.8,70.0,-1.346163
9.0,70.0,-1.279067
9.5,70.0,-1.138271
10.0,70.0,-1.027489
10.5,70.0,-0.940127
11.0,70.0,-0.866831
11.5,70.0,-0.806068
12.0,70.0,-0.752393
12.5,70.0,-0.705035
13.0,70.0,-0.664506
13.5,70.0,-0.627108
14.0,70.0,-0.594729
14.5,70.0,-0.565294
15.0,70.0,-0.537763
16.0,70.0,-0.490063
17.0,70.0,-0.449031
18.0,70.0,-0.416063
19.0,70.0,-0.384682
20.0,70.0,-0.359215
21.0,70.0,-0.33511
22.0,70.0,-0.314864
23.0,70.0,-0.295787
24.0,70.0,-0.277604
25.0,70.0,-0.262863
50.0,70.0,-0.091503
100.0,70.0,-0.015233
1.0,80.0,101212.29198
1.1,80.0,83776.252961
1.2,80.0,66454.12468
1.3,80.0,51101.223773
1.4,80.0,38509.805545
1.5,80.0,28620.795872
1.6,80.0,21066.151299
1.7,80.0,15352.195009
1.8,80.0,11109.139315
1.9,80.0,7981.853733
2.0,80.0,5689.952323
2.1,80.0,4021.373552
2.2,80.0,2814.593242
2.3,80.0,1947.798422
2.4,80.0,1329.855133
2.5,80.0,892.971077
2.6,80.0,586.932191
2.7,80.0,374.77551
2.8,80.0,229.439699
2.9,80.0,131.262499
3.0,80.0,66.056336
3.1,80.0,23.672454
3.2,80.0,-3.089173
3.3,80.0,-19.276911
3.4,80.0,-28.399929
3.5,80.0,-32.867913
3.6,80.0,-34.33176
3.7,80.0,-33.909265
3.8,80.0,-32.358748
3.9,80.0,-30.185353
4.0,80.0,-27.726753
4.1,80.0,-25.204023
4.2,80.0,-22.748686
4.3,80.0,-20.43647
4.4,80.0,-18.307406
4.5,80.0,-16.368288
4.6,80.0,-14.624912
4.7,80.0,-13.06432
4.8,80.0,-11.674604
4.9,80.0,-10.444243
5.0,80.0,-9.359728
5.1,80.0,-8.408928
5.2,80.0,-7.574967
5.3,80.0,-6.847679
5.4,80.0,-6.214473
5.5,80.0,-5.660417
5.6,80.0,-5.175568
5.7,80.0,-4.751265
5.8,80.0,-4.377268
5.9,80.0,-4.046773
6.0,80.0,-3.753772
6.2,80.0,-3.259617
6.4,80.0,-2.864824
6.6,80.0,-2.542883
6.8,80.0,-2.276576
7.0,80.0,-2.057044
7.2,80.0,-1.872459
7.4,80.0,-1.718058
7.6,80.0,-1.584476
7.8,80.0,-1.469753
8.0,80.0,-1.370471
8.2,80.0,-1.283654
8.4,80.0,-1.208003
8.6,80.0,-1.141898
8.8,80.0,-1.082631
9.0,80.0,-1.029332
9.5,80.0,-0.920998
10.0,80.0,-0.835816
10.5,80.0,-0.767578
11.0,80.0,-0.710368
11.5,80.0,-0.663037
12.0,80.0,-0.62169
12.5,80.0,-0.585902
13.0,80.0,-0.553436
13.5,80.0,-0.525937
14.0,80.0,-0.499274
14.5,80.0,-0.476175
15.0,80.0,-0.455274
16.0,80.0,-0.417863
17.0,80.0,-0.385466
18.0,80.0,-0.357806
19.0,80.0,-0.333372
20.0,80.0,-0.312656
21.0,80.0,-0.293107
22.0,80.0,-0.275454
23.0,80.0,-0.259774
24.0,80.0,-0.245549
25.0,80.0,-0.233781
50.0,80.0,-0.083591
100.0,80.0,-0.013736
1.0,90.0,120272.559244
1.1,90.0,92537.73735
1.2,90.0,69840.610141
1.3,90.0,52106.328499
1.4,90.0,38539.454843
1.5,90.0,28278.131038
1.6,90.0,20563.703703
1.7,90.0,14876.620274
1.8,90.0,10700.337992
1.9,90.0,7646.373148
2.0,90.0,5424.983506
2.1,90.0,3817.853943
2.2,90.0,2661.741752
2.3,90.0,1835.345904
2.4,90.0,1248.851501
2.5,90.0,835.953174
2.6,90.0,547.859448
2.7,90.0,348.856232
2.8,90.0,212.96875
2.9,90.0,121.434857
3.0,90.0,60.804222
3.1,90.0,21.498015
3.2,90.0,-3.245325
3.3,90.0,-18.154987
3.4,90.0,-26.50795
3.5,90.0,-30.548298
3.6,90.0,-31.813124
3.7,90.0,-31.345604
3.8,90.0,-29.844392
3.9,90.0,-27.786713
4.0,90.0,-25.480199
4.1,90.0,-23.128616
4.2,90.0,-20.84699
4.3,90.0,-18.702744
4.4,90.0,-16.723328
4.5,90.0,-14.926837
4.6,90.0,-13.305297
4.7,90.0,-11.854374
4.8,90.0,-10.564519
4.9,90.0,-9.425131
5.0,90.0,-8.42598
5.1,90.0,-7.548978
5.2,90.0,-6.782916
5.3,90.0,-6.11774
5.4,90.0,-5.537875
5.5,90.0,-5.029275
5.6,90.0,-4.585486
5.7,90.0,-4.194829
5.8,90.0,-3.850668
5.9,90.0,-3.547375
6.0,90.0,-3.278017
6.2,90.0,-2.823299
6.4,90.0,-2.461642
6.6,90.0,-2.169371
6.8,90.0,-1.928215
7.0,90.0,-1.729863
7.2,90.0,-1.56227
7.4,90.0,-1.42125
7.6,90.0,-1.302476
7.8,90.0,-1.202276
8.0,90.0,-1.115069
8.2,90.0,-1.039973
8.4,90.0,-0.97486
8.6,90.0,-0.918014
8.8,90.0,-0.866974
9.0,90.0,-0.823905
9.5,90.0,-0.734675
10.0,90.0,-0.665766
10.5,90.0,-0.61198
11.0,90.0,-0.568254
11.5,90.0,-0.530808
12.0,90.0,-0.499063
12.5,90.0,-0.472304
13.0,90.0,-0.448889
13.5,90.0,-0.426424
14.0,90.0,-0.408189
14.5,90.0,-0.389313
15.0,90.0,-0.373442
16.0,90.0,-0.345797
17.0,90.0,-0.320866
18.0,90.0,-0.301008
19.0,90.0,-0.281279
20.0,90.0,-0.264696
21.0,90.0,-0.25101
22.0,90.0,-0.236527
23.0,90.0,-0.223823
24.0,90.0,-0.212477
25.0,90.0,-0.202601
50.0,90.0,-0.075126
100.0,90.0,-0.011934
1.0,100.0,101337.759281
1.1,100.0,83572.931361
1.2,100.0,66175.277221
1.3,100.0,50844.028437
1.4,100.0,38292.384775
1.5,100.0,28430.598152
1.6,100.0,20897.20193
1.7,100.0,15207.551661
1.8,100.0,10988.60506
1.9,100.0,7881.926818
2.0,100.0,5607.984701
2.1,100.0,3954.797276
2.2,100.0,2761.004493
2.3,100.0,1905.008777
2.4,100.0,1295.941247
2.5,100.0,866.270387
2.6,100.0,566.043906
2.7,100.0,358.52887
2.8,100.0,216.873686
2.9,100.0,121.597415
3.0,100.0,58.666047
3.1,100.0,18.055258
3.2,100.0,-7.322945
3.3,100.0,-22.436489
3.4,100.0,-30.721709
3.5,100.0,-34.535471
3.6,100.0,-35.48569
3.7,100.0,-34.659038
3.8,100.0,-32.793856
3.9,100.0,-30.379657
4.0,100.0,-27.741021
4.1,100.0,-25.082967
4.2,100.0,-22.526654
4.3,100.0,-20.138188
4.4,100.0,-17.945631
4.5,100.0,-15.955459
4.6,100.0,-14.165105
4.7,100.0,-12.564708
4.8,100.0,-11.142231
4.9,100.0,-9.885272
5.0,100.0,-8.78126
5.1,100.0,-7.817776
5.2,100.0,-6.978328
5.3,100.0,-6.247902
5.4,100.0,-5.61519
5.5,100.0,-5.064654
5.6,100.0,-4.58293
5.7,100.0,-4.162886
5.8,100.0,-3.793205
5.9,100.0,-3.467
6.0,100.0,-3.178668
6.2,100.0,-2.69272
6.4,100.0,-2.306141
6.6,100.0,-1.996799
6.8,100.0,-1.745428
7.0,100.0,-1.540997
7.2,100.0,-1.369698
7.4,100.0,-1.227996
7.6,100.0,-1.110547
7.8,100.0,-1.009897
8.0,100.0,-0.925887
8.2,100.0,-0.852271
8.4,100.0,-0.790632
8.6,100.0,-0.737492
8.8,100.0,-0.691224
9.0,100.0,-0.650212
9.5,100.0,-0.570767
10.0,100.0,-0.512259
10.5,100.0,-0.468618
11.0,100.0,-0.433628
11.5,100.0,-0.405784
12.0,100.0,-0.382625
12.5,100.0,-0.363621
13.0,100.0,-0.346448
13.5,100.0,-0.331425
14.0,100.0,-0.317461
14.5,100.0,-0.305521
15.0,100.0,-0.29536
16.0,100.0,-0.27478
17.0,100.0,-0.257752
18.0,100.0,-0.243317
19.0,100.0,-0.229173
20.0,100.0,-0.217198
21.0,100.0,-0.206764
22.0,100.0,-0.198701
23.0,100.0,-0.187595
24.0,100.0,-0.179119
25.0,100.0,-0.171277
50.0,100.0,-0.068022
100.0,100.0,-0.009759
1.0,110.0,92310.930501
1.1,110.0,76680.643097
1.2,110.0,62631.530794
1.3,110.0,50020.458435
1.4,110.0,39063.307219
1.5,110.0,29954.483727
1.6,110.0,22630.091503
1.7,110.0,16879.285474
1.8,110.0,12426.070245
1.9,110.0,9062.32103
2.0,110.0,6551.76037
2.1,110.0,4692.048749
2.2,110.0,3326.69809
2.3,110.0,2332.404439
2.4,110.0,1614.224769
2.5,110.0,1099.858527
2.6,110.0,734.838685
2.7,110.0,478.421898
2.8,110.0,300.357152
2.9,110.0,178.333065
3.0,110.0,96.026505
3.1,110.0,41.580209
3.2,110.0,6.465218
3.3,110.0,-15.394516
3.4,110.0,-28.276421
3.5,110.0,-35.157389
3.6,110.0,-38.092388
3.7,110.0,-38.485997
3.8,110.0,-37.296869
3.9,110.0,-35.176062
4.0,110.0,-32.563971
4.1,110.0,-29.75517
4.2,110.0,-26.938208
4.3,110.0,-24.231601
4.4,110.0,-21.699577
4.5,110.0,-19.372268
4.6,110.0,-17.255271
4.7,110.0,-15.345634
4.8,110.0,-13.630028
4.9,110.0,-12.096635
5.0,110.0,-10.729484
5.1,110.0,-9.517109
5.2,110.0,-8.44719
5.3,110.0,-7.506777
5.4,110.0,-6.681931
5.5,110.0,-5.961018
5.6,110.0,-5.333494
5.7,110.0,-4.787199
5.8,110.0,-4.31024
5.9,110.0,-3.890299
6.0,110.0,-3.523459
6.2,110.0,-2.916227
6.4,110.0,-2.43781
6.6,110.0,-2.059032
6.8,110.0,-1.75701
7.0,110.0,-1.513178
7.2,110.0,-1.312891
7.4,110.0,-1.148225
7.6,110.0,-1.011782
7.8,110.0,-0.897832
8.0,110.0,-0.802499
8.2,110.0,-0.721363
8.4,110.0,-0.654067
8.6,110.0,-0.59713
8.8,110.0,-0.549235
9.0,110.0,-0.506823
9.5,110.0,-0.428098
10.0,110.0,-0.372955
10.5,110.0,-0.33592
11.0,110.0,-0.30727
11.5,110.0,-0.286578
12.0,110.0,-0.270267
12.5,110.0,-0.258226
13.0,110.0,-0.247237
13.5,110.0,-0.238275
14.0,110.0,-0.228852
14.5,110.0,-0.222333
15.0,110.0,-0.215937
16.0,110.0,-0.205779
17.0,110.0,-0.19475
18.0,110.0,-0.18716
19.0,110.0,-0.178712
20.0,110.0,-0.173089
21.0,110.0,-0.164674
22.0,110.0,-0.15854
23.0,110.0,-0.153069
24.0,110.0,-0.146649
25.0,110.0,-0.141798
50.0,110.0,-0.059939
100.0,110.0,-0.007961
1.0,120.0,94420.378195
1.1,120.0,77599.14753
1.2,120.0,64533.7134
1.3,120.0,53482.756961
1.4,120.0,43748.484071
1.5,120.0,35172.555444
1.6,120.0,27782.752707
1.7,120.0,21603.717608
1.8,120.0,16575.634789
1.9,120.0,12552.400079
2.0,120.0,9419.629705
2.1,120.0,7021.263974
2.2,120.0,5198.966493
2.3,120.0,3825.76946
2.4,120.0,2797.857923
2.5,120.0,2032.650875
2.6,120.0,1465.813769
2.7,120.0,1047.89729
2.8,120.0,741.253062
2.9,120.0,517.37975
3.0,120.0,354.839689
3.1,120.0,237.5581
3.2,120.0,153.544702
3.3,120.0,93.880981
3.4,120.0,51.953473
3.5,120.0,22.888917
3.6,120.0,3.103504
3.7,120.0,-10.019569
3.8,120.0,-18.388708
3.9,120.0,-23.380545
4.0,120.0,-25.995909
4.1,120.0,-26.963003
4.2,120.0,-26.804374
4.3,120.0,-25.90335
4.4,120.0,-24.53823
4.5,120.0,-22.906061
4.6,120.0,-21.152932
4.7,120.0,-19.373217
4.8,120.0,-17.635922
4.9,120.0,-15.979492
5.0,120.0,-14.42847
5.1,120.0,-12.987293
5.2,120.0,-11.663861
5.3,120.0,-10.454508
5.4,120.0,-9.350935
5.5,120.0,-8.353078
5.6,120.0,-7.452979
5.7,120.0,-6.647024
5.8,120.0,-5.925548
5.9,120.0,-5.284464
6.0,120.0,-4.718299
6.2,120.0,-3.780635
6.4,120.0,-3.05827
6.6,120.0,-2.499135
6.8,120.0,-2.062261
7.0,120.0,-1.716416
7.2,120.0,-1.440227
7.4,120.0,-1.217383
7.6,120.0,-1.03691
7.8,120.0,-0.886607
8.0,120.0,-0.763861
8.2,120.0,-0.662801
8.4,120.0,-0.578116
8.6,120.0,-0.507871
8.8,120.0,-0.446901
9.0,120.0,-0.397731
9.5,120.0,-0.306697
10.0,120.0,-0.248593
10.5,120.0,-0.212004
11.0,120.0,-0.187954
11.5,120.0,-0.171977
12.0,120.0,-0.163586
12.5,120.0,-0.155584
13.0,120.0,-0.150438
13.5,120.0,-0.14743
14.0,120.0,-0.144692
14.5,120.0,-0.142239
15.0,120.0,-0.141108
16.0,120.0,-0.138333
17.0,120.0,-0.135869
18.0,120.0,-0.13343
19.0,120.0,-0.130922
20.0,120.0,-0.127887
21.0,120.0,-0.125035
22.0,120.0,-0.12294
23.0,120.0,-0.119465
24.0,120.0,-0.115774
25.0,120.0,-0.113081
50.0,120.0,-0.053429
100.0,120.0,-0.005945
1.0,130.0,116915.674784
1.1,130.0,92943.283114
1.2,130.0,77279.739884
1.3,130.0,66020.69652
1.4,130.0,56757.994415
1.5,130.0,48331.030492
1.6,130.0,40467.571558
1.7,130.0,33296.071395
1.8,130.0,26997.61634
1.9,130.0,21652.121547
2.0,130.0,17214.089188
2.1,130.0,13628.501601
2.2,130.0,10781.303665
2.3,130.0,8525.905305
2.4,130.0,6742.067965
2.5,130.0,5330.527133
2.6,130.0,4211.519395
2.7,130.0,3322.418533
2.8,130.0,2614.503969
2.9,130.0,2050.086398
3.0,130.0,1599.983282
3.1,130.0,1241.406901
3.2,130.0,956.432317
3.3,130.0,730.754298
3.4,130.0,552.868474
3.5,130.0,413.424938
3.6,130.0,304.816023
3.7,130.0,220.828573
3.8,130.0,156.407677
3.9,130.0,107.446294
4.0,130.0,70.617302
4.1,130.0,43.245823
4.2,130.0,23.18726
4.3,130.0,8.742926
4.4,130.0,-1.426889
4.5,130.0,-8.36417
4.6,130.0,-12.881921
4.7,130.0,-15.606193
4.8,130.0,-17.020227
4.9,130.0,-17.4985
5.0,130.0,-17.323976
5.1,130.0,-16.711562
5.2,130.0,-15.827748
5.3,130.0,-14.784969
5.4,130.0,-13.6721
5.5,130.0,-12.545879
5.6,130.0,-11.439924
5.7,130.0,-10.379295
5.8,130.0,-9.377423
5.9,130.0,-8.441125
6.0,130.0,-7.575596
6.2,130.0,-6.055363
6.4,130.0,-4.810389
6.6,130.0,-3.817947
6.8,130.0,-3.041327
7.0,130.0,-2.437677
7.2,130.0,-1.968427
7.4,130.0,-1.599264
7.6,130.0,-1.305666
7.8,130.0,-1.06891
8.0,130.0,-0.880366
8.2,130.0,-0.726647
8.4,130.0,-0.602172
8.6,130.0,-0.499177
8.8,130.0,-0.416154
9.0,130.0,-0.348593
9.5,130.0,-0.227966
10.0,130.0,-0.150959
10.5,130.0,-0.107289
11.0,130.0,-0.081841
11.5,130.0,-0.07084
12.0,130.0,-0.062479
12.5,130.0,-0.059679
13.0,130.0,-0.060121
13.5,130.0,-0.060962
14.0,130.0,-0.063155
14.5,130.0,-0.065687
15.0,130.0,-0.068881
16.0,130.0,-0.073054
17.0,130.0,-0.07768
18.0,130.0,-0.082596
19.0,130.0,-0.084218
20.0,130.0,-0.08554
21.0,130.0,-0.088577
22.0,130.0,-0.087396
23.0,130.0,-0.087301
24.0,130.0,-0.087075
25.0,130.0,-0.08503
50.0,130.0,-0.047327
100.0,130.0,-0.005426
1.0,140.0,176987.457874
1.1,140.0,133773.223512
1.2,140.0,108895.970987
1.3,140.0,94291.272515
1.4,140.0,84264.45192
1.5,140.0,75513.680191
1.6,140.0,66747.666745
1.7,140.0,57972.405356
1.8,140.0,49670.866884
1.9,140.0,42252.63602
2.0,140.0,35882.731218
2.1,140.0,30510.034936
2.2,140.0,26035.26705
2.3,140.0,22301.784523
2.4,140.0,19134.742169
2.5,140.0,16398.319697
2.6,140.0,13992.314369
2.7,140.0,11876.569413
2.8,140.0,10018.433072
2.9,140.0,8387.436155
3.0,140.0,6964.194319
3.1,140.0,5733.733532
3.2,140.0,4680.454785
3.3,140.0,3788.047912
3.4,140.0,3039.542458
3.5,140.0,2417.874429
3.6,140.0,1906.460055
3.7,140.0,1489.594077
3.8,140.0,1152.829804
3.9,140.0,883.143182
4.0,140.0,669.037207
4.1,140.0,500.526464
4.2,140.0,369.086403
4.3,140.0,267.51294
4.4,140.0,189.789381
4.5,140.0,130.93972
4.6,140.0,86.89217
4.7,140.0,54.345389
4.8,140.0,30.650732
4.9,140.0,13.709471
5.0,140.0,1.871001
5.1,140.0,-6.14618
5.2,140.0,-11.335796
5.3,140.0,-14.460186
5.4,140.0,-16.098241
5.5,140.0,-16.693912
5.6,140.0,-16.573955
5.7,140.0,-15.988307
5.8,140.0,-15.111164
5.9,140.0,-14.071445
6.0,140.0,-12.961091
6.2,140.0,-10.743877
6.4,140.0,-8.725001
6.6,140.0,-6.996245
6.8,140.0,-5.564576
7.0,140.0,-4.40138
7.2,140.0,-3.474097
7.4,140.0,-2.743174
7.6,140.0,-2.169436
7.8,140.0,-1.718523
8.0,140.0,-1.363516
8.2,140.0,-1.081692
8.4,140.0,-0.85853
8.6,140.0,-0.680421
8.8,140.0,-0.538822
9.0,140.0,-0.425061
9.5,140.0,-0.227878
10.0,140.0,-0.110262
10.5,140.0,-0.041188
11.0,140.0,-0.001834
11.5,140.0,0.016668
12.0,140.0,0.025365
12.5,140.0,0.025716
13.0,140.0,0.021931
13.5,140.0,0.016788
14.0,140.0,0.011542
14.5,140.0,0.004581
15.0,140.0,-0.002644
16.0,140.0,-0.015453
17.0,140.0,-0.026252
18.0,140.0,-0.035617
19.0,140.0,-0.04212
20.0,140.0,-0.048479
21.0,140.0,-0.052485
22.0,140.0,-0.056171
23.0,140.0,-0.059002
24.0,140.0,-0.060321
25.0,140.0,-0.062186
50.0,140.0,-0.041208
100.0,140.0,-0.00341
1.0,150.0,303486.087499
1.1,150.0,216538.231807
1.2,150.0,170396.486388
1.3,150.0,146951.35474
1.4,150.0,133607.271582
1.5,150.0,122748.397592
1.6,150.0,111272.870645
1.7,150.0,99315.103678
1.8,150.0,88055.162431
1.9,150.0,78339.958056
2.0,150.0,70485.021356
2.1,150.0,64442.014674
2.2,150.0,59910.12603
2.3,150.0,56489.31535
2.4,150.0,53620.518549
2.5,150.0,50721.226972
2.6,150.0,47338.392586
2.7,150.0,43274.489274
2.8,150.0,38640.964042
2.9,150.0,33757.074005
3.0,150.0,28955.273518
3.1,150.0,24470.133471
3.2,150.0,20463.538251
3.3,150.0,16971.169233
3.4,150.0,13976.749338
3.5,150.0,11440.38907
3.6,150.0,9310.177461
3.7,150.0,7532.610986
3.8,150.0,6057.404732
3.9,150.0,4839.455426
4.0,150.0,3838.88479
4.1,150.0,3021.474377
4.2,150.0,2357.692862
4.3,150.0,1822.26666
4.4,150.0,1393.597355
4.5,150.0,1053.241983
4.6,150.0,785.465896
4.7,150.0,576.888529
4.8,150.0,416.173515
4.9,150.0,293.786324
5.0,150.0,201.765397
5.1,150.0,133.54054
5.2,150.0,83.738877
5.3,150.0,48.022745
5.4,150.0,22.935557
5.5,150.0,5.764217
5.6,150.0,-5.603627
5.7,150.0,-12.772519
5.8,150.0,-16.957707
5.9,150.0,-19.062055
6.0,150.0,-19.751653
6.2,150.0,-18.67577
6.4,150.0,-16.152177
6.6,150.0,-13.350263
6.8,150.0,-10.769428
7.0,150.0,-8.576171
7.2,150.0,-6.784962
7.4,150.0,-5.346514
7.6,150.0,-4.203529
7.8,150.0,-3.297967
8.0,150.0,-2.584757
8.2,150.0,-2.021966
8.4,150.0,-1.581606
8.6,150.0,-1.2325
8.8,150.0,-0.957098
9.0,150.0,-0.73803
9.5,150.0,-0.371178
10.0,150.0,-0.160418
10.5,150.0,-0.035649
11.0,150.0,0.03487
11.5,150.0,0.070054
12.0,150.0,0.087424
12.5,150.0,0.092058
13.0,150.0,0.089035
13.5,150.0,0.083089
14.0,150.0,0.074416
14.5,150.0,0.064333
15.0,150.0,0.05476
16.0,150.0,0.035752
17.0,150.0,0.017679
18.0,150.0,0.004232
19.0,150.0,-0.006377
20.0,150.0,-0.016162
21.0,150.0,-0.022745
22.0,150.0,-0.030271
23.0,150.0,-0.035386
24.0,150.0,-0.038473
25.0,150.0,-0.040643
50.0,150.0,-0.036341
100.0,150.0,-0.002319
1.0,160.0,527646.472884
1.1,160.0,354095.160267
1.2,160.0,269219.934074
1.3,160.0,231018.047365
1.4,160.0,213989.888841
1.5,160.0,203818.390846
1.6,160.0,195336.365074
1.7,160.0,188214.226886
1.8,160.0,181109.860627
1.9,160.0,171758.024431
2.0,160.0,159390.878694
2.1,160.0,145665.78511
2.2,160.0,133538.647616
2.3,160.0,125510.051518
2.4,160.0,122595.797031
2.5,160.0,124100.634946
2.6,160.0,128024.02862
2.7,160.0,128245.38558
2.8,160.0,115115.488766
2.9,160.0,99901.370145
3.0,160.0,85724.086227
3.1,160.0,73364.153987
3.2,160.0,62936.010958
3.3,160.0,54277.19458
3.4,160.0,47099.410288
3.5,160.0,41129.651978
3.6,160.0,36072.525438
3.7,160.0,31653.510062
3.8,160.0,27671.017622
3.9,160.0,24000.135987
4.0,160.0,20586.098362
4.1,160.0,17423.259586
4.2,160.0,14523.960681
4.3,160.0,11917.718788
4.4,160.0,9640.574328
4.5,160.0,7685.514677
4.6,160.0,6038.32648
4.7,160.0,4676.129179
4.8,160.0,3569.462889
4.9,160.0,2685.304016
5.0,160.0,1990.105637
5.1,160.0,1451.84506
5.2,160.0,1041.322029
5.3,160.0,732.845839
5.4,160.0,504.48172
5.5,160.0,337.987891
5.6,160.0,218.52823
5.7,160.0,134.289164
5.8,160.0,76.036604
5.9,160.0,36.671389
6.0,160.0,10.828989
6.2,160.0,-15.229534
6.4,160.0,-22.864214
6.6,160.0,-22.665373
6.8,160.0,-19.664478
7.0,160.0,-16.082713
7.2,160.0,-12.793458
7.4,160.0,-10.047707
7.6,160.0,-7.848698
7.8,160.0,-6.118774
8.0,160.0,-4.771402
8.2,160.0,-3.72332
8.4,160.0,-2.904063
8.6,160.0,-2.260517
8.8,160.0,-1.757305
9.0,160.0,-1.361644
9.5,160.0,-0.695238
10.0,160.0,-0.314487
10.5,160.0,-0.100471
11.0,160.0,0.020819
11.5,160.0,0.087646
12.0,160.0,0.121442
12.5,160.0,0.135199
13.0,160.0,0.135313
13.5,160.0,0.130687
14.0,160.0,0.121401
14.5,160.0,0.110891
15.0,160.0,0.098598
16.0,160.0,0.075373
17.0,160.0,0.054218
18.0,160.0,0.034743
19.0,160.0,0.020807
20.0,160.0,0.008211
21.0,160.0,-0.001817
22.0,160.0,-0.009209
23.0,160.0,-0.016522
24.0,160.0,-0.02189
25.0,160.0,-0.027549
50.0,160.0,-0.032807
100.0,160.0,-0.000645
1.0,170.0,823439.398152
1.1,170.0,522237.680775
1.2,170.0,386269.314417
1.3,170.0,335694.673477
1.4,170.0,338002.594164
1.5,170.0,382456.463945
1.6,170.0,475140.682476
1.7,170.0,628782.230189
1.8,170.0,825583.37284
1.9,170.0,986773.934839
2.0,170.0,1004424.313592
2.1,170.0,861683.190158
2.2,170.0,656025.665544
2.3,170.0,480126.94654
2.4,170.0,364556.786636
2.5,170.0,300614.173886
2.6,170.0,269096.9239
2.7,170.0,256442.153808
2.8,170.0,257057.146584
2.9,170.0,267550.583056
3.0,170.0,281354.791449
3.1,170.0,287710.051467
3.2,170.0,277215.791954
3.3,170.0,248977.477915
3.4,170.0,211155.19533
3.5,170.0,174499.858878
3.6,170.0,146165.153557
3.7,170.0,128180.175025
3.8,170.0,118804.141688
3.9,170.0,114419.046147
4.0,170.0,110896.747162
4.1,170.0,104741.258647
4.2,170.0,94560.260829
4.3,170.0,81531.744914
4.4,170.0,67712.012434
4.5,170.0,54595.940216
4.6,170.0,42967.160844
4.7,170.0,33114.897561
4.8,170.0,25071.883272
4.9,170.0,18693.933107
5.0,170.0,13742.857477
5.1,170.0,9971.19961
5.2,170.0,7145.01386
5.3,170.0,5057.803471
5.4,170.0,3536.103102
5.5,170.0,2440.095401
5.6,170.0,1659.951278
5.7,170.0,1111.030675
5.8,170.0,729.242858
5.9,170.0,466.817201
6.0,170.0,288.711887
6.2,170.0,91.243785
6.4,170.0,9.569573
6.6,170.0,-19.367945
6.8,170.0,-25.965291
7.0,170.0,-24.271373
7.2,170.0,-20.21659
7.4,170.0,-16.026874
7.6,170.0,-12.438552
7.8,170.0,-9.584522
8.0,170.0,-7.383439
8.2,170.0,-5.710538
8.4,170.0,-4.440022
8.6,170.0,-3.455199
8.8,170.0,-2.684991
9.0,170.0,-2.080039
9.5,170.0,-1.082415
10.0,170.0,-0.519819
10.5,170.0,-0.199365
11.0,170.0,-0.020409
11.5,170.0,0.078463
12.0,170.0,0.130901
12.5,170.0,0.1555
13.0,170.0,0.161308
13.5,170.0,0.158312
14.0,170.0,0.15065
14.5,170.0,0.139128
15.0,170.0,0.126557
16.0,170.0,0.100426
17.0,170.0,0.075976
18.0,170.0,0.055472
19.0,170.0,0.038171
20.0,170.0,0.023705
21.0,170.0,0.012672
22.0,170.0,0.002665
23.0,170.0,-0.005046
24.0,170.0,-0.012162
25.0,170.0,-0.017804
50.0,170.0,-0.03067
100.0,170.0,0.000476
1.0,180.0,1005184.533779
1.1,180.0,618354.310009
1.2,180.0,446994.645783
1.3,180.0,393134.481582
1.4,180.0,427535.051628
1.5,180.0,567756.823103
1.6,180.0,893433.751442
1.7,180.0,1600981.678586
1.8,180.0,3302809.304696
2.1,180.0,7821508.720725
2.2,180.0,2940835.558643
2.3,180.0,1467013.248442
2.4,180.0,847236.645326
2.5,180.0,583379.408453
2.6,180.0,510926.611937
2.7,180.0,589241.110518
2.8,180.0,863967.746756
2.9,180.0,1508942.196086
3.0,180.0,3057059.821926
3.1,180.0,8393517.393791
3.4,180.0,3130408.659719
3.5,180.0,1517072.575608
3.6,180.0,839275.069064
3.7,180.0,532640.685632
3.8,180.0,405351.163608
3.9,180.0,390830.299115
4.0,180.0,503308.364194
4.1,180.0,927730.100762
4.4,180.0,970485.875624
4.5,180.0,398520.164793
4.6,180.0,206029.90297
4.7,180.0,121086.764086
4.8,180.0,76946.258841
4.9,180.0,51161.617328
5.0,180.0,34850.559844
5.1,180.0,23988.402478
5.2,180.0,16547.020406
5.3,180.0,11383.812048
5.4,180.0,7789.365477
5.5,180.0,5291.681274
5.6,180.0,3563.817815
5.7,180.0,2375.00068
5.8,180.0,1562.312033
5.9,180.0,1011.60858
6.0,180.0,641.582636
6.2,180.0,233.498385
6.4,180.0,61.817527
6.6,180.0,-4.066905
6.8,180.0,-24.548672
7.0,180.0,-27.126654
7.2,180.0,-23.753665
7.4,180.0,-19.114007
7.6,180.0,-14.832595
7.8,180.0,-11.361568
8.0,180.0,-8.694712
8.2,180.0,-6.684621
8.4,180.0,-5.173303
8.6,180.0,-4.0193
8.8,180.0,-3.118992
9.0,180.0,-2.415912
9.5,180.0,-1.261794
10.0,180.0,-0.618877
10.5,180.0,-0.248068
11.0,180.0,-0.043678
11.5,180.0,0.069668
12.0,180.0,0.130343
12.5,180.0,0.160487
13.0,180.0,0.169884
13.5,180.0,0.16873
14.0,180.0,0.161225
14.5,180.0,0.149164
15.0,180.0,0.136304
16.0,180.0,0.109717
17.0,180.0,0.08482
18.0,180.0,0.062872
19.0,180.0,0.045029
20.0,180.0,0.030214
21.0,180.0,0.017966
22.0,180.0,0.007571
23.0,180.0,-0.000713
24.0,180.0,-0.007299
25.0,180.0,-0.013551
50.0,180.0,-0.029355
100.0,180.0,-0.0
