1.00,0.00,-1421435528966.7119140625000000
1.10,0.00,-935937683409.5183105468750000
1.20,0.00,-615655852469.4901123046875000
1.30,0.00,-404552462802.1768188476562500
1.40,0.00,-265540116617.6672668457031250
1.50,0.00,-174090345692.8091430664062500
1.60,0.00,-113992747985.5977783203125000
1.70,0.00,-74542548705.5644531250000000
1.80,0.00,-48676547817.3790969848632812
1.90,0.00,-31738410923.2317848205566406
2.00,0.00,-20661359011.8111038208007812
2.10,0.00,-13427528336.9779968261718750
2.20,0.00,-8710606439.7486343383789062
2.30,0.00,-5639797704.4271802902221680
2.40,0.00,-3644054111.7980694770812988
2.50,0.00,-2349366361.3759107589721680
2.60,0.00,-1511104052.7136564254760742
2.70,0.00,-969488501.3417156934738159
2.80,0.00,-620319934.5967280864715576
2.90,0.00,-395754576.1797329783439636
3.00,0.00,-251696275.8203943967819214
3.10,0.00,-159537081.4631333947181702
3.20,0.00,-100753975.7194869518280029
3.30,0.00,-63379170.3258878067135811
3.40,0.00,-39697844.6322867870330811
3.50,0.00,-24748948.2782815918326378
3.60,0.00,-15350658.1477453913539648
3.70,0.00,-9468072.8434663843363523
3.80,0.00,-5803784.9439249904826283
3.90,0.00,-3533343.7369690537452698
4.00,0.00,-2134731.6868046587333083
4.10,0.00,-1278718.9021004028618336
4.20,0.00,-758552.7169180285418406
4.30,0.00,-445003.1064693185035139
4.40,0.00,-257711.2634935662499629
4.50,0.00,-146991.9254663040628657
4.60,0.00,-82318.8149395071523031
4.70,0.00,-45068.8076439963115263
4.80,0.00,-23970.3676370658322412
4.90,0.00,-12262.5720423532675341
5.00,0.00,-5931.6106451926107184
5.10,0.00,-2622.8218631953577642
5.20,0.00,-974.0928025390683160
5.30,0.00,-210.5871049518300424
5.40,0.00,99.4842378513696133
5.50,0.00,190.5594649758234311
5.60,0.00,185.6250615927425827
5.70,0.00,146.1611367793983334
5.80,0.00,100.7011056633146353
5.90,0.00,60.8305664741539758
6.00,0.00,29.9189356720154365
6.20,0.00,-7.3016550914754834
6.40,0.00,-22.6964064697496575
6.60,0.00,-27.2253484294680135
6.80,0.00,-27.0189561294481067
7.00,0.00,-24.9369743801153660
7.20,0.00,-22.2158694765707061
7.40,0.00,-19.3937640164700085
7.60,0.00,-16.7207133143613653
7.80,0.00,-14.3166749639332291
8.00,0.00,-12.2300855847749084
8.20,0.00,-10.4641437180848609
8.40,0.00,-8.9938691924406715
8.60,0.00,-7.7794833230268265
8.80,0.00,-6.7765468982730370
9.00,0.00,-5.9427074490047955
9.50,0.00,-4.3754126336335748
10.00,0.00,-3.2709724590100864
10.50,0.00,-2.4493096501654144
11.00,0.00,-1.8320029120541452
11.50,0.00,-1.3757303201482101
12.00,0.00,-1.0464254295275670
12.50,0.00,-0.8137285808745258
13.00,0.00,-0.6515543226276839
13.50,0.00,-0.5390196090080071
14.00,0.00,-0.4604374883597048
14.50,0.00,-0.4045995569572944
15.00,0.00,-0.3637951952125817
16.00,0.00,-0.3084404938703106
17.00,0.00,-0.2711539924972990
18.00,0.00,-0.2423606842333041
19.00,0.00,-0.2181811291446628
20.00,0.00,-0.1970043079848240
21.00,0.00,-0.1781036994595457
22.00,0.00,-0.1610983606875570
23.00,0.00,-0.1457469872902014
24.00,0.00,-0.1318696528587814
25.00,0.00,-0.1193177707647757
50.00,0.00,-0.0097940400594671
100.00,0.00,-0.0000659917228276
1.00,10.00,-320113749252.2832641601562500
1.10,10.00,-209979607835.7942199707031250
1.20,10.00,-137569428597.0456848144531250
1.30,10.00,-90013200747.8163299560546875
1.40,10.00,-58815932567.3423767089843750
1.50,10.00,-38375206243.2122573852539062
1.60,10.00,-24999595685.1306228637695312
1.70,10.00,-16259163295.6731929779052734
1.80,10.00,-10555997480.9832382202148438
1.90,10.00,-6840459998.5546398162841797
2.00,10.00,-4423856695.0259237289428711
2.10,10.00,-2854870883.3091993331909180
2.20,10.00,-1838129680.1740636825561523
2.30,10.00,-1180588581.8730759620666504
2.40,10.00,-756267387.9853557348251343
2.50,10.00,-483081359.7778323292732239
2.60,10.00,-307636615.4471860527992249
2.70,10.00,-195264320.3026231527328491
2.80,10.00,-123497169.7852953523397446
2.90,10.00,-77805116.1764033734798431
3.00,10.00,-48812059.2565207481384277
3.10,10.00,-30482056.8464074544608593
3.20,10.00,-18939348.9567142613232136
3.30,10.00,-11702112.4866043478250504
3.40,10.00,-7185853.1317998524755239
3.50,10.00,-4382225.4497759155929089
3.60,10.00,-2651778.8605608260259032
3.70,10.00,-1590543.5821231659501791
3.80,10.00,-944374.0356909728143364
3.90,10.00,-554110.0853150853654370
4.00,10.00,-320576.1856461526476778
4.10,10.00,-182316.6265382225683425
4.20,10.00,-101483.9683140791021287
4.30,10.00,-54930.5797793826495763
4.40,10.00,-28609.3560070433595683
4.50,10.00,-14071.2771594548758003
4.60,10.00,-6286.2217165607180505
4.70,10.00,-2295.1167026735724903
4.80,10.00,-381.8001292411942700
4.90,10.00,431.9967561530208400
5.00,10.00,692.0030156242063413
5.10,10.00,694.2319327890893419
5.20,10.00,593.1967517243590464
5.30,10.00,465.1022137880002560
5.40,10.00,344.1450116293883639
5.50,10.00,242.9473391966056397
5.60,10.00,163.7631734151268574
5.70,10.00,104.4127253658602115
5.80,10.00,61.2711705644033202
5.90,10.00,30.6584464726673147
6.00,10.00,9.3950364796216181
6.20,10.00,-14.6076511967244311
6.40,10.00,-24.3208786910009813
6.60,10.00,-26.9611403009767088
6.80,10.00,-26.2117470287783156
7.00,10.00,-23.9548588126475011
7.20,10.00,-21.1672685618856669
7.40,10.00,-18.3548918318530454
7.60,10.00,-15.7652471400263074
7.80,10.00,-13.4988691292367378
8.00,10.00,-11.5735249591057290
8.20,10.00,-9.9637587818397897
8.40,10.00,-8.6254793858718557
8.60,10.00,-7.5105556289584854
8.80,10.00,-6.5746204452285202
9.00,10.00,-5.7804450187498810
9.50,10.00,-4.2396429985124566
10.00,10.00,-3.1297824718926464
10.50,10.00,-2.3139188567997229
11.00,10.00,-1.7186023853867898
11.50,10.00,-1.2922551571020686
12.00,10.00,-0.9926342596149720
12.50,10.00,-0.7848859221562888
13.00,10.00,-0.6415875581698290
13.50,10.00,-0.5422875162869218
14.00,10.00,-0.4724146312480215
14.50,10.00,-0.4219551770677597
15.00,10.00,-0.3842146197221416
16.00,10.00,-0.3309096313633265
17.00,10.00,-0.2930658971035034
18.00,10.00,-0.2627951044327162
19.00,10.00,-0.2369004940554070
20.00,10.00,-0.2140280851765928
21.00,10.00,-0.1935393172364503
22.00,10.00,-0.1750768769007382
23.00,10.00,-0.1583996250383967
24.00,10.00,-0.1433198378180451
25.00,10.00,-0.1296789177295622
50.00,10.00,-0.0106445680746434
100.00,10.00,-0.0000717225355151
1.00,20.00,-135642620366.5919647216796875
1.10,20.00,-88785090877.8084564208984375
1.20,20.00,-58036423161.7861251831054688
1.30,20.00,-37882759061.6149673461914062
1.40,20.00,-24690157925.3284454345703125
1.50,20.00,-16065912446.7247371673583984
1.60,20.00,-10436163415.4178638458251953
1.70,20.00,-6766769179.3106698989868164
1.80,20.00,-4378989820.0947866439819336
1.90,20.00,-2827881466.0292119979858398
2.00,20.00,-1822136047.8045785427093506
2.10,20.00,-1171290967.4703478813171387
2.20,20.00,-750998315.2119380235671997
2.30,20.00,-480199785.6112201809883118
2.40,20.00,-306142995.9128169417381287
2.50,20.00,-194557186.6938690543174744
2.60,20.00,-123220013.5887858569622040
2.70,20.00,-77750668.2120707333087921
2.80,20.00,-48862874.1644932404160500
2.90,20.00,-30573940.6752030998468399
3.00,20.00,-19039071.6208517290651798
3.10,20.00,-11793989.8335229083895683
3.20,20.00,-7263790.2910284707322717
3.30,20.00,-4445089.3798578903079033
3.40,20.00,-2700775.8170866407454014
3.50,20.00,-1627785.8291847268119454
3.60,20.00,-972138.3889226642204449
3.70,20.00,-574488.6270944353891537
3.80,20.00,-335341.3428870626958087
3.90,20.00,-192897.1362414629547857
4.00,20.00,-108993.0560747446870664
4.10,20.00,-60214.2705488405626966
4.20,20.00,-32298.3191751816630131
4.30,20.00,-16628.3911966725354432
4.40,20.00,-8046.8478971058211755
4.50,20.00,-3499.5580819384758797
4.60,20.00,-1200.5931288357710400
4.70,20.00,-121.1404148916496695
4.80,20.00,320.7421540451626356
4.90,20.00,446.7625210897352872
5.00,20.00,429.5084583320062279
5.10,20.00,357.8001788850104390
5.20,20.00,274.5771687439921038
5.30,20.00,198.4810824922041093
5.40,20.00,135.8853972100759222
5.50,20.00,87.4138871465277560
5.60,20.00,51.3399345531597362
5.70,20.00,25.2626445020414216
5.80,20.00,6.8608078463674911
5.90,20.00,-5.8251731864400629
6.00,20.00,-14.3372103906673019
6.20,20.00,-23.1893403967983751
6.40,20.00,-25.7497356797005601
6.60,20.00,-25.1988818773481427
6.80,20.00,-23.2067102674280683
7.00,20.00,-20.6655578153524253
7.20,20.00,-18.0529418942603890
7.40,20.00,-15.6121891239913104
7.60,20.00,-13.4494608740201347
7.80,20.00,-11.5913650129256389
8.00,20.00,-10.0214833734108026
8.20,20.00,-8.7036674264762137
8.40,20.00,-7.5961981669528464
8.60,20.00,-6.6595783381561287
8.80,20.00,-5.8600897690391527
9.00,20.00,-5.1707553585198180
9.50,20.00,-3.8061582525446247
10.00,20.00,-2.8105902235458173
10.50,20.00,-2.0812332578793016
11.00,20.00,-1.5543985903910227
11.50,20.00,-1.1810369350396479
12.00,20.00,-0.9206750718994866
12.50,20.00,-0.7407790127318793
13.00,20.00,-0.6165015733983439
13.50,20.00,-0.5297722701374240
14.00,20.00,-0.4679666037679187
14.50,20.00,-0.4225366331488672
15.00,20.00,-0.3878306012981639
16.00,20.00,-0.3372198697708350
17.00,20.00,-0.2999471114243734
18.00,20.00,-0.2694648472789430
19.00,20.00,-0.2431014551816106
20.00,20.00,-0.2197006264096998
21.00,20.00,-0.1986948788703125
22.00,20.00,-0.1797502543099600
23.00,20.00,-0.1626313810609833
24.00,20.00,-0.1471500344568502
25.00,20.00,-0.1331450447117174
50.00,20.00,-0.0109291088375162
100.00,20.00,-0.0000736397560944
1.00,30.00,-23956162580.3764648437500000
1.10,30.00,-15591243378.3696231842041016
1.20,30.00,-10129962480.1916923522949219
1.30,30.00,-6569781158.9847021102905273
1.40,30.00,-4252639322.8202524185180664
1.50,30.00,-2747104472.1393904685974121
1.60,30.00,-1770681713.2982313632965088
1.70,30.00,-1138646805.4704577922821045
1.80,30.00,-730380905.5621545314788818
1.90,30.00,-467243939.6624163985252380
2.00,30.00,-298048111.7207455635070801
2.10,30.00,-189532412.6065428256988525
2.20,30.00,-120124384.0394869595766068
2.30,30.00,-75860232.0553342998027802
2.40,30.00,-47720378.1327579021453857
2.50,30.00,-29892067.4668758437037468
2.60,30.00,-18638340.1116753406822681
2.70,30.00,-11563033.5127252694219351
2.80,30.00,-7134043.6750958785414696
2.90,30.00,-4374722.8301208550110459
3.00,30.00,-2664547.0368246315047145
3.10,30.00,-1610662.5262067872099578
3.20,30.00,-965314.6427276162430644
3.30,30.00,-572913.5612334625329822
3.40,30.00,-336198.2156018480309285
3.50,30.00,-194676.1380830221751239
3.60,30.00,-110932.4164192773896502
3.70,30.00,-61968.0030796248247498
3.80,30.00,-33742.1009590609901352
3.90,30.00,-17748.6693998970222310
4.00,30.00,-8879.3897136353534734
4.10,30.00,-4096.8562515185794837
4.20,30.00,-1615.7268773277010041
4.30,30.00,-400.7295085604022802
4.40,30.00,138.7828767902990421
4.50,30.00,333.1123348077066453
4.60,30.00,362.3208882960886399
4.70,30.00,321.2822500484981560
4.80,30.00,257.6125234806494859
4.90,30.00,193.4418667601494519
5.00,30.00,137.6731741318386071
5.10,30.00,92.7192793886368207
5.20,30.00,58.0898252514666069
5.30,30.00,32.2183834797434798
5.40,30.00,13.3329187292100428
5.50,30.00,-0.1752237118161640
5.60,30.00,-9.6318340899005666
5.70,30.00,-16.0746098667886450
5.80,30.00,-20.2926084049720750
5.90,30.00,-22.8767911275201214
6.00,30.00,-24.2671000410133821
6.20,30.00,-24.6934622222823243
6.40,30.00,-23.3233763266058531
6.60,30.00,-21.1489860222939683
6.80,30.00,-18.7313258313954556
7.00,30.00,-16.3748423998963588
7.20,30.00,-14.2276232445646649
7.40,30.00,-12.3440590699829453
7.60,30.00,-10.7257838718918883
7.80,30.00,-9.3482215369357888
8.00,30.00,-8.1769672034576750
8.20,30.00,-7.1770464053508816
8.40,30.00,-6.3174304373238481
8.60,30.00,-5.5726260654008160
8.80,30.00,-4.9226433144241621
9.00,30.00,-4.3522052391578061
9.50,30.00,-3.2045147373079432
10.00,30.00,-2.3665694885365962
10.50,30.00,-1.7624530984469911
11.00,30.00,-1.3347500432624460
11.50,30.00,-1.0367116021148943
12.00,30.00,-0.8309767778243835
12.50,30.00,-0.6890595457960762
13.00,30.00,-0.5902412008552090
13.50,30.00,-0.5200367896587408
14.00,30.00,-0.4686303820708415
14.50,30.00,-0.4295268717557083
15.00,30.00,-0.3985042453963539
16.00,30.00,-0.3508472515652907
17.00,30.00,-0.3137998287078809
18.00,30.00,-0.2825734952284204
19.00,30.00,-0.2551771144680623
20.00,30.00,-0.2307067605430019
21.00,30.00,-0.2086830972383694
22.00,30.00,-0.1887988410951737
23.00,30.00,-0.1708228891443183
24.00,30.00,-0.1545634938405473
25.00,30.00,-0.1398535636909001
50.00,30.00,-0.0114798081943116
100.00,30.00,-0.0000773503391729
1.00,40.00,-2775221194.2558517456054688
1.10,40.00,-1788313060.3989646434783936
1.20,40.00,-1149662889.8915979862213135
1.30,40.00,-737238422.3003915548324585
1.40,40.00,-471497095.9650284647941589
1.50,40.00,-300676633.9630737304687500
1.60,40.00,-191151542.5530483722686768
1.70,40.00,-121118926.3689263164997101
1.80,40.00,-76469850.4887281805276871
1.90,40.00,-48093685.8224141150712967
2.00,40.00,-30120802.9174971953034401
2.10,40.00,-18778875.7134381532669067
2.20,40.00,-11649854.7785520050674677
2.30,40.00,-7188158.3654405977576971
2.40,40.00,-4408881.6657527778297663
2.50,40.00,-2686468.2130560055375099
2.60,40.00,-1625012.4284521024674177
2.70,40.00,-974917.5739311448996887
2.80,40.00,-579486.2189233682584018
2.90,40.00,-340792.9656354070757516
3.00,40.00,-197946.9940241109579802
3.10,40.00,-113293.8024140340276062
3.20,40.00,-63689.1323808007655316
3.30,40.00,-35002.9648292843485251
3.40,40.00,-18673.2925497744181484
3.50,40.00,-9555.7050804222380975
3.60,40.00,-4588.7386621235700659
3.70,40.00,-1970.4379716414987342
3.80,40.00,-653.6673024342125018
3.90,40.00,-39.0643072239971900
4.00,40.00,210.2122378516963295
4.10,40.00,279.1978092352836711
4.20,40.00,266.5746921158149689
4.30,40.00,222.8795510137129554
4.40,40.00,172.4759407414826171
4.50,40.00,125.9646917131054948
4.60,40.00,87.0389859108673676
4.70,40.00,56.1643184896625129
4.80,40.00,32.4796254606211861
4.90,40.00,14.7265594738610552
5.00,40.00,1.6649787792950717
5.10,40.00,-7.7710939350964443
5.20,40.00,-14.4399121490397917
5.30,40.00,-19.0096931764562882
5.40,40.00,-21.9926380260055403
5.50,40.00,-23.7796186910688689
5.60,40.00,-24.6696292764268073
5.70,40.00,-24.8927089290033550
5.80,40.00,-24.6269688270327620
5.90,40.00,-24.0109552897485621
6.00,40.00,-23.1525860588874792
6.20,40.00,-21.0248379181740006
6.40,40.00,-18.7054534965577304
6.60,40.00,-16.4521476677804088
6.80,40.00,-14.3917611642158789
7.00,40.00,-12.5707624961258979
7.20,40.00,-10.9901250967138520
7.40,40.00,-9.6284031997842447
7.60,40.00,-8.4559472268019498
7.80,40.00,-7.4428149975939304
8.00,40.00,-6.5625180724049628
8.20,40.00,-5.7932521593842186
8.40,40.00,-5.1177759102293043
8.60,40.00,-4.5226903377545105
8.80,40.00,-3.9975591851521877
9.00,40.00,-3.5340964136984772
9.50,40.00,-2.6031112434824784
10.00,40.00,-1.9338969634727343
10.50,40.00,-1.4615923837037870
11.00,40.00,-1.1333973718749060
11.50,40.00,-0.9073789849068514
12.00,40.00,-0.7517708606060789
12.50,40.00,-0.6435893810079989
13.00,40.00,-0.5668305379855163
13.50,40.00,-0.5106817421592021
14.00,40.00,-0.4680046781233090
14.50,40.00,-0.4341672167659476
15.00,40.00,-0.4062002322775928
16.00,40.00,-0.3610171136392766
17.00,40.00,-0.3242201243944511
18.00,40.00,-0.2924591739264751
19.00,40.00,-0.2642921715614371
20.00,40.00,-0.2390174414561161
21.00,40.00,-0.2162262031005014
22.00,40.00,-0.1956327163619126
23.00,40.00,-0.1770096006457611
24.00,40.00,-0.1601626275356182
25.00,40.00,-0.1449202984318829
50.00,40.00,-0.0118957352496979
100.00,40.00,-0.0000801528336276
1.00,50.00,-212584912.2211599946022034
1.10,50.00,-134659906.7274242937564850
1.20,50.00,-84991895.1174771487712860
1.30,50.00,-53434849.7418178319931030
1.40,50.00,-33453340.8829043693840504
1.50,50.00,-20848024.2970665395259857
1.60,50.00,-12927746.4360529296100140
1.70,50.00,-7972787.2744811875745654
1.80,50.00,-4887569.7060104552656412
1.90,50.00,-2976449.0058958809822798
2.00,50.00,-1799303.2495984621345997
2.10,50.00,-1078757.3997835521586239
2.20,50.00,-640742.0429013038519770
2.30,50.00,-376521.7198765111388639
2.40,50.00,-218515.5477046786982100
2.50,50.00,-124953.6189233642362524
2.60,50.00,-70176.9262706963490928
2.70,50.00,-38530.1760140949118068
2.80,50.00,-20533.9039611909720406
2.90,50.00,-10497.0054597717735305
3.00,50.00,-5035.7156206886720611
3.10,50.00,-2160.3887281237825846
3.20,50.00,-716.1421342598102910
3.30,50.00,-42.7991483839270686
3.40,50.00,230.1097266690178174
3.50,50.00,305.7472572159176138
3.60,50.00,292.2506805395624951
3.70,50.00,244.8715748759205155
3.80,50.00,190.1733106345617159
3.90,50.00,139.6735530660460824
4.00,50.00,97.3634427362676860
4.10,50.00,63.7330515836410072
4.20,50.00,37.8436480670040396
4.30,50.00,18.3356956807190450
4.40,50.00,3.8761665522368518
4.50,50.00,-6.6760045427506007
4.60,50.00,-14.2364333016358220
4.70,50.00,-19.5163391028912265
4.80,50.00,-23.0603951072017743
4.90,50.00,-25.2846291172894944
5.00,50.00,-26.5082148011393741
5.10,50.00,-26.9779478906930734
5.20,50.00,-26.8862329565668645
5.30,50.00,-26.3840069742490222
5.40,50.00,-25.5899926267368834
5.50,50.00,-24.5974117329041242
5.60,50.00,-23.4789879435050644
5.70,50.00,-22.2908061794424910
5.80,50.00,-21.0753968722933784
5.90,50.00,-19.8642736100822219
6.00,50.00,-18.6800618202330035
6.20,50.00,-16.4489679909378808
6.40,50.00,-14.4471789034202747
6.60,50.00,-12.6868413429199176
6.80,50.00,-11.1527899502250865
7.00,50.00,-9.8186151430915434
7.20,50.00,-8.6558239484971633
7.40,50.00,-7.6383702545283354
7.60,50.00,-6.7443452245265796
7.80,50.00,-5.9561097439800941
8.00,50.00,-5.2597064215547844
8.20,50.00,-4.6440473779894225
8.40,50.00,-4.1001373989507899
8.60,50.00,-3.6204426223357462
8.80,50.00,-3.1984297596133642
9.00,50.00,-2.8282585675463907
9.50,50.00,-2.0956042111432751
10.00,50.00,-1.5815468061933406
10.50,50.00,-1.2262158777586449
11.00,50.00,-0.9825140117044945
11.50,50.00,-0.8151916111853201
12.00,50.00,-0.6990208844663582
12.50,50.00,-0.6165903143826648
13.00,50.00,-0.5562180907504011
13.50,50.00,-0.5102334650091755
14.00,50.00,-0.4736792136292411
14.50,50.00,-0.4433876096916726
15.00,50.00,-0.4173487341586741
16.00,50.00,-0.3734095227982460
17.00,50.00,-0.3363023901476723
18.00,50.00,-0.3037162314888157
19.00,50.00,-0.2745984709924302
20.00,50.00,-0.2483875382435966
21.00,50.00,-0.2247210690131601
22.00,50.00,-0.2033252534153967
23.00,50.00,-0.1839723297616073
24.00,50.00,-0.1664635877339981
25.00,50.00,-0.1506219456558819
50.00,50.00,-0.0123637719817719
100.00,50.00,-0.0000833064403220
1.00,60.00,-24769221.3585174307227135
1.10,60.00,-15343821.5069247409701347
1.20,60.00,-9451551.2201466839760542
1.30,60.00,-5785886.3934055548161268
1.40,60.00,-3517545.9855701234191656
1.50,60.00,-2122087.8527360381558537
1.60,60.00,-1269167.6168991900049150
1.70,60.00,-751602.2199516483815387
1.80,60.00,-440066.4278453711303882
1.90,60.00,-254253.3529081887681969
2.00,60.00,-144580.1765304463624489
2.10,60.00,-80627.5806484721979359
2.20,60.00,-43864.8742541016108589
2.30,60.00,-23092.9906679099512985
2.40,60.00,-11604.3409811723249732
2.50,60.00,-5422.5445971394519802
2.60,60.00,-2218.1878736355297406
2.70,60.00,-645.5923254836030765
2.80,60.00,59.7366696311496455
2.90,60.00,323.2906053002220688
3.00,60.00,375.7903101295233910
3.10,60.00,338.0831770374057896
3.20,60.00,270.4305609238601278
3.30,60.00,200.6532169140664621
3.40,60.00,139.8816815100486508
3.50,60.00,91.1476600378238686
3.60,60.00,53.9149568240878523
3.70,60.00,26.3588287498918916
3.80,60.00,6.4326657362196364
3.90,60.00,-7.6931816468616008
4.00,60.00,-17.4994948620012565
4.10,60.00,-24.1229087626637515
4.20,60.00,-28.4110643120938668
4.30,60.00,-30.9876015668826099
4.40,60.00,-32.3101804068140339
4.50,60.00,-32.7164213149623677
4.60,60.00,-32.4579025119389257
4.70,60.00,-31.7242939716272581
4.80,60.00,-30.6600843154654896
4.90,60.00,-29.3760757180755903
5.00,60.00,-27.9573395725021321
5.10,60.00,-26.4688487041514975
5.20,60.00,-24.9596088802093625
5.30,60.00,-23.4658195032295680
5.40,60.00,-22.0133902053048054
5.50,60.00,-20.6200073362295910
5.60,60.00,-19.2968625346974356
5.70,60.00,-18.0501082364996606
5.80,60.00,-16.8820795916034996
5.90,60.00,-15.7923099671967968
6.00,60.00,-14.7783620964202065
6.20,60.00,-12.9621887460060599
6.40,60.00,-11.3965642604764295
6.60,60.00,-10.0424239187368745
6.80,60.00,-8.8644406201113508
7.00,60.00,-7.8332449924353647
7.20,60.00,-6.9255947509138505
7.40,60.00,-6.1235526281287784
7.60,60.00,-5.4133310626104603
7.80,60.00,-4.7841648880761669
8.00,60.00,-4.2273756877609596
8.20,60.00,-3.7356732454731127
8.40,60.00,-3.3026774686520293
8.60,60.00,-2.9226180435920450
8.80,60.00,-2.5901636710534692
9.00,60.00,-2.3003377010064301
9.50,60.00,-1.7325128575442963
10.00,60.00,-1.3390003848532155
10.50,60.00,-1.0687942313578778
11.00,60.00,-0.8833134304516717
11.50,60.00,-0.7547399718971954
12.00,60.00,-0.6637738390623156
12.50,60.00,-0.5974179241943661
13.00,60.00,-0.5471151731205969
13.50,60.00,-0.5073253042124755
14.00,60.00,-0.4745036261665137
14.50,60.00,-0.4463994522359485
15.00,60.00,-0.4215887741333512
16.00,60.00,-0.3785686765536929
17.00,60.00,-0.3414656341112571
18.00,60.00,-0.3085721657381105
19.00,60.00,-0.2790604376067115
20.00,60.00,-0.2524500551152728
21.00,60.00,-0.2284062647350092
22.00,60.00,-0.2066631745906108
23.00,60.00,-0.1869938643044987
24.00,60.00,-0.1691980484901226
25.00,60.00,-0.1530963585372495
50.00,60.00,-0.0125668937491098
100.00,60.00,-0.0000846750640246
1.00,70.00,-3754442.0415103342384100
1.10,70.00,-2256628.4422428552061319
1.20,70.00,-1343286.7722336254082620
1.30,70.00,-790692.2185390674276277
1.40,70.00,-459319.8158438946120441
1.50,70.00,-262627.1108815990737639
1.60,70.00,-147257.6722473908739630
1.70,70.00,-80536.2467163662076928
1.80,70.00,-42603.6901748174423119
1.90,70.00,-21493.4699076900687942
2.00,70.00,-10065.6403334563365206
2.10,70.00,-4108.5817615948772072
2.20,70.00,-1171.3363441543697263
2.30,70.00,149.4207869279835563
2.40,70.00,641.1937371216768042
2.50,70.00,734.6981115003035256
2.60,70.00,657.5425443587608925
2.70,70.00,524.2295917786236714
2.80,70.00,388.0479089310819063
2.90,70.00,270.4243770213788594
3.00,70.00,177.1286658144030923
3.10,70.00,106.9370279063031290
3.20,70.00,56.0608384012801508
3.30,70.00,20.2597844138586609
3.40,70.00,-4.2653970944288169
3.50,70.00,-20.5904769237316110
3.60,70.00,-31.0657090231818493
3.70,70.00,-37.4232056120438656
3.80,70.00,-40.9104627887731240
3.90,70.00,-42.4136465501604860
4.00,70.00,-42.5580734477957279
4.10,70.00,-41.7845373866328913
4.20,70.00,-40.4047152823019076
4.30,70.00,-38.6401679629402750
4.40,70.00,-36.6492473094956068
4.50,70.00,-34.5454630721100102
4.60,70.00,-32.4100062519801142
4.70,70.00,-30.3003644420441738
4.80,70.00,-28.2563602473358948
4.90,70.00,-26.3044972396294980
5.00,70.00,-24.4611845282129146
5.10,70.00,-22.7352004478727849
5.20,70.00,-21.1296197384349682
5.30,70.00,-19.6433437870296217
5.40,70.00,-18.2723225579838768
5.50,70.00,-17.0105272798257232
5.60,70.00,-15.8507163076376578
5.70,70.00,-14.7850273055859613
5.80,70.00,-13.8054235641079757
5.90,70.00,-12.9040188572157941
6.00,70.00,-12.0733026490891007
6.20,70.00,-10.5965792727990564
6.40,70.00,-9.3267369603566763
6.60,70.00,-8.2252242427942743
6.80,70.00,-7.2624736731524013
7.00,70.00,-6.4162270617195887
7.20,70.00,-5.6697607597535935
7.40,70.00,-5.0103164760283789
7.60,70.00,-4.4278558457606181
7.80,70.00,-3.9141484494778997
8.00,70.00,-3.4621492819712074
8.20,70.00,-3.0656024185237065
8.40,70.00,-2.7188076679025683
8.60,70.00,-2.4164961947998291
8.80,70.00,-2.1537732797072073
9.00,70.00,-1.9260982271367202
9.50,70.00,-1.4836193642531512
10.00,70.00,-1.1791208121375174
10.50,70.00,-0.9699679040316403
11.00,70.00,-0.8251471757066806
11.50,70.00,-0.7229827995100225
12.00,70.00,-0.6487925876980425
12.50,70.00,-0.5928666672238952
13.00,70.00,-0.5488971617706528
13.50,70.00,-0.5128384366245525
14.00,70.00,-0.4821175786728393
14.50,70.00,-0.4551053337276479
15.00,70.00,-0.4307700324891513
16.00,70.00,-0.3877386440418312
17.00,70.00,-0.3500846095904027
18.00,70.00,-0.3164902513334307
19.00,70.00,-0.2862691325929886
20.00,70.00,-0.2589890306729449
21.00,70.00,-0.2343289741607788
22.00,70.00,-0.2120244733298562
23.00,70.00,-0.1918457814462635
24.00,70.00,-0.1735885440382544
25.00,70.00,-0.1570691533522473
50.00,70.00,-0.0128930068024102
100.00,70.00,-0.0000868723964935
1.00,80.00,-1314036.6449928174261004
1.10,80.00,-768047.3475162637187168
1.20,80.00,-442140.1710589388967492
1.30,80.00,-249808.3553253013815265
1.40,80.00,-137828.1222357711230870
1.50,80.00,-73687.6950074340566061
1.60,80.00,-37688.5069606413526344
1.70,80.00,-18006.4446849711857794
1.80,80.00,-7620.6732772788936927
1.90,80.00,-2415.4277818583000226
2.00,80.00,-14.7999011335828907
2.10,80.00,926.9866655426422994
2.20,80.00,1154.0331851279599960
2.30,80.00,1064.7681404237480365
2.40,80.00,863.0643344723954442
2.50,80.00,646.1576330645041253
2.60,80.00,454.8970048267050856
2.70,80.00,301.8293394389227160
2.80,80.00,186.4424672870164557
2.90,80.00,103.1094555009657938
3.00,80.00,44.9850349730595838
3.10,80.00,5.7292560234384302
3.20,80.00,-19.8823325894489216
3.30,80.00,-35.8794759347319498
3.40,80.00,-45.2401966204306163
3.50,80.00,-50.1008222950976645
3.60,80.00,-51.9616053312777595
3.70,80.00,-51.8602260932530044
3.80,80.00,-50.5069455227937567
3.90,80.00,-48.3846389662958458
4.00,80.00,-45.8202327828984792
4.10,80.00,-43.0344047224950970
4.20,80.00,-40.1755188987291376
4.30,80.00,-37.3425156491341568
4.40,80.00,-34.6002675757692515
4.50,80.00,-31.9899012585784135
4.60,80.00,-29.5358032686204908
4.70,80.00,-27.2504586853663291
4.80,80.00,-25.1378708207304555
4.90,80.00,-23.1960407728461178
5.00,80.00,-21.4188085343745875
5.10,80.00,-19.7972448913533654
5.20,80.00,-18.3207137988456203
5.30,80.00,-16.9776830185565792
5.40,80.00,-15.7563360842924869
5.50,80.00,-14.6450242173958589
5.60,80.00,-13.6325882562341558
5.70,80.00,-12.7085753132449550
5.80,80.00,-11.8633711737543539
5.90,80.00,-11.0882665540563359
6.00,80.00,-10.3754728196881310
6.20,80.00,-9.1101113569329186
6.40,80.00,-8.0219898248224322
6.60,80.00,-7.0771726531030854
6.80,80.00,-6.2506292497780933
7.00,80.00,-5.5239277437248084
7.20,80.00,-4.8833056361877896
7.40,80.00,-4.3181809537617077
7.60,80.00,-3.8200761949983471
7.80,80.00,-3.3818856211180264
8.00,80.00,-2.9974053592823982
8.20,80.00,-2.6610513708735524
8.40,80.00,-2.3677032796038047
8.60,80.00,-2.1126267781845329
8.80,80.00,-1.8914408990148019
9.00,80.00,-1.7001075973897892
9.50,80.00,-1.3289486325762208
10.00,80.00,-1.0735342758359825
10.50,80.00,-0.8973972039544733
11.00,80.00,-0.7744087906968860
11.50,80.00,-0.6865223248203435
12.00,80.00,-0.6216235957699553
12.50,80.00,-0.5717545888877827
13.00,80.00,-0.5317701884542150
13.50,80.00,-0.4983807605267404
14.00,80.00,-0.4694973637343844
14.50,80.00,-0.4437970039658514
15.00,80.00,-0.4204401811751966
16.00,80.00,-0.3787996611150875
17.00,80.00,-0.3421479282057118
18.00,80.00,-0.3093649930500185
19.00,80.00,-0.2798426689472779
20.00,80.00,-0.2531817726146172
21.00,80.00,-0.2290771668935669
22.00,80.00,-0.2072734788677646
23.00,80.00,-0.1875472856748442
24.00,80.00,-0.1696992447210854
25.00,80.00,-0.1535500214965541
50.00,80.00,-0.0126041417766320
100.00,80.00,-0.0000849260392599
1.00,90.00,-672125.3225180814042687
1.10,90.00,-382127.0837732811341994
1.20,90.00,-212256.9563524395343848
1.30,90.00,-114312.9133277874061605
1.40,90.00,-58939.8818659656390082
1.50,90.00,-28418.5250869133888045
1.60,90.00,-12162.7063596501229767
1.70,90.00,-3924.2602658047171644
1.80,90.00,-68.8179020341276271
1.90,90.00,1479.9823667338923769
2.00,90.00,1881.6307084610375568
2.10,90.00,1764.3406974291301594
2.20,90.00,1454.3447256102745087
2.30,90.00,1110.4153694135345631
2.40,90.00,801.4956565077122832
2.50,90.00,550.5823383375840194
2.60,90.00,358.8749210106962551
2.70,90.00,218.5856985061400621
2.80,90.00,119.3780213681719431
2.90,90.00,51.3276389956568480
3.00,90.00,6.0628046084578813
3.10,90.00,-22.9924156713175201
3.20,90.00,-40.7718457292330783
3.30,90.00,-50.8598337891837886
3.40,90.00,-55.7987647758747087
3.50,90.00,-57.3591218298903840
3.60,90.00,-56.7562120031795772
3.70,90.00,-54.8146949670330770
3.80,90.00,-52.0887999851190528
3.90,90.00,-48.9477353295689142
4.00,90.00,-45.6350984398840964
4.10,90.00,-42.3095549979821044
4.20,90.00,-39.0723894187775471
4.30,90.00,-35.9860494618446083
4.40,90.00,-33.0866150279807556
4.50,90.00,-30.3922166350530034
4.60,90.00,-27.9087721080291189
4.70,90.00,-25.6339488281164449
4.80,90.00,-23.5599442036532771
4.90,90.00,-21.6754675872901146
5.00,90.00,-19.9671705419859791
5.10,90.00,-18.4206853639936412
5.20,90.00,-17.0213771626035495
5.30,90.00,-15.7548808992438012
5.40,90.00,-14.6074737963036974
5.50,90.00,-13.5663203700148092
5.60,90.00,-12.6196188288785223
5.70,90.00,-11.7566717629629593
5.80,90.00,-10.9678997863876138
5.90,90.00,-10.2448134421862740
6.00,90.00,-9.5799558918852945
6.20,90.00,-8.3997934956078133
6.40,90.00,-7.3852796748587766
6.60,90.00,-6.5052546827724180
6.80,90.00,-5.7368036553690365
7.00,90.00,-5.0629476038461974
7.20,90.00,-4.4708332890238145
7.40,90.00,-3.9503981696325461
7.60,90.00,-3.4934372216898142
7.80,90.00,-3.0929832762411236
8.00,90.00,-2.7429166213178466
8.20,90.00,-2.4377327136803855
8.40,90.00,-2.1724126192281044
8.60,90.00,-1.9423557812457530
8.80,90.00,-1.7433473270373734
9.00,90.00,-1.5715419241607007
9.50,90.00,-1.2390177974326806
10.00,90.00,-1.0104315766527714
10.50,90.00,-0.8524760727206235
11.00,90.00,-0.7416093847475553
11.50,90.00,-0.6617349392119810
12.00,90.00,-0.6021278878491972
12.50,90.00,-0.5557811311109661
13.00,90.00,-0.5181817404863511
13.50,90.00,-0.4864515085261965
14.00,90.00,-0.4587650840152048
14.50,90.00,-0.4339664321099600
15.00,90.00,-0.4113209626104120
16.00,90.00,-0.3707697569349621
17.00,90.00,-0.3349645197708434
18.00,90.00,-0.3028956647254364
19.00,90.00,-0.2740002381144803
20.00,90.00,-0.2478994744461910
21.00,90.00,-0.2242990754147798
22.00,90.00,-0.2029506460889368
23.00,90.00,-0.1836360321146058
24.00,90.00,-0.1661602724302562
25.00,90.00,-0.1503478550143606
50.00,90.00,-0.0123412935240738
100.00,90.00,-0.0000831549816654
1.00,100.00,-1039196.9165214191889390
1.10,100.00,-604786.0972758647985756
1.20,100.00,-346159.7532176730455831
1.30,100.00,-194050.9212939628341701
1.40,100.00,-105885.8606301569234347
1.50,100.00,-55691.2682177061651601
1.60,100.00,-27755.3010487885330804
1.70,100.00,-12666.1312847242443240
1.80,100.00,-4850.0601336152640215
1.90,100.00,-1051.0720147983051902
2.00,100.00,601.5892059240794651
2.10,100.00,1160.6644156861898409
2.20,100.00,1202.7915478946188159
2.30,100.00,1032.3888616473989259
2.40,100.00,801.6899170980152576
2.50,100.00,580.3325512340666137
2.60,100.00,394.9393490396958555
2.70,100.00,251.0864322206694794
2.80,100.00,145.1046570957834660
2.90,100.00,70.1303923434790875
3.00,100.00,18.9897272748852934
3.10,100.00,-14.5987770484023578
3.20,100.00,-35.6679771772695133
3.30,100.00,-48.0369502290769930
3.40,100.00,-54.4978544995216865
3.50,100.00,-57.0371041220279835
3.60,100.00,-57.0386020144483368
3.70,100.00,-55.4505972910739260
3.80,100.00,-52.9139946254408855
3.90,100.00,-49.8568073889132037
4.00,100.00,-46.5615374411690155
4.10,100.00,-43.2121273422436758
4.20,100.00,-39.9261120922434571
4.30,100.00,-36.7763686528117688
4.40,100.00,-33.8057250460068275
4.50,100.00,-31.0367565965004353
4.60,100.00,-28.4783806095697614
4.70,100.00,-26.1303375170692220
4.80,100.00,-23.9862782238834420
4.90,100.00,-22.0359260345137180
5.00,100.00,-20.2666145600274845
5.10,100.00,-18.6643947307352640
5.20,100.00,-17.2148353384903388
5.30,100.00,-15.9035987360587630
5.40,100.00,-14.7168470046540936
5.50,100.00,-13.6415177720258942
5.60,100.00,-12.6654988521112735
5.70,100.00,-11.7777244355241582
5.80,100.00,-10.9682111501615136
5.90,100.00,-10.2280490428574069
6.00,100.00,-9.5493599168573695
6.20,100.00,-8.3496479342394831
6.40,100.00,-7.3239470202043266
6.60,100.00,-6.4385846835558134
6.80,100.00,-5.6686636338350098
7.00,100.00,-4.9957216830445974
7.20,100.00,-4.4058499445209636
7.40,100.00,-3.8882722457383991
7.60,100.00,-3.4343288454615690
7.80,100.00,-3.0367844792979350
8.00,100.00,-2.6893795561116329
8.20,100.00,-2.3865532812743391
8.40,100.00,-2.1232816568983983
8.60,100.00,-1.8949876882411891
8.80,100.00,-1.6974937128693921
9.00,100.00,-1.5269958345914947
9.50,100.00,-1.1970878587509031
10.00,100.00,-0.9705579802211789
10.50,100.00,-0.8143946526332461
11.00,100.00,-0.7052021155327084
11.50,100.00,-0.6269433314722015
12.00,100.00,-0.5689106161503633
12.50,100.00,-0.5240966649635062
13.00,100.00,-0.4879831845619844
13.50,100.00,-0.4576865689085690
14.00,100.00,-0.4313777085000480
14.50,100.00,-0.4078986467777945
15.00,100.00,-0.3865143864769602
16.00,100.00,-0.3483139129004442
17.00,100.00,-0.3146418522597917
18.00,100.00,-0.2845055353386645
19.00,100.00,-0.2573596322456305
20.00,100.00,-0.2328422356475022
21.00,100.00,-0.2106746499247497
22.00,100.00,-0.1906227293941372
23.00,100.00,-0.1724812619595444
24.00,100.00,-0.1560670153796208
25.00,100.00,-0.1412150970308080
50.00,100.00,-0.0115916310224875
100.00,100.00,-0.0000781037954625
1.00,110.00,-1760989.8286988325417042
1.10,110.00,-1040019.0968168257968500
1.20,110.00,-605963.2023513987660408
1.30,110.00,-347291.8447137460461818
1.40,110.00,-194973.7308925574470777
1.50,110.00,-106558.4182581497152569
1.60,110.00,-56131.5729049603105523
1.70,110.00,-28004.8172129129488894
1.80,110.00,-12771.2460951478187781
1.90,110.00,-4853.2640600512759192
2.00,110.00,-987.5126079097096863
2.10,110.00,704.7446927032665371
2.20,110.00,1283.5308417492042281
2.30,110.00,1331.5483851432072697
2.40,110.00,1157.9713971107939869
2.50,110.00,918.5935088055688311
2.60,110.00,685.6099256288182460
2.70,110.00,487.4053986213225471
2.80,110.00,330.7134490106491285
2.90,110.00,212.5784044626163052
3.00,110.00,126.5349529677003346
3.10,110.00,65.5914927838203710
3.20,110.00,23.5068065488443807
3.30,110.00,-4.8002708169259805
3.40,110.00,-23.2479360288267216
3.50,110.00,-34.7525130716552155
3.60,110.00,-41.4326546740301822
3.70,110.00,-44.8019128934362598
3.80,110.00,-45.9293536442088524
3.90,110.00,-45.5646351667228373
4.00,110.00,-44.2312174296943112
4.10,110.00,-42.2937547352863987
4.20,110.00,-40.0058077718854364
4.30,110.00,-37.5431554953822442
4.40,110.00,-35.0268760100199046
4.50,110.00,-32.5393125919423909
4.60,110.00,-30.1351647714054351
4.70,110.00,-27.8492675464173658
4.80,110.00,-25.7021246281038991
4.90,110.00,-23.7039099831291935
5.00,110.00,-21.8574107145289780
5.10,110.00,-20.1602230317342546
5.20,110.00,-18.6064075330879461
5.30,110.00,-17.1877421832733717
5.40,110.00,-15.8946682758975140
5.50,110.00,-14.7169973988648142
5.60,110.00,-13.6444300036888357
5.70,110.00,-12.6669247609780076
5.80,110.00,-11.7749500459990486
5.90,110.00,-10.9596431783104098
6.00,110.00,-10.2128985870311553
6.20,110.00,-8.8966279547879346
6.40,110.00,-7.7768628030827758
6.60,110.00,-6.8155191951872780
6.80,110.00,-5.9837495296525898
7.00,110.00,-5.2598625884071009
7.20,110.00,-4.6274564387036472
7.40,110.00,-4.0739009105616004
7.60,110.00,-3.5891886631331169
7.80,110.00,-3.1651138771018035
8.00,110.00,-2.7947142709891790
8.20,110.00,-2.4719097868688880
8.40,110.00,-2.1912793331291311
8.60,110.00,-1.9479288538843096
8.80,110.00,-1.7374160593003252
9.00,110.00,-1.5557076445643663
9.50,110.00,-1.2043900250965516
10.00,110.00,-0.9638100991573050
10.50,110.00,-0.7988162355426954
11.00,110.00,-0.6843771694096970
11.50,110.00,-0.6032595258196150
12.00,110.00,-0.5439153290200965
12.50,110.00,-0.4987665672562067
13.00,110.00,-0.4629176486021180
13.50,110.00,-0.4332408901762361
14.00,110.00,-0.4077521049630313
14.50,110.00,-0.3851963549289481
15.00,110.00,-0.3647789182430695
16.00,110.00,-0.3285127256744413
17.00,110.00,-0.2966751191456761
18.00,110.00,-0.2682300928713501
19.00,110.00,-0.2426261810021753
20.00,110.00,-0.2195083419495099
21.00,110.00,-0.1986087171394877
22.00,110.00,-0.1797046806578291
23.00,110.00,-0.1626020773174598
24.00,110.00,-0.1471279132300060
25.00,110.00,-0.1331266459133024
50.00,110.00,-0.0109276895669406
100.00,110.00,-0.0000736301931245
1.00,120.00,-18556209.5859447456896305
1.10,120.00,-11498212.9891509674489498
1.20,120.00,-7084295.7916643852367997
1.30,120.00,-4337361.9616321949288249
1.40,120.00,-2636981.3789688567630947
1.50,120.00,-1590629.0695551873650402
1.60,120.00,-950949.4187615073751658
1.70,120.00,-562739.5939822676591575
1.80,120.00,-329077.4982338474364951
1.90,120.00,-189750.5534126459388062
2.00,120.00,-107566.1090759470389457
2.10,120.00,-59696.7215162635329762
2.20,120.00,-32231.2552451604133239
2.30,120.00,-16759.9477690450512455
2.40,120.00,-8244.9290568053420429
2.50,120.00,-3699.6853644407988213
2.60,120.00,-1375.2146710397225888
2.70,120.00,-261.9142135239530376
2.80,120.00,212.9198391353752413
2.90,120.00,367.1768352434167468
3.00,120.00,372.4230707727180629
3.10,120.00,317.7826536331689908
3.20,120.00,247.0280886343612679
3.30,120.00,179.7553937232311512
3.40,120.00,123.2233705018472705
3.50,120.00,78.7987919150644558
3.60,120.00,45.3419421227971071
3.70,120.00,20.8963386378236606
3.80,120.00,3.4664442775353956
3.90,120.00,-8.6752126016598137
4.00,120.00,-16.9092644529257115
4.10,120.00,-22.2906414545921763
4.20,120.00,-25.6047720940604968
4.30,120.00,-27.4285081939337090
4.40,120.00,-28.1834280810782403
4.50,120.00,-28.1780169315699638
4.60,120.00,-27.6391669792815939
4.70,120.00,-26.7348775436829911
4.80,120.00,-25.5902799673282502
4.90,120.00,-24.2988598555337170
5.00,120.00,-22.9303454743563222
5.10,120.00,-21.5363351677743999
5.20,120.00,-20.1544085088982143
5.30,120.00,-18.8112181890554915
5.40,120.00,-17.5248842837697012
5.50,120.00,-16.3068945669515415
5.60,120.00,-15.1636386814134507
5.70,120.00,-14.0976572190823219
5.80,120.00,-13.1086591170452476
5.90,120.00,-12.1943450463171033
6.00,120.00,-11.3510657690784562
6.20,120.00,-9.8592503015436215
6.40,120.00,-8.5938458377561613
6.60,120.00,-7.5161825101008137
6.80,120.00,-6.5923517658301467
7.00,120.00,-5.7945418118962353
7.20,120.00,-5.1008578201078336
7.40,120.00,-4.4944408586170894
7.60,120.00,-3.9623812272042827
7.80,120.00,-3.4946928832862199
8.00,120.00,-3.0834658790387786
8.20,120.00,-2.7222252312725632
8.40,120.00,-2.4054787996273350
8.60,120.00,-2.1284179140299306
8.80,120.00,-1.8867311008785090
9.00,120.00,-1.6764955492649181
9.50,120.00,-1.2656602385677507
10.00,120.00,-0.9815426324809490
10.50,120.00,-0.7865405610276727
11.00,120.00,-0.6525639671849471
11.50,120.00,-0.5594984968647614
12.00,120.00,-0.4934446322753800
12.50,120.00,-0.4450645647898915
13.00,120.00,-0.4082194605739835
13.50,120.00,-0.3789381728757907
14.00,120.00,-0.3546810744992105
14.50,120.00,-0.3338357816947608
15.00,120.00,-0.3153818686082682
16.00,120.00,-0.2832962527990531
17.00,120.00,-0.2555670587842382
18.00,120.00,-0.2309617187009923
19.00,120.00,-0.2088776182074105
20.00,120.00,-0.1889615055202317
21.00,120.00,-0.1709651561093340
22.00,120.00,-0.1546904112483109
23.00,120.00,-0.1399677366382380
24.00,120.00,-0.1266473331278448
25.00,120.00,-0.1145949838217680
50.00,120.00,-0.0094065143480184
100.00,120.00,-0.0000633805951231
1.00,130.00,-160940789.9121289551258087
1.10,130.00,-102015145.5376017540693283
1.20,130.00,-64432161.2444022372364998
1.30,130.00,-40537045.7135645374655724
1.40,130.00,-25396210.4477633126080036
1.50,130.00,-15837637.2158339470624924
1.60,130.00,-9827224.5131125710904598
1.70,130.00,-6064243.2668595062568784
1.80,130.00,-3719449.3963610976934433
1.90,130.00,-2265913.0245393044315279
2.00,130.00,-1369992.9261257017496973
2.10,130.00,-821248.0520706268725917
2.20,130.00,-487501.4023710269830190
2.30,130.00,-286113.5962021686136723
2.40,130.00,-165676.5727308678615373
2.50,130.00,-94387.4338023431482725
2.60,130.00,-52692.1621106343227439
2.70,130.00,-28649.8683445076094358
2.80,130.00,-15024.3821208377848961
2.90,130.00,-7468.4271941065089777
3.00,130.00,-3396.0167012156821329
3.10,130.00,-1286.3872100804594538
3.20,130.00,-257.1672048133652879
3.30,130.00,195.4123318927250068
3.40,130.00,353.3083410282050068
3.50,130.00,370.3851149743509836
3.60,130.00,327.8132428366853901
3.70,130.00,266.3920656693059641
3.80,130.00,205.1168503260544469
3.90,130.00,151.6437517626421538
4.00,130.00,108.0489773868463459
4.10,130.00,73.9007029354873595
4.20,130.00,47.8282069143039763
4.30,130.00,28.2727655007719747
4.40,130.00,13.8086546964123134
4.50,130.00,3.2495045063478751
4.60,130.00,-4.3442552979084414
4.70,130.00,-9.6971596264668598
4.80,130.00,-13.3607333898418474
4.90,130.00,-15.7531220047017424
5.00,130.00,-17.1918886390927916
5.10,130.00,-17.9193758534486349
5.20,130.00,-18.1215832095432212
5.30,130.00,-17.9419466963784799
5.40,130.00,-17.4913430843701292
5.50,130.00,-16.8554005063758972
5.60,130.00,-16.0999264430667850
5.70,130.00,-15.2750283635629689
5.80,130.00,-14.4183190005721826
5.90,130.00,-13.5574660622370846
6.00,130.00,-12.7122560017694735
6.20,130.00,-11.1183352140017710
6.40,130.00,-9.6942708264179061
6.60,130.00,-8.4525319716434275
6.80,130.00,-7.3822725497351280
7.00,130.00,-6.4628595663568520
7.20,130.00,-5.6715585105052764
7.40,130.00,-4.9873803798914871
7.60,130.00,-4.3925880407036599
7.80,130.00,-3.8729080571730834
8.00,130.00,-3.4171258771142905
8.20,130.00,-3.0164677271033415
8.40,130.00,-2.6639842744903790
8.60,130.00,-2.3540321236616801
8.80,130.00,-2.0818805555995619
9.00,130.00,-1.8434358127387949
9.50,130.00,-1.3717582988588526
10.00,130.00,-1.0405055848155413
10.50,130.00,-0.8110294282645760
11.00,130.00,-0.6531795017506989
11.50,130.00,-0.5444182354312590
12.00,130.00,-0.4685955100962259
12.50,130.00,-0.4145432933940432
13.00,130.00,-0.3747539167461701
13.50,130.00,-0.3442887382541055
14.00,130.00,-0.3199511416382295
14.50,130.00,-0.2996955793647506
15.00,130.00,-0.2822224387152357
16.00,130.00,-0.2526315562547539
17.00,130.00,-0.2275722025284235
18.00,130.00,-0.2055384074790380
19.00,130.00,-0.1858393546823361
20.00,130.00,-0.1681029448654683
21.00,130.00,-0.1520868727501412
22.00,130.00,-0.1376069104599207
23.00,130.00,-0.1245093111463661
24.00,130.00,-0.1126597376599844
25.00,130.00,-0.1019383980626802
50.00,130.00,-0.0083675936859249
100.00,130.00,-0.0000563804027656
1.00,140.00,-1752280393.0661685466766357
1.10,140.00,-1129539185.8813924789428711
1.20,140.00,-726411945.9461889266967773
1.30,140.00,-465990441.1104831099510193
1.40,140.00,-298129570.4575404524803162
1.50,140.00,-190187132.9504877328872681
1.60,140.00,-120951286.9664349257946014
1.70,140.00,-76663435.8113882392644882
1.80,140.00,-48416996.3212236091494560
1.90,140.00,-30458512.3406068459153175
2.00,140.00,-19079801.1686752550303936
2.10,140.00,-11896700.6785952337086201
2.20,140.00,-7380330.7143397340551019
2.30,140.00,-4553033.8246446177363396
2.40,140.00,-2791536.0218943697400391
2.50,140.00,-1699793.6244811450596899
2.60,140.00,-1027045.9644447704777122
2.70,140.00,-615134.0188007594551891
2.80,140.00,-364724.3084483817219734
2.90,140.00,-213716.6462068109249230
3.00,140.00,-123484.1587482941831695
3.10,140.00,-70134.4798535754380282
3.20,140.00,-38980.4518058735702652
3.30,140.00,-21055.7613029687927337
3.40,140.00,-10928.9676487387296220
3.50,140.00,-5338.7910844001053192
3.60,140.00,-2346.7080643871295251
3.70,140.00,-813.9094437660943413
3.80,140.00,-80.6190498204662873
3.90,140.00,229.0440512542672593
4.00,140.00,324.7993881954114954
4.10,140.00,320.5472593152370564
4.20,140.00,275.9223749775924261
4.30,140.00,220.5159433541448664
4.40,140.00,167.7710163806006562
4.50,140.00,122.7986512394560492
4.60,140.00,86.6662491050383039
4.70,140.00,58.6738608189381239
4.80,140.00,37.5074525108360675
4.90,140.00,21.7825143778718306
5.00,140.00,10.2689212739751667
5.10,140.00,1.9579939302877094
5.20,140.00,-3.9419448138885080
5.30,140.00,-8.0372253012871973
5.40,140.00,-10.7864108505179015
5.50,140.00,-12.5346722115865106
5.60,140.00,-13.5419280425520814
5.70,140.00,-14.0045439244802079
5.80,140.00,-14.0714994865009118
5.90,140.00,-13.8562183177132123
6.00,140.00,-13.4451749398341160
6.20,140.00,-12.2830591102951416
6.40,140.00,-10.9398603078968968
6.60,140.00,-9.6087637155551509
6.80,140.00,-8.3842885617342944
7.00,140.00,-7.3024680685962409
7.20,140.00,-6.3669177817090050
7.40,140.00,-5.5653558953928917
7.60,140.00,-4.8795153527557407
7.80,140.00,-4.2905918719672060
8.00,140.00,-3.7818315372894586
8.20,140.00,-3.3394175051144046
8.40,140.00,-2.9524462374614484
8.60,140.00,-2.6124946425369227
8.80,140.00,-2.3130695945179269
9.00,140.00,-2.0490901562298189
9.50,140.00,-1.5189782340166635
10.00,140.00,-1.1373518269237048
10.50,140.00,-0.8672239084705761
11.00,140.00,-0.6787970370736948
11.50,140.00,-0.5484272713787236
12.00,140.00,-0.4581634006725867
12.50,140.00,-0.3949810783035786
13.00,140.00,-0.3497876919021869
13.50,140.00,-0.3164265004843717
14.00,140.00,-0.2908252682664557
14.50,140.00,-0.2703371213600818
15.00,140.00,-0.2532628290316246
16.00,140.00,-0.2254219702501360
17.00,140.00,-0.2025710060035966
18.00,140.00,-0.1827737645083130
19.00,140.00,-0.1651880245910260
20.00,140.00,-0.1493972142991644
21.00,140.00,-0.1351539764933730
22.00,140.00,-0.1222827184086493
23.00,140.00,-0.1106424236848189
24.00,140.00,-0.1001120963026410
25.00,140.00,-0.0905846891503733
50.00,140.00,-0.0074356169943065
100.00,140.00,-0.0000501007932131
1.00,150.00,-9519198164.9603137969970703
1.10,150.00,-6188230386.2422418594360352
1.20,150.00,-4015655736.3887076377868652
1.30,150.00,-2600868254.0066695213317871
1.40,150.00,-1681108026.9550025463104248
1.50,150.00,-1084243321.7056312561035156
1.60,150.00,-697661181.2578560113906860
1.70,150.00,-447791034.6130784749984741
1.80,150.00,-286640972.7139111161231995
1.90,150.00,-182954767.5879750251770020
2.00,150.00,-116410598.9778376072645187
2.10,150.00,-73819980.8767945021390915
2.20,150.00,-46640554.0718675181269646
2.30,150.00,-29350903.2596423700451851
2.40,150.00,-18390240.7282604128122330
2.50,150.00,-11467742.7047802954912186
2.60,150.00,-7113445.5275731571018696
2.70,150.00,-4386756.3796605076640844
2.80,150.00,-2687638.6091103213839233
2.90,150.00,-1634566.0316411256790161
3.00,150.00,-985816.0762790560256690
3.10,150.00,-588837.3710540300235152
3.20,150.00,-347764.5768293829751201
3.30,150.00,-202636.4145540827594232
3.40,150.00,-116142.2610625553061254
3.50,150.00,-65198.7396271700927173
3.60,150.00,-35615.9576341085485183
3.70,150.00,-18733.8480192965835158
3.80,150.00,-9310.3932189737533918
3.90,150.00,-4202.3362868131480354
4.00,150.00,-1545.4840431608729432
4.10,150.00,-248.5193332178141077
4.20,150.00,317.4446755605189310
4.30,150.00,507.7841497893737710
4.40,150.00,518.3098787443544779
4.50,150.00,453.2860543228007941
4.60,150.00,365.5432442732911227
4.70,150.00,279.7925562185072863
4.80,150.00,205.9363795507453290
4.90,150.00,146.4982553867247645
5.00,150.00,100.6486188895017335
5.10,150.00,66.2974843654635180
5.20,150.00,41.1160066044311279
5.30,150.00,22.9836500301244158
5.40,150.00,10.1413670602571937
5.50,150.00,1.2048826419476557
5.60,150.00,-4.8802626156645008
5.70,150.00,-8.9008874056495344
5.80,150.00,-11.4366622084551413
5.90,150.00,-12.9115803933471405
6.00,150.00,-13.6347495515819137
6.20,150.00,-13.6655336778858860
6.40,150.00,-12.6929032819426197
6.60,150.00,-11.3338272076331119
6.80,150.00,-9.9085892942705414
7.00,150.00,-8.5729495740094652
7.20,150.00,-7.3909764203439803
7.40,150.00,-6.3770471835950904
7.60,150.00,-5.5206603419704452
7.80,150.00,-4.8009505056298938
8.00,150.00,-4.1947731911555284
8.20,150.00,-3.6807716458760362
8.40,150.00,-3.2410229206987644
8.60,150.00,-2.8613269354333903
8.80,150.00,-2.5308239712788905
9.00,150.00,-2.2413563292975880
9.50,150.00,-1.6605373487467712
10.00,150.00,-1.2377774660030454
10.50,150.00,-0.9335522736276224
11.00,150.00,-0.7181987500375597
11.50,150.00,-0.5678175820981921
12.00,150.00,-0.4634984711988406
12.50,150.00,-0.3909389880455641
13.00,150.00,-0.3398001993988469
13.50,150.00,-0.3028866387320187
14.00,150.00,-0.2753380581823480
14.50,150.00,-0.2539455383744952
15.00,150.00,-0.2366257958974664
16.00,150.00,-0.2093430501517728
17.00,150.00,-0.1876311479042899
18.00,150.00,-0.1691085764344108
19.00,150.00,-0.1527684344860559
20.00,150.00,-0.1381391760846473
21.00,150.00,-0.1249597674247104
22.00,150.00,-0.1130558438818156
23.00,150.00,-0.1022925805125577
24.00,150.00,-0.0925564694409109
25.00,150.00,-0.0837479367160254
50.00,150.00,-0.0068744143852076
100.00,150.00,-0.0000463194397773
1.00,160.00,-48477414271.4153747558593750
1.10,160.00,-31674213744.6797447204589844
1.20,160.00,-20664692935.9192771911621094
1.30,160.00,-13460659570.5798721313476562
1.40,160.00,-8753304009.3036479949951172
1.50,160.00,-5681932093.4993343353271484
1.60,160.00,-3681154697.0261826515197754
1.70,160.00,-2379998985.0846266746520996
1.80,160.00,-1535356353.6403203010559082
1.90,160.00,-988120623.3982329368591309
2.00,160.00,-634308313.0482970476150513
2.10,160.00,-406062963.7202994227409363
2.20,160.00,-259174322.1710163354873657
2.30,160.00,-164887524.7945454418659210
2.40,160.00,-104534336.5988725274801254
2.50,160.00,-66018778.1030011177062988
2.60,160.00,-41519867.7092645764350891
2.70,160.00,-25992222.0684547089040279
2.80,160.00,-16188987.4663857836276293
2.90,160.00,-10026241.6823173239827156
3.00,160.00,-6170293.1925880825147033
3.10,160.00,-3770243.2060924433171749
3.20,160.00,-2285051.9087195652537048
3.30,160.00,-1371972.3092338612768799
3.40,160.00,-814754.2441036512609571
3.50,160.00,-477566.4453739027376287
3.60,160.00,-275510.9375386029132642
3.70,160.00,-155815.2341489757527597
3.80,160.00,-85877.3511625968822045
3.90,160.00,-45695.7821605455101235
4.00,160.00,-23096.2333511337274103
4.10,160.00,-10735.8390350335976109
4.20,160.00,-4232.6653789247438908
4.30,160.00,-1004.5606456863044968
4.40,160.00,446.9667330088350354
4.50,160.00,975.1455705117123216
4.60,160.00,1054.0493274065947844
4.70,160.00,938.5364723018788027
4.80,160.00,759.2683599664067060
4.90,160.00,578.3747202559403604
5.00,160.00,421.5100614481833645
5.10,160.00,295.9176628833307063
5.20,160.00,200.3219337518783334
5.30,160.00,130.1347480304681312
5.40,160.00,80.0365016452045381
5.50,160.00,45.1314326487047524
5.60,160.00,21.3620120115387593
5.70,160.00,5.5636613560940074
5.80,160.00,-4.6350386174463738
5.90,160.00,-10.9615423389859803
6.00,160.00,-14.6481616773827490
6.20,160.00,-17.2981001197645092
6.40,160.00,-16.7714978985875582
6.60,160.00,-15.0295726119814876
6.80,160.00,-12.9677267109527481
7.00,160.00,-10.9795967697575918
7.20,160.00,-9.2216394729056166
7.40,160.00,-7.7371088801005179
7.60,160.00,-6.5159692786143388
7.80,160.00,-5.5252560778902291
8.00,160.00,-4.7249920938530172
8.20,160.00,-4.0764187982436360
8.40,160.00,-3.5458430069261153
8.60,160.00,-3.1059315588509615
8.80,160.00,-2.7355836477961537
9.00,160.00,-2.4191039164216246
9.50,160.00,-1.7968028980491051
10.00,160.00,-1.3432452263772652
10.50,160.00,-1.0098518046505305
11.00,160.00,-0.7679459894596110
11.50,160.00,-0.5955927384375181
12.00,160.00,-0.4745839140184290
12.50,160.00,-0.3902082994033715
13.00,160.00,-0.3311995279957253
13.50,160.00,-0.2893534142184025
14.00,160.00,-0.2589348905231406
14.50,160.00,-0.2360593182486004
15.00,160.00,-0.2181570544200757
16.00,160.00,-0.1911872880035403
17.00,160.00,-0.1706458160046749
18.00,160.00,-0.1535286328746364
19.00,160.00,-0.1385921509962013
20.00,160.00,-0.1252825887090197
21.00,160.00,-0.1133157782485379
22.00,160.00,-0.1025159133716240
23.00,160.00,-0.0927541771197795
24.00,160.00,-0.0839252199568560
25.00,160.00,-0.0759378584844157
50.00,160.00,-0.0062333128276931
100.00,160.00,-0.0000419997314617
1.00,170.00,-82810999525.4617614746093750
1.10,170.00,-54076994037.8118743896484375
1.20,170.00,-35257422796.9551696777343750
1.30,170.00,-22948406479.1565475463867188
1.40,170.00,-14909534994.1188621520996094
1.50,170.00,-9667750636.0840797424316406
1.60,170.00,-6255621787.5417871475219727
1.70,170.00,-4038554501.4098267555236816
1.80,170.00,-2600819386.0548534393310547
1.90,170.00,-1670443591.6256914138793945
2.00,170.00,-1069763824.2084710597991943
2.10,170.00,-682907542.8730568885803223
2.20,170.00,-434431073.5966000556945801
2.30,170.00,-275303693.5991590619087219
2.40,170.00,-173723379.2463244199752808
2.50,170.00,-109106910.9028502255678177
2.60,170.00,-68162994.6063847392797470
2.70,170.00,-42330504.7680491209030151
2.80,170.00,-26110137.2836204431951046
2.90,170.00,-15979895.7554134167730808
3.00,170.00,-9691500.0810403488576412
3.10,170.00,-5814903.5609835656359792
3.20,170.00,-3444114.4356674980372190
3.30,170.00,-2007678.7052271168213338
3.40,170.00,-1146925.4591053330805153
3.50,170.00,-637982.2268560343654826
3.60,170.00,-341990.9243805369478650
3.70,170.00,-173442.7466619814222213
3.80,170.00,-80119.1515857838239754
3.90,170.00,-30442.2977776455081766
4.00,170.00,-5538.3216154006204306
4.10,170.00,5714.0040130085890269
4.20,170.00,9752.1218726148217684
4.30,170.00,10217.5777370321447961
4.40,170.00,9107.3251933214032761
4.50,170.00,7468.6459332903659742
4.60,170.00,5813.4448396720672463
4.70,170.00,4361.5213892459041745
4.80,170.00,3180.7055707292915940
4.90,170.00,2265.5835110430416535
5.00,170.00,1580.2258363969087895
5.10,170.00,1080.2306438235521000
5.20,170.00,723.1871590960982985
5.30,170.00,472.8886975246333577
5.40,170.00,300.3494512573299744
5.50,170.00,183.3288086757212056
5.60,170.00,105.2777815342029299
5.70,170.00,54.1708633373327402
5.80,170.00,21.4358627833306308
5.90,170.00,1.0603981137551211
6.00,170.00,-11.1134201199733091
6.20,170.00,-21.2900000067818347
6.40,170.00,-22.3625698475130434
6.60,170.00,-20.1492910688968188
6.80,170.00,-17.0791275721665379
7.00,170.00,-14.0965009490933699
7.20,170.00,-11.5174933443607426
7.40,170.00,-9.4023838068245595
7.60,170.00,-7.7140584391559992
7.80,170.00,-6.3844152799235312
8.00,170.00,-5.3418138697534001
8.20,170.00,-4.5219322275856735
8.40,170.00,-3.8713646475320251
8.60,170.00,-3.3479462356526586
8.80,170.00,-2.9196172931198765
9.00,170.00,-2.5627250294977739
9.50,170.00,-1.8831402943680617
10.00,170.00,-1.4009104168587936
10.50,170.00,-1.0492288701240606
11.00,170.00,-0.7938212942887827
11.50,170.00,-0.6112266652752870
12.00,170.00,-0.4826721258281207
12.50,170.00,-0.3929795201768627
13.00,170.00,-0.3303953292902639
13.50,170.00,-0.2862578948215428
14.00,170.00,-0.2544501204161417
14.50,170.00,-0.2307948122906096
15.00,170.00,-0.2125116511340279
16.00,170.00,-0.1854443616401821
17.00,170.00,-0.1652038484865028
18.00,170.00,-0.1485114175755688
19.00,170.00,-0.1340174948915606
20.00,170.00,-0.1211302890412901
21.00,170.00,-0.1095538148926781
22.00,170.00,-0.0991101724334954
23.00,170.00,-0.0896718804082938
24.00,170.00,-0.0811360012817105
25.00,170.00,-0.0734139802182628
50.00,170.00,-0.0060261352837480
100.00,170.00,-0.0000406037801512
1.00,180.00,-101553676869.8559417724609375
1.10,180.00,-66236615355.3779678344726562
1.20,180.00,-43127855585.2793502807617188
1.30,180.00,-28029647255.2336006164550781
1.40,180.00,-18180847212.1413421630859375
1.50,180.00,-11767303650.9417896270751953
1.60,180.00,-7598495778.7145433425903320
1.70,180.00,-4894158316.9306058883666992
1.80,180.00,-3143610585.1522130966186523
1.90,180.00,-2013107753.1104660034179688
2.00,180.00,-1284884125.3911671638488770
2.10,180.00,-817092382.9657120704650879
2.20,180.00,-517507049.9381042718887329
2.30,180.00,-326285075.5631221532821655
2.40,180.00,-204679547.3751899003982544
2.50,180.00,-127661673.6208716332912445
2.60,180.00,-79105301.6302847564220428
2.70,180.00,-48649318.1035442352294922
2.80,180.00,-29657068.8775758557021618
2.90,180.00,-17891889.0061016976833344
3.00,180.00,-10659296.7412615865468979
3.10,180.00,-6252735.5377302411943674
3.20,180.00,-3596369.0560283646918833
3.30,180.00,-2015519.1255894750356674
3.40,180.00,-1089590.7051253682002425
3.50,180.00,-558165.3987738069845363
3.60,180.00,-261269.1594190399046056
3.70,180.00,-101537.4393132404802600
3.80,180.00,-20363.3407740126167482
3.90,180.00,17059.0288484330194478
4.00,180.00,31056.5191706500409055
4.10,180.00,33246.5509523461441859
4.20,180.00,30079.1983522006958083
4.30,180.00,24991.0220398548372032
4.40,180.00,19699.8045018078482826
4.50,180.00,14972.0023135131450545
4.60,180.00,11069.7018734336088528
4.70,180.00,8005.0307560993160223
4.80,180.00,5680.5400648162676589
4.90,180.00,3963.2644979102074103
5.00,180.00,2721.1050375410864035
5.10,180.00,1838.4843105583395300
5.20,180.00,1221.1209502891981629
5.30,180.00,795.5060594645452738
5.40,180.00,506.1441247885082362
5.50,180.00,312.1581336926147401
5.60,180.00,184.0308068105024120
5.70,180.00,100.8010840437980846
5.80,180.00,47.7996112463567684
5.90,180.00,14.8944161239759989
6.00,180.00,-4.8275980222925794
6.20,180.00,-21.8169658741092931
6.40,180.00,-24.6350818746601909
6.60,180.00,-22.4444899513746421
6.80,180.00,-18.9424990020390354
7.00,180.00,-15.5016010071728978
7.20,180.00,-12.5506854691385854
7.40,180.00,-10.1581195283935504
7.60,180.00,-8.2680545148150415
7.80,180.00,-6.7920807858147905
8.00,180.00,-5.6427775790438046
8.20,180.00,-4.7446660863779142
8.40,180.00,-4.0365870903504000
8.60,180.00,-3.4708973583311282
8.80,180.00,-3.0115623635281250
9.00,180.00,-2.6319815062777852
9.50,180.00,-1.9188812277243625
10.00,180.00,-1.4209266982739430
10.50,180.00,-1.0612089027281875
11.00,180.00,-0.8011566352029523
11.50,180.00,-0.6155894218868108
12.00,180.00,-0.4850365243295919
12.50,180.00,-0.3939930015344851
13.00,180.00,-0.3305127598594499
13.50,180.00,-0.2857997983035964
14.00,180.00,-0.2536379972978293
14.50,180.00,-0.2297778426022792
15.00,180.00,-0.2113877340798087
16.00,180.00,-0.1842709675564636
17.00,180.00,-0.1640813313703089
18.00,180.00,-0.1474725993324575
19.00,180.00,-0.1330688518427443
20.00,180.00,-0.1202686878077770
21.00,180.00,-0.1087730073396138
22.00,180.00,-0.0984032256166664
23.00,180.00,-0.0890320450805073
24.00,180.00,-0.0805569941248971
25.00,180.00,-0.0728900507045503
50.00,180.00,-0.0059831272823543
100.00,180.00,-0.0000403139945173
