1846533.6553700000513345,-9413567229.1407432556152344
983960.5393759999424219,-6105021218.8374891281127930
605512.2069850000552833,-3951512231.1566610336303711
453871.3718220000155270,-2552238811.8238515853881836
437722.8947720000287518,-1644766973.5229816436767578
545157.2344299999531358,-1057491949.6068894863128662
834103.6141610000049695,-678398505.4969989061355591
1486250.4903110000304878,-434582483.6094695925712585
3046052.9685269999317825,-279005821.7314947843551636
8428242.3630400002002716,-183659437.5359192192554474
3053687.6077820002101362,-46847854.1329322084784508
1415210.5804349998943508,-28739776.9455818235874176
718006.0306159999454394,-17669955.8181260749697685
389770.4847610000288114,-10839327.4332801103591919
229019.3300060000037774,-6623398.6106517780572176
149822.2827830000023823,-4029844.4080484011210501
112047.5450799999962328,-2443265.8946739276871085
95684.7424020000034943,-1479979.3042637147009373
90284.9786509999976261,-900624.6315765359904617
90235.0781169999972917,-556195.0765997279668227
92501.1888820000021951,-354314.3644266753108241
56160.5692520000011427,-198729.7720004168222658
42243.3422149999969406,-116439.4887133550946601
31524.4331510000010894,-67450.0689744180999696
23348.9298659999985830,-38547.3835354740513139
17194.5423239999981888,-21695.2512705520821328
12652.4784189999991213,-12046.9537626886158250
9280.2296879999994417,-6579.8850362229877646
6779.7679019999995944,-3525.6751982053933716
4931.2304000000003725,-1848.2598257057338742
3568.5897519999998622,-944.7190783845294391
2566.9147960000000239,-468.6419339361741550
1832.7907319999999345,-224.1442917650747404
1296.5772389999999632,-102.3842393866104885
906.4143510000000106,-44.0305575584380904
623.7209639999999808,-17.4290365172398651
419.8435900000000061,-6.1082442760842923
273.5602410000000191,-1.7545838796921203
169.2106389999999863,-0.3347795725384515
95.2927379999999999,-0.0030119533969497
43.3940369999999973,0.0135012993971984
7.3857660000000003,-0.0113260703000506
-17.1860989999999987,-0.0128330500152813
-33.5539690000000022,0.0014805463383638
-44.0655190000000019,0.0140148166640586
-50.4247980000000027,0.0152650859405341
-53.8676019999999980,0.0060434398614788
-55.2865040000000008,-0.0081266740980581
-55.3247879999999981,-0.0196538678494989
-52.9614869999999982,-0.0215793480572728
-49.0635580000000004,0.0013224918547863
-44.7511200000000002,0.0245463413853670
-40.5544160000000034,0.0291643266894397
-36.7089119999999980,0.0136107134801122
-33.3037530000000004,-0.0082978849736719
-30.3472119999999990,-0.0233710392392616
-27.8031529999999982,-0.0269686250349608
-25.6156879999999987,-0.0221105686742220
-23.7262510000000013,-0.0144633392822300
-22.0856059999999985,-0.0057658625388122
-20.6531790000000015,0.0037020017331741
-19.3970260000000003,0.0151434730682780
-18.2896450000000002,0.0279355468106282
-17.3073529999999991,0.0401348490537963
-15.2793609999999997,0.0570913632019927
-13.7018950000000004,0.0457332873483480
-12.4423990000000000,0.0099482539863800
-11.4134320000000002,-0.0409119547869636
-10.5547559999999994,-0.0970561964500298
-9.8245450000000005,-0.1500904344672538
-9.1945379999999997,-0.1929626087161704
-8.6437989999999996,-0.2222710642468861
-8.1570339999999995,-0.2367960758673124
-7.7230949999999998,-0.2365799907269359
-7.3330289999999998,-0.2231137782359207
-6.9801510000000002,-0.1980272712032054
-6.3642659999999998,-0.1217489569122732
-5.8435629999999996,-0.0218373366271702
-5.3965790000000000,0.0906037907218140
-5.0068739999999998,0.2062947354493456
-4.6641560000000002,0.3205841539730327
-4.3595509999999997,0.4293880389110551
-4.0872159999999997,0.5310808375435543
-3.8422280000000000,0.6245124358025147
-3.6205590000000001,0.7090527201147085
-3.4181550000000001,0.7837163391230377
-1.1117020000000000,0.8954541716237884
-0.0200960000000000,0.0186389335937338
1392466.6952869999222457,-6771689214.0897951126098633
799033.6086330000543967,-4385354262.0710821151733398
512925.8673500000149943,-2834051591.7154569625854492
385535.8479889999725856,-1827433963.1207678318023682
348198.9118729999754578,-1175550413.8973262310028076
372759.6861999999964610,-754305612.4965246915817261
454811.9646669999929145,-482753759.8729017972946167
599127.8415749999694526,-308179047.0684227347373962
789025.6904889999423176,-196285195.9529275298118591
951116.9862900000298396,-124751235.6190712749958038
976253.7249020000454038,-79058087.2425510287284851
834890.9800759999779984,-49862827.4239089787006378
616216.1034399999771267,-31249182.6962802559137344
416096.2751590000116266,-19450252.0393237918615341
271336.4942140000057407,-12024993.7784130051732063
179200.0966469999984838,-7385876.2404907578602433
125331.9267479999980424,-4508172.4039242696017027
96114.6472570000041742,-2736360.7769733653403819
81453.5936499999952503,-1654097.2502588089555502
74245.7318819999927655,-998255.5598118482157588
69053.8869790000026114,-602803.3637736246455461
61558.8535399999964284,-363209.4699833838967606
51213.2150069999988773,-216758.8664767409500200
40624.3707209999993211,-127747.2902304203744279
31385.6250910000017029,-74336.0505199702020036
23849.0149820000006002,-42670.7880866008927114
17878.2649669999991602,-24090.2083575762299006
13344.0028559999991558,-13411.6291407559092477
9909.3876689999997325,-7347.3600336559848074
7317.9502130000000761,-3949.9331807994030896
5374.2872090000000753,-2078.3806567630781501
3924.1034639999998035,-1067.1131574761730008
2846.9079620000002251,-532.4388351815177884
2050.0730859999998756,-256.6776137920876408
1463.1007360000000972,-118.5380922161414219
1032.6487210000000232,-51.7676706433361460
718.4776940000000423,-20.9373648930143190
490.3389510000000087,-7.5640240501626863
325.5668329999999742,-2.2676257421672972
207.2659060000000011,-0.4627493851185420
122.8978829999999931,-0.0075004003078334
63.2134080000000012,0.0256987319606452
21.4260209999999987,-0.0117825863086090
-7.4212920000000002,-0.0232317870565923
-26.9403499999999987,-0.0075605164131822
-39.7606529999999978,0.0134004347366883
-47.7968130000000002,0.0231549155785302
-52.4439530000000005,0.0180094704418892
-54.7164179999999973,0.0027135310498139
-55.3494370000000018,-0.0144500911553251
-54.8714420000000018,-0.0275376249702433
-51.9899229999999974,-0.0265633273490167
-47.9562839999999966,0.0029700946982913
-43.6840919999999997,0.0308122935652690
-39.5978780000000015,0.0350658620602076
-35.8836930000000009,0.0172708955717837
-32.6060050000000032,-0.0075474937941635
-29.7632070000000013,-0.0246549123214344
-27.3145020000000009,-0.0304589260939530
-25.2054830000000010,-0.0268980848379776
-23.3800220000000003,-0.0194150109843712
-21.7911469999999987,-0.0102717224909945
-20.4027160000000016,0.0019771538397642
-19.1826770000000018,0.0160964265611696
-18.1053120000000014,0.0313824620421386
-17.1479360000000014,0.0454712859129316
-15.1647379999999998,0.0632004814919647
-13.6173260000000003,0.0506029758478874
-12.3776729999999997,0.0118754187844541
-11.3626550000000002,-0.0415296005706161
-10.5139160000000000,-0.0994822647940428
-9.7910970000000006,-0.1533598979954593
-9.1664809999999992,-0.1965631254517728
-8.6201880000000006,-0.2254013911311290
-8.1364520000000002,-0.2396890923430117
-7.7052339999999999,-0.2387546918063652
-7.3173269999999997,-0.2246119436698342
-6.9663279999999999,-0.1987870348375944
-6.3532169999999999,-0.1214136115508966
-5.8346510000000000,-0.0206132936966830
-5.3888780000000001,0.0920125253335460
-5.0003430000000000,0.2079836129751724
-4.6583670000000001,0.3222243094902089
-4.3548590000000003,0.4314150787434823
-4.0831879999999998,0.5331313190584837
-3.8386399999999998,0.6264240470287539
-3.6169950000000002,0.7104648171769927
-3.4153970000000000,0.7854608401682452
-1.1111359999999999,0.8952577561655146
-0.0199780000000000,0.0185234238347876
740924.5490630000131205,-4213191110.6049304008483887
481023.2814459999790415,-2725442299.7278680801391602
337207.9255630000261590,-1759273124.7318730354309082
262260.0385910000186414,-1133014777.2622399330139160
223592.3440079999854788,-727902028.6418793201446533
202126.4700780000130180,-466409703.1371322274208069
188324.3769460000039544,-298013100.8391135931015015
177919.5243480000062846,-189839361.6240489184856415
167868.3412649999954738,-120537146.9899883568286896
155332.7403650000051130,-76264370.3408067524433136
139013.6438379999890458,-48066737.8942860439419746
119992.4585150000057183,-30166181.7123704031109810
100875.7087190000020200,-18843742.7105371840298176
84151.5239880000008270,-11711500.5763377603143454
71141.2328080000006594,-7239644.9052303265780210
61885.2269369999994524,-4450425.9829152030870318
55463.0156889999998384,-2720540.8372064819559455
50597.1206000000020140,-1653965.1173960566520691
46087.0840729999981704,-1000106.3458745393436402
41153.4471170000033453,-601300.6382385524921119
35636.6719490000032238,-359165.2014466709224507
29879.9639150000002701,-212870.7864895912061911
24362.5551100000011502,-125023.4818308376707137
19400.6803169999984675,-72647.2602084993268363
15138.1331590000008873,-41669.3671601062233094
11696.2761510000000271,-23609.6191874294527224
8949.3423430000002554,-13190.9350294999967446
6783.7895159999998214,-7252.0199484935847067
5098.2306930000004286,-3914.7332965962855269
3800.2620019999999386,-2069.7983353882154915
2809.4096979999999348,-1068.4824225291604307
2058.5997250000000349,-536.2649400411089573
1493.5414610000000266,-260.1452882809624043
1071.0408119999999599,-120.9422264589778706
757.1634199999999737,-53.1929289887785899
525.4987019999999802,-21.6814330000071891
355.6462530000000015,-7.9008483492530672
231.9702299999999866,-2.3944259916740691
142.5798049999999932,-0.4960977676569485
78.5025270000000006,-0.0089563649927840
33.0220979999999997,0.0291928629338400
1.1476770000000001,-0.0109974612568193
-20.8052059999999983,-0.0257587323254107
-35.5504970000000000,-0.0113308749939804
-45.0851800000000011,0.0109732722683944
-50.8789489999999986,0.0244682753931826
-54.0116999999999976,0.0226497715360310
-55.2774379999999965,0.0094713925376482
-55.2545310000000001,-0.0092678737626528
-54.3657049999999984,-0.0246970125906856
-52.9143469999999994,-0.0317565727512346
-49.1230720000000005,-0.0175636415013471
-44.9384939999999986,0.0169738719905794
-40.8520299999999992,0.0380622110240481
-37.0827099999999987,0.0325142295987746
-33.7181780000000018,0.0101602999219068
-30.7743089999999988,-0.0129469098896244
-28.2247839999999997,-0.0272777107585895
-26.0225250000000017,-0.0313884042320467
-24.1147050000000007,-0.0287588943342314
-22.4544220000000010,-0.0215673196947606
-21.0028760000000005,-0.0104115006420500
-19.7277169999999984,0.0039761498377189
-18.6024710000000013,0.0209191088203440
-17.6035970000000006,0.0378824999559519
-16.7111060000000009,0.0520973517972720
-14.8475009999999994,0.0661765485821295
-13.3796549999999996,0.0482241256437366
-12.1956179999999996,0.0058636735373234
-11.2187520000000003,-0.0506582751276614
-10.3977590000000006,-0.1094502335463510
-9.6952669999999994,-0.1627484523410967
-9.0862429999999996,-0.2040614706718031
-8.5516539999999992,-0.2308332200645289
-8.0775489999999994,-0.2424315658999703
-7.6537030000000001,-0.2392927502577189
-7.2719569999999996,-0.2229907622932599
-6.9258790000000001,-0.1954757864946757
-6.3206959999999999,-0.1152461401834755
-5.8075539999999997,-0.0130447147412038
-5.3658890000000001,0.1002630382919865
-4.9809869999999998,0.2168471190614492
-4.6415350000000002,0.3309089346718199
-4.3402390000000004,0.4398770410738861
-4.0699690000000004,0.5407953706967499
-3.8269920000000002,0.6336709401474936
-3.6065680000000002,0.7171343019583540
-3.4055119999999999,0.7910452609860861
-1.1091460000000000,0.8945375568953097
-0.0194730000000000,0.0180269796848043
365624.8194500000099652,-1284421034.3344626426696777
263171.9445839999825694,-825883392.8523671627044678
202973.7338549999985844,-529695200.3573049306869507
170362.0286049999995157,-338808070.2926873564720154
151790.4259399999864399,-216081034.0052272379398346
137318.6834969999908935,-137377237.1000857949256897
122315.0892270000040298,-87042564.5670284330844879
106769.5961130000068806,-54946479.3508487194776535
92050.5412360000045737,-34546474.2801138535141945
79012.7088959999964572,-21626051.2006766125559807
67913.6689990000013495,-13474210.4884721376001835
58658.7293799999970361,-8352483.7498567961156368
50976.4646250000005239,-5149216.8982715401798487
44518.4594110000034561,-3155744.7436371850781143
38992.7182840000023134,-1921873.9534616260789335
34088.3598960000017541,-1162585.5368310490157455
29590.4552750000002561,-698222.8043409979436547
25395.4518129999996745,-416088.5342131083598360
21489.2549010000002454,-245866.4528141152113676
17899.6959720000013476,-143927.7433161617373116
14636.1240120000002207,-83336.8688744516693987
11800.0278259999995498,-47679.2787059958500322
9421.0090999999993073,-26940.2457755932155123
7438.1023850000001403,-15005.4261278049234534
5808.6559930000003078,-8222.5129288266962249
4489.4829110000000583,-4422.9202110310061471
3435.6614450000001852,-2329.4233675353380022
2603.2769669999997859,-1197.3196087936130425
1952.4070910000000367,-598.0959279816072467
1448.1338690000000042,-288.6983979076485411
1060.8150849999999537,-133.5642276852372561
765.8076429999999846,-58.5122529218899672
542.9327610000000277,-23.8065961156473804
375.9051890000000071,-8.6979409009849746
251.7372640000000104,-2.6647046820388027
160.1973739999999964,-0.5678513642825749
93.3107700000000051,-0.0133380234454989
44.9276600000000030,0.0391739677981633
10.3517139999999994,-0.0081483480842142
-13.9757040000000003,-0.0323973419205714
-30.7319460000000007,-0.0214081338278511
-41.9223280000000003,0.0041604504950925
-49.0468919999999997,0.0248249707343220
-53.2265149999999991,0.0317830451546897
-55.2945989999999981,0.0233405713544172
-55.8720840000000010,0.0053746392628611
-55.4180810000000008,-0.0148091953443270
-54.2713770000000011,-0.0294721654077748
-52.6780139999999975,-0.0343527664052559
-50.8147489999999991,-0.0284213201885066
-48.8064729999999969,-0.0135584412144212
-44.6728030000000018,0.0261261609572827
-40.6822420000000022,0.0502486343188124
-37.0137670000000014,0.0453700618618171
-33.7365399999999980,0.0206233947958410
-30.8599829999999997,-0.0076152371739937
-28.3575769999999991,-0.0288514235552348
-26.1854820000000004,-0.0400089160390991
-24.2960290000000008,-0.0422007758358767
-22.6466369999999984,-0.0363647466314418
-21.2004820000000009,-0.0240083337996921
-19.9272589999999994,-0.0062813352224005
-18.8009689999999985,0.0146476482211675
-17.7987110000000008,0.0353946854982574
-16.9022480000000002,0.0538699252818589
-16.0952270000000013,0.0672769275150849
-14.3929310000000008,0.0747085152084299
-13.0348590000000009,0.0475657718465126
-11.9270250000000004,-0.0031758448640762
-11.0046339999999994,-0.0648617779146754
-10.2231299999999994,-0.1258037978747986
-9.5500670000000003,-0.1785981707815001
-8.9636589999999998,-0.2174516875172134
-8.4465979999999998,-0.2409274175313634
-7.9863960000000001,-0.2489119560685209
-7.5740090000000002,-0.2420023311295214
-7.2014300000000002,-0.2225086916410319
-6.8630100000000001,-0.1921761685191532
-6.2696649999999998,-0.1077364964329330
-5.7653350000000003,-0.0027946068748799
-5.3301559999999997,0.1118193783657668
-4.9504029999999997,0.2289830480349213
-4.6149170000000002,0.3429199281508328
-4.3164210000000001,0.4510025549286887
-4.0494779999999997,0.5519190886357461
-3.8083130000000001,0.6435968379249402
-3.5896020000000002,0.7260506118778398
-3.3905979999999998,0.7995503697829061
-1.1059820000000000,0.8932959046378725
-0.0188020000000000,0.0173689323620075
195530.4818990000057966,-299181506.9242821335792542
153766.0921169999928679,-190453812.1873243153095245
129484.3389109999989159,-120850510.7919563800096512
117171.8358020000014221,-76423609.7716384828090668
111620.3858170000021346,-48155252.2446036115288734
111466.7992859999940265,-30231081.5280213095247746
96672.1246749999991152,-18890718.8413102105259895
82175.6213019999995595,-11748569.5697457045316696
68535.2404019999958109,-7268793.8044477254152298
56610.0658689999982016,-4471852.0329776937142015
46535.6876320000010310,-2734291.7461690353229642
38156.8650550000020303,-1660710.1850890435744077
31218.3515689999985625,-1001288.4535655092913657
25517.7129639999984647,-598903.3169800975592807
20809.5833060000004480,-355091.5577697830740362
16882.9222589999990305,-208476.5481187119148672
13633.2609300000003714,-121075.3695622138620820
10977.6575140000004467,-69493.9610709821281489
8796.1761210000004212,-39366.7935565705338377
7003.8404380000001765,-21972.5542697381097241
5537.4465829999999187,-12060.1248323561085272
4345.0059849999997823,-6494.2590908928423232
3382.2586040000001049,-3421.3853243200842371
2610.5949780000000828,-1757.3890166302421676
1996.4599069999999301,-876.0868045336110299
1511.3545810000000529,-421.3371663848993194
1131.0640880000000834,-193.8482720066122056
835.2276779999999690,-84.2633834657066245
606.8909109999999600,-33.9369134256173766
432.0488799999999969,-12.2435903410817559
299.2431839999999852,-3.6969716131273458
199.1972619999999949,-0.7758377497713695
124.4833469999999949,-0.0181219325241813
69.2175660000000050,0.0519688438038060
28.7847660000000012,-0.0096339704280126
-0.4024540000000000,-0.0410698538832458
-21.1107920000000000,-0.0285642822121730
-35.4628640000000033,0.0028414462497395
-45.0789929999999970,0.0287692129344208
-51.1933580000000035,0.0381922602008018
-54.7415590000000023,0.0303223327388693
-56.4312079999999980,0.0112636950361775
-56.7950569999999999,-0.0106816264482603
-56.2311949999999996,-0.0289186297980990
-55.0359819999999971,-0.0387817343310601
-53.4284290000000013,-0.0379124719701593
-51.5668160000000029,-0.0281048991412831
-49.5669790000000035,-0.0108269331956166
-47.5090000000000003,0.0090855947478872
-45.4498299999999986,0.0281891368898144
-43.4278279999999981,0.0429760322025103
-39.5895920000000032,0.0524990622131796
-36.1092749999999967,0.0379942337180452
-33.0199309999999997,0.0105337988832730
-30.3115300000000012,-0.0163919848655141
-27.9475529999999992,-0.0372360199314130
-25.8852499999999992,-0.0486598035872170
-24.0806840000000015,-0.0515334177972520
-22.4975419999999993,-0.0448735081974867
-21.1031599999999990,-0.0302811065717030
-19.8702100000000002,-0.0096480469127194
-18.7753340000000009,0.0144602079352261
-17.7973889999999990,0.0380497389285352
-16.9191280000000006,0.0582373476380944
-16.1266010000000009,0.0733208867353561
-15.4078140000000001,0.0819281094551005
-13.8751270000000009,0.0755191494970209
-12.6353469999999994,0.0362503925884354
-11.6111389999999997,-0.0229799852784254
-10.7489989999999995,-0.0888061403146132
-10.0119509999999998,-0.1499869888052512
-9.3728320000000007,-0.1998675465268906
-8.8125830000000001,-0.2343158529784120
-8.3159659999999995,-0.2529089308243826
-7.8729160000000000,-0.2552133849809231
-7.4741590000000002,-0.2434560351802988
-7.1126129999999996,-0.2199366346404661
-6.7831840000000003,-0.1864349007995534
-6.2044040000000003,-0.0968871853579447
-5.7108410000000003,0.0110863755660588
-5.2841399999999998,0.1274884010843769
-4.9099810000000002,0.2443081000736234
-4.5802860000000001,0.3587058770740823
-4.2860440000000004,0.4662354509619484
-4.0222680000000004,0.5659752226447572
-3.7838490000000000,0.6564707257119293
-3.5678450000000002,0.7380778681447313
-3.3705280000000002,0.8100494590810468
-1.1015210000000000,0.8913441587326940
-0.0178330000000000,0.0164168395831057
125051.7380280000070343,-89436207.6017543375492096
104847.0334650000004331,-56362155.1286384835839272
92123.6342049999948358,-35381962.5779274404048920
83600.7754310000018450,-22120666.8019637987017632
76293.7022739999956684,-13769422.5501906294375658
68202.0600709999998799,-8530289.3883948810398579
58878.9719929999992019,-5256693.5208629630506039
49183.4148140000033891,-3220396.9777983156964183
40159.5802229999972042,-1960239.3599821238312870
32330.9714549999989686,-1184833.2049286819528788
25788.5940289999998640,-710663.0413101485464722
20431.0177140000014333,-422658.2438999866135418
16130.3819019999991724,-249053.2926254573394544
12693.3651520000003075,-145258.3660614864784293
9956.3284339999991062,-83760.4238479757768800
7783.1837629999999990,-47687.9695152499989490
6061.6109139999998661,-26764.9906677622748248
4701.0574710000000778,-14780.9439990811097232
3628.4248470000002271,-8013.6537009187013609
2785.1008040000001529,-4253.4819680936980149
2123.9754210000000967,-2202.4377796050894176
1607.5181909999998879,-1107.4387470689698603
1205.6702069999998912,-537.4271273418552255
894.3775329999999713,-249.5425566471806178
654.4307589999999664,-109.4653166946106921
470.4746010000000069,-44.4644518896377576
330.2724029999999971,-16.1593770947438315
224.0877820000000042,-4.9035973244839681
144.2162910000000124,-1.0289508014204500
84.6000549999999976,-0.0231250218509444
40.5030700000000010,0.0674760922105619
8.2503910000000005,-0.0146724172088888
-14.9960330000000006,-0.0542646134925668
-31.4214729999999989,-0.0344963475204558
-42.7052410000000009,0.0080921038733308
-50.1368399999999994,0.0399444305151277
-54.7080640000000002,0.0478645775528506
-57.1779610000000034,0.0336081886226012
-58.1252390000000005,0.0072407158983694
-57.9881630000000001,-0.0195762646637831
-57.0957879999999989,-0.0378752424518325
-55.6917260000000027,-0.0441643464463510
-53.9554370000000034,-0.0388056802217847
-52.0183490000000006,-0.0244607501016461
-49.9738940000000014,-0.0069020205380497
-47.8914210000000011,0.0107409513055785
-45.8192140000000023,0.0247882998297086
-43.7921979999999991,0.0339301531452776
-41.8334720000000004,0.0370340664735167
-39.9592310000000026,0.0351455058173116
-38.1791720000000012,0.0295946323878624
-34.9157870000000017,0.0116780474171065
-32.0434029999999979,-0.0074417859416869
-29.5293400000000013,-0.0238380047722409
-27.3286039999999986,-0.0368903809910179
-25.3973249999999986,-0.0455469643815363
-23.6971279999999993,-0.0483154616850570
-22.1971510000000016,-0.0425561672442356
-20.8693559999999998,-0.0289138092634396
-19.6901650000000004,-0.0087607928019828
-18.6375980000000006,0.0140182737998558
-17.6939999999999991,0.0367374542003489
-16.8437170000000016,0.0563791591722556
-16.0730269999999997,0.0701157024143200
-15.3728160000000003,0.0783991221804836
-14.7340090000000004,0.0806690167325215
-13.3569899999999997,0.0596998671008642
-12.2272140000000000,0.0104234019026848
-11.2825369999999996,-0.0531163026737342
-10.4789449999999995,-0.1185731238073569
-9.7859619999999996,-0.1760597366426691
-9.1809930000000008,-0.2200612650023253
-8.6474209999999996,-0.2480188817000801
-8.1727779999999992,-0.2594817372795326
-7.7464029999999999,-0.2564404521655268
-7.3619490000000001,-0.2393908535535250
-7.0124990000000000,-0.2112394986474344
-6.6929720000000001,-0.1742465916270115
-6.1301819999999996,-0.0795127004706808
-5.6483030000000003,0.0310328477861788
-5.2302770000000001,0.1481136421639420
-4.8636699999999999,0.2653425484780509
-4.5395089999999998,0.3788455166927340
-4.2502430000000002,0.4855467179505983
-3.9903540000000000,0.5839261428215372
-3.7553709999999998,0.6731113695239106
-3.5417100000000001,0.7527675366052695
-3.3467120000000001,0.8231730110046374
-1.0963200000000000,0.8891753341695656
-0.0164430000000000,0.0150472702204913
96770.7604359999968437,-16472232.2649288754910231
82122.1144079999940004,-10186223.5359911136329174
70623.7762170000059996,-6266217.3525640042498708
60697.9874249999993481,-3833164.5916958111338317
51570.8635750000030384,-2330501.4138097506947815
43039.3473329999978887,-1407342.4149391087703407
35246.8228969999981928,-843492.4510799491545185
28391.4709960000000137,-501344.0380829166970216
22566.4219310000007681,-295238.1836999851511791
17729.4496429999999236,-172069.4760075650119688
13810.2046819999995932,-99135.6756365087203449
10696.0119020000001910,-56395.7767860286548967
8239.1920219999992696,-31626.9359368235891452
6314.8894159999999829,-17452.6803495453787036
4816.1519259999995484,-9455.7998766650725884
3654.1151810000001205,-5016.1686732013677101
2756.7032869999998184,-2596.4012418705860910
2066.2736340000001292,-1305.3664640648362365
1537.1284880000000612,-633.6358707942993078
1133.1564069999999447,-294.4786545275965182
825.9804189999999835,-129.4413680084926455
593.3647929999999633,-52.7880829703790369
417.9863879999999767,-19.3198417869980972
286.3870440000000031,-5.9310945312643071
188.1602540000000090,-1.2703468127395183
115.2794410000000056,-0.0315200078502329
61.5868650000000031,0.0893249233849360
22.3761580000000002,-0.0143219031489785
-5.9297000000000004,-0.0709502941984397
-26.0392839999999985,-0.0516766296432749
-40.0027019999999993,0.0029876683488794
-49.3719790000000032,0.0503317481222965
-55.3262169999999998,0.0681738637240130
-58.7623219999999975,0.0538585913301119
-60.3640729999999976,0.0185742145839427
-60.6513580000000019,-0.0212064298331356
-60.0151609999999991,-0.0520626174036138
-58.7475949999999969,-0.0655187178950740
-57.0628540000000015,-0.0604598112766297
-55.1164169999999984,-0.0410554412635804
-53.0203309999999988,-0.0141302235899161
-50.8551429999999982,0.0133029549432422
-48.6780109999999979,0.0349686195496872
-46.5310130000000015,0.0481023101174003
-44.4443770000000029,0.0523620414116408
-42.4381649999999979,0.0481122621623484
-40.5270810000000026,0.0385419091605073
-38.7179929999999999,0.0250572952675867
-37.0148689999999974,0.0105392611372324
-35.4173809999999989,-0.0033664374480011
-33.9229810000000001,-0.0151892164194365
-31.2201680000000010,-0.0340125659243427
-28.8577249999999985,-0.0464091821750010
-26.7855799999999995,-0.0538430845263349
-24.9601739999999985,-0.0564181497670830
-23.3464640000000010,-0.0526798616690556
-21.9163490000000003,-0.0410439539386225
-20.6453670000000002,-0.0221034929511532
-19.5117709999999995,0.0016688401430756
-18.4957199999999986,0.0262450530773393
-17.5819550000000007,0.0496368701282179
-16.7563500000000012,0.0691295761440429
-16.0065619999999988,0.0824066041054579
-15.3231240000000000,0.0889546271610886
-14.6985709999999994,0.0893856697187818
-14.1251850000000001,0.0833017530013116
-12.8785589999999992,0.0445681178149098
-11.8427760000000006,-0.0170561787096553
-10.9669919999999994,-0.0868112830977452
-10.2154229999999995,-0.1527709769163170
-9.5622159999999994,-0.2071851558745230
-8.9890430000000006,-0.2452903182177266
-8.4804030000000008,-0.2669756385853397
-8.0257909999999999,-0.2722713715267080
-7.6164129999999997,-0.2629331327964639
-7.2457680000000000,-0.2406791364042773
-6.9077440000000001,-0.2083006037613586
-6.5981199999999998,-0.1676389218149028
-6.0510960000000003,-0.0677358402380674
-5.5813920000000001,0.0459865174380978
-5.1726979999999996,0.1644784315215206
-4.8136520000000003,0.2821834189079446
-4.4951070000000000,0.3949221216880234
-4.2105969999999999,0.5006174606761711
-3.9551020000000001,0.5981814821190543
-3.7232620000000001,0.6857975728149857
-3.5129920000000001,0.7645815852196050
-3.3206780000000000,0.8338138047184520
-1.0902730000000000,0.8861387777828686
-0.0151150000000000,0.0137395544300014
84820.4890670000022510,-4200273.9096893612295389
70157.6759759999986272,-2550268.9767060894519091
57621.6402309999975841,-1538060.4958009331021458
46770.8138059999982943,-920742.2410920100519434
37441.1621099999974831,-546655.4189902755897492
29602.3840689999997267,-321607.6670737416716293
23140.8034430000006978,-187296.8018815374525730
17905.1503579999989597,-107845.0077257233788259
13710.0021899999992456,-61290.2438606422583689
10426.4007230000006530,-34338.7521154840142117
7880.6857950000003257,-18932.9612455988280999
5919.3361080000004222,-10249.3752887056361942
4418.3910960000002888,-5433.3051397850740614
3276.1386870000001181,-2810.9044979972354668
2411.2395649999998568,-1412.9540646030479820
1759.4901890000001004,-685.9885382788518200
1270.7569430000000921,-319.0088986982723327
906.0793210000000499,-140.3749122621854895
635.3497939999999744,-57.3446224587380584
435.4157329999999888,-21.0402188914325166
288.5846789999999942,-6.4869958646292503
181.4032159999999863,-1.3991480966878385
103.7059189999999944,-0.0363959882456442
47.8478610000000018,0.1017779172565056
8.1125139999999991,-0.0136129918949894
-19.7561380000000000,-0.0805497002906925
-38.9101840000000010,-0.0618122979459343
-51.6791539999999969,-0.0000668309455492
-59.7835120000000018,0.0556969792426827
-64.5009459999999990,0.0792165109371297
-66.7815350000000052,0.0654405200353807
-67.3354130000000026,0.0261122643066045
-66.6915089999999964,-0.0209799150879633
-65.2420249999999982,-0.0585222834449866
-63.2721939999999989,-0.0767340492015336
-60.9869929999999982,-0.0730365847565935
-58.5304110000000009,-0.0516967610301933
-56.0018650000000022,-0.0210619996863031
-53.4711110000000005,0.0113752198120878
-50.9844349999999977,0.0377640336517331
-48.5755559999999988,0.0552101997935139
-46.2660740000000033,0.0619420382022184
-44.0703140000000033,0.0588336650473380
-41.9973140000000029,0.0487985779873412
-40.0510870000000025,0.0350199727644238
-38.2306090000000012,0.0193521168569930
-36.5326140000000024,0.0038857819301015
-34.9515460000000004,-0.0100407273829219
-33.4802239999999998,-0.0218840439619541
-32.1097589999999968,-0.0324981291536375
-30.8333159999999999,-0.0407415410215535
-28.5286839999999984,-0.0537299483520144
-26.5109729999999999,-0.0609853228032193
-24.7355190000000000,-0.0612148435795881
-23.1665320000000001,-0.0533383117592052
-21.7748440000000016,-0.0374360674305230
-20.5354129999999984,-0.0156137688530080
-19.4274529999999999,0.0096668551663832
-18.4326520000000009,0.0350746275492924
-17.5362359999999988,0.0584302393092742
-16.7242050000000013,0.0766171300681258
-15.9861889999999995,0.0888862876311194
-15.3126569999999997,0.0943483548700392
-14.6959239999999998,0.0931511278479373
-14.1289219999999993,0.0853501364169773
-13.6062449999999995,0.0720124352160028
-12.4609050000000003,0.0189115850164594
-11.4998869999999993,-0.0501970535004066
-10.6805099999999999,-0.1213677993019502
-9.9722069999999992,-0.1846097976376857
-9.3533969999999993,-0.2332936278606930
-8.8071129999999993,-0.2651703534743461
-8.3202250000000006,-0.2804397496802977
-7.8839889999999997,-0.2791736733296251
-7.4895040000000002,-0.2644207339673823
-7.1313000000000004,-0.2376365694147555
-6.8045540000000004,-0.2008162835279297
-6.5039689999999997,-0.1571917773275429
-5.9713669999999999,-0.0534695794234734
-5.5126080000000002,0.0620112933638088
-5.1132869999999997,0.1817160371020767
-4.7615489999999996,0.2994018566122651
-4.4490679999999996,0.4115955471238903
-4.1694909999999998,0.5162515124206424
-3.9179789999999999,0.6123973479198850
-3.6900729999999999,0.6990612899749111
-3.4823260000000000,0.7759475175287975
-3.2928829999999998,0.8440507872735381
-1.0837360000000000,0.8827236283752724
-0.0135190000000000,0.0121645892938321
78883.1987059999955818,-958403.2368523359764367
63429.4281790000022738,-566473.5985477361828089
50215.0905889999994542,-331723.5626507314154878
39161.8899699999965378,-192222.1086250865482725
30125.4829030000000785,-110060.5593464596022386
22891.8188259999988077,-62160.4584446702938294
17222.6020639999987907,-34573.7832977022771956
12832.8168800000003102,-18887.8423203300044406
9496.3035029999991821,-10122.8758694967491465
6975.5737369999997100,-5306.7258970241509815
5083.8867090000003373,-2711.7340906850490683
3673.6348109999998996,-1345.2036767408480955
2628.4310669999999845,-644.1954976092531524
1858.3953080000001137,-295.5228017682657082
1294.6000480000000152,-128.3916227730890114
884.5808650000000171,-51.8812655992018108
588.5778960000000097,-18.8909843618214381
376.6131609999999910,-5.8108075882134926
226.1954700000000003,-1.2621595683975499
120.5586370000000045,-0.0362130487824430
47.2823849999999979,0.0971154971107566
-2.7616730000000000,-0.0056963704923110
-36.2347919999999988,-0.0740710903522057
-57.9592829999999992,-0.0658233514444859
-71.4010179999999934,-0.0126681462407845
-79.0400889999999947,0.0445462507612859
-82.6470309999999984,0.0773793090743453
-83.4867050000000006,0.0748076889244658
-82.4673549999999977,0.0432472339821430
-80.2390369999999962,-0.0036211307384235
-77.2674959999999942,-0.0486116243661741
-73.8822969999999941,-0.0777207854136037
-70.3107930000000039,-0.0846141324535381
-66.7054729999999978,-0.0702234376821451
-63.1644930000000002,-0.0411695619308077
-59.7491849999999971,-0.0056966076657972
-56.4942319999999967,0.0268569162883807
-53.4208100000000030,0.0521845666060869
-50.5369230000000016,0.0661754501331870
-47.8460529999999977,0.0697076152588636
-45.3460600000000014,0.0646487328545149
-43.0303790000000035,0.0528661239593404
-40.8916820000000030,0.0382426659203645
-38.9185280000000020,0.0220980402281441
-37.0991659999999968,0.0060883980297177
-35.4206059999999994,-0.0093711293436414
-33.8709289999999967,-0.0232456870564519
-32.4379660000000030,-0.0354963568185553
-31.1096760000000003,-0.0468784087267267
-29.8768670000000007,-0.0563075557552963
-28.7301169999999999,-0.0639610194272926
-26.6643749999999997,-0.0723632027241692
-24.8591100000000012,-0.0705008344726252
-23.2725030000000004,-0.0579381546622031
-21.8701089999999994,-0.0367963289872293
-20.6243720000000010,-0.0097192856490160
-19.5123779999999982,0.0199503647102013
-18.5146119999999996,0.0485055420195906
-17.6151139999999984,0.0731618196111903
-16.8004970000000000,0.0918457630196130
-16.0599519999999991,0.1037004169079019
-15.3842400000000001,0.1083886628811168
-14.7648259999999993,0.1054139743382372
-14.1956089999999993,0.0959603792191661
-13.6701619999999995,0.0801988322993967
-13.1836210000000005,0.0592206204622894
-12.1121909999999993,-0.0076442383350965
-11.2072149999999997,-0.0833339490933405
-10.4309460000000005,-0.1556716679865264
-9.7568389999999994,-0.2160471300760083
-9.1655829999999998,-0.2596262270904717
-8.6411859999999994,-0.2860898783056367
-8.1732230000000001,-0.2949306780658407
-7.7517839999999998,-0.2887225547619634
-7.3702290000000001,-0.2691288172471662
-7.0229429999999997,-0.2383161741987356
-6.7051790000000002,-0.1985665947547988
-6.4131859999999996,-0.1517978467872139
-5.8943310000000002,-0.0439507792628415
-5.4460569999999997,0.0736036011489887
-5.0549510000000000,0.1940223185646346
-4.7095630000000002,0.3113117343771394
-4.4028850000000004,0.4232191134277272
-4.1279620000000001,0.5270248089845979
-3.8807670000000001,0.6225092270740991
-3.6562299999999999,0.7080382664375855
-3.4513660000000002,0.7837324724906378
-3.2643680000000002,0.8505936126815481
-1.0769230000000001,0.8787883465732309
-0.0117050000000000,0.0103699792065283
75719.3839279999956489,-533423.3826552634127438
60312.6263069999986328,-311421.8202739371336065
47160.4168999999965308,-179888.1127540359157138
36261.4891429999988759,-102643.1195988043618854
27480.8975590000009106,-57756.6581735084473621
20537.0255770000003395,-31958.5541499159298837
15157.8282770000005257,-17335.9083386584970867
11095.5172220000004017,-9216.1801399596224655
8048.9927580000003218,-4785.8502400468387350
5782.7482980000004318,-2418.7455387829795654
4110.2827639999995881,-1184.8529029923820417
2884.9027209999999286,-559.5733143792740520
1993.5417219999999361,-252.8874839314880774
1350.1834280000000490,-108.1689840873013964
889.8736860000000206,-43.0384491938120846
563.8034619999999677,-15.4533747063418332
335.4709809999999948,-4.7028285604523035
177.7370610000000113,-1.0176706170513228
70.5536720000000059,-0.0301682578851512
-0.7773400000000000,0.0797392192410639
-46.9407240000000030,-0.0022117654321931
-75.6303120000000035,-0.0603168015975939
-92.3283579999999944,-0.0572836369814098
-100.9000589999999988,-0.0139819185787928
-104.0426879999999983,0.0356357860297862
-103.6272289999999998,0.0659670874072162
-100.9470500000000044,0.0661508567939535
-96.8946409999999929,0.0392979378020897
-92.0847380000000015,-0.0014108772044068
-86.9353689999999943,-0.0410138909183217
-81.7256299999999953,-0.0670405673542689
-76.6347020000000043,-0.0732395700566713
-71.7705250000000063,-0.0602318469819778
-67.1905150000000049,-0.0349124442781203
-62.9209180000000003,-0.0049486526230140
-58.9675680000000000,0.0223747026088148
-55.3248060000000024,0.0423553461151087
-51.9804109999999966,0.0530565620772236
-48.9194170000000028,0.0557388322116239
-46.1236549999999994,0.0519738260974663
-43.5742919999999998,0.0444407526802735
-41.2505120000000005,0.0343648016169240
-39.1321930000000009,0.0233226450366146
-37.1992210000000014,0.0119636173411308
-35.4322519999999983,0.0003894276504539
-33.8131720000000016,-0.0116092805257964
-32.3265269999999987,-0.0232276059766008
-30.9571499999999986,-0.0350368455506853
-29.6934410000000000,-0.0456597091656654
-28.5239420000000017,-0.0551080497535601
-27.4397909999999996,-0.0622146023755619
-25.4946319999999993,-0.0684890721586449
-23.8024689999999985,-0.0630714630462528
-22.3200450000000004,-0.0465983349014252
-21.0117359999999991,-0.0226901846338095
-19.8491269999999993,0.0046007121735272
-18.8104909999999990,0.0325374855828215
-17.8776809999999990,0.0582339533432936
-17.0354379999999992,0.0791017486288652
-16.2712399999999988,0.0934578078012045
-15.5751000000000008,0.1008089727014472
-14.9381830000000004,0.1007711141342327
-14.3530560000000005,0.0935024650966749
-13.8139509999999994,0.0800778160681048
-13.3152609999999996,0.0610549762698422
-12.8529450000000001,0.0379294692707468
-11.8316189999999999,-0.0313699137557304
-10.9658569999999997,-0.1055434108842057
-10.2211390000000009,-0.1735719723217333
-9.5728170000000006,-0.2282200544511230
-9.0020009999999999,-0.2665593267478865
-8.4950510000000001,-0.2875152224582695
-8.0414680000000001,-0.2917213633389846
-7.6328750000000003,-0.2809186319038970
-7.2615449999999999,-0.2583108936238752
-6.9235090000000001,-0.2247108632395278
-6.6137790000000001,-0.1828293966482377
-6.3287589999999998,-0.1345508647556981
-5.8212370000000000,-0.0252732881538815
-5.3824810000000003,0.0929816781081829
-4.9985730000000004,0.2126731337156862
-4.6597299999999997,0.3293561226747990
-4.3582270000000003,0.4399748787719719
-4.0875589999999997,0.5421897219156806
-3.8442490000000000,0.6362705796643753
-3.6226280000000002,0.7199306946628647
-3.4207230000000002,0.7942544556884577
-3.2362240000000000,0.8596972011763362
-1.0697820000000000,0.8747048132140948
-0.0101630000000000,0.0088485802547059
75246.5755110000027344,-543273.0366729439701885
60758.9070730000021285,-316760.6849148102919571
48263.2118540000010398,-182814.1579367757367436
37681.0575699999972130,-104243.6040177749819122
28937.9117619999997260,-58594.2682338470549439
21930.7344750000011118,-32412.9486727632356633
16422.8879110000016226,-17602.4671112039395666
12142.6240670000006503,-9335.8565582903665927
8897.3040409999994154,-4832.9580568858118568
6457.9158829999996669,-2432.7929832947843352
4638.3626109999995606,-1184.6508558507139242
3292.1998039999998582,-554.8058221664364282
2303.9177479999998468,-247.9478723766919757
1584.0471600000000763,-104.5539968502557713
1064.1269150000000536,-40.8694888105933387
692.1846070000000282,-14.3654581826039021
428.9772159999999985,-4.2651106141112791
245.0532279999999901,-0.8986165617999120
118.4442279999999954,-0.0258037814559913
32.8863569999999967,0.0672104921109380
-23.5650310000000012,-0.0006720421328872
-59.5989720000000034,-0.0488170244412913
-81.4754960000000068,-0.0484639784426690
-93.6554330000000022,-0.0163831392270595
-99.2863239999999934,0.0241849258779041
-100.5678599999999960,0.0532350187259567
-99.0286540000000031,0.0599336311707077
-95.7267410000000041,0.0432175702729580
-91.3919929999999994,0.0099537174114346
-86.5258390000000048,-0.0277242520414518
-81.4674179999999950,-0.0580614623542033
-76.4410599999999931,-0.0721476496830178
-71.5879259999999960,-0.0668685341632909
-66.9887810000000030,-0.0460636483304455
-62.6853350000000020,-0.0157741867136352
-58.6916239999999974,0.0155855200501875
-55.0066440000000014,0.0417649230183983
-51.6201599999999985,0.0587703219173576
-48.5171479999999988,0.0652457357349263
-45.6807840000000027,0.0625645436541404
-43.0922729999999987,0.0525912208738859
-40.7328430000000026,0.0382089440275450
-38.5832029999999975,0.0217519980634080
-36.6247869999999978,0.0055508734360856
-34.8385310000000032,-0.0097461766588225
-33.2071990000000028,-0.0231211943937808
-31.7145420000000016,-0.0341673788082453
-30.3454450000000016,-0.0429841209046344
-29.0853639999999984,-0.0507124572406923
-27.9241540000000015,-0.0556319001420604
-26.8507679999999986,-0.0583556258713323
-24.9317029999999988,-0.0576552246585180
-23.2694000000000010,-0.0477084834154304
-21.8169460000000015,-0.0304859124860002
-20.5386279999999992,-0.0078237663232734
-19.4053530000000016,0.0170003352199579
-18.3935749999999985,0.0405095890422729
-17.4853680000000011,0.0607998185606782
-16.6660329999999988,0.0763426986323914
-15.9234249999999999,0.0861253908778554
-15.2472390000000004,0.0894716859573474
-14.6286039999999993,0.0859797832243707
-14.0606380000000009,0.0762950910085802
-13.5371579999999998,0.0609590259410879
-13.0536300000000001,0.0414509077874907
-12.6048510000000000,0.0179357832160267
-11.6135029999999997,-0.0498058086995936
-10.7728370000000009,-0.1201648111452869
-10.0492310000000007,-0.1833106625367389
-9.4183140000000005,-0.2332900039249637
-8.8629519999999999,-0.2665186375864206
-8.3692630000000001,-0.2829121645236654
-7.9266350000000001,-0.2837140291511409
-7.5270469999999996,-0.2706343067440589
-7.1647540000000003,-0.2451063199750738
-6.8341700000000003,-0.2096974077912881
-6.5308659999999996,-0.1666497909769697
-6.2516420000000004,-0.1175122290997335
-5.7542179999999998,-0.0071958797825467
-5.3231760000000001,0.1106383667350519
-4.9463559999999998,0.2300803812004366
-4.6129540000000002,0.3455737427058585
-4.3157360000000002,0.4544810194231257
-4.0495450000000002,0.5557481885415734
-3.8090950000000001,0.6477810272905664
-3.5907610000000001,0.7302873409956003
-3.3914759999999999,0.8032129569747024
-3.2093609999999999,0.8674039558637556
-1.0628590000000000,0.8706194707797390
-0.0082060000000000,0.0069107002409847
79330.8142640000005485,-1569400.2450506032910198
65813.2052799999946728,-939393.1635726467939094
54317.8777310000004945,-558198.4069343329174444
44229.3039629999984754,-328942.0507181918947026
35453.1608389999964857,-192023.7404873206978664
27982.3352630000008503,-110900.6117682141921250
21780.8069060000016179,-63278.0669052629091311
16744.5976609999997891,-35612.5613331417844165
12708.6061129999998229,-19708.7792918308259686
9560.4922189999997499,-10715.5939860816615692
7134.3634609999999157,-5712.5667503253653194
5278.8568420000001424,-2977.0513681315660506
3871.3233279999999468,-1511.6347583885021777
2811.4127499999999600,-744.7658283246437350
2018.7080909999999676,-354.0535483470080180
1429.9228769999999713,-161.1163568923821003
995.7896839999999656,-69.3767633167731219
678.1698489999999993,-27.7612407340543541
447.7354280000000131,-10.0080030217983449
282.0788229999999999,-3.0511866767744777
164.2130479999999864,-0.6605432626609797
81.3538860000000028,-0.0194487165260426
23.9562020000000011,0.0517219054668523
-15.0597999999999992,-0.0012011117064965
-40.9057490000000001,-0.0396388759772464
-57.3912710000000033,-0.0384509153913513
-67.2776829999999961,-0.0108188399424591
-72.5545560000000052,0.0237711103318787
-74.6449479999999994,0.0463185648596323
-74.5693650000000048,0.0487556006967225
-73.0578650000000067,0.0309886970323987
-70.6334370000000007,-0.0001171712325316
-67.6713850000000008,-0.0323548608586037
-64.4357270000000000,-0.0554605425855783
-61.1092590000000015,-0.0621851679140022
-57.8124189999999984,-0.0516021152422255
-54.6200230000000033,-0.0281975400442533
-51.5760840000000016,0.0015952023715329
-48.7025280000000009,0.0299122754155619
-46.0079870000000000,0.0502874277946148
-43.4951059999999998,0.0605899625007780
-41.1603509999999986,0.0596163086434487
-38.9988719999999986,0.0495796782049780
-37.0033040000000000,0.0331623800825014
-35.1656920000000000,0.0141602985045139
-33.4759620000000027,-0.0049726458768404
-31.9242150000000002,-0.0214879944039303
-30.4992139999999985,-0.0343085724622973
-29.1896920000000009,-0.0430181672453145
-27.9842499999999994,-0.0481446092436570
-26.8732539999999993,-0.0493574476561243
-24.8948980000000013,-0.0445675596487511
-23.1882030000000015,-0.0337081511932382
-21.7020990000000005,-0.0195727480977581
-20.3977229999999992,-0.0035549157578316
-19.2444459999999999,0.0127291055462386
-18.2191749999999999,0.0288212892357933
-17.3017779999999988,0.0425289429751317
-16.4765909999999991,0.0527117476940617
-15.7310119999999998,0.0588054815347689
-15.0543759999999995,0.0603478459175655
-14.4369080000000007,0.0563742099976192
-13.8715659999999996,0.0475561131660722
-13.3520780000000006,0.0344343963061444
-12.8730460000000004,0.0176552554020866
-12.4292569999999998,-0.0026261593056027
-11.4505920000000003,-0.0621266545090133
-10.6229580000000006,-0.1241520612054821
-9.9116510000000009,-0.1800493387949214
-9.2918900000000004,-0.2242296119704257
-8.7462260000000001,-0.2533113489182668
-8.2615569999999998,-0.2663085017360025
-7.8272820000000003,-0.2643506222260523
-7.4351279999999997,-0.2493237335348875
-7.0793350000000004,-0.2226251963937944
-6.7548360000000001,-0.1862722842385880
-6.4569879999999999,-0.1427045569043877
-6.1823740000000003,-0.0936809319114085
-5.6933530000000001,0.0162242153282648
-5.2690659999999996,0.1328097269711419
-4.8979290000000004,0.2506819654386403
-4.5693809999999999,0.3644627450189102
-4.2766590000000004,0.4719228473178463
-4.0139800000000001,0.5713238601906672
-3.7765860000000000,0.6615461390055923
-3.5608059999999999,0.7422029323734476
-3.3641510000000001,0.8137740508228344
-3.1836920000000002,0.8760157171090643
-1.0562710000000000,0.8668454073517606
-0.0064070000000000,0.0051306603964658
92161.3521630000032019,-2748708.8138845316134393
77952.0834029999969061,-1661146.8348822102416307
67292.3342779999948107,-997735.9912045942619443
58192.6685290000023087,-595503.9555212375707924
49675.8215510000009090,-352945.3552866359241307
41562.5485170000029029,-207462.8985796990455128
34059.0175400000007357,-120757.3469085068500135
27406.6176090000008116,-69491.3488895003974903
21725.2619449999983772,-39469.4510280728718499
16989.9956530000017665,-22062.3289408514865499
13161.1622709999992367,-12120.4068922201095120
10121.5581880000008823,-6536.1523941100822412
7730.0228790000001027,-3450.5978412504282460
5864.9294490000002043,-1778.9472251720812892
4420.4939839999997275,-893.0766109823771330
3308.5608010000000831,-435.1585183243837491
2457.3425000000002001,-204.9944480835433751
1809.2826740000000427,-92.9280808425710347
1318.6777729999998883,-40.3359666094793283
949.4035539999999855,-16.6650693915401007
673.1131810000000542,-6.5062644965298659
467.6755140000000210,-2.3599213801863357
315.9462480000000255,-0.7601352102188912
204.7061539999999979,-0.1840895031963043
123.8275349999999975,-0.0078225022138128
65.5822440000000029,0.0201738894991337
24.1113479999999996,0.0022237173517254
-4.9979730000000000,-0.0164577493522895
-25.0423259999999992,-0.0197809650256531
-38.4684889999999982,-0.0081274998654095
-47.0861019999999968,0.0110687904717963
-52.2280030000000011,0.0256940701432740
-54.8795860000000033,0.0279996093555894
-55.7723269999999971,0.0176924567340251
-55.4471840000000000,-0.0020842550025506
-54.3070850000000007,-0.0222989620072767
-52.6465000000000032,-0.0355326537358849
-50.6769320000000008,-0.0379700041634194
-48.5473959999999991,-0.0293332929880208
-46.3607110000000020,-0.0117958280534722
-44.1835469999999972,0.0087032443198893
-42.0596389999999971,0.0271590724868886
-40.0161960000000008,0.0395172644096604
-38.0690779999999975,0.0430467307325344
-36.2288479999999993,0.0387841588761617
-34.4995410000000007,0.0276012674881585
-32.8823239999999970,0.0118512519050711
-31.3768479999999990,-0.0047687643743366
-29.9790360000000007,-0.0205201589845743
-28.6844630000000009,-0.0330297655632279
-27.4862539999999989,-0.0419489800207451
-25.3523770000000006,-0.0467212333847193
-23.5190060000000010,-0.0385716700751182
-21.9327059999999996,-0.0233058398647152
-20.5482130000000005,-0.0066007847787191
-19.3309950000000015,0.0091374601305496
-18.2550699999999999,0.0237741239089821
-17.2970649999999999,0.0347787594410427
-16.4412149999999997,0.0433591200685512
-15.6722590000000004,0.0482744704025375
-14.9774700000000003,0.0485638507280921
-14.3471390000000003,0.0445410036702061
-13.7722510000000007,0.0358351921399152
-13.2458510000000000,0.0230150645787486
-12.7618609999999997,0.0065889609273775
-12.3151530000000005,-0.0127887303479763
-11.3345430000000000,-0.0692768602521472
-10.5093080000000008,-0.1281396506188077
-9.8027139999999999,-0.1809420117784892
-9.1888260000000006,-0.2222137871267371
-8.6493090000000006,-0.2488468366640735
-8.1707210000000003,-0.2598253754279725
-7.7421579999999999,-0.2563575481779425
-7.3559299999999999,-0.2396110409396686
-7.0050640000000000,-0.2121160479423301
-6.6848820000000000,-0.1754549074655101
-6.3913900000000003,-0.1313934017937761
-6.1210509999999996,-0.0817986479237236
-5.6392439999999997,0.0283988325151192
-5.2209120000000002,0.1446481916820934
-4.8543370000000001,0.2613795122914055
-4.5300810000000000,0.3742882155069776
-4.2408510000000001,0.4805662428061934
-3.9816099999999999,0.5791754523315875
-3.7468640000000000,0.6682182533034484
-3.5337109999999998,0.7480387302665554
-3.3390610000000001,0.8184810842251831
-3.1606570000000000,0.8799421934935920
-1.0504770000000001,0.8632645404195257
-0.0049360000000000,0.0036745723697783
122420.9015010000002803,-3588178.6053118822164834
102191.3206919999938691,-2164026.0315255909226835
90481.1994039999990491,-1295711.4459121518302709
82917.9107859999930952,-771133.8674511833814904
76238.7496819999942090,-456570.7127037668833509
68568.8840389999968465,-268669.4343073416966945
59574.8737800000017160,-156534.6702133567887358
50046.7075209999966319,-89812.0235888354072813
40985.2794859999994515,-50486.1123657953648944
32988.7528069999971194,-27665.8621911506415927
26213.7724200000011479,-14655.7457082541677664
20655.2739440000004834,-7430.4375477897119708
16187.3861209999995481,-3555.3247917933804274
12622.2531799999997020,-1555.0540949959340651
9794.3763920000001235,-576.2650469056898146
7562.5075889999998253,-134.6292375689690743
5808.8474459999997634,38.0671760429304413
4436.8233520000003409,85.5084100780131848
3367.9239090000000942,81.4418546957426770
2538.8356840000001284,61.3227565742486149
1898.7932940000000599,40.4381839733032393
1407.1885720000000219,24.1095999128774565
1031.6851970000000165,13.0974744488946726
746.5695899999999483,6.4574444699428568
531.4835659999999962,2.8430104141201582
370.3485319999999774,1.0842025501119679
250.5331089999999961,0.3350368545880826
162.1588539999999909,0.0701809792535926
97.5525229999999937,0.0024242005199113
50.7994320000000030,-0.0048494927601794
17.3715870000000017,-0.0011761594220339
-6.1683560000000002,0.0011486414746971
-22.4125779999999999,0.0025650536289099
-33.3036639999999977,0.0036235789963754
-40.2925430000000020,0.0037493828725630
-44.4603529999999978,0.0021180911111927
-46.6113509999999991,-0.0010403122416278
-47.3413299999999992,-0.0052124478710240
-47.0906030000000015,-0.0087975961265911
-46.1821150000000031,-0.0103177710251074
-44.8505060000000029,-0.0089749763592053
-43.2650059999999996,-0.0040617978108770
-41.5438490000000016,0.0026619803830030
-39.7704310000000021,0.0104969480586092
-37.9997510000000034,0.0167551283518819
-36.2688490000000030,0.0200804225674034
-34.6003370000000032,0.0186550453366152
-33.0099360000000033,0.0137671402678166
-31.5044719999999998,0.0048611576508080
-30.0889540000000011,-0.0055572955609833
-28.7631709999999998,-0.0169159079000920
-26.3764000000000003,-0.0338983542278370
-24.3155050000000017,-0.0391005518532737
-22.5391730000000017,-0.0321131592613888
-21.0022930000000017,-0.0179792912309082
-19.6648999999999994,-0.0012647191701234
-18.4938949999999984,0.0149802440333282
-17.4625780000000006,0.0291099631116261
-16.5488490000000006,0.0398097462610245
-15.7349119999999996,0.0465729079085921
-15.0054230000000004,0.0485348561934309
-14.3478340000000006,0.0453759398243090
-13.7516379999999998,0.0370014321463277
-13.2085779999999993,0.0240817698759130
-12.7113899999999997,0.0070466164860790
-12.2545289999999998,-0.0129970517397133
-11.2582149999999999,-0.0709321550093858
-10.4263729999999999,-0.1304980599781729
-9.7180009999999992,-0.1836548330191636
-9.1057509999999997,-0.2242525628295127
-8.5691559999999996,-0.2501767561757351
-8.0942030000000003,-0.2603585725047655
-7.6696689999999998,-0.2559807067644915
-7.2875709999999998,-0.2383130436540393
-6.9408260000000004,-0.2098903568360457
-6.6244750000000003,-0.1725185116595860
-6.3343249999999998,-0.1281319859479648
-6.0673290000000000,-0.0780930860576747
-5.5906000000000002,0.0317578116856838
-5.1778899999999997,0.1486950923242407
-4.8160309999999997,0.2656685645309667
-4.4952990000000002,0.3780497710147133
-4.2095159999999998,0.4841076123652104
-3.9527359999999998,0.5818591602858820
-3.7204530000000000,0.6703619452171368
-3.5096440000000002,0.7498091196049010
-3.3166129999999998,0.8194117339866915
-3.1399469999999998,0.8803860754003949
-1.0450729999999999,0.8595969570577164
-0.0035570000000000,0.0023072722530548
187789.6696109999902546,24237928.3753207959234715
149027.3557279999949969,15586854.1001577135175467
129353.6973080000025220,10000749.0403658561408520
120743.0831109999999171,6397646.4226938858628273
117340.1913300000014715,4076692.3071955461055040
114856.2095989999943413,2584701.3835875364020467
108304.0122240000055172,1631001.9319450119510293
93036.4168950000021141,1029470.5601833276450634
76537.0301800000015646,649728.2690455428091809
62308.8117439999987255,409225.3050916969659738
50483.0408800000004703,257061.7682582435081713
40753.6360110000023269,160980.3782445511023980
32815.2303190000020550,100423.6021494900342077
26360.4604140000010375,62343.4200046051846584
21103.4438960000006773,38480.0953337304963497
16814.2022959999994782,23595.2150745379658474
13314.9713589999992109,14364.7339002942935622
10487.8901160000004893,8660.5400218622799002
8210.6933989999997721,5160.6578727603555308
6382.8159439999999449,3033.4145577381932526
4924.2928590000001350,1753.8865311977442616
3767.9863199999999779,994.0662488727621167
2857.7569610000000466,549.7924618465767708
2146.4791930000001230,295.0029963158667670
1594.7963139999999385,152.5099093533422092
1170.3938749999999800,75.2193780229551976
846.6804349999999886,34.9079321693711790
601.9632129999999961,14.9321398127259499
418.6976290000000063,5.6870114968573375
282.8061670000000163,1.8010788325171916
183.0957500000000095,0.3949922888545245
110.7579630000000037,0.0107018879724734
58.9315909999999974,-0.0283257700335326
22.3327700000000000,0.0024772354001321
-3.0669160000000000,0.0202115917756176
-20.3026130000000009,0.0162887890628021
-31.6381659999999982,0.0021702355366564
-38.7494609999999966,-0.0100106945252776
-42.8658429999999981,-0.0160597689523030
-44.8866250000000022,-0.0149401784087431
-45.4641840000000030,-0.0092274945337820
-45.0697770000000020,-0.0019179400301965
-44.0414540000000017,0.0045142799225175
-42.6203059999999994,0.0091616886489163
-40.9755260000000021,0.0114117244136338
-39.2247320000000030,0.0116311014656958
-37.4480789999999999,0.0106889290069105
-35.6986160000000012,0.0095278250767308
-34.0088960000000000,0.0078443562654087
-32.3972040000000021,0.0045250847879430
-30.8745930000000008,0.0004833490791150
-28.1051819999999992,-0.0127053180141132
-25.6956899999999990,-0.0273925460993212
-23.6171739999999986,-0.0360009841656108
-21.8312610000000014,-0.0335646606263431
-20.2949030000000015,-0.0216835458316353
-18.9679240000000000,-0.0040348868084656
-17.8148429999999998,0.0149273462309232
-16.8062669999999983,0.0318414338561368
-15.9186910000000008,0.0449999407044590
-15.1322820000000000,0.0528838455788225
-14.4306560000000008,0.0545767052668271
-13.8005929999999992,0.0499886995131167
-13.2311429999999994,0.0393604071935378
-12.7131159999999994,0.0230638205527427
-12.2399939999999994,0.0027610630536401
-11.2158610000000003,-0.0598499803663248
-10.3688230000000008,-0.1257953816417707
-9.6538540000000008,-0.1836885416072196
-9.0393980000000003,-0.2277668823335546
-8.5034700000000001,-0.2555580412464789
-8.0303220000000000,-0.2668598497073980
-7.6087059999999997,-0.2625071998349853
-7.2295119999999997,-0.2447551393959237
-6.8857619999999997,-0.2159925428496914
-6.5724830000000001,-0.1780385357498977
-6.2852100000000002,-0.1331122185175655
-6.0209310000000000,-0.0825559936263165
-5.5498399999999997,0.0288934757303076
-5.1413840000000004,0.1464590454369983
-4.7829750000000004,0.2636137978013755
-4.4655959999999997,0.3763950096741437
-4.1823819999999996,0.4823516471673255
-3.9275210000000000,0.5796067615633067
-3.6975880000000001,0.6682742201823579
-3.4885109999999999,0.7474761215765460
-3.2971450000000000,0.8169546593720272
-3.1221109999999999,0.8779421898895725
-1.0401560000000001,0.8559434183425694
-0.0024240000000000,0.0011827853882275
318526.4010199999902397,139281913.3550254404544830
236492.5200950000144076,89358351.4905932098627090
195070.3324239999928977,57221168.8448887243866920
175670.6405310000118334,36569273.7931188791990280
165043.5804749999952037,23323251.1855677552521229
154435.6786680000077467,14846081.0662432573735714
139941.5051920000114478,9434375.3438110910356045
122926.7833099999988917,5987130.0980458129197359
106185.7629719999968074,3794648.8260342078283429
91136.2362299999949755,2401963.3562535988166928
78160.2269139999989420,1518258.3276000106707215
67157.4049590000067838,958010.5252892349381000
57800.0935969999991357,603130.8573833889095113
49769.2817849999992177,378526.9272034691530280
42725.2518179999970016,236589.0091317137121223
36417.5041819999969448,147118.9159704690973740
30717.9410539999989851,90927.1037559864780633
25586.2340220000005502,55803.2443874812306603
21025.1592909999999392,33973.6444366210635053
17036.6789529999987280,20501.6372437650752545
13603.1663530000005267,12264.4550787419539120
10730.7202300000008108,7250.6302756535278604
8366.0317159999995056,4226.6004920753857732
6445.7908129999996163,2424.4406330995043390
4908.6912899999997535,1364.0584884173022147
3694.2342960000000858,749.7837309767933220
2746.5445399999998699,400.4637696358927315
2015.4671370000000934,206.5027502892003213
1457.9430330000000140,101.8525274121720940
1037.5542150000001129,47.4178085948574335
724.1572320000000218,20.4167964537314219
493.2327619999999797,7.8517563358996654
325.1326849999999808,2.5183028429821661
204.3464610000000050,0.5594161682815866
118.7865290000000016,0.0153174023812710
59.1556560000000005,-0.0413474718919176
18.3844819999999984,0.0049525008186464
-8.8356580000000005,0.0302688465919001
-26.4445799999999984,0.0224468682259520
-37.3265850000000015,0.0007575920803546
-43.5668030000000002,-0.0165958866808182
-46.6543199999999985,-0.0222891476258766
-47.6407390000000035,-0.0187078389166828
-47.2636529999999979,-0.0108802607629670
-46.0369719999999987,-0.0021430749984290
-44.3130809999999968,0.0046607324364629
-42.3331400000000002,0.0109903501446240
-40.2545149999999978,0.0160991035252067
-38.1783369999999991,0.0199741663905755
-36.1649529999999970,0.0210614721817706
-34.2495079999999987,0.0191947601961218
-30.7692540000000001,0.0041676773038439
-27.7748859999999986,-0.0167079551427491
-25.2289770000000004,-0.0348981195766029
-23.0715049999999984,-0.0447351171847963
-21.2434200000000004,-0.0418797480382374
-19.6892980000000009,-0.0276022609490596
-18.3611359999999983,-0.0056943341323752
-17.2167999999999992,0.0173929784295694
-16.2237399999999994,0.0380628414756146
-15.3548980000000004,0.0530422738823351
-14.5900820000000007,0.0619413512787208
-13.9106909999999999,0.0628272238175995
-13.3039450000000006,0.0570533612808877
-12.7572299999999998,0.0440348690516661
-12.2619179999999997,0.0253903497257504
-11.2011219999999998,-0.0392310771254571
-10.3335559999999997,-0.1124974159009309
-9.6082160000000005,-0.1778645527992424
-8.9888320000000004,-0.2283767362976743
-8.4516930000000006,-0.2604082135031209
-7.9791809999999996,-0.2743580185850503
-7.5590979999999997,-0.2715317924409062
-7.1819519999999999,-0.2544407051971165
-6.8408509999999998,-0.2254008426094876
-6.5302550000000004,-0.1868537553422440
-6.2454700000000001,-0.1413059948239219
-5.9833040000000004,-0.0903285159816116
-5.5163339999999996,0.0222468799651505
-5.1115360000000001,0.1408543913172817
-4.7559690000000003,0.2585212278411344
-4.4416359999999999,0.3722545201344225
-4.1601619999999997,0.4780618863325419
-3.9075519999999999,0.5758605286397573
-3.6790880000000001,0.6644527492621783
-3.4713620000000001,0.7436086425141575
-3.2818900000000002,0.8137172170065838
-3.1079119999999998,0.8746171038083066
-1.0366949999999999,0.8533750023189010
-0.0015470000000000,0.0003117995717523
546277.1697090000379831,241975542.3701919317245483
380061.9422790000098757,155512839.0607570111751556
301376.1309209999744780,99896366.8127225041389465
267752.8303779999841936,64155110.6438203305006027
253193.8858640000107698,41205144.0390762984752655
243948.5556349999969825,26477619.8547300361096859
235335.5786310000112280,17028207.8098000474274158
223874.2376149999909103,10965498.0281379502266645
206405.8891630000143778,7076807.5792119950056076
182810.3184710000059567,4583109.9595716781914234
156450.4791409999888856,2982269.3573303590528667
131858.0719920000119600,1950707.5793314545881003
112173.3084550000057789,1281279.2978846661280841
98191.1035960000008345,842727.9614178949268535
88850.3471330000029411,552620.3438147248234600
82080.7230479999998352,359507.7345514888293110
75836.4972710000001825,231044.1979384614387527
68784.9728259999974398,146381.3645637742592953
60601.0692669999989448,91467.8165699412493268
51750.1894130000000587,56460.9402346820716048
42962.0014799999989918,34466.8972723962288001
34825.7637600000016391,20806.9609054341053707
27664.9240270000009332,12416.1729374886708683
21579.7254429999993590,7335.3905874273841619
16587.5280820000007225,4271.6956684519063856
12578.9756330000000162,2448.6192107190017850
9417.3714170000002923,1380.5490211249471031
6963.9513809999998557,764.3940500240487381
5087.2098530000002938,414.9843123487344201
3670.2707900000000336,220.4533653584098829
2613.4165090000001328,114.2701333440668350
1834.1846430000000510,57.5233434939116250
1266.0376280000000406,27.8820506064259916
856.3490920000000415,12.8124419842795305
564.2369619999999486,5.4171487152958662
358.4307820000000220,1.9722506902429586
215.3183229999999924,0.5169409251950299
117.3005509999999987,0.0222905120770633
51.4091629999999995,-0.0563421947719362
8.1760649999999995,-0.0042090853372212
-19.2623980000000010,0.0440656097731598
-35.8511510000000015,0.0462209561924922
-45.1271130000000014,0.0130921764039371
-49.5885790000000028,-0.0274465407259612
-50.9736559999999983,-0.0498189575280392
-50.4618850000000023,-0.0468388736918399
-48.8376319999999993,-0.0246627251353218
-46.6108199999999968,0.0034703473818851
-44.1092030000000008,0.0273185625842061
-41.5402789999999982,0.0429850911350513
-39.0293479999999988,0.0496081949885081
-34.4286910000000006,0.0398073810456907
-30.5153449999999999,0.0053429188359608
-27.2697910000000014,-0.0326229709883563
-24.6017560000000017,-0.0540073831361099
-22.4018569999999997,-0.0557146006252438
-20.5693659999999987,-0.0450290975890191
-19.0274129999999992,-0.0268961530111511
-17.7213710000000013,-0.0018665290521014
-16.6046529999999990,0.0243794116266329
-15.6418859999999995,0.0481258585651858
-14.8029180000000000,0.0644398979043554
-14.0660900000000009,0.0723021527311527
-13.4134320000000002,0.0709807178961928
-12.8317630000000005,0.0618714222123504
-12.3095440000000007,0.0458299941219362
-11.2065669999999997,-0.0168056507165382
-10.3167019999999994,-0.0945092073898728
-9.5784099999999999,-0.1680698480129053
-8.9533989999999992,-0.2251807236532688
-8.4138680000000008,-0.2625827636006530
-7.9409950000000000,-0.2802032741052107
-7.5219639999999997,-0.2793296944722652
-7.1462960000000004,-0.2632992527065827
-6.8070560000000002,-0.2344986411474599
-6.4981640000000001,-0.1959931979711973
-6.2153020000000003,-0.1499993531156267
-5.9548290000000001,-0.0986073059654240
-5.4908590000000004,0.0148138274528700
-5.0886649999999998,0.1342178399099820
-4.7356170000000004,0.2528242806726242
-4.4232620000000002,0.3671280124905154
-4.1441090000000003,0.4739908910315282
-3.8926850000000002,0.5718335077059917
-3.6654179999999998,0.6605905075350593
-3.4585290000000000,0.7396498255810107
-3.2701220000000002,0.8099788201353335
-3.0971690000000001,0.8711395561157529
-1.0338069999999999,0.8510833851011040
-0.0006910000000000,-0.0005401820326701
840603.3883109999587759,945594848.4771778583526611
553174.0231800000183284,615079778.5376682281494141
435598.5565449999994598,399939503.7183908224105835
415616.8509169999742880,259973123.3420098721981049
467044.6376090000267141,168928599.0314362049102783
590719.6228820000542328,109675717.6786229461431503
791756.8641259999712929,71054518.9985699802637100
1031075.9267750000581145,45846692.5459653437137604
1184877.8946199999190867,29458451.9944417513906956
1125835.4428320000879467,18952908.7338386736810207
891691.8137629999546334,12303339.6968438867479563
629030.7814259999431670,8072776.3554734718054533
427540.4614859999855980,5334636.5826857751235366
300963.7739590000128374,3532440.1358927586115897
232747.0040239999943879,2330688.9576100884005427
202624.8717649999889545,1521152.8981216121464968
193851.9760240000032354,972124.5344893834553659
192291.5143929999903776,601145.3502059238962829
183494.3489709999994375,359680.7904431096394546
163599.1886240000021644,210412.6070571432937868
138522.7055159999872558,120408.3438715025258716
112369.6092999999964377,67765.9853768842149293
88087.7926799999986542,37755.7732071686186828
67354.6919000000052620,20856.7942177190707298
50592.2184899999992922,11392.7727429310834850
37483.3155140000017127,6136.8654086543247104
27479.6547509999982140,3229.9543139955676452
19949.3497519999982615,1656.4300273322696739
14345.2142070000008971,827.7673021336577222
10218.2868620000008377,404.4815184280487301
7209.8824910000003001,194.2913706821937012
5037.4905269999999291,92.4197838140662498
3481.8207830000001195,44.5451202923582059
2377.0329320000000735,22.4115682239348644
1599.1618439999999737,11.8708138324832362
1056.2619700000000194,6.3920407828704811
680.7639080000000149,3.2632151887077043
423.5703500000000190,1.4282482180574334
249.3769719999999950,0.4431480007752668
133.0423999999999864,0.0246374108953660
56.7765460000000033,-0.0609708566114691
8.0523240000000005,-0.0088282074954815
-21.9298040000000007,0.0492447512948502
-39.3416440000000023,0.0567438617379352
-48.4956919999999982,0.0178445444920570
-52.3768039999999999,-0.0338030359400108
-53.0171070000000029,-0.0637836146520954
-51.7633510000000001,-0.0579985590150613
-49.4803190000000015,-0.0244633425853706
-46.7070119999999989,0.0176797500408270
-43.7733679999999978,0.0528211518365680
-38.1239780000000010,0.0767586682935075
-33.2508440000000007,0.0494879706561449
-29.2595649999999985,-0.0014513409938672
-26.0506269999999986,-0.0435770099320294
-23.4734710000000000,-0.0593793640311269
-21.3758440000000007,-0.0564521842362637
-19.6367350000000016,-0.0467312449587354
-18.1788379999999989,-0.0295208344572941
-16.9483059999999988,-0.0034196601735488
-15.9021699999999999,0.0285474852181267
-15.0013369999999995,0.0573350980700660
-14.2162349999999993,0.0770320922871424
-13.5246049999999993,0.0847702635183811
-12.9106760000000005,0.0811140699553281
-12.3631820000000001,0.0687615169102340
-11.2203719999999993,0.0096082043885772
-10.3115629999999996,-0.0707069426713787
-9.5634560000000004,-0.1514424984197547
-8.9328740000000000,-0.2172040861256050
-8.3908389999999997,-0.2617822741455171
-7.9177749999999998,-0.2840476770390046
-7.4987120000000003,-0.2868394612115184
-7.1241490000000001,-0.2724596765817422
-6.7856500000000004,-0.2449377411665399
-6.4780340000000001,-0.2066218306251333
-6.1963999999999997,-0.1604720013764434
-5.9372420000000004,-0.1085667108342880
-5.4753049999999996,0.0057712611739822
-5.0748119999999997,0.1261052820325217
-4.7232380000000003,0.2455820012740224
-4.4120290000000004,0.3605213765119393
-4.1335870000000003,0.4676469868973916
-3.8837560000000000,0.5666820378034325
-3.6571039999999999,0.6556934619700123
-3.4511069999999999,0.7353192095528018
-3.2632720000000002,0.8059258710837760
-3.0908530000000001,0.8673543776308383
-1.0321330000000000,0.8496171244951446
-0.0004140000000000,-0.0008157822956434
1014043.0735420000273734,3050661525.2449455261230469
647714.2497290000319481,1990281751.6001260280609131
508693.8228830000152811,1297209351.6547412872314453
516626.6302569999825209,844621139.7002739906311035
676222.8616159999510273,549269595.4899810552597046
1081504.9822700000368059,356510727.2080245018005371
2010546.4385859998874366,230355107.9070962369441986
4444756.0636449996381998,146466700.7163206338882446
5271928.6504469998180866,36001739.6756169795989990
2235042.5128049999475479,24560680.7740542292594910
1128924.8152449999470264,16276778.9540834035724401
687738.1364380000159144,10628318.0784773714840412
471136.2389500000281259,6894945.4116379274055362
394311.2842129999771714,4408452.6548249246552587
424379.0882119999732822,2713570.1670661168172956
620141.9536099999677390,1435243.3015026256907731
1319114.5711109999101609,31167.7603234259877354
654593.4731799999717623,-263382.0800698506645858
302290.3041020000237040,-41307.6980652543134056
167223.1899139999877661,7625.9567789568973240
103018.5159929999936139,14612.4769342159706866
67701.6514710000046762,11743.1171178464574041
46126.6879079999998794,7711.7868018822700833
31995.1201609999989159,4591.2764509226763039
22337.2016450000010082,2572.9888351818372030
15593.1414839999997639,1381.8500042164087063
10843.1499270000003889,719.8363470419571968
7494.7363980000000083,366.7961475965312275
5141.9353650000002744,183.3340522431180943
3495.7677690000000439,90.3138382030624598
2349.7309159999999792,44.3401475582636522
1556.9212529999999788,21.7501759092083375
1012.4067420000000084,10.4840641117658606
641.3817279999999528,4.7644526112849235
390.8608570000000100,1.8874035888140384
223.5837490000000116,0.5399104873972931
113.4987720000000024,0.0262094641317248
42.4754599999999982,-0.0667561357248587
-2.0554260000000002,-0.0051976258876860
-28.7947230000000012,0.0549350347016606
-43.7670409999999990,0.0560874671577096
-51.1347390000000033,0.0117203373601029
-53.7419510000000002,-0.0390444545572777
-53.4961509999999976,-0.0632141851545853
-51.6403439999999989,-0.0515809954900419
-48.9592620000000025,-0.0154355947923435
-45.9335769999999997,0.0260445104899247
-39.8761999999999972,0.0746952045524267
-34.5597860000000026,0.0659396007054696
-30.2091859999999990,0.0240242916357438
-26.7335850000000015,-0.0224518730606569
-23.9666749999999986,-0.0496265582945625
-21.7371529999999993,-0.0575720260845287
-19.9042969999999997,-0.0568193793208707
-18.3766299999999987,-0.0467399849804728
-17.0947129999999987,-0.0231098225709516
-16.0117629999999984,0.0118260732683098
-15.0855779999999999,0.0482569918368494
-14.2812219999999996,0.0760848516731976
-13.5738299999999992,0.0904982060537680
-12.9468289999999993,0.0917524869281792
-12.3882700000000003,0.0823374488838411
-11.2280020000000000,0.0266527210921836
-10.3111359999999994,-0.0545914330454522
-9.5589919999999999,-0.1394631397923138
-8.9261710000000001,-0.2104752041665474
-8.3832690000000003,-0.2595198064126976
-7.9095649999999997,-0.2856000895750350
-7.4905879999999998,-0.2907570431078348
-7.1162939999999999,-0.2778601327208321
-6.7784880000000003,-0.2508340704849346
-6.4711299999999996,-0.2130359784242639
-6.1898390000000001,-0.1670325663241838
-5.9311710000000000,-0.1149354974535957
-5.4696309999999997,-0.0004696133293081
-5.0696719999999997,0.1203371772205069
-4.7191400000000003,0.2408719823452090
-4.4083530000000000,0.3562752299200067
-4.1303049999999999,0.4638430081213638
-3.8803169999999998,0.5627684769014145
-3.6540200000000000,0.6521792285864860
-3.4488919999999998,0.7327146111219665
-3.2607100000000000,0.8030112346771690
-3.0883120000000002,0.8644942573453518
-1.0314289999999999,0.8488869271618273
0.0000000000000000,-0.0012299588118868
