1.000000000000000000e+00,-7.738824549735509208e+04,-3.224893906891209772e+05,-6.899906181080098031e+04,-7.024206360144320643e+05,5.757756363652118016e+05,-7.029500612703954102e+05,6.451462409517444903e+05,-4.907531285122422851e+05,3.678922778965126490e+05,-2.336138892730878433e+05,1.263502390585476678e+05,-1.251980384184071445e+05,8.355726391278933443e+04,-7.927534733147484076e+04,6.877370608681500016e+04,-5.096874530959838739e+04,3.386338963393534505e+04,-3.991117169145434673e+03,1.765924136308982997e+04
1.100000000000000089e+00,-7.360952140667352978e+03,-2.363582869417169131e+05,4.899727139194660413e+04,-4.878834001056122943e+05,4.150885315460745478e+05,-4.662178642663519131e+05,4.235399939857511199e+05,-3.169662935561338090e+05,2.366643237860977824e+05,-1.505746731431773514e+05,8.274363763565075351e+04,-7.981751448055250512e+04,5.319210112344015215e+04,-5.022039797440229449e+04,4.309764868582076451e+04,-3.203633822259693261e+04,2.175549308366978585e+04,-3.370068041276586428e+03,1.124398122207601955e+04
1.199999999999999956e+00,2.470355248971814945e+04,-1.720863045009774796e+05,9.695513191420577641e+04,-3.388612208553038654e+05,2.980959706205966068e+05,-3.093610034625246190e+05,2.780359414028599858e+05,-2.044530197088196001e+05,1.519591474450149690e+05,-9.680271298624620249e+04,5.402167264301903197e+04,-5.071833813533553621e+04,3.374575015285739210e+04,-3.168728826179943280e+04,2.688738774113329782e+04,-2.004988336664113012e+04,1.392418444370807629e+04,-2.682844250445774833e+03,7.133481734763710847e+03
1.300000000000000044e+00,3.617646205203263526e+04,-1.245416207429295464e+05,1.079631617392126645e+05,-2.353133583531182667e+05,2.132995602532234625e+05,-2.053904527736220043e+05,1.825212359564445796e+05,-1.317095917034241138e+05,9.738322673075975035e+04,-6.206188332746721426e+04,3.515169358947622823e+04,-3.211276123240140078e+04,2.132908788725233899e+04,-1.990640382027138548e+04,1.669350105233030627e+04,-1.248967577949229053e+04,8.874829988481680630e+03,-2.051631103878532485e+03,4.507918869212893696e+03
1.399999999999999911e+00,3.714385817930487974e+04,-8.963509168599687109e+04,1.010351337958525110e+05,-1.633481855512210459e+05,1.520925448421902547e+05,-1.364438372023699631e+05,1.198308550145115732e+05,-8.474301307688248926e+04,6.228587993307817669e+04,-3.967145002761312207e+04,2.278905957968046278e+04,-2.025357241774945578e+04,1.342651426719673509e+04,-1.244579285023194279e+04,1.031031067278151204e+04,-7.740728075440750217e+03,5.630458201133598777e+03,-1.522582143534925535e+03,2.836522133325674076e+03
1.500000000000000000e+00,3.330194693282950175e+04,-6.417747344248360605e+04,8.674174042552936589e+04,-1.133288741851889936e+05,1.080820159931523813e+05,-9.069858090797300974e+04,7.868706757007222041e+04,-5.446015936998969846e+04,3.975872229885667912e+04,-2.527871922848088798e+04,1.471469805459607414e+04,-1.271996846052912224e+04,8.414534343263383562e+03,-7.740502338491957744e+03,6.331726156609978716e+03,-4.770919764596298592e+03,3.553837356072844614e+03,-1.103228784790042255e+03,1.776454064767684940e+03
1.600000000000000089e+00,2.774315256025864437e+04,-4.572201017770927137e+04,7.067793836026081408e+04,-7.856534983343293425e+04,7.655075427342305193e+04,-6.032873028724551114e+04,5.168352254994519899e+04,-3.496030481119033357e+04,2.532835978257926035e+04,-1.605308099526860678e+04,9.459064992196126695e+03,-7.951711467633522261e+03,5.247938111173055404e+03,-4.786281728039014524e+03,3.864329941959389544e+03,-2.922694843404387939e+03,2.230312279676451453e+03,-7.834003259013768456e+02,1.106821671791194831e+03
1.699999999999999956e+00,2.204677076431447131e+04,-3.241603531610689970e+04,5.557423546905959665e+04,-5.441017340175979189e+04,5.403802784837537911e+04,-4.015285916286805150e+04,3.395822729421997064e+04,-2.241982944922838942e+04,1.610326927885803343e+04,-1.015745842468773844e+04,6.050992965461804488e+03,-4.945752991366040078e+03,3.255582318240209588e+03,-2.940631856914963009e+03,2.342470136646826631e+03,-1.778545630427201786e+03,1.390763533619908912e+03,-5.464618946760925837e+02,6.856880560917763887e+02
1.800000000000000044e+00,1.693667807477797032e+04,-2.287172517302808774e+04,4.256476632736498868e+04,-3.763300545598166354e+04,3.801785067573095148e+04,-2.673945153727252182e+04,2.232053600441756498e+04,-1.436466744075780662e+04,1.021787638241285640e+04,-6.402167124218510253e+03,3.850146251216718611e+03,-3.059014801246781190e+03,2.007740116044781644e+03,-1.793843824425303410e+03,1.409393309321242896e+03,-1.074352166141631869e+03,8.610298050322957124e+02,-3.749887317790945076e+02,4.221194282604090517e+02
1.899999999999999911e+00,1.267177964032340060e+04,-1.605881572200947267e+04,3.193574128747691066e+04,-2.598740275096222831e+04,2.665494469946942627e+04,-1.781504363154758539e+04,1.467716054842939411e+04,-9.196330982572048015e+03,6.470849012116487756e+03,-4.018574665192618340e+03,2.435396734776595167e+03,-1.880425218182919252e+03,1.230108114393529377e+03,-1.085591074851228768e+03,8.410380487843306128e+02,-6.436950335288506722e+02,5.287615635906793159e+02,-2.533349183138597027e+02,2.580451708880721640e+02
2.000000000000000000e+00,9.273137926652265378e+03,-1.121838698646217563e+04,2.355714819836479001e+04,-1.791053509225662856e+04,1.862142445200360089e+04,-1.187268718636038648e+04,9.654999432934284414e+03,-5.883559761218069980e+03,4.090133177639168025e+03,-2.511337407186644214e+03,1.530564638542070952e+03,-1.148061880293081686e+03,7.481785834715391275e+02,-6.511134072494420479e+02,4.973216012246990090e+02,-3.821703460504566010e+02,3.217401963149791300e+02,-1.685390404807777998e+02,1.565114948338461716e+02
2.100000000000000089e+00,6.652531519963535175e+03,-7.795177722665385772e+03,1.712396389981928587e+04,-1.231485530853965611e+04,1.296020702710622027e+04,-7.912931074645352965e+03,6.353431812369070940e+03,-3.762008529151726179e+03,2.580577510121866908e+03,-1.562104357797775492e+03,9.550970435242965095e+02,-6.956200163860823977e+02,4.513371066191228920e+02,-3.865846485443732377e+02,2.910995258276496997e+02,-2.245908089913880303e+02,1.937267320122732031e+02,-1.103949005689021732e+02,9.409304198964760246e+01
2.200000000000000178e+00,4.682442145231866562e+03,-5.385380688041092981e+03,1.228475543330923028e+04,-8.443444090644801690e+03,8.983938648266792370e+03,-5.272455486747880968e+03,4.181719560195712802e+03,-2.404312033335650540e+03,1.625291852085788832e+03,-9.668803262305748376e+02,5.913690192450258110e+02,-4.179097888864192782e+02,2.697485700269244830e+02,-2.268888538955908700e+02,1.684546192431252223e+02,-1.304668963628821530e+02,1.152468299919910777e+02,-7.114875913463825441e+01,5.600309874843078006e+01
2.299999999999999822e+00,3.231931103668438482e+03,-3.696935686613639973e+03,8.705197110130005967e+03,-5.769489956187645475e+03,6.200649236882729383e+03,-3.510678028125154924e+03,2.752324286779621616e+03,-1.535929456970881120e+03,1.021909489575957650e+03,-5.953663534492333156e+02,3.630489680408493314e+02,-2.486758963049726674e+02,1.595162764551159285e+02,-1.314032755757380926e+02,9.622683557394221054e+01,-7.479359708824109987e+01,6.760572816495763959e+01,-4.506954066402969517e+01,3.295146786288511720e+01
2.399999999999999911e+00,2.183181623960561410e+03,-2.519668526625894174e+03,6.095123594067002159e+03,-3.926388872957960757e+03,4.259354140269522759e+03,-2.334700775318633987e+03,1.810938701621422297e+03,-9.807239153939852940e+02,6.414826106618403401e+02,-3.646246464144049355e+02,2.208167077598958201e+02,-1.463786431336972385e+02,9.318078467967782785e+01,-7.493422317066058724e+01,5.415627856071611035e+01,-4.222641798353581777e+01,3.901221367926009975e+01,-2.801507564662453831e+01,1.913147868403558505e+01
2.500000000000000000e+00,1.437496666547162022e+03,-1.703045190318334107e+03,4.216065872087382559e+03,-2.659105562804580586e+03,2.910437446496697703e+03,-1.549616386043574948e+03,1.190612037414826773e+03,-6.258262460378034575e+02,4.020277661292503240e+02,-2.220623201379783040e+02,1.329591223561538982e+02,-8.510654602807881020e+01,5.365654239402836367e+01,-4.195965218153654774e+01,2.995476147858199312e+01,-2.341532419360850170e+01,2.207648846437300705e+01,-1.704880324634654443e+01,1.093464652546619398e+01
2.600000000000000089e+00,9.158773390998279638e+02,-1.139731595173368760e+03,2.879085219610639342e+03,-1.790310712076138998e+03,1.976922266960013076e+03,-1.025589293112665018e+03,7.816796214837074785e+02,-3.989857415361763628e+02,2.515359720575705467e+02,-1.344650368894057522e+02,7.919499239492064646e+01,-4.878781555991959351e+01,3.037581252681673760e+01,-2.298711093147517204e+01,1.622943027898163493e+01,-1.270768768058007581e+01,1.220073019014954063e+01,-1.012479206409799737e+01,6.132937941084965594e+00
2.700000000000000178e+00,5.570914144719203023e+02,-7.535281041518984466e+02,1.938419637999663109e+03,-1.196794659246857918e+03,1.333716696932886862e+03,-6.760362932995109304e+02,5.120544737142014355e+02,-2.539933897520374160e+02,1.570852719605989023e+02,-8.094957232604433273e+01,4.663293881250859130e+01,-2.751654998988037804e+01,1.684564749873345946e+01,-1.226026454932528154e+01,8.572757909559465261e+00,-6.716323546821899804e+00,6.548021222706917222e+00,-5.840761390146251841e+00,3.360612119321560343e+00
2.799999999999999822e+00,3.148220260219894158e+02,-4.905689201719016523e+02,1.283906406698465389e+03,-7.930332592029944863e+02,8.926749577186626539e+02,-4.431536770988452076e+02,3.343103573305492660e+02,-1.613152218576549046e+02,9.787973405381518432e+01,-4.844879382684903391e+01,2.713494039377747669e+01,-1.523036006650591467e+01,9.106547787789635251e+00,-6.321912555989378291e+00,4.383715240272518798e+00,-3.431823518956069741e+00,3.384795376458504368e+00,-3.250833205230302170e+00,1.787344452803694361e+00
2.899999999999999911e+00,1.547162300470885725e+02,-3.129382238052255616e+02,8.336638396949126673e+02,-5.197345814757524067e+02,5.918803743850560295e+02,-2.883091705295384486e+02,2.172148656588327924e+02,-1.020827425216728983e+02,6.080927816272191677e+01,-2.882877711196448800e+01,1.560344661722593074e+01,-8.248730725274418418e+00,4.764473388430121581e+00,-3.118704046874789082e+00,2.144991181729403618e+00,-1.675724822949174575e+00,1.663641693660290688e+00,-1.727226782378426417e+00,9.130344932589261608e-01
3.000000000000000000e+00,5.171504191064290978e+01,-1.940626441844248404e+02,5.276810948090407010e+02,-3.358561500034347205e+02,3.879814990650757522e+02,-1.856571985724143303e+02,1.401778744196391244e+02,-6.424285087551521656e+01,3.762423251988956707e+01,-1.705481668789281002e+01,8.873484444523242587e+00,-4.357568951334359397e+00,2.386025661302631384e+00,-1.446869156017538849e+00,9.830747631308391909e-01,-7.659882177025740813e-01,7.601525789493736029e-01,-8.602787695633624665e-01,4.397077254854513950e-01
3.100000000000000089e+00,-1.219341344580499253e+01,-1.154012665359543348e+02,3.225146532681918075e+02,-2.130414311968264656e+02,2.507282926560038163e+02,-1.178913931837908677e+02,8.960986874165391214e+01,-4.009458204647324209e+01,2.314177110557024619e+01,-1.002939522726715893e+01,4.999670702151914448e+00,-2.238930802804885545e+00,1.122689118287261145e+00,-6.115236682646072452e-01,4.026961383267615435e-01,-3.139549668806658755e-01,3.080483668889474336e-01,-3.875080560543530117e-01,1.920394532713385338e-01
3.200000000000000178e+00,-4.978011786031434127e+01,-6.407818463556527888e+01,1.870632354981354979e+02,-1.317432756426989613e+02,1.590883396920551718e+02,-7.341543798981356872e+01,5.653156937453093178e+01,-2.471501795020768810e+01,1.411015640912846614e+01,-5.859156887368592415e+00,2.799977240732125949e+00,-1.117917377290858827e+00,4.788673152309830816e-01,-2.189572859304408092e-01,1.280032218387723852e-01,-1.021970331528956194e-01,9.667490074168597070e-02,-1.441379053923745601e-01,6.838929160947820884e-02
3.299999999999999822e+00,-6.998135032299214231e+01,-3.119628254443937720e+01,9.929230844513354270e+01,-7.852391212853127911e+01,9.849422590161825042e+01,-4.445611122598021581e+01,3.500359402082949600e+01,-1.495440809937078086e+01,8.491269467864592357e+00,-3.394741888781363404e+00,1.565681425985933073e+00,-5.455229657125769682e-01,1.697147162318121960e-01,-5.118493621807345545e-02,8.572428116686523283e-03,-1.177419642512162259e-02,7.852818045837903910e-03,-2.913897014447091108e-02,1.087290825150137759e-02
3.399999999999999911e+00,-7.896734434821581772e+01,-1.064109315436965097e+01,4.374715281310724180e+01,-4.417556629695042147e+01,5.889828517292974652e+01,-2.580295213289493006e+01,2.109376629646250123e+01,-8.795146171779620659e+00,5.008441303914697329e+00,-1.943451740068677491e+00,8.783364868645151535e-01,-2.661200266768325440e-01,3.471620637736603371e-02,8.992282600045971991e-03,-3.554241306574112969e-02,2.058164529125892928e-02,-2.261520235064308840e-02,1.770546255113330386e-02,-1.276363470202240835e-02
3.500000000000000000e+00,-8.093897667637482130e+01,1.764313381179123397e+00,9.695987130432582646e+00,-2.241339569154286337e+01,3.340192784876884247e+01,-1.396521373992735349e+01,1.219715589310098025e+01,-4.943030312392966863e+00,2.862118966619186633e+00,-1.090885902112745276e+00,4.952625702294403687e-01,-1.373066479026778808e-01,-1.435155195679306030e-02,2.217738934904203013e-02,-4.548879711096468631e-02,2.732493360248634817e-02,-2.810887157965882843e-02,3.103713951083489700e-02,-2.000527641612103238e-02
3.600000000000000089e+00,-7.871225516348924600e+01,8.854044867279487363e+00,-1.023721802787043522e+01,-8.967460619952911216e+00,1.729271534394810317e+01,-6.607096052526490126e+00,6.587732570060006232e+00,-2.566648552919383430e+00,1.551433751458874299e+00,-5.909393258791133530e-01,2.786188277110817069e-01,-8.192119000715626653e-02,-2.441236488702931695e-02,1.803380213123969428e-02,-4.157885749681847903e-02,2.429669922579586264e-02,-2.491472272090122092e-02,2.987085344272484219e-02,-1.999547862381934049e-02
3.700000000000000178e+00,-7.414118591684555781e+01,1.253620037469344695e+01,-2.106725972007722447e+01,-9.527873744001011946e-01,7.369970655827366102e+00,-2.168846274540394248e+00,3.122270413130424416e+00,-1.131142916301266288e+00,7.624245914054428308e-01,-2.984448322889727279e-01,1.519827826908903279e-01,-5.965912427977998478e-02,-1.930957417404438950e-02,9.899734733013056814e-03,-3.327655845853337568e-02,1.867864882491621428e-02,-2.020119871470687709e-02,2.396458273927345312e-02,-1.728346125803251199e-02
3.799999999999999822e+00,-6.841987510049209220e+01,1.408377952985828685e+01,-2.616334585988597894e+01,3.566892590979596989e+00,1.473988889912522637e+00,3.877945046126434758e-01,1.044465379166057861e+00,-2.920771579444478849e-01,2.981136827388063959e-01,-1.282527782398397709e-01,7.413762383211661144e-02,-5.052464188629916114e-02,-1.034968813106897957e-02,2.915248404973535233e-03,-2.461862193329152765e-02,1.334134885856847960e-02,-1.653892634500843742e-02,1.780895640471925195e-02,-1.396943539872024659e-02
3.899999999999999911e+00,-6.229581412480064273e+01,1.433683186886441696e+01,-2.775894722579666052e+01,5.880640988945521563e+00,-1.841498550898185149e+00,1.750814605779642763e+00,-1.448830763708414404e-01,1.724226854823130151e-01,3.480272911352823989e-02,-3.058670946122426029e-02,2.351226310802409514e-02,-4.535037428553886224e-02,-2.287326282327869099e-03,-1.598049054188878035e-03,-1.706992697852465629e-02,9.148115280368712687e-03,-1.437911363133940676e-02,1.306023345919664000e-02,-1.090512501052741043e-02
4.000000000000000000e+00,-5.621873485660496783e+01,1.384227580615797670e+01,-2.731160936705643749e+01,6.838151135183403007e+00,-3.536363558515380756e+00,2.373216210210656651e+00,-7.740617650388962323e-01,4.051462280923786574e-01,-1.052350221343916897e-01,2.365833993843287353e-02,-1.086553036712094300e-02,-4.048449579790285024e-02,3.359948239920003323e-03,-3.876577082308887111e-03,-1.097018049427885347e-02,6.125578077627082292e-03,-1.335020411485413581e-02,9.975357658585055215e-03,-8.346196415164770788e-03
4.099999999999999645e+00,-5.044329732812055056e+01,1.295012132926241932e+01,-2.575453813653227542e+01,6.992588478722955081e+00,-4.240836510258790604e+00,2.550685470531934840e+00,-1.057765049704527005e+00,4.977289299978003290e-01,-1.708259386378722378e-01,5.159646215900882266e-02,-3.449339985681210141e-02,-3.489707973644666505e-02,6.534432425362409966e-03,-4.620592326077112982e-03,-6.229025746169578395e-03,4.023603893074864657e-03,-1.288912019458867894e-02,8.221533186991161757e-03,-6.293063988862895863e-03
4.200000000000000178e+00,-4.509907225893036298e+01,1.187932586685086633e+01,-2.367088266084480708e+01,6.698405660344898926e+00,-4.363265083244921350e+00,2.473930171732660277e+00,-1.135274232644687853e+00,5.086511733157779158e-01,-1.925819127501823824e-01,6.342067846543344989e-02,-5.019962963231962283e-02,-2.866418182090046951e-02,7.727978664543891200e-03,-4.518553336524044547e-03,-2.634960254697445419e-03,2.558436637695120537e-03,-1.251168468123592913e-02,7.304369943240812506e-03,-4.659035298909253858e-03
4.299999999999999822e+00,-4.023760866165665107e+01,1.076259042047077585e+01,-2.141331252052637169e+01,6.178036029681855723e+00,-4.163834282956294430e+00,2.263932683081631758e+00,-1.095916882774159662e+00,4.748786491572948298e-01,-1.896044502617805771e-01,6.533095916363143574e-02,-5.960910673799615228e-02,-2.221754516205915603e-02,7.547182159186430032e-03,-4.082600964469165587e-03,2.422727468298852341e-05,1.500076711813392444e-03,-1.189792373127731943e-02,6.771424506878243217e-03,-3.346022632297871759e-03
4.400000000000000355e+00,-3.586362090951547543e+01,9.676618611237948642e+00,-1.918522651702640403e+01,5.567132965820309920e+00,-3.804726551027791004e+00,1.995667610204459264e+00,-9.960551422033050439e-01,4.194186133312443054e-01,-1.737041319151713947e-01,6.120730842606722510e-02,-6.385917796083720455e-02,-1.600614862086873619e-02,6.529819813966180123e-03,-3.627841852874355913e-03,1.926231829644219681e-03,6.892009574374115266e-04,-1.089062697397886505e-02,6.289649313762080141e-03,-2.273112142421079146e-03
4.500000000000000000e+00,-3.195529356334911242e+01,8.662391893433859735e+00,-1.709529104757955054e+01,4.945066281480325010e+00,-3.384040666157014599e+00,1.714025079780690186e+00,-8.704210363150985952e-01,3.562427984639394696e-01,-1.520670564889432252e-01,5.355748653897512285e-02,-6.391266198637961249e-02,-1.036936158208114425e-02,5.087027371011384851e-03,-3.308234814885760607e-03,3.212836482564242202e-03,2.674357865256951627e-05,-9.459981523037440734e-03,5.656940320784649770e-03,-1.382820807916957176e-03
4.599999999999999645e+00,-2.847721804437960458e+01,7.738626332902909688e+00,-1.519360855557245316e+01,4.355325988945820015e+00,-2.958564454891435602e+00,1.444465948432155589e+00,-7.396724311253375372e-01,2.935047805185459491e-01,-1.289477480264259179e-01,4.405165218139610317e-02,-6.066747182676034134e-02,-5.511411412243593343e-03,3.503091837749259130e-03,-3.166510722552802297e-03,3.998562671642805384e-03,-5.435529804635880202e-04,-7.660879353534399451e-03,4.783268583103656747e-03,-6.381161067838223315e-04
4.700000000000000178e+00,-2.538840610680535193e+01,6.910601911647522577e+00,-1.349535454015556368e+01,3.819048213833192040e+00,-2.558935968233410296e+00,1.200117657478978028e+00,-6.154186084740794760e-01,2.356472439338503089e-01,-1.067492211745089542e-01,3.382542001005174603e-02,-5.497348397993682967e-02,-1.518621558648420439e-03,1.957441730345935941e-03,-3.179564199604389615e-03,4.379627051062489826e-03,-1.051155346860848869e-03,-5.594884121707159597e-03,3.661308417777505569e-03,-1.668449905865376868e-05
4.799999999999999822e+00,-2.264706326854939888e+01,6.175873726113915829e+00,-1.199595456413840289e+01,3.343879517919502664e+00,-2.199636069306480923e+00,9.864679554896317315e-01,-5.035501652535548933e-01,1.847830003155667977e-01,-8.671514785620894339e-02,2.365505453674202063e-02,-4.761503569015554382e-02,1.610015870227352215e-03,5.515847234547062265e-04,-3.293032307875819881e-03,4.440161916543537007e-03,-1.510662690732660594e-03,-3.381062718064617098e-03,2.336924407222320740e-03,4.946378773972985067e-04
4.900000000000000355e+00,-2.021326810695442688e+01,5.527899551151872259e+00,-1.068061568433561526e+01,2.929702443897141073e+00,-1.885493899255973771e+00,8.044409047759399911e-01,-4.064324456940741626e-01,1.415985351537605574e-01,-6.937488686799644921e-02,1.406292622268853591e-02,-3.928753244016314899e-02,3.932485849089860375e-03,-6.665090483591129631e-04,-3.444566773308692723e-03,4.255521992187023470e-03,-1.929551886842565366e-03,-1.136032032796004988e-03,8.842268210185249763e-04,9.042069458919391655e-04
5.000000000000000000e+00,-1.805032821338674154e+01,4.958288722396152259e+00,-9.530140115964830017e+00,2.572264467720875025e+00,-1.615857282446875987e+00,6.523870786302790048e-01,-3.243379604583460085e-01,1.059422883181758562e-01,-5.482990602347864728e-02,5.385075905088656384e-03,-3.058018562265678308e-02,5.538857378138378577e-03,-1.683102363544608168e-03,-3.577650648674377161e-03,3.893478835040571108e-03,-2.312602390865388206e-03,1.038101918639434745e-03,-6.132795432427610993e-04,1.218507783724506049e-03
5.099999999999999645e+00,-1.612532432000561400e+01,4.458149647990474307e+00,-8.524328792226739893e+00,2.265420221966251368e+00,-1.387213362163128627e+00,5.273485262772489301e-01,-2.563703111440207016e-01,7.720411884481256926e-02,-4.293765369936530796e-02,-2.182105307815266487e-03,-2.196833911527704825e-02,6.533016177612221802e-03,-2.504641029597254927e-03,-3.648427487543660051e-03,3.414233073238850339e-03,-2.664032323757975496e-03,3.059754481641687937e-03,-2.075591078161929948e-03,1.443883636870303862e-03
5.200000000000000178e+00,-1.440917675634251971e+01,4.018856746951139591e+00,-7.643852344997592141e+00,2.002467737606038689e+00,-1.194791632745254795e+00,4.258426672367732202e-01,-2.010496472427558690e-01,5.455627655100740020e-02,-3.342867279559297300e-02,-8.547243289510500150e-03,-1.381479393196295875e-02,7.020396092566192486e-03,-3.148180216696427718e-03,-3.627844765363673341e-03,2.869982588937298323e-03,-2.988235584723518412e-03,4.869619272607261795e-03,-3.434040366909484748e-03,1.587365846699387989e-03
5.299999999999999822e+00,-1.287644842239691378e+01,3.632450564441376262e+00,-6.871171274109429739e+00,1.776902036288534381e+00,-1.033507575776945631e+00,3.443300956364174215e-01,-1.566741731617050659e-01,3.710262761682966981e-02,-2.598003216309908298e-02,-1.369691538720005548e-02,-6.377962883386503745e-03,7.100468442204198143e-03,-3.635251232651338232e-03,-3.500958870607353765e-03,2.304521674852909579e-03,-3.289777128298103717e-03,6.429686118295425967e-03,-4.635207437303471775e-03,1.656904913820875149e-03
5.400000000000000355e+00,-1.150501830343347365e+01,3.291812027186533207e+00,-6.190885575985730860e+00,1.582801699997336664e+00,-8.984861175049533299e-01,2.794773948414014386e-01,-1.215347765387910089e-01,2.396737695060278603e-02,-2.026010513275541131e-02,-1.767390351481003957e-02,1.756176751217374682e-04,6.862697281058838597e-03,-3.988192537790231397e-03,-3.264749454419534069e-03,1.753116016403211130e-03,-3.573080053571033206e-03,7.720687805948886137e-03,-5.642015050108418507e-03,1.661247220854427872e-03
5.500000000000000000e+00,-1.027570673540506618e+01,2.990702638094216770e+00,-5.589758193893879401e+00,1.414990717902875339e+00,-7.853231643154773289e-01,2.282894079412370880e-01,-9.403453712570025713e-02,1.434425025410547214e-02,-1.595458384634726445e-02,-2.055959988726498502e-02,5.756609461696165012e-03,6.384850563039361736e-03,-4.228146122863416824e-03,-2.925351707935254335e-03,1.242732526226689692e-03,-3.842060309416375774e-03,8.738815488136743304e-03,-6.432961090502692207e-03,1.609636252409864503e-03
5.599999999999999645e+00,-9.171899402278434366e+00,2.723729454666361960e+00,-5.056566003035531054e+00,1.269068286850225435e+00,-6.901887217728069901e-01,1.881605005009890919e-01,-7.274774304460492058e-02,7.520227548937728594e-03,-1.278029389621177306e-02,-2.245988788445443113e-02,1.033772260224050457e-02,5.732805795774234374e-03,-4.374118048985955673e-03,-2.495270353608048178e-03,7.926004449612528147e-04,-4.099838567865764574e-03,9.492267726471489281e-03,-7.000244616454268792e-03,1.511457972719640851e-03
5.700000000000000178e+00,-8.179195312412886665e+00,2.486271804735655788e+00,-4.581872355014148468e+00,1.141365903534428128e+00,-6.098383359547838722e-01,1.568774609165057843e-01,-5.644143994870103043e-02,2.883292907700900094e-03,-1.049119609181988627e-02,-2.349402014247074788e-02,1.393927403031443302e-02,4.961226765749748337e-03,-4.442677664539929940e-03,-1.990888720080939873e-03,4.150275469015267740e-04,-4.348577331847430782e-03,9.997984630925533731e-03,-7.347348643735368903e-03,1.375903099995240755e-03
5.799999999999999822e+00,-7.285090557808430844e+00,2.274392307696106563e+00,-4.157776498445848290e+00,1.028868887996930548e+00,-5.415751103807242561e-01,1.325952689226244097e-01,-4.407468821112540264e-02,-7.947015908215385909e-05,-8.879516471382933179e-03,-2.378608848447119964e-02,1.661618353541710613e-02,4.114685511677418188e-03,-4.448009879633892799e-03,-1.430416031982136883e-03,1.163774021822696660e-04,-4.589443955813639515e-03,1.027876211818643318e-02,-7.486473609780608385e-03,1.211684864725480221e-03
5.900000000000000355e+00,-6.478701637995865070e+00,2.084745441230278828e+00,-3.777670556098817300e+00,9.291248607133417714e-01,-4.831884071488063981e-01,1.137992875061392684e-01,-3.478540217710035520e-02,-1.789242156091973898e-03,-7.773973929297086326e-03,-2.345870662650344218e-02,1.844678337816768252e-02,3.228954697887079749e-03,-4.402138566705035214e-03,-8.323079675017818271e-04,-1.018829159970266809e-04,-4.822676577003979885e-03,1.036083270352405189e-02,-7.436078273744624670e-03,1.026827731371091849e-03
6.000000000000000000e+00,-5.750527590962944302e+00,1.914490945757248985e+00,-3.436019429436349082e+00,8.401522050819276721e-01,-4.328848250977215817e-01,9.926230893543074030e-02,-2.787107970098431572e-02,-2.585549832650889130e-03,-7.036414852623552006e-03,-2.262854362378109371e-02,1.952356042091785149e-02,2.332304195592214621e-03,-4.315211923076706438e-03,-2.141325841566307439e-04,-2.421406346808457032e-04,-5.047721448699834905e-03,1.027192808104430456e-02,-7.218679732234964917e-03,8.285280913130706366e-04
6.200000000000000178e+00,-4.496551507726262109e+00,1.622865052126787777e+00,-2.850189022539953321e+00,6.884511255849951050e-01,-3.510379534561022807e-01,7.923805873483850959e-02,-1.902665779387220646e-02,-2.453822392882218113e-03,-6.253480433100214175e-03,-1.988029062614207060e-02,1.981380936797349709e-02,5.889322896971979984e-04,-4.051099625219400403e-03,1.020763960751669246e-03,-3.116909185375250045e-04,-5.468152705419227801e-03,9.691116012931707407e-03,-6.382395839845511620e-03,4.158531845528844672e-04
6.400000000000000355e+00,-3.467877549075509602e+00,1.384170758296843218e+00,-2.370933641120454016e+00,5.643754262359126361e-01,-2.876097929977023959e-01,6.689589862193223713e-02,-1.431155374942962022e-02,-1.180132525050318296e-03,-5.930084518468549740e-03,-1.627129502435430142e-02,1.827072481970814372e-02,-9.967541824015078294e-04,-3.709460567833298538e-03,2.172653552415761656e-03,-1.538963982106373619e-04,-5.837410401909763624e-03,8.741344141552819663e-03,-5.176833397918320298e-03,1.308558899804947162e-05
6.599999999999999645e+00,-2.621312713049109622e+00,1.187138625766474220e+00,-1.976739760772982635e+00,4.617520259973997288e-01,-2.372230199346105073e-01,5.882787493485229502e-02,-1.178318527910092450e-02,3.931671730433538279e-04,-5.737860031335624209e-03,-1.234941407767850378e-02,1.559144747115512319e-02,-2.362947059531975494e-03,-3.328895984495634439e-03,3.175406593322961483e-03,1.588525980830298411e-04,-6.140806338567656938e-03,7.593063697232740016e-03,-3.782058420950922591e-03,-3.538153444550991549e-04
6.799999999999999822e+00,-1.922730729146772344e+00,1.023347335523053570e+00,-1.651364898396628922e+00,3.763789745135237563e-01,-1.964206636705030096e-01,5.305046919807067385e-02,-1.033090969722339283e-02,1.840013415938324950e-03,-5.520777209383892319e-03,-8.494634935359670833e-03,1.233686107124290325e-02,-3.485003802364742762e-03,-2.937051904796894077e-03,3.994364792931920025e-03,5.576994740644344514e-04,-6.366215964550881595e-03,6.376202445114279721e-03,-2.343277836612183990e-03,-6.700328927835475954e-04
7.000000000000000000e+00,-1.344917031460070689e+00,8.863846446013103897e-01,-1.382199987306548250e+00,3.052438113831399957e-01,-1.629291999835793536e-01,4.845903105731154403e-02,-9.356223833381841284e-03,2.982972575177035741e-03,-5.223368286329820899e-03,-4.947950337306604093e-03,8.923357126895022085e-03,-4.361916600918676334e-03,-2.553353258509234378e-03,4.619113820307212993e-03,9.849835577340542922e-04,-6.506173023248930203e-03,5.182324981771572331e-03,-9.667888724505763025e-04,-9.291828233864312704e-04
7.200000000000000178e+00,-8.660080378326115991e-01,7.712791314598864689e-01,-1.159229860601189044e+00,2.460567392310917534e-01,-1.351979841118381986e-01,4.447092471462704699e-02,-8.561279448416355894e-03,3.782333798920423009e-03,-4.843143907271247987e-03,-1.843664045105566918e-03,5.636779941683233743e-03,-5.007130842538011842e-03,-2.190876923535638177e-03,5.055962269198748145e-03,1.397090289913490921e-03,-6.558436319225540052e-03,4.070593122192702092e-03,2.772516996348327670e-04,-1.130776519460282518e-03
7.400000000000000355e+00,-4.683380041309401776e-01,6.741143135140155174e-01,-9.743638545176981358e-01,1.969825486718659313e-01,-1.121202915658132959e-01,4.080114488039767590e-02,-7.815598383104168170e-03,4.266881735506134442e-03,-4.401247867720867006e-03,7.607850833591962153e-04,2.655788987368020750e-03,-5.442331607755257483e-03,-1.857762990562104779e-03,5.321493401867338074e-03,1.764260553536715296e-03,-6.525534506409831105e-03,3.074852738599936734e-03,1.348807280915590313e-03,-1.278112500097188572e-03
7.599999999999999645e+00,-1.375696297774142707e-01,5.917633610660539834e-01,-8.209910493010105226e-01,1.564912248218387480e-01,-9.286795557419576241e-02,3.732620689705118400e-02,-7.075717730192783439e-03,4.493198873467101929e-03,-3.925735649600039200e-03,2.859997253692552616e-03,7.702260714022735738e-05,-5.693251054918605988e-03,-1.558363494600009495e-03,5.437626240574301890e-03,2.068767154581806125e-03,-6.413770480862433267e-03,2.210385119530780713e-03,2.230997427281959569e-03,-1.376660796752481085e-03
7.799999999999999822e+00,1.379734663596652311e-01,5.217031594369839764e-01,-6.936716141122057921e-01,1.232759441269891815e-01,-7.679451600592843152e-02,3.400455452768873926e-02,-6.338956170052069405e-03,4.523426075514882204e-03,-3.443006574124618697e-03,4.481338804322205702e-03,-2.061932382148167105e-03,-5.786869738808002664e-03,-1.294209091824165834e-03,5.428141259923846378e-03,2.302438531039866995e-03,-6.232049369693320150e-03,1.479655539338105719e-03,2.923501756448316537e-03,-1.432903601097844154e-03
8.000000000000000000e+00,3.678271250559022043e-01,4.618808679837069220e-01,-5.879120072861160340e-01,9.620743447784324553e-02,-6.337851154882215288e-02,3.083192210395541144e-02,-5.618263347994856098e-03,4.414353471839108783e-03,-2.974161083519299455e-03,5.670777473654364971e-03,-3.763451228741075683e-03,-5.749595183000716717e-03,-1.064819523796071673e-03,5.316424010693938940e-03,2.464135202702417028e-03,-5.990762196442715563e-03,8.768634677944287057e-04,3.436954223811346503e-03,-1.453553318905529378e-03
8.199999999999999289e+00,5.597972066948138092e-01,4.106157094396453155e-01,-4.999937203189463442e-01,7.430688531386413220e-02,-5.218974717245170036e-02,2.781760433154689682e-02,-4.929562222721802986e-03,4.213082455511327380e-03,-2.534111587578610682e-03,6.482971720516638239e-03,-5.055008128223658845e-03,-5.606133005203603296e-03,-8.683664002335443046e-04,5.124131706664807918e-03,2.557503150933772892e-03,-5.700847224001758320e-03,3.913492037660277426e-04,3.788520901935209760e-03,-1.445060551720800737e-03
8.400000000000000355e+00,7.202864643563136049e-01,3.665249086421979441e-01,-4.268380251748083443e-01,5.672773158481422828e-02,-4.286847629485845967e-02,2.497279151329238889e-02,-4.286156239384136812e-03,3.956235454644112942e-03,-2.132073882235319042e-03,6.974679340840618871e-03,-5.978195717579369572e-03,-5.378848984039432714e-03,-7.021964792241072121e-04,4.870512580860866803e-03,2.589139270094683882e-03,-5.373073110834524629e-03,1.002336183299613707e-05,3.998615519010157403e-03,-1.413332536008138915e-03
8.599999999999999645e+00,8.545565466876765548e-01,3.284666197539441446e-01,-3.658964151373080287e-01,4.274139933400555869e-02,-3.511176981585131807e-02,2.230557604541037395e-02,-3.696901565482304478e-03,3.670884275931884672e-03,-1.772624147089217964e-03,7.200631886224583174e-03,-6.580994873312973753e-03,-5.087474923512717503e-03,-5.632283693009351375e-04,4.572159511408455633e-03,2.567189615027251452e-03,-5.017540039693735299e-03,-2.809824758931752774e-04,4.088594275673994999e-03,-1.363596939860775049e-03
8.800000000000000711e+00,9.669390468426393159e-01,2.954951439720852058e-01,-3.150604470486726427e-01,3.172474773494700362e-02,-2.866389911436668242e-02,1.981944242758286109e-02,-3.166217835014923775e-03,3.376149028139219417e-03,-1.456873117466380395e-03,7.211166098181581545e-03,-6.912601506185894404e-03,-4.749049104001343974e-03,-4.482398917645943133e-04,4.243034412759050591e-03,2.500340254562360108e-03,-4.643369907697838389e-03,-4.952550438568432880e-04,4.079235111902634360e-03,-1.300361138829524794e-03
9.000000000000000000e+00,1.061006131158436672e+00,2.668252864187487527e-01,-2.725869091117828491e-01,2.314832370645162132e-02,-2.330902154592438130e-02,1.751342262924242277e-02,-2.694864519559533357e-03,3.084908148811199395e-03,-1.183536613833076389e-03,7.051058628157700139e-03,-7.020171301086395796e-03,-4.378010092931132295e-03,-3.540654195312635489e-04,3.894647881767869437e-03,2.397134521751600241e-03,-4.258547045968280945e-03,-6.454671256789200080e-04,3.989812014281836697e-03,-1.227430612199811736e-03
9.500000000000000000e+00,1.234181294766289128e+00,2.099449464489217543e-01,-1.941431647619069334e-01,9.625113217704948931e-03,-1.358045134231110514e-02,1.249998471067050552e-02,-1.759310878317597729e-03,2.417746285303427282e-03,-6.654303337518222439e-04,6.144900301595434405e-03,-6.580729661994840461e-03,-3.381364447886327403e-03,-1.907563461198531979e-04,2.995924340755783035e-03,2.030362610672304790e-03,-3.291678414654550851e-03,-8.123187017813168938e-04,3.523933093836819751e-03,-1.021987328137321160e-03
1.000000000000000000e+01,1.343899059445699207e+00,1.685575963568626268e-01,-1.431655853206102724e-01,3.548445759945700884e-03,-7.493041908548693508e-03,8.450264386066275168e-03,-1.113784305363164483e-03,1.868722370347341731e-03,-3.346698735446912844e-04,4.855983381808467135e-03,-5.538371006387488027e-03,-2.383842143622729760e-03,-1.005188994145747616e-04,2.128854129557554258e-03,1.584868104219913209e-03,-2.373999007951488761e-03,-7.876906978366610308e-04,2.870234940543960576e-03,-8.090175907916163488e-04
1.050000000000000000e+01,1.411560327357830325e+00,1.377764174257181951e-01,-1.094512032332572160e-01,1.663172222723642568e-03,-3.685255536967912537e-03,5.206942505559385148e-03,-6.804201134923041445e-04,1.435358009554863271e-03,-1.332366465675110482e-04,3.463419699204433634e-03,-4.249991296390061638e-03,-1.458767517816695475e-03,-5.532606996633772822e-05,1.343059421407143302e-03,1.127368210387009149e-03,-1.546581611705633626e-03,-6.648943864547021904e-04,2.163185769977409717e-03,-6.076890244502774303e-04
1.100000000000000000e+01,1.450835134875693821e+00,1.144159093338597555e-01,-8.668124857548505091e-02,1.996639223203647978e-03,-1.299536644231534446e-03,2.620808705171465136e-03,-3.930574232634096604e-04,1.098148750302742858e-03,-1.579309573314102179e-05,2.122837159575147181e-03,-2.928897050316413113e-03,-6.401646183608776172e-04,-3.655817815604677065e-05,6.582208720066441351e-04,6.964997388277821035e-04,-8.261301297274692250e-04,-5.010840550744991625e-04,1.480122102211074188e-03,-4.271575086136123302e-04
1.150000000000000000e+01,1.470592821067950862e+00,9.636440991620331964e-02,-7.093047999514867641e-02,3.388347978355445156e-03,1.992743061349916411e-04,5.645077841917554851e-04,-2.029435841488894414e-04,8.361485112481954621e-04,4.931034833113435002e-05,9.113717593478270346e-04,-1.690580336134091602e-03,6.162683562926842690e-05,-3.246387609868181881e-05,7.711127036214796698e-05,3.114129993818368948e-04,-2.143631186870441005e-04,-3.290480412921707168e-04,8.603835476705600990e-04,-2.706458082993921758e-04
1.200000000000000000e+01,1.476690640260617249e+00,8.219501920347266344e-02,-5.974730158974486671e-02,5.178102150473321702e-03,1.143416818607672063e-03,-1.065919357898827136e-03,-7.662550802173246191e-05,6.317491158909763118e-04,8.282294765334677301e-05,-1.406753814574591976e-04,-5.891722017925529395e-04,6.494835288739435157e-04,-3.591232807881006804e-05,-4.063029590733358183e-04,-2.094818160528161104e-05,2.952696062504642401e-04,-1.662077601772232825e-04,3.199632650736430883e-04,-1.380858570381386218e-04
1.250000000000000000e+01,1.473073168560995905e+00,7.092303558487170201e-02,-5.158856765142211254e-02,7.006904146674351047e-03,1.738777463159982099e-03,-2.353874529028852566e-03,7.999166505344467489e-06,4.713494808899526718e-04,9.782392754479336100e-05,-1.029320123225469126e-03,3.573174924362586616e-04,1.132926514943137855e-03,-4.272883799756011197e-05,-8.020675372984471113e-04,-3.006668167051446995e-04,7.132403848499279352e-04,-2.074928675637865289e-05,-1.385418972742230755e-04,-2.773816381584188421e-05
1.300000000000000000e+01,1.462453230964535944e+00,6.185372329134905534e-02,-4.547294024299750048e-02,8.693135729600986669e-03,2.113066469091807748e-03,-3.365962647848749593e-03,6.525703451366285813e-05,3.447569789570803208e-04,1.023350000753275228e-04,-1.764267957309400940e-03,1.150790580897608287e-03,1.524207932479425352e-03,-5.056572588286901840e-05,-1.121525473047411525e-03,-5.314941835555038897e-04,1.051332495160774670e-03,1.044499413141191562e-04,-5.196291753500471670e-04,6.285787699348600877e-05
1.350000000000000000e+01,1.446737343708996093e+00,5.448593302511552106e-02,-4.076826307344885714e-02,1.015705254635308231e-02,2.345773290448207801e-03,-4.155434469664105734e-03,1.043666182846795815e-04,2.443774553456061049e-04,1.011690640416085301e-04,-2.361453372957862413e-03,1.803161788582455152e-03,1.836102992714245272e-03,-5.817402671855309939e-05,-1.375860337808877893e-03,-7.188063407052051532e-04,1.321180865073656296e-03,2.094061694324710716e-04,-8.310948886304859225e-04,1.363507141238409336e-04
1.400000000000000000e+01,1.427294299624403795e+00,4.845039337594127249e-02,-3.706092222109191869e-02,1.137549341120119330e-02,2.486659250649078320e-03,-4.765003021495968494e-03,1.312642216821711776e-04,1.645187869286945156e-04,9.715354227848635297e-05,-2.838810171378939023e-03,2.330563845449148096e-03,2.080748917050469302e-03,-6.494867559888074251e-05,-1.575378894665514524e-03,-8.684288240010513927e-04,1.533530969558878241e-03,2.955906880115340097e-04,-1.081852951276764292e-03,1.952947813634880623e-04
1.450000000000000000e+01,1.405126844215659254e+00,4.346964559670780937e-02,-3.407533368039868116e-02,1.235515140264866960e-02,2.567129380795269041e-03,-5.229055247915805754e-03,1.497987481895551019e-04,1.008664395945175726e-04,9.190948162680582384e-05,-3.213998332837521895e-03,2.750106186911661921e-03,2.269103407542530718e-03,-7.065096854065170187e-05,-1.729215629218110867e-03,-9.860037394823978948e-04,1.697923861911709810e-03,3.650991477297342298e-04,-1.280748335745764696e-03,2.420159049723614726e-04
1.500000000000000000e+01,1.380983037308337824e+00,3.933159371034199159e-02,-3.162409933249123867e-02,1.311709489135151271e-02,2.607214748063087228e-03,-5.575368192574823092e-03,1.624948759182481231e-04,5.010813391352373172e-05,8.633607605509495582e-05,-3.503283576065933935e-03,3.078172066206957564e-03,2.410755919219797171e-03,-7.524239792023207926e-05,-1.845269073554894022e-03,-1.076682010723347370e-03,1.822621745575525760e-03,4.201898303517653311e-04,-1.435963894689710509e-03,2.785602910400292783e-04
1.600000000000000000e+01,1.328902064717284892e+00,3.296078456428856718e-02,-2.784129746972316410e-02,1.409553346870595636e-02,2.613566288756064091e-03,-6.000542092310996722e-03,1.765590852036198364e-04,-2.247170905893806523e-05,7.585059950414116826e-05,-3.879833722984225505e-03,3.517470621897308362e-03,2.585581873507988588e-03,-8.139533321167272042e-05,-1.989834473998052401e-03,-1.194878185687928054e-03,1.979964257725138396e-03,4.956355652341418476e-04,-1.643462562764782956e-03,3.278953119835164177e-04
1.700000000000000000e+01,1.274199046115810807e+00,2.839656888654163575e-02,-2.505238603969561426e-02,1.452179219743924936e-02,2.565070045099910809e-03,-6.174464676608780456e-03,1.814946832415725115e-04,-6.795417633286884569e-05,6.713450094386153120e-05,-4.060932679280273259e-03,3.745475894323710853e-03,2.656648255842045201e-03,-8.430415564873299525e-05,-2.050808799387883029e-03,-1.252032641242213119e-03,2.049307342557215011e-03,5.367863734787073045e-04,-1.751110231085495524e-03,3.543460529510417839e-04
1.800000000000000000e+01,1.218784432021168040e+00,2.504000220745128749e-02,-2.289731997509629816e-02,1.457077124201136380e-02,2.489032749252529774e-03,-6.185827635076437264e-03,1.812842155132096352e-04,-9.570209081333910729e-05,6.019900614262320491e-05,-4.112356589227410091e-03,3.832274498512724687e-03,2.659675492864763992e-03,-8.491169499532311962e-05,-2.057003808228710044e-03,-1.268713367453041174e-03,2.060885889211234740e-03,5.547674451805828912e-04,-1.792243464422507617e-03,3.656120398132701619e-04
1.900000000000000000e+01,1.163836781527509467e+00,2.250093428188478656e-02,-2.116460703666256382e-02,1.437165043025034547e-02,2.399104459382836018e-03,-6.093518158039865074e-03,1.780735279980339130e-04,-1.117971419575124908e-04,5.469900550698779580e-05,-4.079482522757701436e-03,3.826604574018472888e-03,2.618999393324113190e-03,-8.397365453410130681e-05,-2.027986831556816312e-03,-1.259085797619044662e-03,2.035247746476280973e-03,5.574499736621861502e-04,-1.789893252063502532e-03,3.669529214406410528e-04
2.000000000000000000e+01,1.110081292982347367e+00,2.052155969151411158e-02,-1.972300454475567344e-02,1.401505310046955062e-02,2.302665197405404270e-03,-5.936648393500554288e-03,1.731036317596384446e-04,-1.202405253514116253e-04,5.027216071662660087e-05,-3.993096838543299699e-03,3.761684266455535535e-03,2.551011135399657796e-03,-8.204000617614299197e-05,-1.976916733669882228e-03,-1.232752423428368476e-03,1.986218491475436835e-03,5.502478506942550755e-04,-1.759703490311128335e-03,3.619210045906656498e-04
2.100000000000000000e+01,1.057954297646312103e+00,1.893000718438114793e-02,-1.848797436069641795e-02,1.356286458316549939e-02,2.203956213483299151e-03,-5.741157496220882298e-03,1.671295240650022150e-04,-1.236829628100520216e-04,4.662630637259618764e-05,-3.873873131480696022e-03,3.659887907468883581e-03,2.466664359769275491e-03,-7.949335501718327339e-05,-1.912581244367806375e-03,-1.196158837667815004e-03,1.923035899720790731e-03,5.368268859939984497e-04,-1.712192282371706713e-03,3.528981630883895083e-04
2.200000000000000000e+01,1.007705287571637909e+00,1.761100733189202572e-02,-1.740369889319481889e-02,1.305665902651075190e-02,2.105508958889150233e-03,-5.524192031457033844e-03,1.606249917588816964e-04,-1.238863585823510131e-04,4.354644947368319362e-05,-3.735588765571462317e-03,3.536163523914699104e-03,2.373229624354612419e-03,-7.659337406854293585e-05,-1.840812659617224603e-03,-1.153599830637237538e-03,1.851834764103081274e-03,5.196446648294891909e-04,-1.654379904215272411e-03,3.414725972267003309e-04
2.300000000000000000e+01,9.594622156003568270e-01,1.648688342435587068e-02,-1.643268120790110712e-02,1.252402619398229437e-02,2.008856321343932202e-03,-5.297025283078724001e-03,1.538919191115573645e-04,-1.220230384959266549e-04,4.088046495650379456e-05,-3.587359806956199378e-03,3.400427568850606947e-03,2.275497493333283536e-03,-7.351347395227691929e-05,-1.765455106363155672e-03,-1.107917129025942637e-03,1.776661968306498477e-03,5.003361094375553602e-04,-1.590921234997253126e-03,3.286975638975539503e-04
2.400000000000000000e+01,9.132740713384495113e-01,1.550504852869608215e-02,-1.554938168197816765e-02,1.198306114671494026e-02,1.914918520788361700e-03,-5.067007549526546771e-03,1.471232537979268824e-04,-1.188725656930071769e-04,3.852251419702220898e-05,-3.435167920984790423e-03,3.259208173855808206e-03,2.176594799534084784e-03,-7.036791171337116618e-05,-1.689019539092869891e-03,-1.060975619751548284e-03,1.700164073723905338e-03,4.799806108322335037e-04,-1.524879896255901778e-03,3.152670618080156170e-04
2.500000000000000000e+01,8.691389249008097950e-01,1.462971160732623975e-02,-1.473617522675494014e-02,1.144546452060511872e-02,1.824228239622067852e-03,-4.838870733555891701e-03,1.404414135407788973e-04,-1.149522750754414219e-04,3.639935495362199786e-05,-3.282894255547150024e-03,3.116760437403949535e-03,2.078535275031665689e-03,-6.723088823532879967e-05,-1.613125127880420421e-03,-1.013985639387806822e-03,1.624050752667619999e-03,4.592842568607686192e-04,-1.458252614386202446e-03,3.016344061062989313e-04
5.000000000000000000e+01,2.492898047498477987e-01,4.110043865026462642e-03,-4.184503091993500498e-03,3.311193743969550064e-03,5.244945586612657093e-04,-1.399336347262721773e-03,4.057419494484040292e-05,-3.421746968934170181e-05,1.026136434567078431e-05,-9.509978211737481158e-04,9.042504435538477282e-04,6.010435064492463623e-04,-1.946358805862596409e-05,-4.665977722201607191e-04,-2.937618984823612872e-04,4.699499245265190855e-04,1.334415699217539266e-04,-4.230888741723080122e-04,8.761127898135179898e-05
1.000000000000000000e+02,2.046295688765342041e-02,3.373718855665738944e-04,-3.434844430016989838e-04,2.717997504169788049e-04,4.305315911054569827e-05,-1.148646909569249258e-04,3.330537119953206193e-06,-2.808757644141675779e-06,8.423019019194566786e-07,-7.806279057056398187e-05,7.422554321180920825e-05,4.933672738402769461e-05,-1.597671222186789159e-06,-3.830073511872664292e-05,-2.411348731599192245e-05,3.857589942312779563e-05,1.095357520927952490e-05,-3.472931850801265415e-05,7.191587216500177294e-06
