R,0,1,2,3,4,5,6,7,8,9,10,11,12,13,14,15,16,17,18
1.0,-10103950.94693343,1221694.4095772724,-4692380.154681014,8188736.143051896,-4373331.397274299,-1408301.9797399084,376849.87205838977,-1990650.3726358383,-114333.23138684055,-777538.1644694362,2048100.1869846357,1199778.5274338778,495077.8048528085,-1423895.9603627159,-891933.7529149187,1614073.990621006,-5247542.125420249,5551758.796712773,-1443870.5636379328
1.1,-6222766.074212513,796719.1605752832,-2950558.5885531027,5132482.842935632,-2755993.4532635435,-852990.3956329218,226580.5914209462,-1239161.1506256987,-67021.14594817198,-492695.66189163266,1285351.0061251714,743731.8306902978,307579.2019382609,-883057.4129674548,-563245.0098223485,1016341.1617130938,-3295526.9893036624,3501049.266442864,-921569.8720733341
1.2,-3808780.1843404784,517219.4197355798,-1845949.1135391586,3201537.442858307,-1729003.4754050772,-512364.84573119547,134866.7299419454,-767419.0218946689,-38686.5548989193,-311031.9111610413,803108.5314397811,458479.37521615304,190092.1571906236,-544647.9705015635,-354302.36799511506,637365.9676452205,-2060732.1434833256,2199000.1324159065,-586258.3374309854
1.3,-2315298.4185020714,334080.0939325149,-1148376.0063074164,1986551.2696079798,-1079356.386954104,-304912.212127235,79353.60288417412,-472617.4642438661,-21912.736065065572,-195552.18749467024,499396.06184686295,280920.04952951096,116813.00691419849,-333914.7091275602,-221935.14707574452,397950.6535630005,-1282597.9126002723,1375209.1829085208,-371610.52336795337
1.4,-1396689.6298690138,214574.82293060984,-709895.4255994975,1225479.2862188295,-670118.3675840643,-179568.87992635023,46068.37731950611,-289291.2032574555,-12118.392544348188,-122404.73822899714,308923.8282596815,170979.85599795321,71335.90480937998,-203373.30523842125,-138389.0831314373,247287.88526855136,-794252.8355910676,855992.1779644949,-234632.66760790622
1.5,-835305.395286405,136950.78667691178,-435699.0788342541,751083.2936582041,-413504.7877149617,-104510.42008740355,26326.531820539476,-175896.03307658274,-6493.890148273178,-76249.89537948978,190014.85654707148,103301.90633086891,43266.80189960666,-122970.42831315439,-85868.21115206723,152874.21616562517,-489139.6125102219,530091.5461426968,-147515.3951970297
1.6,-494681.43367727584,86788.4110953277,-265226.88568332087,456983.4233568555,-253409.73746892155,-60015.548189724555,14764.437361683877,-106166.05863564272,-3330.172089784777,-47248.88203250517,116150.59146169522,61905.44949477377,26045.603883330274,-73760.07203759186,-52994.27467542665,93978.26680852097,-299430.1448488582,326447.23161190073,-92312.89723890081
1.7,-289659.05607197137,54558.0159131593,-159932.86865924895,275754.59993714484,-154092.47858791365,-33940.40375154361,8093.0242052333715,-63562.08580629207,-1597.4119170400772,-29109.52061938498,70516.28060331852,36762.60184387924,15549.155451085218,-43849.79604230953,-32514.66166521387,57419.915851813144,-182096.58807582382,199816.74692354674,-57473.66749107194
1.8,-167371.0133963359,33982.67543611451,-95379.02002546877,164829.26903417558,-92867.41070753576,-18859.952549273254,4311.660078296496,-37715.577129263394,-681.8703438442888,-17820.463645333803,42490.34387526024,21610.762664526817,9197.687246662406,-25809.782882044547,-19821.827968954738,34849.12161485769,-109944.58079228365,121493.64377115361,-35582.44050804758
1.9,-95183.79487407686,20943.38028855684,-56138.97208165916,97448.4883755199,-55392.27161675737,-10270.462143765091,2214.6830584341023,-22157.762140781346,-222.53333151887472,-10833.169373853927,25390.856503710915,12559.196998209161,5385.071753289796,-15022.167894644452,-11999.147861859265,20995.90568135272,-65855.88936253234,73331.17149827603,-21893.23869149863
2.0,-53080.5745815185,12748.429031758038,-32521.927939228517,56870.29700586105,-32639.043782255954,-5464.773565366101,1083.296627912837,-12874.220774455247,-10.377952981713316,-6534.490425629298,15033.105344432533,7204.598891221354,3116.7769653271903,-8633.082306262138,-7207.569307860906,12547.902241510352,-39102.12056765163,43904.11684405508,-13378.298342325847
2.1,-28869.486943063803,7647.038430668001,-18473.052955053943,32674.490881022168,-18952.183590978348,-2832.406148582452,494.3523581715743,-7388.172861943779,73.26680974658646,-3907.5004817677404,8809.14654367697,4071.8710248505577,1780.650978606759,-4889.871553903322,-4292.418337105574,7432.497751569315,-22991.651947225102,26050.745363188802,-8112.808621332204
2.2,-15183.041935189083,4506.3963887013115,-10232.299664555441,18413.02004684664,-10807.736755866244,-1426.6934969928082,202.4795333399487,-4181.353711797711,94.10373987132557,-2313.9785156152307,5102.4232685051065,2262.019092015223,1002.3868895877192,-2723.6619618623936,-2532.0760263681127,4359.155353648651,-13372.53833990427,15303.36942251253,-4877.835941105149
2.3,-7608.599953890793,2597.869293662514,-5480.820060528185,10121.57260184811,-6023.047021432204,-698.9116095693064,67.98760294601531,-2329.720204148907,87.30667562360618,-1355.3320776494404,2916.8291119002693,1231.4741201425468,554.7849922205643,-1487.652180303154,-1477.8500562816319,2528.6067052502017,-7683.421208223204,8889.585593971467,-2904.719447648083
2.4,-3530.0209980562104,1455.937301100761,-2799.890299165416,5380.556149414121,-3255.3123204887993,-336.24740335906915,13.157270324074632,-1275.369232024875,70.82535272089429,-783.9637429308417,1642.591176102053,654.4871584006423,301.0634015408452,-793.8596834523736,-852.3035089825623,1448.7496724292223,-4354.190086745439,5098.949583613562,-1710.9938818765581
2.5,-1414.3726098387344,785.4608038526806,-1329.4678803992863,2725.351912804074,-1684.7208024316337,-163.92837738453537,-3.984858287746844,-684.475592882958,53.1583305308019,-446.9860431826284,909.1486636841848,337.8059106625673,159.62910061916145,-411.8486050487612,-484.9436217270288,818.5642208173855,-2429.1175966862024,2882.9435726326,-995.3863262929729
2.6,-375.71338646722995,400.9717262641759,-553.8044549576907,1277.7702755942644,-815.1313420489898,-86.71221498549522,-5.210385305994479,-359.3136223526151,37.811848059993096,-250.61785486951268,493.14109888595726,168.09927772505907,82.31407689969136,-206.29405464573748,-271.70969356330085,455.23614063963555,-1330.990449826478,1603.3764873867872,-570.8416774631121
2.7,89.61957201641786,187.11567992602104,-167.5930911404611,517.0124167299349,-349.3257496806173,-54.324924458674,-1.1681956215817575,-184.11898913495304,25.798782543381282,-137.75924610781527,261.1652460604146,79.78675809412997,41.01785397979655,-98.75450955995797,-149.56800601075955,248.62503850608343,-714.2422212133181,874.8802375763134,-321.9599066918818
2.8,262.24597658594024,73.0121730522444,7.069428698955038,138.20941438148654,-111.37275733184278,-41.333822764566094,3.4071157413281363,-92.01104700902648,16.99664358070015,-73.93332689766652,134.36971028967255,35.507875297458305,19.569289575574395,-44.44704204244018,-80.65923929403797,132.9662949972816,-374.0216455835417,466.81805690360704,-178.05566884421162
2.9,294.57352421325106,15.735743454393086,71.82060527685111,-34.341142719724566,1.3821171601633457,-35.62620167417283,6.774300651704215,-44.944422235557106,10.854270294407948,-38.51917942152286,66.69800189283929,14.370702766714961,8.80899947194719,-18.260758907169397,-42.46062496893836,69.38606223299028,-190.2461050303364,242.5414140885758,-96.18169976104654
3.0,266.6228611772651,-10.253453548434058,83.25976221845154,-99.97106110777722,47.792726964736765,-31.952576419395513,8.59525411078752,-21.667689908019135,6.736061130612504,-19.316085176787205,31.61542540881951,4.952916834900406,3.645514052370439,-6.417788109009473,-21.71770620577536,35.16710938119837,-93.4207042936498,122.01248669616503,-50.48346057458014
3.1,218.44662011060734,-19.818756359798886,71.82938659661916,-113.47810354238108,60.86057704565444,-28.404632015927028,9.103953760555816,-10.566049639910055,4.071277762598057,-9.195010546362342,14.077577288031602,1.1823122322156518,1.3117114765573052,-1.5586074053373502,-10.726526692168902,17.20638496431823,-43.91886296972777,58.966514931361345,-25.56036998806693
3.2,168.6527708491507,-21.366409472589734,53.09804504083932,-104.12304450607162,58.55970469263714,-24.56163973459182,8.697716785684833,-5.457849886574327,2.403578855524036,-4.050861666207824,5.715396654769648,-0.05455929928041852,0.34480833231849484,0.11559963415821788,-5.073050780346256,8.059530707501631,-19.533958891842,27.068540182877204,-12.351038093217404
3.3,124.78045217385556,-19.47033136104236,34.40744446865354,-86.82601059304365,50.29250110396431,-20.56295347646517,7.755613418041159,-3.160345940380802,1.3933532373269442,-1.5605131800434324,1.9790609636416712,-0.2779155154737749,-0.001812366905286157,0.4781341771428122,-2.270342345569792,3.5711767819148457,-8.0755331862921,11.597381947524982,-5.600520003546724
3.4,88.96860463882143,-16.483683576385758,18.71994030761606,-68.66830793822237,40.688698532993506,-16.678615470769923,6.573338458992329,-2.1033443841671478,0.8008080751431567,-0.43662167882917874,0.4645093839885217,-0.17907491618701,-0.09200167261547294,0.39454336424111563,-0.9449178067990627,1.4699502967564664,-3.0166782614530767,4.501060701988916,-2.3135791722868158
3.5,60.95310843945319,-13.512699342341882,6.795971863781871,-52.60024272281689,31.804775918637258,-13.136501563058205,5.353471977040788,-1.5554131830931148,0.4638600353112234,0.015831097310906556,-0.05307698478773117,-0.0377725472816931,-0.09195346611547996,0.22553888642674277,-0.3563617664618019,0.5453523753151037,-0.9695045092695487,1.4914720081237858,-0.8185959330034913
3.6,39.5809250040125,-10.993545436956031,-1.6100483661226324,-39.50777426344559,24.371600356219133,-10.073306794420759,4.21870138842471,-1.2026556428622592,0.27725252150090873,0.15974985144973136,-0.16800040514431155,0.05717304233761823,-0.07037134367487151,0.09428851993648436,-0.11735061920275704,0.17217579634026398,-0.244008430077133,0.3607371836152849,-0.2069377340898002
3.7,23.524043629864593,-9.025383353478007,-7.120085421037183,-29.330364460848347,18.483728724561722,-7.53910173631265,3.2317292351596247,-0.9266235318564148,0.1753154307894863,0.1763250422950063,-0.149154932394953,0.09611768019634126,-0.05091495540372947,0.022791540108643187,-0.0329416714581044,0.04018245545192095,-0.04093353613095692,0.021384162038000525,-0.0012907133046233723
3.8,11.577845676900841,-7.556147675218035,-10.42173077992846,-21.64099138491121,13.966823135962938,-5.5201643235453846,2.414424941947448,-0.6921207148637385,0.11881096115394253,0.1503909701971202,-0.10532937426316469,0.0954463779852306,-0.03847363126838743,-0.002473032731841613,-0.009985683763722558,0.0034340256591363465,-0.010140999403312374,-0.030109456523366593,0.03770805634545785
3.9,2.7552038547147295,-6.481181267429812,-12.13131878851243,-15.92887210920457,10.563543486443615,-3.963791787239628,1.7634062125353995,-0.493868121308426,0.08544234581606332,0.11778940862884694,-0.07181671849083468,0.0747415141530901,-0.031520532827633785,-0.001714109628950055,-0.007187413254096287,-0.0016945268485452198,-0.015968781758610422,-0.0059067313718788855,0.022224076195845665
4.0,-3.71131832390644,-5.691691862967173,-12.747523851263761,-11.723301818065273,8.019998488604779,-2.7986862479280425,1.2615045055584067,-0.3334675891450871,0.06330973342305934,0.09090474136724573,-0.05378171863470157,0.048780616141172975,-0.027362957632279916,0.008817019161187043,-0.008331597456522469,0.00020092953664330298,-0.017268487811066584,0.018507404281080383,-0.0007242513731021171
4.1,-8.402077337210244,-5.095369698046978,-12.648706764563943,-8.636556666863113,6.119868603680497,-1.9493321825995649,0.8855591806643427,-0.2111041011575227,0.046581176162011635,0.07191250706673719,-0.046591246074823366,0.026175891880739235,-0.02397464118499074,0.01918566619233282,-0.00844031835882243,0.001588773896245006,-0.009247171868064796,0.02588090227658721,-0.015473579192077286
4.2,-11.750696552464518,-4.62238029920973,-12.108723056267044,-6.368550270217338,4.692605138610108,-1.3448897779952826,0.6113148166369191,-0.12380773698712408,0.03274625292558205,0.059289425833478036,-0.04437256726211199,0.01053091098084559,-0.020330130882452075,0.024871421964574654,-0.006963872393127339,0.0014487713942866927,0.0025637684202394237,0.019690384977217146,-0.02000030806030619
4.3,-14.080761918677897,-4.224330172280269,-11.31819542589609,-4.695748471241844,3.6100383750784855,-0.9238455489668081,0.4162106102190013,-0.06618770567563603,0.020953020576095504,0.05075209831432511,-0.04290694469060838,0.002185310309934084,-0.016189959991732287,0.02498537915232828,-0.004670266439314371,0.0006025858857858586,0.012453470122380876,0.007794690496015506,-0.01712591078130963
4.4,-15.63523539825751,-3.8704051573312133,-10.405105702759924,-3.455558726131226,2.7788299503445755,-0.6357241124913157,0.28073488743840763,-0.03174761810522818,0.01105711674024072,0.0443912023972931,-0.040048258132546616,-0.0002435027732272715,-0.011768477152873052,0.020608917778190152,-0.0023919127288952896,-7.682368005812378e-05,0.017388771667149968,-0.0035545826192129814,-0.010511117451670854
4.5,-16.598462033008392,-3.542869900059507,-9.452241727475945,-2.531290711191444,2.1323640393640524,-0.44096160602722856,0.18886582127401197,-0.014020524714863168,0.00311962189170559,0.038957687893365595,-0.03524652217131966,0.0012422816302638568,-0.007453546567620558,0.013577323750201698,-0.0006434395516150165,-0.000153957000685576,0.016934169230696853,-0.011041441527923952,-0.0031046612999078315
4.6,-17.1119775939507,-3.2329605566342137,-8.510901793947387,-1.8396085298171523,1.6236074006994146,-0.3097664423325117,0.12797523131601501,-0.00730637224205173,-0.0028258046246947156,0.03379797702076615,-0.02889666712205228,0.004692799425669633,-0.003622839433006534,0.005727244858813276,0.00039594841137133345,0.0003932970519218998,0.012292706042405857,-0.013815098065205264,0.00323545364473807
4.7,-17.28561493306075,-2.937564716206494,-7.611120498149858,-1.3208524661944332,1.2194141384665138,-0.22053509928360293,0.08845276428673578,-0.007029450186928307,-0.00685411158371427,0.02868130337839149,-0.021794518030031216,0.008547220767990625,-0.0005491013373105712,-0.0014862756632268096,0.0007805551801625306,0.0013431272545462846,0.0053375117083904,-0.012557738266267833,0.007625636928872707
4.8,-17.2052579801739,-2.6567516274282603,-6.7690050231391625,-0.93194170662437,0.8962555790010093,-0.1581820124555754,0.06321628652340491,-0.009813424744253472,-0.009152235390157745,0.02362684363352784,-0.01477314535306576,0.011744186941438457,0.0016299742180783112,-0.007120169870717068,0.00068415229029113,0.0023933720015376003,-0.0020776335392917312,-0.008639967416928409,0.00988369942043783
4.9,-16.9383024801455,-2.392061781931279,-5.991827713310073,-0.6413495717583136,0.6371574568816389,-0.11258873087261277,0.04720836428383196,-0.01338032650260791,-0.009988807541570041,0.018769486909141552,-0.008504515125473679,0.01369850535576363,0.0029024177277223303,-0.010723187689600271,0.00031254901124217225,0.0032719706502887273,-0.008499228221352781,-0.0035312876198507637,0.010253238955118359
5.0,-16.537589223973658,-2.1454085300916566,-5.281457102359436,-0.4256332049678352,0.42957759272771107,-0.07727189539215695,0.03693350428643901,-0.016360762983183865,-0.009674857659294602,0.014270737438405675,-0.0034228938576416758,0.014211962041872086,0.003353188289482033,-0.012241035198446935,-0.00015011400867713526,0.0037922439195879933,-0.01301282289829547,0.0015344425290505352,0.009183803689044983
5.1,-16.044331571387175,-1.918438600587514,-4.636603530477083,-0.2670751526010495,0.26397610136621985,-0.0483020714251637,0.030061373298082266,-0.01807675201015406,-0.00852794885118842,0.010268048237302046,0.0002749542094182627,0.013362810851297646,0.0031295548570302936,-0.011896958645194505,-0.0005667708101051156,0.003866787292219667,-0.015225390262651713,0.005697924076064276,0.007178806471342497
5.2,-15.49037642450408,-1.7122159899230982,-4.054245721643043,-0.15209227312470636,0.13287409925397192,-0.023465760724721636,0.025103107388032505,-0.01833505991991157,-0.00684487137461526,0.006852161004747139,0.0025889372582188863,0.011400025577500344,0.002408764569024743,-0.010077261492352711,-0.0008532880700778967,0.003496158408695774,-0.015165216894592859,0.008486169927270245,0.004703250241791654
5.3,-14.90001069095559,-1.5271196365317328,-3.5305080392852686,-0.07015953621969435,0.03024480423617036,-0.0016423168509175617,0.021157523316973913,-0.017250850106679334,-0.004883935837996519,0.004062545504772879,0.003659384672574202,0.008655263463133701,0.0013719871583875258,-0.007236430129500188,-0.0009728897226604523,0.0027456858435772166,-0.013152374898979148,0.009754584558390731,0.002136922573380394
5.4,-14.29144194857684,-1.3628717864693365,-3.0611800283152553,-0.013072003679145993,-0.048876397909847595,0.01764076175267382,0.017718886662235266,-0.015109026534619506,-0.002855855230098186,0.0018930876245188838,0.0037109105662792474,0.005476961621956275,0.00018578707237370198,-0.003826887952842286,-0.0009252935731695254,0.001719562078669684,-0.009672771567119593,0.009600548285658421,-0.00024135031652666914
5.5,-13.678030394978533,-1.2186373762579972,-2.642010152613931,0.025574159172391038,-0.10864198161965213,0.0345115008546605,0.014535949932987171,-0.012262975467172203,-0.0009213735888672334,0.0003024716147822539,0.003004603228364705,0.0021859814993433445,-0.0010092438378141845,-0.0002527157063355964,-0.0007346204431822968,0.000537595068146308,-0.0052730533149547626,0.008274487498030328,-0.0022503459535596895
5.6,-13.069318994602133,-1.0931538167420436,-2.2688618633131945,0.05075940073519682,-0.1525555186479605,0.048950181124296055,0.011511918610028284,-0.009066253766056222,0.0008063462037576517,-0.00077430721929294,0.0018017741279931143,-0.0009503258740143618,-0.002103872391955627,0.0031562097306757,-0.00043841399980796414,-0.0006828646429579334,-0.0004827952618858057,0.006102584148976529,-0.0037928715942282952
5.7,-12.4718922251529,-0.9848651906988952,-1.9377891142264114,0.06632651110998551,-0.18358255911101135,0.06090814443862429,0.008635949912034108,-0.0058310165485636195,0.002256360562627632,-0.0014153429680578383,0.00033944968975045475,-0.003729708344644489,-0.0030210904930617222,0.006154276454788743,-7.886583295928995e-05,-0.0018391981022583604,0.004236256170256074,0.0034270774264975367,-0.004838038076978387
5.8,-11.890085457387876,-0.8920455756598892,-1.6450671243346753,0.07520480490792736,-0.20423067027831004,0.07037211721085984,0.005938176487685129,-0.002806717034038084,0.003393048810440592,-0.001703115185872319,-0.0011838476276477944,-0.006016330623756459,-0.003713890330907563,0.008579009854035662,0.00030346617940229967,-0.002850471602299164,0.00851765559079475,0.0005649871433053491,-0.0054031798595896635
5.9,-11.326563109445452,-0.8129036766107864,-1.3871999689226187,0.07959120228866785,-0.21661153285512105,0.0773922017076679,0.003461737425138191,-0.00017318644207592776,0.004208749544349805,-0.001717980680454227,-0.002614169038922422,-0.007735403812062391,-0.004161180545066822,0.010342796995151964,0.000673623467049276,-0.00366007583934133,0.012099629400422867,-0.002216731636848274,-0.005537552738877096
6.0,-10.782782007656213,-0.7456659198513074,-1.160917388617239,0.08109929575027178,-0.22249246273037043,0.08208705952929445,0.0012467042406174192,0.001956836446465485,0.00471665813755638,-0.0015337620957096086,-0.003842302121385344,-0.00886401221099016,-0.00436281585968275,0.011420704471760008,0.0010042982975871947,-0.004235209916191106,0.01482164038845691,-0.004712840556279949,-0.005308798718997292
6.2,-9.756333389251102,-0.6402487385067871,-0.7911084005003508,0.07974026511583275,-0.22036675137093656,0.08526455657912073,-0.0022974185023497606,0.0045394474628550315,0.004928750142532356,-0.0008164172600884684,-0.005454286937218458,-0.009452529071336575,-0.004102685810590655,0.011650670550683518,0.0014788860688529795,-0.004653297507698905,0.01747624660295101,-0.008341145086566032,-0.004064228473626806
6.4,-8.81008194897196,-0.563850440671761,-0.5136995932605508,0.07657536513591791,-0.20670128493674333,0.08179637203745838,-0.00462830146648767,0.005019647152726474,0.004333197206521337,5.588754764525453e-05,-0.005853588774685654,-0.008229151410466057,-0.0031652540815923294,0.009815667034031663,0.0016631212628665211,-0.004197423483318987,0.016697399836783578,-0.009845670341072124,-0.0022474823393663465
6.6,-7.9397664058184985,-0.5070247358940179,-0.30987409064088495,0.0737097960502649,-0.18728113674647925,0.07381485629385896,-0.0058651086088391,0.0038939038210425345,0.0032595753273043046,0.0008455427122210876,-0.005216936489153465,-0.0058342129742684585,-0.0018384696480009063,0.006682261578913439,0.0015815698197139715,-0.0031114017004717272,0.0133490063859016,-0.009401416081057696,-0.00031979382831914235
6.8,-7.1404974350701815,-0.46283194395648564,-0.16371905299009606,0.07154008939004947,-0.16572548060012177,0.06330462009894483,-0.006232908965847723,0.001794514195688553,0.0019929480162048205,0.0014377251642558023,-0.0038745883063141077,-0.00289876461712964,-0.0003878480946874151,0.002996652565511249,0.0013061137864025221,-0.001682589300617627,0.008503733615219543,-0.007523676914775105,0.0014134741789009744
7.0,-6.407932299857132,-0.42650059959835795,-0.061998290379823046,0.06974675515308276,-0.14418018979434818,0.05188249829816796,-0.00598749988173504,-0.0006900250327829406,0.0007453073650002105,0.001800844506558509,-0.002177858636465873,6.434344326214958e-05,0.0009821058251319188,-0.0006419493065968404,0.0009220715657286967,-0.00017116087827186169,0.0031554721174502738,-0.004823041361117948,0.0027887866602639443
7.2,-5.738494317264579,-0.39496171119487067,0.006103126329973811,0.06784076051170403,-0.12382753558413248,0.040723383941551686,-0.005365150919479951,-0.003103028152236704,-0.0003469901544101616,0.0019519878712844043,-0.00042461496757711535,0.0026987715590899354,0.0021380974917645226,-0.0038237467431806466,0.0005066129234257153,0.0012250009398165852,-0.0019252831396845541,-0.0018520158300597324,0.0037498363810192148
7.4,-5.12917624452848,-0.36638560764806577,0.0492618436360198,0.06542137091826997,-0.10524429331344794,0.030582140844651495,-0.004557360604497557,-0.005143236199864447,-0.0012123110594398274,0.0019314108204089007,0.00117071440974706,0.00479908975086849,0.0030115931727387538,-0.006319204635686805,0.00011834969524613482,0.002379179424593028,-0.006231904096678519,0.0009680303216935432,0.004310633371195329
7.6,-4.577234882463121,-0.33978484263277664,0.07431341605555687,0.06226320581627073,-0.08864288568487329,0.021865055631511355,-0.0037038283338452914,-0.006651030299851539,-0.001827835738062718,0.0017859646253643073,0.0024787646400523953,0.006283253002364205,0.003584782921374713,-0.008044660283996825,-0.00020512922192955958,0.003228946186141832,-0.009499698876159172,0.0033638434992196943,0.00452455319582757
7.8,-4.0799270224368165,-0.31470440201416466,0.08654668018869288,0.058313640362299086,-0.07402753137527374,0.014717361430929003,-0.0028962324552571435,-0.007577786048519408,-0.0022036298228517437,0.0015596559384339133,0.0034420142640744496,0.007158166171860088,0.0038748633735517144,-0.009020450432653695,-0.00044508764542381334,0.0037620069227523364,-0.01165481250583752,0.005194927099597939,0.004461758353310532
8.0,-3.6343409142485092,-0.29099704029862067,0.08998051725712705,0.053651777060890714,-0.06129165147195976,0.009106761267482787,-0.0021870449750682214,-0.007951575708883532,-0.0023691339633560324,0.0012891997328173183,0.004056126777519285,0.007487062334260622,0.003919900453214013,-0.009331740559070524,-0.0005974024455783078,0.004000447505208986,-0.012756060750650174,0.006423893081053802,0.0041944925285438295
8.2,-3.2373256663772336,-0.26867077881863966,0.08761287798880361,0.048438271055574425,-0.05027639065160344,0.0048932079522978535,-0.0015996317082319223,-0.00784640196206568,-0.0023628938668568533,0.0010027065829243313,0.004351462911638709,0.007362792277911158,0.003767665484262689,-0.009096742178300235,-0.0006679237954945702,0.003986573750795623,-0.01294211735627047,0.007084127539043629,0.003788620612632219
8.4,-2.8854979203050513,-0.2477923671185123,0.08163681625062782,0.04287060040279823,-0.04080436777982259,0.0018819587931004546,-0.0011375626044429557,-0.007357975385128363,-0.0022254492404554537,0.0007201164631479248,0.004377532121590301,0.006888174333057713,0.0034676926200443185,-0.008443533730505574,-0.000668349041260257,0.0037717331371341007,-0.012389511184422861,0.007251065216605124,0.0032996079981402297
8.6,-2.5752988328629587,-0.2284312747216607,0.0736222721155079,0.03714938011358221,-0.03269820023267454,-0.0001392561927192544,-0.0007922204318650961,-0.006586527686612028,-0.0019948798698594043,0.000454447361213072,0.00419130714184519,0.006162927612405215,0.0030662039787537256,-0.007494809658325284,-0.000612991766230919,0.0034083753383760155,-0.011282547685995669,0.007019676472127106,0.0027713749114800052
8.8,-2.303076648878899,-0.21063128786256247,0.06466513760881942,0.03145636352328719,-0.025789988056335183,-0.0013763472898707138,-0.0005485028319849777,-0.005625851899431556,-0.0017043796140139523,0.00021329024541867807,0.0038492806771744507,0.005275988457969547,0.002603306947443512,-0.006359059742576145,-0.0005165024442446572,0.0029450038964775197,-0.009793949903908408,0.006488534024479109,0.0022368340260536467
9.0,-2.0651758390531274,-0.1943997430490031,0.055506807551053326,0.025942435793409865,-0.019925618928609303,-0.0020151533546377835,-0.00038878448184797036,-0.004557251880984738,-0.0013812587677759938,2.396603180421495e-07,0.003402653392146891,0.004301833215463364,0.0021118367304813934,-0.005126499478454418,-0.00039242796904048716,0.0024234229614590627,-0.008074052376893837,0.005749672472730968,0.0017192810313393853
9.5,-1.5974892499765518,-0.16041340048813205,0.034438485731870826,0.013614423737486468,-0.00895736471575164,-0.001971080580542152,-0.0002453256472456879,-0.0018116471556087175,-0.0005576023968500558,-0.000408285717495361,0.002092813460292921,0.0018370204826472967,0.0009091085321280688,-0.002044431369220995,-3.2701218864100906e-05,0.001069041772684995,-0.00350510158431288,0.0034826382065146684,0.000585826763119396
10.0,-1.2715184817445828,-0.1347871314264586,0.01802142676280892,0.00396868445315795,-0.001914190832383494,-0.0008621337689287751,-0.00029828684336643765,0.0005847331733459005,0.00015155863892698962,-0.0006638743944991668,0.0008332405185012378,-0.00028269317419400296,-9.769627978569333e-05,0.0005799066668304618,0.00030883483864439825,-0.00012313114570288423,0.0005827702635915717,0.0012377127653634703,-0.0002613811906766967
10.5,-1.0457009009930187,-0.11582125114082771,0.006419877860113389,-0.0029691609131269436,0.0024823175762815138,0.0004102666816492741,-0.0004120755346849637,0.002403854744968599,0.0006832802595935442,-0.0008083465059488931,-0.0001814894939390998,-0.0018766965377104599,-0.000843244683358622,0.002540347210625771,0.0005788223853493202,-0.0010335951321460064,0.0037305154459503407,-0.0005975521752651085,-0.000838855033795487
11.0,-0.8885225607405189,-0.10182187888389141,-0.0012693821293240832,-0.007619766061260605,0.005128501335642121,0.0014775914393698741,-0.0005213207646325119,0.0036518950306035063,0.0010443186429752247,-0.0008791880136096642,-0.0009139538339539177,-0.002964155179782455,-0.0013468760288636687,0.0038699240782870676,0.0007673701479456562,-0.001662136318811938,0.005913598372177293,-0.0019328237650622377,-0.0012029118870831128
11.5,-0.77736043861975,-0.09136524224558894,-0.006104263096098872,-0.010526706635190744,0.006638318382124039,0.0022461447334231168,-0.0006025181905707714,0.004430689599332875,0.001267607104217597,-0.0009038969742034558,-0.00139896454849827,-0.0036413079876836973,-0.0016583275378233122,0.004691958462294143,0.0008848429709059545,-0.002057763013849451,0.007291098211738057,-0.0028199145871091427,-0.0014130210481821857
12.0,-0.6966108868441382,-0.08336577133893024,-0.008980257436143852,-0.012191211327149657,0.007423449892387689,0.0027398391321636446,-0.0006526322174730362,0.004861043288513506,0.0013898986852471503,-0.0009008445428559088,-0.0016932065405310885,-0.004016527261991351,-0.001829974768771778,0.005142068909080098,0.0009477622858545075,-0.0022798339024229395,0.008064806992986829,-0.0033573007390742,-0.001518400598004765
12.5,-0.6358231797653882,-0.07704537794273482,-0.010564829235830494,-0.013012685816748935,0.007754703030160594,0.0030192287242910903,-0.0006766183231608,0.005049265069095635,0.001442664035895745,-0.0008816936373213028,-0.0018513219969185154,-0.0041831951184231235,-0.0019057783287970403,0.0053360692522492125,0.0009720160254949807,-0.0023809655993305145,0.008416283190459332,-0.003643302735970076,-0.0015555054975496516
13.0,-0.5881464303871031,-0.07186885584349181,-0.01132291871209386,-0.013283998514872136,0.007807247588335962,0.0031458987057891522,-0.000681288537597913,0.005077421638830028,0.0014497991629095184,-0.0008536288620075278,-0.0019173854902256515,-0.004212551313155201,-0.001918807520821022,0.005361892075520494,0.000970415282246978,-0.002401931723777359,0.008487243559394326,-0.0037585241573572727,-0.0015496771834382645
13.5,-0.5491578989328902,-0.06747814428600071,-0.011565213899271808,-0.013208669901888988,0.007692752690641329,0.0031701079985551744,-0.0006727979496281968,0.00500429643719696,0.0014282302477413669,-0.0008209920470856194,-0.0019237997454366234,-0.004155238889735425,-0.001892368549934295,0.005281862109894209,0.000952374874602766,-0.0023720091457239984,0.008379872843759519,-0.003762782709934431,-0.0015178263602696636
14.0,-0.5160315588508293,-0.06363799682186257,-0.011493625754766621,-0.012922936237773481,0.0074815042305362185,0.0031288362088933105,-0.0006559132117777264,0.004869994495577873,0.0013894132196563035,-0.0007863703313849905,-0.0018930632230978828,-0.004045631100404763,-0.001842189473851179,0.005138194711154385,0.0009244243724379854,-0.0023112073230477964,0.008164195570915961,-0.0036978631762850634,-0.0014709190724111936
14.5,-0.48697195820298617,-0.06019545093268743,-0.011236772662561276,-0.012515499547868623,0.007217229487015112,0.0030476867351159798,-0.0006340337899849753,0.004700947191020674,0.0013408535270209086,-0.0007512847950990204,-0.0018402016812771771,-0.003906299850881285,-0.0017785568945514417,0.004958567994056625,0.0008909140007722739,-0.002232732667895229,0.007886510731486149,-0.003591785068280052,-0.0014159127217678643
15.0,-0.4608397593367682,-0.057051377706931444,-0.010875325792266032,-0.012042856151578988,0.006926822902425312,0.00294368330780197,-0.0006094601905039089,0.004514114501983516,0.0012873453283422278,-0.0007166146415824821,-0.0017749671212931673,-0.0037516918054727355,-0.001708035184337995,0.004760672792194434,0.0008546547333977715,-0.0021450707966074217,0.007576603635051947,-0.00346278354521393,-0.0013571403795436376
16.0,-0.414713469682883,-0.051422728008380755,-0.010018970497939015,-0.011029500134659987,0.006326381384811749,0.002706993371218904,-0.000557672571496193,0.004125519082246912,0.0011763007543517375,-0.000650270379743791,-0.001629779852795757,-0.003429314746211936,-0.001561131177489615,0.004350017684846022,0.0007802847283048581,-0.001961446572221951,0.006927795370999215,-0.0031779789586606913,-0.0012378362639467444
17.0,-0.37440512597392517,-0.046454851962250375,-0.009132050363470102,-0.010029627917308404,0.005746151874406862,0.002465828363156226,-0.0005069646222640945,0.003748320254468201,0.001068661794742302,-0.0005890655253150117,-0.001483617035263447,-0.003115977651504732,-0.0014184354745334386,0.003951965395944542,0.000708652188985288,-0.001782496320415207,0.006295669832116964,-0.0028924054134040677,-0.0011237088077383566
18.0,-0.33846391546166227,-0.04200651647882377,-0.008287672142539103,-0.009093681592039972,0.005207399786636335,0.002237325263518108,-0.00045960678596918697,0.0033973567894795046,0.000968566321888873,-0.0005332564116235842,-0.0013457639151505487,-0.0028242963893592983,-0.0012856368083506056,0.003581808919274469,0.0006421930433424891,-0.001615740907392884,0.005706673389078559,-0.0026234459301710538,-0.0010181336607162973
19.0,-0.3061397152680282,-0.037998875998659865,-0.007508105510998521,-0.008235155209599694,0.004714827777222207,0.002026701945066744,-0.0004161993672865427,0.0030761821109762423,0.0008769883315525099,-0.0004826013128529114,-0.0012189335750317097,-0.0025573239845969693,-0.0011641012126944817,0.0032431495497262453,0.0005814431671925205,-0.0014630474446636096,0.00516736243705818,-0.0023761260034518734,-0.000921748035036278
20.0,-0.27696424241047,-0.03437904452796318,-0.006796975203399138,-0.0074540076354932105,0.0042672502483615034,0.0018346820762817483,-0.0003767150231891683,0.002784230645166874,0.000793751066558621,-0.00043670913451498874,-0.0011033937411105328,-0.0023146257099001194,-0.0010536212041546557,0.0029353340669320185,0.0005262457169482315,-0.0013242135670293856,0.004677009334816638,-0.0021508708775200163,-0.0008342175293948584
21.0,-0.25059198312229125,-0.031106060099171808,-0.0061513957569754,-0.006745598475736006,0.003861572007085841,0.001660401506514549,-0.00034091102382656876,0.00251956602492006,0.0007182965212144625,-0.0003951630440910411,-0.0009985605963025487,-0.002094604619736678,-0.0009534661244079364,0.0026562992487380666,0.0004762163332059695,-0.0011983431563548916,0.004232444573140168,-0.001946507006686939,-0.0007548995627603624
22.0,-0.22673924998472375,-0.028145416757693775,-0.005566469041513749,-0.006104013826347303,0.0034942436947796073,0.0015025086408092451,-0.0003084857135693572,0.0022799044680036394,0.0006499713623649686,-0.0003575628227922669,-0.0009035971516676893,-0.0018953667924612077,-0.0008627724432842083,0.00240362918376422,0.00043091660830564624,-0.0010843592253629672,0.003829862728096635,-0.0017613897913290127,-0.0006830865334170149
23.0,-0.2051600401738349,-0.025466838360341613,-0.005036917325229584,-0.005523266747033872,0.0031617772269640146,0.0013595684877970595,-0.00027913555638364496,0.0020629822213675208,0.000588129380084563,-0.000323537881466316,-0.0008176314069757686,-0.0017150319945004485,-0.0007806837464416355,0.0021749342158084847,0.00038991619309950516,-0.000981188503064204,0.0034654725244385384,-0.0015938146370786726,-0.0006180915176263244
24.0,-0.18563570189627737,-0.023043279127459192,-0.004557653038732439,-0.004997705035511794,0.0028609145020582847,0.0012302040691691823,-0.00025257455703082987,0.0018666779914784958,0.0005321655080395912,-0.00029274979188644446,-0.0007398319189662872,-0.0015518373426460983,-0.0007063973708206356,0.0019679768018268525,0.0003528132359659847,-0.0008878233240462661,0.0031357147667092824,-0.0014421590417404142,-0.0005592757416695969
25.0,-0.1679698425232689,-0.020850395747500246,-0.004123957737331149,-0.004522127674194269,0.002588669908825673,0.0011131404261118646,-0.0002285397422785232,0.0016890454248188872,0.0004815247503971587,-0.00026489119041211664,-0.0006694307050356672,-0.0014041649917936833,-0.0006391767991529593,0.0017807045468143212,0.0003192395282009678,-0.0008033384332109433,0.0028373214581933256,-0.0013049253231530481,-0.0005060548723601196
50.0,-0.01378778816821871,-0.0017115032752030794,-0.000338516343680095,-0.0003711998088666688,0.00021249138310860063,9.13724539862234e-05,-1.8759731255699027e-05,0.0001386455912514608,3.952604207479864e-05,-2.1743605629526575e-05,-5.4950392993143034e-05,-0.00011526113442152207,-5.246694065095611e-05,0.0001461694395998524,2.62048274674829e-05,-6.594218433058427e-05,0.00023290205707426884,-0.00010711512299171755,-4.153958405338737e-05
100.0,-9.290138591207244e-05,-1.1532018357074845e-05,-2.280905182029451e-06,-2.5011246382260293e-06,1.4317556771421512e-06,6.156627521345916e-07,-1.2640207491807566e-07,9.34186645539374e-07,2.663243765991943e-07,-1.4650726233856698e-07,-3.7025283559820366e-07,-7.766234148258133e-07,-3.5351946532789924e-07,9.848819369043299e-07,1.7656673870713532e-07,-4.443149430070165e-07,1.5692817164540138e-06,-7.21736021456088e-07,-2.798915157063369e-07
