1.000000000000000000e+00,-1.010395094693343341e+07,1.221694409577271668e+06,-4.692380154681014828e+06,8.188736143051896244e+06,-4.373331397274299525e+06,-1.408301979739908129e+06,3.768498720583902905e+05,-1.990650372635837877e+06,-1.143332313868403871e+05,-7.775381644694362767e+05,2.048100186984637054e+06,1.199778527433877345e+06,4.950778048528078943e+05,-1.423895960362714948e+06,-8.919337529149176553e+05,1.614073990621006815e+06,-5.247542125420249999e+06,5.551758796712769195e+06,-1.443870563637933461e+06
1.100000000000000089e+00,-6.222766074212510139e+06,7.967191605752841569e+05,-2.950558588553103153e+06,5.132482842935630120e+06,-2.755993453263544478e+06,-8.529903956329216016e+05,2.265805914209457696e+05,-1.239161150625696406e+06,-6.702114594817145553e+04,-4.926956618916332955e+05,1.285351006125169341e+06,7.437318306902968325e+05,3.075792019382633152e+05,-8.830574129674560390e+05,-5.632450098223503446e+05,1.016341161713092588e+06,-3.295526989303663839e+06,3.501049266442868393e+06,-9.215698720733348746e+05
1.199999999999999956e+00,-3.808780184340480249e+06,5.172194197355788783e+05,-1.845949113539158367e+06,3.201537442858309485e+06,-1.729003475405077450e+06,-5.123648457311948878e+05,1.348667299419456103e+05,-7.674190218946703244e+05,-3.868655489891921752e+04,-3.110319111610415857e+05,8.031085314397832844e+05,4.584793752161533921e+05,1.900921571906227036e+05,-5.446479705015623476e+05,-3.543023679951137747e+05,6.373659676452203421e+05,-2.060732143483327935e+06,2.199000132415901404e+06,-5.862583374309858773e+05
1.300000000000000044e+00,-2.315298418502070010e+06,3.340800939325153595e+05,-1.148376006307415664e+06,1.986551269607980270e+06,-1.079356386954105459e+06,-3.049122121272369986e+05,7.935360288417532865e+04,-4.726174642438676674e+05,-2.191273606506691431e+04,-1.955521874946685857e+05,4.993960618468628963e+05,2.809200495295121800e+05,1.168130069141959248e+05,-3.339147091275590938e+05,-2.219351470757418429e+05,3.979506535630010767e+05,-1.282597912600269541e+06,1.375209182908519404e+06,-3.716105233679521480e+05
1.399999999999999911e+00,-1.396689629869012861e+06,2.145748229306098656e+05,-7.098954255994976265e+05,1.225479286218829453e+06,-6.701183675840635551e+05,-1.795688799263499095e+05,4.606837731950506713e+04,-2.892912032574540353e+05,-1.211839254434649956e+04,-1.224047382289985544e+05,3.089238282596799545e+05,1.709798559979532438e+05,7.133590480938155088e+04,-2.033733052384208713e+05,-1.383890831314385869e+05,2.472878852685509773e+05,-7.942528355910686078e+05,8.559921779644963099e+05,-2.346326676079060999e+05
1.500000000000000000e+00,-8.353053952864035964e+05,1.369507866769119864e+05,-4.356990788342537708e+05,7.510832936582046095e+05,-4.135047877149625565e+05,-1.045104200874031230e+05,2.632653182053956334e+04,-1.758960330765811668e+05,-6.493890148273079831e+03,-7.624989537949007354e+04,1.900148565470717440e+05,1.033019063308678451e+05,4.326680189960706048e+04,-1.229704283131552656e+05,-8.586821115206784452e+04,1.528742161656256649e+05,-4.891396125102223014e+05,5.300915461426975671e+05,-1.475153951970308844e+05
1.600000000000000089e+00,-4.946814336772751412e+05,8.678841109532787232e+04,-2.652268856833209866e+05,4.569834233568556374e+05,-2.534097374689214630e+05,-6.001554818972419162e+04,1.476443736168377109e+04,-1.061660586356425629e+05,-3.330172089785293792e+03,-4.724888203250474908e+04,1.161505914616957743e+05,6.190544949477297632e+04,2.604560388333079754e+04,-7.376007203759255935e+04,-5.299427467542742670e+04,9.397826680851951824e+04,-2.994301448488585302e+05,3.264472316119028837e+05,-9.231289723890078312e+04
1.699999999999999956e+00,-2.896590560719713685e+05,5.455801591315942642e+04,-1.599328686592488375e+05,2.757545999371447251e+05,-1.540924785879138508e+05,-3.394040375154325739e+04,8.093024205233313296e+03,-6.356208580629203061e+04,-1.597411917040055187e+03,-2.910952061938552652e+04,7.051628060331889719e+04,3.676260184387924528e+04,1.554915545108569677e+04,-4.384979604230994300e+04,-3.251466166521379273e+04,5.741991585181304254e+04,-1.820965880758241401e+05,1.998167469235468889e+05,-5.747366749107242504e+04
1.800000000000000044e+00,-1.673710133963357948e+05,3.398267543611450674e+04,-9.537902002546889707e+04,1.648292690341753769e+05,-9.286741070753580425e+04,-1.885995254927316273e+04,4.311660078296823485e+03,-3.771557712926353997e+04,-6.818703438444753147e+02,-1.782046364533359883e+04,4.249034387526039063e+04,2.161076266452638447e+04,9.197687246662731923e+03,-2.580978288204457567e+04,-1.982182796895450156e+04,3.484912161485779507e+04,-1.099445807922843233e+05,1.214936437711536855e+05,-3.558244050804757717e+04
1.899999999999999911e+00,-9.518379487407702254e+04,2.094338028855674929e+04,-5.613897208165898337e+04,9.744848837551992619e+04,-5.539227161675750540e+04,-1.027046214376536591e+04,2.214683058434143732e+03,-2.215776214078166959e+04,-2.225333315189137693e+02,-1.083316937385376696e+04,2.539085650371082738e+04,1.255919699820971073e+04,5.385071753289438675e+03,-1.502216789464432259e+04,-1.199914786185886260e+04,2.099590568135285139e+04,-6.585588936253204884e+04,7.333117149827526009e+04,-2.189323869149840903e+04
2.000000000000000000e+00,-5.308057458151837636e+04,1.274842903175790707e+04,-3.252192793922837882e+04,5.687029700586128456e+04,-3.263904378225605615e+04,-5.464773565366557705e+03,1.083296627912860004e+03,-1.287422077445545983e+04,-1.037795298164267521e+01,-6.534490425629175661e+03,1.503310534443242250e+04,7.204598891221542544e+03,3.116776965326712798e+03,-8.633082306261649137e+03,-7.207569307860646404e+03,1.254790224151050097e+04,-3.910212056765122543e+04,4.390411684405416599e+04,-1.337829834232558642e+04
2.100000000000000089e+00,-2.886948694306377365e+04,7.647038430667931607e+03,-1.847305295505388131e+04,3.267449088102227688e+04,-1.895218359097832217e+04,-2.832406148582918377e+03,4.943523581715504633e+02,-7.388172861943997304e+03,7.326680974660982315e+01,-3.907500481767595375e+03,8.809146543676808506e+03,4.071871024850897356e+03,1.780650978606069884e+03,-4.889871553902877167e+03,-4.292418337105115825e+03,7.432497751569435422e+03,-2.299165194722476372e+04,2.605074536318792889e+04,-8.112808621331947506e+03
2.200000000000000178e+00,-1.518304193518907960e+04,4.506396388701224168e+03,-1.023229966455543945e+04,1.841302004684676649e+04,-1.080773675586629724e+04,-1.426693496993051212e+03,2.024795333399342212e+02,-4.181353711797964024e+03,9.410373987147710295e+01,-2.313978515615226570e+03,5.102423268505143824e+03,2.262019092015582373e+03,1.002386889587312567e+03,-2.723661961862019325e+03,-2.532076026367826671e+03,4.359155353648854543e+03,-1.337253833990414023e+04,1.530336942251169057e+04,-4.877835941104915037e+03
2.299999999999999822e+00,-7.608599953890717188e+03,2.597869293662452947e+03,-5.480820060528205431e+03,1.012157260184830739e+04,-6.023047021432198562e+03,-6.989116095695003423e+02,6.798760294600108978e+01,-2.329720204148956782e+03,8.730667562367665369e+01,-1.355332077649397661e+03,2.916829111900217868e+03,1.231474120142707761e+03,5.547849922202426569e+02,-1.487652180302928627e+03,-1.477850056281550451e+03,2.528606705250283085e+03,-7.683421208222974201e+03,8.889585593971029084e+03,-2.904719447647953530e+03
2.399999999999999911e+00,-3.530020998056226745e+03,1.455937301100730792e+03,-2.799890299165420402e+03,5.380556149414135689e+03,-3.255312320488792921e+03,-3.362474033591343527e+02,1.315727032406680053e+01,-1.275369232024812845e+03,7.082535272092826517e+01,-7.839637429308889978e+02,1.642591176101995870e+03,6.544871584007529464e+02,3.010634015407645165e+02,-7.938596834522949166e+02,-8.523035089826636295e+02,1.448749672429231396e+03,-4.354190086745300505e+03,5.098949583613507457e+03,-1.710993881876463547e+03
2.500000000000000000e+00,-1.414372609838695098e+03,7.854608038527131839e+02,-1.329467880399308569e+03,2.725351912804079802e+03,-1.684720802431618040e+03,-1.639283773844832695e+02,-3.984858287781228192e+00,-6.844755928827861453e+02,5.315833053080941539e+01,-4.469860431827337948e+02,9.091486636841594873e+02,3.378059106624975811e+02,1.596291006193391979e+02,-4.118486050488827459e+02,-4.849436217271887131e+02,8.185642208173186418e+02,-2.429117596686224715e+03,2.882943572632861105e+03,-9.953863262930411793e+02
2.600000000000000089e+00,-3.757133864672239270e+02,4.009717262642311084e+02,-5.538044549577145972e+02,1.277770275594221175e+03,-8.151313420489763075e+02,-8.671221498535069827e+01,-5.210385306017323970e+00,-3.593136223524529669e+02,3.781184806001395771e+01,-2.506178548695624784e+02,4.931410988859666986e+02,1.680992777248590357e+02,8.231407689993552879e+01,-2.062940546459069537e+02,-2.717096935635237287e+02,4.552361406395290260e+02,-1.330990449826616441e+03,1.603376487387281031e+03,-5.708416774632196393e+02
2.700000000000000178e+00,8.961957201641190807e+01,1.871156799260971866e+02,-1.675930911404913957e+02,5.170124167298524753e+02,-3.493257496805888991e+02,-5.432492445844155782e+01,-1.168195621612297952e+00,-1.841189891347501941e+02,2.579878254336991006e+01,-1.377592461078943700e+02,2.611652460604349812e+02,7.978675809389207529e+01,4.101785398016303219e+01,-9.875450956025822791e+01,-1.495680060109976637e+02,2.486250385059533130e+02,-7.142422212135135169e+02,8.748802375769264472e+02,-3.219599066920762311e+02
2.799999999999999822e+00,2.622459765859284175e+02,7.301217305232162857e+01,7.069428698937919364e+00,1.382094143813965843e+02,-1.113727573318272732e+02,-4.133382276432175928e+01,3.407115741303520462e+00,-9.201104700880465259e+01,1.699664358066809200e+01,-7.393332689774717892e+01,1.343697102897108380e+02,3.550787529718256508e+01,1.956928957595165741e+01,-4.444704204275790715e+01,-8.065923929427796679e+01,1.329662949971395847e+02,-3.740216455837662579e+02,4.668180569043075252e+02,-1.780556688444109454e+02
2.899999999999999911e+00,2.945735242132391249e+02,1.573574345447571332e+01,7.182060527683631790e+01,-3.434114271983188615e+01,1.382117160178416571e+00,-3.562620167394209147e+01,6.774300651688520247e+00,-4.494442223536078984e+01,1.085427029435414426e+01,-3.851917942157746211e+01,6.669800189287815328e+01,1.437070276644540989e+01,8.808999472323108648e+00,-1.826075890747529584e+01,-4.246062496914505857e+01,6.938606223288510932e+01,-1.902461050305590504e+02,2.425414140892059436e+02,-9.618169976124835330e+01
3.000000000000000000e+00,2.666228611772611998e+02,-1.025345354836771605e+01,8.325976221843873759e+01,-9.997106110786847921e+01,4.779272696475013049e+01,-3.195257641919324243e+01,8.595254110777560186e+00,-2.166768990787095817e+01,6.736061130569336086e+00,-1.931608517681022619e+01,3.161542540885461605e+01,4.952916834663164458e+00,3.645514052689218243e+00,-6.417788109263467433e+00,-2.171770620594290691e+01,3.516710938108116835e+01,-9.342070429386293995e+01,1.220124866967092885e+02,-5.048346057475762905e+01
3.100000000000000089e+00,2.184466201106061192e+02,-1.981875635974494188e+01,7.182938659660766234e+01,-1.134781035424588822e+02,6.086057704566205473e+01,-2.840463201576375241e+01,9.103953760549195806e+00,-1.056604963982008094e+01,4.071277762559391888e+00,-9.195010546375481653e+00,1.407757728807099618e+01,1.182312232033814192e+00,1.311711476798644416e+00,-1.558607405534712553e+00,-1.072652669228077471e+01,1.720638496423628183e+01,-4.391886296989790139e+01,5.896651493176192105e+01,-2.556036998819809725e+01
3.200000000000000178e+00,1.686527708491520343e+02,-2.136640947255639489e+01,5.309804504083269450e+01,-1.041230445061245007e+02,5.855970469263871081e+01,-2.456163973448801485e+01,8.697716785684058038e+00,-5.457849886536259021e+00,2.403578855493477828e+00,-4.050861666199248035e+00,5.715396654802810339e+00,-5.455929939737440976e-02,3.448083324635601299e-01,1.155996340328518945e-01,-5.073050780395461423e+00,8.059530707453067322e+00,-1.953395889195045143e+01,2.706854018311646115e+01,-1.235103809330893831e+01
3.299999999999999822e+00,1.247804521738621730e+02,-1.947033136103148721e+01,3.440744446865738837e+01,-8.682601059307509672e+01,5.029250110395806672e+01,-2.056295347642446814e+01,7.755613418050718799e+00,-3.160345940392868425e+00,1.393353237297511704e+00,-1.560513180019679202e+00,1.979060963665353334e+00,-2.779155155212416628e-01,-1.812366853687817636e-03,4.781341770986405892e-01,-2.270342345561435327e+00,3.571176781892606122e+00,-8.075533186347822578e+00,1.159738194759801999e+01,-5.600520003582428075e+00
3.399999999999999911e+00,8.896860463882883607e+01,-1.648368357639499138e+01,1.871994030762333239e+01,-6.866830793822846601e+01,4.068869853298625117e+01,-1.667861547078409146e+01,6.573338459004211209e+00,-2.103344384224507202e+00,8.008080751261269503e-01,-4.366216787968448254e-01,4.645093840035968147e-01,-1.790749161646703058e-01,-9.200167265468076061e-02,3.945433642704966326e-01,-9.449178067423260607e-01,1.469950296766134645e+00,-3.016678261447094389e+00,4.501060701901738348e+00,-2.313579172274138340e+00
3.500000000000000000e+00,6.095310843946587198e+01,-1.351269934236733761e+01,6.795971863790878587e+00,-5.260024272280281821e+01,3.180477591862624465e+01,-1.313650156312518646e+01,5.353471977057864706e+00,-1.555413183186314496e+00,4.638600353065205906e-01,1.583109735030625159e-02,-5.307698478159480343e-02,-3.777254720320478987e-02,-9.195346623446232215e-02,2.255388865182045843e-01,-3.563617663630087584e-01,5.453523753553376485e-01,-9.695045092114787932e-01,1.491472007895482621e+00,-8.185959329448696531e-01
3.600000000000000089e+00,3.958092500402505465e+01,-1.099354543699606701e+01,-1.610048366109642970e+00,-3.950777426341237941e+01,2.437160035620684795e+01,-1.007330679452983269e+01,4.218701388444396905e+00,-1.202655642984689965e+00,2.772525215041306557e-01,1.597498514940876579e-01,-1.680004051486292393e-01,5.717304246380647964e-02,-7.037134385797466640e-02,9.428852008240230786e-02,-1.173506190688017037e-01,1.721757964035889321e-01,-2.440084299778384480e-01,3.607371832774171616e-01,-2.069377339968811458e-01
3.700000000000000178e+00,2.352404362987688913e+01,-9.025383353528813046e+00,-7.120085421022237959e+00,-2.933036446080003046e+01,1.848372872454818605e+01,-7.539101736455418035e+00,3.231729235180041293e+00,-9.266235319958122663e-01,1.753154308031399378e-01,1.763250423372008657e-01,-1.491549324061892667e-01,9.611768036108767066e-02,-5.091495563381102235e-02,2.279154029333732567e-02,-3.294167130301672852e-02,4.018245552908014662e-02,-4.093353600054439045e-02,2.138416162199793802e-02,-1.290713183405299384e-03
3.799999999999999822e+00,1.157784567691456523e+01,-7.556147675275795450e+00,-1.042173077991329855e+01,-2.164099138485191531e+01,1.396682313594945590e+01,-5.520164323708933729e+00,2.414424941968524418e+00,-6.921207150124946139e-01,1.188109611738975696e-01,1.503909702396542536e-01,-1.053293742805123528e-01,9.544637817110888933e-02,-3.847363152972393952e-02,-2.473032523037864763e-03,-9.985683595189715628e-03,3.434025749210220177e-03,-1.014099924994552732e-02,-3.010945699139706139e-02,3.770805648273266308e-02
3.899999999999999911e+00,2.755203854727228396e+00,-6.481181267490163656e+00,-1.213131878849689471e+01,-1.592887210913933593e+01,1.056354348643062480e+01,-3.963791787414402634e+00,1.763406212555462149e+00,-4.938681214570831979e-01,8.544234583977133868e-02,1.177894086671773810e-01,-7.181671851095512704e-02,7.474151435018966394e-02,-3.152053310246077933e-02,-1.714109409241026602e-03,-7.187413085066964892e-03,-1.694526752934212392e-03,-1.596878159330669678e-02,-5.906731859926165132e-03,2.222407634203510396e-02
4.000000000000000000e+00,-3.711318323894432059e+00,-5.691691863027514842e+00,-1.274752385124939380e+01,-1.172330181799829063e+01,8.019998488593030217e+00,-2.798686248102064678e+00,1.261504505576289681e+00,-3.334675892871510894e-01,6.330973345055514179e-02,9.090474140070262110e-02,-5.378171865781240790e-02,4.878061633856915075e-02,-2.736295790486225829e-02,8.817019379429417297e-03,-8.331597292836180266e-03,2.009296319426109520e-04,-1.726848764572858769e-02,1.850740379988097262e-02,-7.242512266271575530e-04
4.099999999999999645e+00,-8.402077337199674645e+00,-5.095369698104247114e+00,-1.264870676455098319e+01,-8.636556666797638115e+00,6.119868603670461482e+00,-1.949332182765772803e+00,8.855591806801759169e-01,-2.111041012867642952e-01,4.658117619036435814e-02,7.191250709498191174e-02,-4.659124609900152508e-02,2.617589206902809149e-02,-2.397464144356616089e-02,1.918566639986248046e-02,-8.440318208490704341e-03,1.588773986457815528e-03,-9.247171709311576698e-03,2.588090182317507454e-02,-1.547357905217024848e-02
4.200000000000000178e+00,-1.175069655245597744e+01,-4.622380299261381609e+00,-1.210872305625594869e+01,-6.368550270156410065e+00,4.692605138601952497e+00,-1.344889778146395765e+00,6.113148166494712932e-01,-1.238077370991489123e-01,3.274625295389127499e-02,5.928942585567850698e-02,-4.437256728577608500e-02,1.053091115085176034e-02,-2.033013111557344793e-02,2.487142215163670733e-02,-6.963872261681578607e-03,1.448771476629568018e-03,2.563768565684059614e-03,1.969038457101376580e-02,-2.000030793331578419e-02
4.299999999999999822e+00,-1.408076191867110083e+01,-4.224330172324492594e+00,-1.131819542588705829e+01,-4.695748471187811468e+00,3.610038375072357919e+00,-9.238455490973576101e-01,4.162106102285766385e-01,-6.618770576692623031e-02,2.095302060276324485e-02,5.075209832965776185e-02,-4.290694471332705956e-02,2.185310456445850938e-03,-1.618996019111471063e-02,2.498537931275042479e-02,-4.670266331075105873e-03,6.025859564356451925e-04,1.245347024869717170e-02,7.794690150802066966e-03,-1.712591067156091912e-02
4.400000000000000355e+00,-1.563523539825263953e+01,-3.870405157366940241e+00,-1.040510570275292679e+01,-3.455558726085629750e+00,2.778829950340465871e+00,-6.357241125974695262e-01,2.807348874446758957e-01,-3.174761817379478934e-02,1.105711676380339084e-02,4.439120240619015556e-02,-4.004825815270379730e-02,-2.435026544967532763e-04,-1.176847731292735705e-02,2.060891790730286915e-02,-2.391912645963587686e-03,-7.682362271861815917e-05,1.738877177058450324e-02,-3.554582894060163284e-03,-1.051111736257362775e-02
4.500000000000000000e+00,-1.659846203300555345e+01,-3.542869900085734880e+00,-9.452241727471413668e+00,-2.531290711155845585e+00,2.132364039361882124e+00,-4.409616061063117431e-01,1.888658212769050715e-01,-1.402052475989608651e-02,3.119621911946369487e-03,3.895768789599304838e-02,-3.524652218875195392e-02,1.242281718209439431e-03,-7.453546684998916226e-03,1.357732384528392844e-02,-6.434394955399909757e-04,-1.539569583433701705e-04,1.693416930899508885e-02,-1.104144172648077911e-02,-3.104661233467155210e-03
4.599999999999999645e+00,-1.711197759394971740e+01,-3.232960556650654738e+00,-8.510901793945230054e+00,-1.839608529792037039e+00,1.623607400699232484e+00,-3.097664423837094838e-01,1.279752313159144006e-01,-7.306372263597251879e-03,-2.825804608671176731e-03,3.379797701773373103e-02,-2.889666713602501505e-02,4.692799481818867025e-03,-3.622839506204296456e-03,5.727244918810022248e-03,3.959484404585334946e-04,3.932970788642657298e-04,1.229270609416089136e-02,-1.381509818536724027e-02,3.235453687559138643e-03
4.700000000000000178e+00,-1.728561493306174057e+01,-2.937564716213124427e+00,-7.611120498150016012e+00,-1.320852466180111540e+00,1.219414138468166486e+00,-2.205350993067752285e-01,8.845276428359746812e-02,-7.029450185575266546e-03,-6.854111571993393159e-03,2.868130336994423671e-02,-2.179451804021582950e-02,8.547220792448222831e-03,-5.491013666035484894e-04,-1.486275638663107218e-03,7.805551829248962015e-04,1.343127266255164133e-03,5.337511733445859247e-03,-1.255773830895937776e-02,7.625636948132391048e-03
4.799999999999999822e+00,-1.720525798017656882e+01,-2.656751627425476325e+00,-6.769005023141421162e+00,-9.319417066206604483e-01,8.962555790043140735e-01,-1.581820124516587212e-01,6.321628651752082828e-02,-9.813424721659011474e-03,-9.152235383011060252e-03,2.362684362055437678e-02,-1.477314535958086997e-02,1.174418693532891696e-02,1.629974230930777285e-03,-7.120169879911396327e-03,6.841522683139803461e-04,2.393371998280996969e-03,-2.077633539734273505e-03,-8.639967385101492495e-03,9.883699416804302140e-03
4.900000000000000355e+00,-1.693830248014981521e+01,-2.392061781919674335e+00,-5.991827713314250126e+00,-6.413495717646683358e-01,6.371574568863088706e-01,-1.125887308432864664e-01,4.720836427572447369e-02,-1.338032646056216274e-02,-9.988807538849854215e-03,1.876948689225179170e-02,-8.504515128353259262e-03,1.369850532080739772e-02,2.902417780006725026e-03,-1.072318773030616484e-02,3.125489666421028996e-04,3.271970633055093503e-03,-8.499228246110934748e-03,-3.531287518773065445e-03,1.025323893000629552e-02
5.000000000000000000e+00,-1.653758922397938846e+01,-2.145408530072002939e+00,-5.281457102365274991e+00,-4.256332049835646614e-01,4.295775927335538924e-01,-7.727189533961523193e-02,3.693350427631417188e-02,-1.636076292382738356e-02,-9.674857660845531324e-03,1.427073741826868566e-02,-3.422893856998607265e-03,1.421196198070123068e-02,3.353188377644921413e-03,-1.224103526784733539e-02,-1.501140736063157240e-04,3.792243889704035101e-03,-1.301282294527006389e-02,1.534442692799339175e-03,9.183803644333916882e-03
5.099999999999999645e+00,-1.604433157139410326e+01,-1.918438600560742557e+00,-4.636603530484376456e+00,-2.670751526252128638e-01,2.639761013730627104e-01,-4.830207135198409663e-02,3.006137328628030389e-02,-1.807675193586699008e-02,-8.527948856683304629e-03,1.026804821461905180e-02,2.749542132359202376e-04,1.336281076686687136e-02,3.129554977001676279e-03,-1.189695874003250491e-02,-5.667708926397432324e-04,3.866787251063913584e-03,-1.522539032948492382e-02,5.697924295080898996e-03,7.178806409243784076e-03
5.200000000000000178e+00,-1.549037642451200547e+01,-1.712215989890192525e+00,-4.054245721651549061e+00,-1.520922731562612817e-01,1.328740992615907168e-01,-2.346576063373773807e-02,2.510310737491890445e-02,-1.833505983319260943e-02,-6.844871383705107386e-03,6.852160980129195188e-03,2.588937265049386441e-03,1.140002547306604233e-02,2.408764716127519134e-03,-1.007726160900453832e-02,-8.532881674210911031e-04,3.496158357763804771e-03,-1.516521697851981945e-02,8.486170193569651105e-03,4.703250164707233061e-03
5.299999999999999822e+00,-1.490001069096427244e+01,-1.527119636493736943e+00,-3.530508039294732558e+00,-7.015953625754205170e-02,3.024480424435504675e-02,-1.642316745118768337e-03,2.115752330284325841e-02,-1.725085000999183882e-02,-4.883935850217282701e-03,4.062545478800955352e-03,3.659384681954759057e-03,8.655263342113023520e-03,1.371987328099631524e-03,-7.236430264284599706e-03,-9.728898319884657538e-04,2.745685784605289038e-03,-1.315237499720380704e-02,9.754584863594692457e-03,2.136922483740476362e-03
5.400000000000000355e+00,-1.429144194858609751e+01,-1.362871786427289234e+00,-3.061180028325430680e+00,-1.307200372210900324e-02,-4.887639790128429917e-02,1.764076187036307808e-02,1.771888664744171102e-02,-1.510902643039744794e-02,-2.855855245061533591e-03,1.893087597786603316e-03,3.710910577896980693e-03,5.476961487642253643e-03,1.857872599786963147e-04,-3.826888102059560967e-03,-9.252936916634719317e-04,1.719562013257921670e-03,-9.672771676859918955e-03,9.600548621579113248e-03,-2.413504161877882102e-04
5.500000000000000000e+00,-1.367803039498818229e+01,-1.218637376212928336e+00,-2.642010152624627128e+00,2.557415912541559366e-02,-1.086419816108774028e-01,3.451150098134976585e-02,1.453594991781596325e-02,-1.226297535772229337e-02,-9.213736060405069116e-04,3.024715877976021615e-04,3.004603241827452816e-03,2.185981355013223715e-03,-1.009243636810236433e-03,-2.527158663220892970e-04,-7.346205682160255115e-04,5.375949978328412732e-04,-5.273053433475963225e-03,8.274487856728325944e-03,-2.250346060792905289e-03
5.599999999999999645e+00,-1.306931899461197766e+01,-1.093153816694891312e+00,-2.268861863324169725e+00,5.075940068528685123e-02,-1.525555186391290008e-01,4.895018125722134378e-02,1.151191859472586523e-02,-9.066253653492076237e-03,8.063461848187326864e-04,-7.743072461110314143e-04,1.801774142894975277e-03,-9.503260252635998412e-04,-2.103872181829550235e-03,3.156209563318199476e-03,-4.384141288380138599e-04,-6.828647166448008343e-04,-4.827953865751896667e-04,6.102584522935303873e-03,-3.792871706725405804e-03
5.700000000000000178e+00,-1.247189222516279372e+01,-9.848651906505636600e-01,-1.937789114237475019e+00,6.632651105816872450e-02,-1.835825591022631487e-01,6.090814457522259612e-02,8.635949896854186805e-03,-5.831016434898706954e-03,2.256360542364123888e-03,-1.415342994297642473e-03,3.394497057725353803e-04,-3.729708499885551337e-03,-3.021090277825832365e-03,6.154276283236222861e-03,-7.886596373005106894e-05,-1.839198177867770213e-03,4.236256041849770920e-03,3.427077808659591274e-03,-4.838038192575676993e-03
5.799999999999999822e+00,-1.189008545739766909e+01,-8.920455756111977941e-01,-1.645067124345663157e+00,7.520480485514749458e-02,-2.042306702697700704e-01,7.037211734877540925e-02,5.938176472832024273e-03,-2.806716921004656987e-03,3.393048789301579028e-03,-1.703115211242437442e-03,-1.183847610891201364e-03,-6.016330780319696300e-03,-3.713890114173675795e-03,8.579009681213002961e-03,3.034660489639614232e-04,-2.850471678587008020e-03,8.517655460919891508e-03,5.649875273262688902e-04,-5.403179976289073164e-03
5.900000000000000355e+00,-1.132656310945502298e+01,-8.129036765624759742e-01,-1.387199968933384930e+00,7.959120223577986764e-02,-2.166115328468803392e-01,7.739220184479339570e-02,3.461737410780138524e-03,-1.731863312306163721e-04,4.208749522710331092e-03,-1.717980704677154980e-03,-2.614169021715472691e-03,-7.735403967577358583e-03,-4.161180330122700444e-03,1.034279682369437792e-02,6.736233387801110993e-04,-3.660075915130994902e-03,1.209962927110395589e-02,-2.216731256691025637e-03,-5.537552854893570270e-03
6.000000000000000000e+00,-1.078278200766542128e+01,-7.456659198040147540e-01,-1.160917388627651370e+00,8.109929569803492333e-02,-2.224924627225287055e-01,8.208705966375527685e-02,1.246704226923993656e-03,1.956836553767830195e-03,4.716658115787069477e-03,-1.533762118547277176e-03,-3.842302104035168198e-03,-8.864012363344477008e-03,-4.362815649391857918e-03,1.142070430393802086e-02,1.004298173079205738e-03,-4.235209990453488518e-03,1.482164026147303817e-02,-4.712840184983918199e-03,-5.308798832736962708e-03
6.200000000000000178e+00,-9.756333389259365774e+00,-6.402487384631438960e-01,-7.911084005097410721e-01,7.974026506682516113e-02,-2.203667513640697739e-01,8.526455670363029815e-02,-2.297418514378865746e-03,4.539447559828586540e-03,4.928750121423732151e-03,-8.164172796698359550e-04,-5.454286920325802576e-03,-9.452529212187468430e-03,-4.102685616700026995e-03,1.165067039583251272e-02,1.478885955746497231e-03,-4.653297576395475435e-03,1.747624648507963008e-02,-8.341144745315949571e-03,-4.064228578941023184e-03
6.400000000000000355e+00,-8.810081948979018307e+00,-5.638504406333494368e-01,-5.136995932686346800e-01,7.657536509207672759e-02,-2.067012849310242151e-01,8.179637214741612705e-02,-4.628301476535302134e-03,5.019647236271946797e-03,4.333197187053530221e-03,5.588753171509351983e-05,-5.853588759037833301e-03,-8.229151534648850019e-03,-3.165253911092479923e-03,9.815666897745548708e-03,1.663121164897881418e-03,-4.197423543901778256e-03,1.669739973243348011e-02,-9.845670041991589835e-03,-2.247482432366317527e-03
6.599999999999999645e+00,-7.939766405824211226e+00,-5.070247358618392708e-01,-3.098740906474853896e-01,7.370979601287054594e-02,-1.872811367419876249e-01,7.381485638634625868e-02,-5.865108616754592663e-03,3.893903889346322922e-03,3.259575310153410132e-03,8.455427000852941150e-04,-5.216936475284657260e-03,-5.834213078526377660e-03,-1.838469505289708206e-03,6.682261464722321492e-03,1.581569739094052570e-03,-3.111401751356677146e-03,1.334900629789520163e-02,-9.401415831659253389e-03,-3.197939065283975611e-04
6.799999999999999822e+00,-7.140497435074494526e+00,-4.628319439310513150e-01,-1.637190529951436380e-01,7.154008935980667172e-02,-1.657254805968706446e-01,6.330462017244273265e-02,-6.232908971592054752e-03,1.794514247977505375e-03,1.992948001790876937e-03,1.437725155868985845e-03,-3.874588294571114019e-03,-2.898764699777536119e-03,-3.878479819914614282e-04,2.996652475206945665e-03,1.306113724131981613e-03,-1.682589340966031410e-03,8.503733545048190040e-03,-7.523676718807359096e-03,1.413474116765374346e-03
7.000000000000000000e+00,-6.407932299860052083e+00,-4.265005995797963578e-01,-6.199829038332664577e-02,6.974675513025208051e-02,-1.441801897922959930e-01,5.188249835226149687e-02,-5.987499885363009762e-03,-6.900249964738383590e-04,7.453073535382478965e-04,1.800844501748901554e-03,-2.177858627021453386e-03,6.434338265616512675e-05,9.821059072781346093e-04,-6.419493725765418324e-04,9.220715218663374721e-04,-1.711609078696597203e-04,3.155472065553853456e-03,-4.823041219355088047e-03,2.788786614545687038e-03
7.200000000000000178e+00,-5.738494317266164657e+00,-3.949617111830197036e-01,6.103126327952391322e-03,6.784076049619994220e-02,-1.238275355832085395e-01,4.072338397665095644e-02,-5.365150921109488116e-03,-3.103028131297739037e-03,-3.469901628756731637e-04,1.951987869795438445e-03,-4.246149604709434713e-04,2.698771520034318541e-03,2.138097544107218310e-03,-3.823746785420769484e-03,5.066128973350081995e-04,1.225000920732897437e-03,-1.925283173673433129e-03,-1.852015741062299457e-03,3.749836351375188809e-03
7.400000000000000355e+00,-5.129176244528827588e+00,-3.663856076425651143e-01,4.926184363538102517e-02,6.542137090976224423e-02,-1.052442933135565306e-01,3.058214086175382526e-02,-4.557360604286710831e-03,-5.143236193292833811e-03,-1.212311064989095907e-03,1.931410821928700823e-03,1.170714414574758420e-03,4.799089732215013754e-03,3.011593196902174596e-03,-6.319204655477278498e-03,1.183496858132354265e-04,2.379179415470572372e-03,-6.231904113673351897e-03,9.680303608941565052e-04,4.310633356779921058e-03
7.599999999999999645e+00,-4.577234882462335008e+00,-3.397848426331334659e-01,7.431341605617935997e-02,6.226320581426580958e-02,-8.864288568590927841e-02,2.186505563199049595e-02,-3.703828331975377898e-03,-6.651030306399647457e-03,-1.827835740860128330e-03,1.785964629561140760e-03,2.478764642725294048e-03,6.283253002540093932e-03,3.584782919564845176e-03,-8.044660283086481692e-03,-2.051292161116024301e-04,3.228946186215431863e-03,-9.499698877443580464e-03,3.363843492582760213e-03,4.524553195479922782e-03
7.799999999999999822e+00,-4.079927022435017925e+00,-3.147044020198125347e-01,8.654668019044328697e-02,5.831364036620409474e-02,-7.402753137712812792e-02,1.471736141637688608e-02,-2.896232451917175009e-03,-7.577786066815040897e-03,-2.203629823115266402e-03,1.559655944974066514e-03,3.442014264761687585e-03,7.158166189050638520e-03,3.874863348292864260e-03,-9.020450413053960129e-03,-4.450876259179943444e-04,3.762006931138731254e-03,-1.165481249290247628e-02,5.194927051632951612e-03,4.461758365682352151e-03
8.000000000000000000e+00,-3.634340914245822063e+00,-2.909970403089619517e-01,8.998051725986910832e-02,5.365177707006739405e-02,-6.129165147452548396e-02,9.106761239583959985e-03,-2.187044970446974917e-03,-7.951575737519837525e-03,-2.369133961333856966e-03,1.289199741374825667e-03,4.056126776414576904e-03,7.487062366551069069e-03,3.919900407166472880e-03,-9.331740522896867993e-03,-5.974024140010662006e-04,4.000447520974051083e-03,-1.275606072508183447e-02,6.423892996488944802e-03,4.194492552210654125e-03
8.199999999999999289e+00,-3.237325666373776833e+00,-2.686707788330765512e-01,8.761287799240445595e-02,4.843827106937476090e-02,-5.027639065477742392e-02,4.893207912741282840e-03,-1.599631702511278330e-03,-7.846401999663755664e-03,-2.362893862808850432e-03,1.002706593196519376e-03,4.351462908943190197e-03,7.362792323384981935e-03,3.767665420078978450e-03,-9.096742127666342451e-03,-6.679237534366110150e-04,3.986573773003767966e-03,-1.294211731965913027e-02,7.084127422582598213e-03,3.788620646163056577e-03
8.400000000000000355e+00,-2.885497920300938546e+00,-2.477923671364703484e-01,8.163681625496099770e-02,4.287060042059312459e-02,-4.080436778350925164e-02,1.881958743512775201e-03,-1.137562597792671432e-03,-7.357975430378168105e-03,-2.225449234641842852e-03,7.201164748558961694e-04,4.377532117508092617e-03,6.888174389869275265e-03,3.467692540275926077e-03,-8.443533667443376203e-03,-6.683489902371518576e-04,3.771733164886238547e-03,-1.238951113830410664e-02,7.251065072760332596e-03,3.299608040161239233e-03
8.599999999999999645e+00,-2.575298832858295750e+00,-2.284312747426019141e-01,7.362227212045679980e-02,3.714938013477744883e-02,-3.269820023678727400e-02,-1.392562508126188661e-04,-7.922204244397643147e-04,-6.586527738300155393e-03,-1.994879862529163293e-03,4.544473741047801076e-04,4.191307136570078182e-03,6.162927678825027775e-03,3.066203885787180568e-03,-7.494809584736316505e-03,-6.129917076506793874e-04,3.408375370827161459e-03,-1.128254763180995199e-02,7.019676305117191796e-03,2.771374960698317833e-03
8.800000000000000711e+00,-2.303076648873780385e+00,-2.106312878859933901e-01,6.466513761427791773e-02,3.145636354733496315e-02,-2.578998806079667999e-02,-1.376347355071192054e-03,-5.485028239232960998e-04,-5.625851956454718666e-03,-1.704379605399684600e-03,2.132902592702778672e-04,3.849280670888010573e-03,5.275988532412929401e-03,2.603306843465104294e-03,-6.359059660202242073e-03,-5.165023793903943811e-04,2.945003932854290199e-03,-9.793949842978856568e-03,6.488533838162184944e-03,2.236834081286169680e-03
9.000000000000000000e+00,-2.065175839047638462e+00,-1.943997430744793531e-01,5.550680755692689178e-02,2.594243581981437938e-02,-1.992561893335068751e-02,-2.015153425682794999e-03,-3.887844732740975209e-04,-4.557251942356109822e-03,-1.381258758089615180e-03,2.396749330438839587e-07,3.402653385014512300e-03,4.301833296502066521e-03,2.111836617461163110e-03,-5.126499388865571327e-03,-3.924278990617019198e-04,2.423423001062560700e-03,-8.074052310413838696e-03,5.749672270576662580e-03,1.719281091518407890e-03
9.500000000000000000e+00,-1.597489249970444281e+00,-1.604134005170991251e-01,3.443848573844007777e-02,1.361442376796094533e-02,-8.957364720948320785e-03,-1.971080661587081180e-03,-2.453256378347362134e-04,-1.811647224275941132e-03,-5.576023852735876966e-04,-4.082857016677877678e-04,2.092813451664312513e-03,1.837020574955129486e-03,9.091084036868582983e-04,-2.044431267319310117e-03,-3.270114024629114033e-05,1.069041817805174450e-03,-3.505101508320522877e-03,3.482637977421982126e-03,5.858268317615361771e-04
1.000000000000000000e+01,-1.271518481738187489e+00,-1.347871314571565393e-01,1.802142676970638208e-02,3.968684485715835708e-03,-1.914190837776002727e-03,-8.621338549686871633e-04,-2.982868335895767428e-04,5.847331012263879899e-04,1.515586515228148530e-04,-6.638743781897653729e-04,8.332405090566126840e-04,-2.826930762760354945e-04,-9.769641586109207090e-05,5.799067748383226681e-04,3.088349214046739316e-04,-1.231310978339139953e-04,5.827703443563592156e-04,1.237712523026465207e-03,-2.613811178085326606e-04
1.050000000000000000e+01,-1.045700900986556547e+00,-1.158212511720714821e-01,6.419877867094140461e-03,-2.969160879831869021e-03,2.482317570862825271e-03,4.102665939896563488e-04,-4.120755248532785965e-04,2.403854671962723719e-03,6.832802726113144671e-04,-8.083464896315437943e-04,-1.814895037323609010e-04,-1.876696437997497392e-03,-8.432448218257386930e-04,2.540347320561191398e-03,5.788224692429542757e-04,-1.033595083395315393e-03,3.730515528289079369e-03,-5.975524216356936993e-04,-8.388549595581451697e-04
1.100000000000000000e+01,-8.885225607341303844e-01,-1.018218789149171050e-01,-1.269382122416321326e-03,-7.619766028100721442e-03,5.128501330304506556e-03,1.477591352266872243e-03,-5.213207549427910370e-04,3.651894958350550106e-03,1.044318656023940058e-03,-8.791879975803278298e-04,-9.139538437893651029e-04,-2.964155080732003983e-03,-1.346876166347409261e-03,3.869924187459257599e-03,7.673702310463602870e-04,-1.662136270381961867e-03,5.913598454025068354e-03,-1.932824009545312111e-03,-1.202911813318836409e-03
1.150000000000000000e+01,-7.773604386135211097e-01,-9.136524227592615621e-02,-6.104263089359586100e-03,-1.052670660270688466e-02,6.638318376931667993e-03,2.246144648219729895e-03,-6.025181811412231355e-04,4.430689528834337240e-03,1.267607117051838296e-03,-9.038969586379652947e-04,-1.398964558183491552e-03,-3.641307890811341669e-03,-1.658327672244713476e-03,4.691958569045286132e-03,8.848430520335337978e-04,-2.057762966482664171e-03,7.291098291820501121e-03,-2.819914826061103389e-03,-1.413020976027071305e-03
1.200000000000000000e+01,-6.966108868381177821e-01,-8.336577136830371215e-02,-8.980257429628060728e-03,-1.219121129566064915e-02,7.423449887376923177e-03,2.739839049646090180e-03,-6.526322083709462521e-04,4.861043220347935866e-03,1.389898697720192257e-03,-9.008445278518964526e-04,-1.693206549950580786e-03,-4.016527168183880656e-03,-1.829974898916083767e-03,5.142069012441053376e-03,9.477623643250061413e-04,-2.279833856553412606e-03,8.064807070557313690e-03,-3.357300970370709695e-03,-1.518400528124683353e-03
1.250000000000000000e+01,-6.358231797596023416e-01,-7.704537797099622609e-02,-1.056482922956719812e-02,-1.301268578642915744e-02,7.754703025349855838e-03,3.019228644885069927e-03,-6.766183144206890619e-04,5.049265003568791793e-03,1.442664047925282635e-03,-8.816936229269413828e-04,-1.851322006007222794e-03,-4.183195028159834503e-03,-1.905778454009789515e-03,5.336069351697365383e-03,9.720161009452821070e-04,-2.380965555193074318e-03,8.416283265112341899e-03,-3.643302958469257259e-03,-1.555505430305003213e-03
1.300000000000000000e+01,-5.881464303815632233e-01,-7.186885587057298408e-02,-1.132291870609579247e-02,-1.328399848580451986e-02,7.807247583732652291e-03,3.145898629691667569e-03,-6.812885292335289084e-04,5.077421576075630272e-03,1.449799174454414119e-03,-8.536288482399630173e-04,-1.917385498950791240e-03,-4.212551226657077798e-03,-1.918807640801521459e-03,5.361892170815407872e-03,9.704153545156711308e-04,-2.401931681480700808e-03,8.487243630941415651e-03,-3.758524370538988447e-03,-1.549677118995399644e-03
1.350000000000000000e+01,-5.491578989275981426e-01,-6.747814431188285667e-02,-1.156521389354150942e-02,-1.320866987409968080e-02,7.692752686245724059e-03,3.170107925821851174e-03,-6.727979416407448053e-04,5.004296377242728466e-03,1.428230258786055470e-03,-8.209920339432991154e-04,-1.923799753785285834e-03,-4.155238807063772917e-03,-1.892368664601300600e-03,5.281862200970287302e-03,9.523749436530686355e-04,-2.372009105298225444e-03,8.379872912146403563e-03,-3.762782913662858584e-03,-1.517826298676047334e-03
1.400000000000000000e+01,-5.160315588457814462e-01,-6.363799684655720157e-02,-1.149362574930062018e-02,-1.292293621125386802e-02,7.481504226344732819e-03,3.128836139494290541e-03,-6.559132041607667902e-04,4.869994438388217974e-03,1.389413230200944611e-03,-7.863703188555153361e-04,-1.893063231069465812e-03,-4.045631021524814103e-03,-1.842189583255862163e-03,5.138194798051778749e-03,9.244244383085160801e-04,-2.311207284475727715e-03,8.164195636169453013e-03,-3.697863370656090474e-03,-1.470919013641144640e-03
1.450000000000000000e+01,-4.869719581981762913e-01,-6.019545095622338277e-02,-1.123677265735252735e-02,-1.251549952259004179e-02,7.217229483021762697e-03,3.047686668971351810e-03,-6.340337827278672142e-04,4.700947136522579291e-03,1.340853537074789947e-03,-7.512847831632803869e-04,-1.840201688878402965e-03,-3.906299775701238715e-03,-1.778556998822173772e-03,4.958568076876789660e-03,8.909140635450728783e-04,-2.232732631132362377e-03,7.886510793680721193e-03,-3.591785253525421693e-03,-1.415912665753918864e-03
1.500000000000000000e+01,-4.608397593321877372e-01,-5.705137772934747858e-02,-1.087532578730566329e-02,-1.204285612750129880e-02,6.926822898622878380e-03,2.943683244803763088e-03,-6.094601835936432543e-04,4.514114450083765891e-03,1.287345337920312027e-03,-7.166146302184226618e-04,-1.774967128534970118e-03,-3.751691733869430643e-03,-1.708035283646627562e-03,4.760672871073700664e-03,8.546547931792929098e-04,-2.145070761593343735e-03,7.576603694288673758e-03,-3.462783721640984476e-03,-1.357140326193945505e-03
1.600000000000000000e+01,-4.147134696787335706e-01,-5.142272802869018306e-02,-1.001897049344528494e-02,-1.102950011284316127e-02,6.326381381367526813e-03,2.706993314139990049e-03,-5.576725652367803916e-04,4.125519035229450668e-03,1.176300763032068000e-03,-6.502703694511425235e-04,-1.629779859359117974e-03,-3.429314681337179531e-03,-1.561131267465172079e-03,4.350017756312392347e-03,7.802847824642008667e-04,-1.961446540498045996e-03,6.927795424670694924e-03,-3.177979118504270246e-03,-1.237836215609793662e-03
1.700000000000000000e+01,-3.744051259701687284e-01,-4.645485198063693116e-02,-9.132050359402052453e-03,-1.002962789755644339e-02,5.746151871289108259e-03,2.465828311481108471e-03,-5.069646165978882466e-04,3.748320211904090492e-03,1.068661802601699991e-03,-5.890655159982021187e-04,-1.483617041206169778e-03,-3.115977592771938982e-03,-1.418435555990048497e-03,3.951965460644592774e-03,7.086522380152114262e-04,-1.782496291694864177e-03,6.295669880707462085e-03,-2.892405558112576790e-03,-1.123708763977662988e-03
1.800000000000000000e+01,-3.384639154582627096e-01,-4.200651649546423283e-02,-8.287672138857447510e-03,-9.093681574163530248e-03,5.207399783814740252e-03,2.237325216750225484e-03,-4.596067808412106909e-04,3.397356750958117986e-03,9.685663290021474889e-04,-5.332564031920547943e-04,-1.345763920529190454e-03,-2.824296336203892428e-03,-1.285636882071668902e-03,3.581808977830253093e-03,6.421930877157840676e-04,-1.615740881399883692e-03,5.706673433054896410e-03,-2.623446061136880912e-03,-1.018133621111355983e-03
1.900000000000000000e+01,-3.061397152649518172e-01,-3.799887601371811779e-02,-7.508105507666938162e-03,-8.235155193422841191e-03,4.714827774668957014e-03,2.026701902745573283e-03,-4.161993626462754943e-04,3.076182076117831010e-03,8.769883379896643459e-04,-4.826013052232114341e-04,-1.218933579899085084e-03,-2.557323936495779163e-03,-1.164101279406042641e-03,3.243149602714374361e-03,5.814432073465474393e-04,-1.463047421141913098e-03,5.167362476853304236e-03,-2.376126121965128641e-03,-9.217479991969584592e-04
2.000000000000000000e+01,-2.769642424076864118e-01,-3.437904454158894479e-02,-6.796975200384503500e-03,-7.454007620855248629e-03,4.267250246051162293e-03,1.834682037986561836e-03,-3.767150189903250602e-04,2.784230613624663619e-03,7.937510723835153976e-04,-4.367091276112174060e-04,-1.103393745515048605e-03,-2.314625666374750795e-03,-1.053621264519902321e-03,2.935334114879408884e-03,5.262457532823526735e-04,-1.324213545745271323e-03,4.677009370825920519e-03,-2.150870984759032604e-03,-8.342174969649167543e-04
2.100000000000000000e+01,-2.505919831197724879e-01,-3.110606011150103198e-02,-6.151395754247602349e-03,-6.745598462490835778e-03,3.861572004995325949e-03,1.660401471863153303e-03,-3.409110200272977482e-04,2.519565996379052701e-03,7.182965264850935810e-04,-3.951630378441721566e-04,-9.985606002879544429e-04,-2.094604580352743637e-03,-9.534661790294245674e-04,2.656299292123305133e-03,4.762163660827758104e-04,-1.198343137096115861e-03,4.232444605723317994e-03,-1.946507103722080502e-03,-7.548995334160083686e-04
2.200000000000000000e+01,-2.267392499824446572e-01,-2.814541676884983051e-02,-5.566469039045564629e-03,-6.104013814362489049e-03,3.494243692888026210e-03,1.502508609455101675e-03,-3.084857101316127457e-04,2.279904442178554754e-03,6.499713671340394796e-04,-3.575628171398106936e-04,-9.035971552738259307e-04,-1.895366756824924887e-03,-8.627724927079830682e-04,2.403629223020974093e-03,4.309166380540488785e-04,-1.084359207936688935e-03,3.829862757579185865e-03,-1.761389879130616535e-03,-6.830865068650889211e-04
2.300000000000000000e+01,-2.051600401717726674e-01,-2.546683837043607623e-02,-5.036917322996221046e-03,-5.523266736189553529e-03,3.161777225252427985e-03,1.359568459426622198e-03,-2.791355532730120572e-04,2.062982197999945096e-03,5.881293843997907047e-04,-3.235378763517183956e-04,-8.176314102387051809e-04,-1.715031962255347993e-03,-7.806837911623533020e-04,2.174934251329571199e-03,3.899162200170497436e-04,-9.811884872962509021e-04,3.465472551115489873e-03,-1.593814716524967218e-03,-6.180914936010392484e-04
2.400000000000000000e+01,-1.856357018944113924e-01,-2.304327913659304228e-02,-4.557653036711644193e-03,-4.997705025699416409e-03,2.860914500509576484e-03,1.230204043498515703e-03,-2.525745542161795523e-04,1.866677970334594755e-03,5.321655119442177291e-04,-2.927497872585689618e-04,-7.398319219187397388e-04,-1.551837313469477510e-03,-7.063974112856006215e-04,1.967976833967766126e-03,3.528132603219582154e-04,-8.878233097787548806e-04,3.135714790847789549e-03,-1.442159113626612392e-03,-5.592757199307268239e-04
2.500000000000000000e+01,-1.679698425215805091e-01,-2.085039575576486115e-02,-4.123957735502657186e-03,-4.522127665315688744e-03,2.588669907424360518e-03,1.113140402884096620e-03,-2.285397397317999186e-04,1.689045405687079112e-03,4.815247539301700775e-04,-2.648911862246272533e-04,-6.694307077071096502e-04,-1.404164965393563981e-03,-6.391768357672486826e-04,1.780704575896616994e-03,3.192395502391798734e-04,-8.033384203012298129e-04,2.837321480034697176e-03,-1.304925388198410665e-03,-5.060548526899011400e-04
5.000000000000000000e+01,-1.378778816808010933e-02,-1.711503275881469431e-03,-3.385163435299985788e-04,-3.711998081378669093e-04,2.124913829935746350e-04,9.137245207958929105e-05,-1.875973104665681508e-05,1.386455896810186530e-04,3.952604236480978785e-05,-2.174360528588854442e-05,-5.495039321241803053e-05,-1.152611322543956604e-04,-5.246694365646686664e-05,1.461694419870705080e-04,2.620482927647382020e-05,-6.594218327088140804e-05,2.329020588671285388e-04,-1.071151283309618174e-04,-4.153958243876800855e-05
1.000000000000000000e+02,-9.290138591114147299e-05,-1.153201836165049323e-05,-2.280905181029340477e-06,-2.501124633303642640e-06,1.431755676373077503e-06,6.156627392887497514e-07,-1.264020735094718114e-07,9.341866349276550206e-07,2.663243785376952620e-07,-1.465072599853516436e-07,-3.702528370441787416e-07,-7.766234001846986845e-07,-3.535194855612773726e-07,9.848819529947794771e-07,1.765667507849638437e-07,-4.443149358831795433e-07,1.569281728624596327e-06,-7.217360574942592293e-07,-2.798915048365603939e-07
