2D 
0
58777362.47880989,-42533367.23378459,17041444.54398175,-3146384.143231873,206709.5160548131,-1887.803595056994,-40.02953707925712,-0.2507830839922996
10
51637209.3339175,-35885972.05259401,14526225.18492295,-2703821.966036747,174317.7488563319,-1808.684839450852,-41.32024792692302,-0.2352174159760443
20
32477987.84822347,-18529862.10795689,8097129.461399782,-1594863.346118062,94409.06011974171,-1621.795999841704,-44.4982189704689,-0.1981394437614975
30
6413010.175850058,3928600.728875541,111469.5030849984,-273952.5366590176,2649.754359063734,-1431.947124603566,-48.11239622329611,-0.1595194959441474
40
-33822329.00831039,36785974.10893137,-10751967.2299793,1384523.388734138,-103366.8829595357,-1257.345736411294,-51.83989274071043,-0.1228540869655723
50
-34912592.45727772,35377506.2132681,-10227538.63391189,1280689.363651939,-95981.4413526218,-1349.158495160971,-52.44077421255209,-0.1327255530819965
60
-17796642.14515061,17832665.06702815,-4255500.37247009,321821.3930471936,-32760.98266811612,-1582.974664921118,-51.3762396726131,-0.1684655291570062
70
-16592051.87844707,17243887.71923827,-4996289.530296398,580486.8591966147,-59998.21305912201,-1565.119014947436,-54.51425254487982,-0.1358739164075919
80
-15093305.07937085,17462230.54003309,-6267694.963456478,972415.8519747661,-99498.98630511708,-1506.562941435324,-58.39059098776511,-0.09125308506770168
2D 
0
39600917.73585803,-26433252.52942788,11902732.23886678,-2389433.439560725,160638.2312954237,-1796.761528726051,-41.1885078404683,-0.2343861450033089
10
30644252.11960413,-18260753.81834473,8900741.835219113,-1875168.131517746,123882.3012074439,-1709.018688288556,-42.58900384464011,-0.2172672534368795
20
8476800.628158785,1620998.248460696,1665531.06926502,-647465.9211875895,36746.36820332815,-1507.848012299634,-45.94878331313839,-0.1776170856018139
30
-28203694.13155596,33492656.20394257,-9491990.368158728,1166499.956783694,-86668.74105318432,-1248.403062127687,-50.51204143455433,-0.1249206473411851
40
-37526296.99490646,40052963.68873297,-11847279.16560527,1553977.867216681,-114197.6266456244,-1233.731946042319,-52.16031927327138,-0.1181169194554139
50
-29659456.35843454,30509247.6366627,-8512802.512121083,1002011.421871473,-77271.81247549833,-1394.199848241676,-51.78900343808125,-0.1427909125593309
60
-19811702.4859852,19894912.03303982,-5057574.453095075,465743.5351465768,-43429.14205560276,-1551.610213167542,-51.8923890420327,-0.1597841276696436
70
-20755693.19518649,21951193.15545665,-7018720.517333518,981358.5305212481,-92823.64557017875,-1447.148990814136,-56.71838380839456,-0.09562270420216396
80
-15518206.5100897,17993007.40863086,-6519652.441084937,1027594.054159765,-104491.2175245107,-1484.639653156817,-58.85428471607904,-0.0820874069987509
90
-12679360.904472,16556832.730361,-6721272.41886791,1149588.18566474,-117638.952654838,-1552.491596662695,-59.97355287575169,-0.0922068837960168
100
-16840335.31416053,22767123.66262748,-9808348.439247524,1801771.604271555,-173383.1715236513,-1458.90074659063,-64.34466614270093,-0.03880505966298084
110
-23721042.11402076,30734113.63803383,-12723370.12315938,2283027.202346353,-207794.273853754,-1483.231158638911,-66.21892240490543,-0.03433678088955747
120
-31553712.55195615,38479847.60173976,-14564677.90527992,2424395.979548712,-210425.8502331041,-1631.801293278087,-66.09549868263127,-0.06265629925982338
130
-42740106.10319728,49617860.71711618,-17112362.7065721,2622629.048816391,-218006.8806384908,-1751.720844317497,-67.13335855850222,-0.06353261310045576
140
-56014532.54542199,63830564.25351702,-20466159.88425663,2910474.694936909,-232234.4176520551,-1856.234640058734,-68.83645841600774,-0.04790801076471332
150
-46405041.54893982,59332580.09034981,-17562499.58145538,2227832.685906296,-185787.8444519841,-2101.788907954437,-68.59200565031762,-0.0580941255666038
160
6459818.590381965,19094017.88715383,-3464871.489768276,-51283.76515388992,-47870.95190621871,-2506.142248203068,-65.96451340446058,-0.09958837841963572
170
71510080.53895299,-31849890.74515006,13697908.9493123,-2709862.564649701,107477.9902656743,-2887.239316924802,-62.97121030876112,-0.1431390411159073
180
71072633.58707476,-31258902.3370882,14269052.71597557,-2896048.558385491,117454.9082777281,-2934.351396499557,-63.04223797437475,-0.1424009042871746
