R,theta,E_cm
2.5,0.0,2592.7884123703093
2.6,0.0,1842.3074977854762
2.7,0.0,1281.2932838966544
2.8,0.0,871.5003413750429
2.9,0.0,576.6146819425138
3.0,0.0,372.95576337327134
3.1,0.0,232.78899785261538
3.2,0.0,139.00897144528537
3.3,0.0,76.29153245816967
3.4,0.0,35.22122146068118
3.5,0.0,7.932558682879516
3.6,0.0,-7.869643867761572
3.7,0.0,-15.537616668092488
3.8,0.0,-19.953293908467252
3.9,0.0,-21.334645718936347
4.0,0.0,-21.400050697038054
4.1,0.0,-20.87430075437716
4.2,0.0,-19.93047425268608
4.3,0.0,-18.05821782686835
4.4,0.0,-16.1166625079908
4.5,0.0,-14.215007019716879
4.6,0.0,-12.425251107514564
4.7,0.0,-10.793654982359389
4.8,0.0,-9.344205456815688
4.9,0.0,-8.081295323666208
5.0,0.0,-6.995073679606069
5.1,0.0,-6.067445939119627
5.2,0.0,-5.2801318441408585
5.3,0.0,-4.605658210457749
5.4,0.0,-4.028709889323552
5.5,0.0,-3.533453095795501
5.6,0.0,-3.106958363339835
5.7,0.0,-2.7383019979749843
5.8,0.0,-2.4187256485630564
5.9,0.0,-2.1409284892761016
6.0,0.0,-1.8988648701693656
6.2,0.0,-1.5026784875943466
6.4,0.0,-1.1980896192132222
6.6,0.0,-0.9618864141499516
6.8,0.0,-0.7775604271886708
7.0,0.0,-0.631770013766978
7.2,0.0,-0.5162131085716856
7.4,0.0,-0.42385555049381296
7.6,0.0,-0.3492444937516996
7.8,0.0,-0.28883366156125845
8.0,0.0,-0.239454721878286
8.2,0.0,-0.1990463728618677
8.4,0.0,-0.16569895778157004
8.6,0.0,-0.13803593725819696
8.8,0.0,-0.11497441842644107
9.0,0.0,-0.0957453686688882
9.5,0.0,-0.05947148147604935
10.0,0.0,-0.034945628727450495
10.5,0.0,-0.018237684779622895
11.0,0.0,-0.006576337655691163
11.5,0.0,0.0013934439368729556
12.0,0.0,0.006991144935645082
12.5,0.0,0.010767644953111671
13.0,0.0,0.013361175252470617
13.5,0.0,0.015087782445993554
14.0,0.0,0.016273166209791582
14.5,0.0,0.01693356365221632
15.0,0.0,0.01741465114530513
16.0,0.0,0.017465130899179684
17.0,0.0,0.017159623124618408
18.0,0.0,0.016569675894150322
19.0,0.0,0.01582872917007194
20.0,0.0,0.015125752203402811
21.0,0.0,0.01434947121107328
22.0,0.0,0.013563091149046755
23.0,0.0,0.013022744136426496
24.0,0.0,0.012323279076020129
25.0,0.0,0.011709409713193822
50.0,0.0,0.003972708286635225
100.0,0.0,0.0
2.5,5.0,2511.969611235838
2.6,5.0,1810.55558422502
2.7,5.0,1265.3361105320369
2.8,5.0,863.1482248946587
2.9,5.0,574.1264818211724
3.0,5.0,371.2031258931018
3.1,5.0,232.17306732518074
3.2,5.0,138.89379028287095
3.3,5.0,76.60965347487388
3.4,5.0,35.69057673849854
3.5,5.0,8.058328183416611
3.6,5.0,-7.700154802105497
3.7,5.0,-15.21267086663749
3.8,5.0,-19.609396472898084
3.9,5.0,-21.205362431426476
4.0,5.0,-21.088319026135114
4.1,5.0,-20.59544396938362
4.2,5.0,-19.682581168599686
4.3,5.0,-17.84458363477001
4.4,5.0,-15.938054930550654
4.5,5.0,-14.070216969363319
4.6,5.0,-12.311196727436991
4.7,5.0,-10.706135299720856
4.8,5.0,-9.278329487171666
4.9,5.0,-8.032393741245516
5.0,5.0,-6.958919621399566
5.1,5.0,-6.0439149663741425
5.2,5.0,-5.259915814609821
5.3,5.0,-4.590171860959075
5.4,5.0,-4.016620345387174
5.5,5.0,-3.5237615319818727
5.6,5.0,-3.0990605664688915
5.7,5.0,-2.7317199526918854
5.8,5.0,-2.4132806998921037
5.9,5.0,-2.136288353496672
6.0,5.0,-1.8949922387355307
6.2,5.0,-1.499786906863121
6.4,5.0,-1.196341064165018
6.6,5.0,-0.960296758824988
6.8,5.0,-0.7761566658575552
7.0,5.0,-0.6308666554133963
7.2,5.0,-0.515517155417542
7.4,5.0,-0.42337072965099365
7.6,5.0,-0.34893020309255934
7.8,5.0,-0.2885235440198621
8.0,5.0,-0.23921681050197763
8.2,5.0,-0.19886091239818882
8.4,5.0,-0.1654948430449271
8.6,5.0,-0.13796438606674585
8.8,5.0,-0.11490440486357571
9.0,5.0,-0.09567623464204957
9.5,5.0,-0.059382592196752175
10.0,5.0,-0.03494650514455515
10.5,5.0,-0.018246901194371078
11.0,5.0,-0.006598064066904641
11.5,5.0,0.001361621574884566
12.0,5.0,0.0069375930435211335
12.5,5.0,0.010779057089004595
13.0,5.0,0.013324964567114819
13.5,5.0,0.01506013008282693
14.0,5.0,0.016236075988409055
14.5,5.0,0.016894717477702416
15.0,5.0,0.01727002049058342
16.0,5.0,0.01750002851833955
17.0,5.0,0.01703715864912354
18.0,5.0,0.016538293300175297
19.0,5.0,0.0157778127671061
20.0,5.0,0.015109511976129114
21.0,5.0,0.014310625036559372
22.0,5.0,0.013650445918680277
23.0,5.0,0.01286297111500346
24.0,5.0,0.012301116015715366
25.0,5.0,0.011693609253933488
50.0,5.0,0.0039029192861596584
100.0,5.0,0.0
2.5,10.0,2327.8950257997835
2.6,10.0,1728.2673429399729
2.7,10.0,1222.5534417915242
2.8,10.0,838.7095611169144
2.9,10.0,560.9636153289673
3.0,10.0,364.67568702839606
3.1,10.0,229.13641700397235
3.2,10.0,136.75945810482756
3.3,10.0,75.5899339614925
3.4,10.0,35.57625833231008
3.5,10.0,8.151433708912165
3.6,10.0,-7.072100934094804
3.7,10.0,-14.369179604846478
3.8,10.0,-18.763256809611548
3.9,10.0,-20.353646575227838
4.0,10.0,-20.28325030814749
4.1,10.0,-19.870435208483336
4.2,10.0,-19.03998183631437
4.3,10.0,-17.287866042646616
4.4,10.0,-15.469719334404793
4.5,10.0,-13.687687613632571
4.6,10.0,-12.007430449803248
4.7,10.0,-10.47081943110844
4.8,10.0,-9.099535797413127
4.9,10.0,-7.898149449490409
5.0,10.0,-6.858514807704648
5.1,10.0,-5.96839111030131
5.2,10.0,-5.202443746203841
5.3,10.0,-4.5456182898379
5.4,10.0,-3.9814251748229768
5.5,10.0,-3.4953942183067124
5.6,10.0,-3.0757668438882346
5.7,10.0,-2.7123837991500848
5.8,10.0,-2.396938617980019
5.9,10.0,-2.1224463090756585
6.0,10.0,-1.8831430233400739
6.2,10.0,-1.4910428185559044
6.4,10.0,-1.189443633481129
6.6,10.0,-0.9552999774245635
6.8,10.0,-0.7723086146486375
7.0,10.0,-0.6279500546892401
7.2,10.0,-0.5133017757069236
7.4,10.0,-0.42156291820218017
7.6,10.0,-0.347551683197842
7.8,10.0,-0.287461944035599
8.0,10.0,-0.23834856809210153
8.2,10.0,-0.19817022710343934
8.4,10.0,-0.1649830279315002
8.6,10.0,-0.13749514735864124
8.8,10.0,-0.11460065304214581
9.0,10.0,-0.09534219184937286
9.5,10.0,-0.059139852729063025
10.0,10.0,-0.03477729114599413
10.5,10.0,-0.018104023373858667
11.0,10.0,-0.006542756221649313
11.5,10.0,0.0014439236907475106
12.0,10.0,0.007018800417733786
12.5,10.0,0.010842046839344447
13.0,10.0,0.013344498376105634
13.5,10.0,0.015154505546063889
14.0,10.0,0.01625363551972285
14.5,10.0,0.0170024824734314
15.0,10.0,0.017332570472909908
16.0,10.0,0.017449770207932716
17.0,10.0,0.01715918647552712
18.0,10.0,0.016592063516844887
19.0,10.0,0.015856602976706286
20.0,10.0,0.015138923411349196
21.0,10.0,0.014458552391920279
22.0,10.0,0.013655055685515408
23.0,10.0,0.012969416806692351
24.0,10.0,0.0123351340988485
25.0,10.0,0.011732676871915117
50.0,10.0,0.003919377837978999
100.0,10.0,0.0
2.5,15.0,2146.46251304861
2.6,15.0,1627.6374132465812
2.7,15.0,1164.4877125013384
2.8,15.0,803.7459679721613
2.9,15.0,539.6879251063948
3.0,15.0,351.93075027196414
3.1,15.0,221.69057864671873
3.2,15.0,132.29943579639163
3.3,15.0,73.05268037870077
3.4,15.0,34.3912261365279
3.5,15.0,7.706959394954735
3.6,15.0,-6.783892775475733
3.7,15.0,-12.714956301948494
3.8,15.0,-17.785010538812575
3.9,15.0,-19.38220050583581
4.0,15.0,-19.91437095856741
4.1,15.0,-18.988282393652057
4.2,15.0,-18.240689252857752
4.3,15.0,-16.16871991557815
4.4,15.0,-14.868327902405873
4.5,15.0,-13.188000725013687
4.6,15.0,-11.603510877707935
4.7,15.0,-10.152032091009852
4.8,15.0,-8.852521491455397
4.9,15.0,-7.708939274215814
5.0,15.0,-6.717425102648112
5.1,15.0,-5.8573536292441615
5.2,15.0,-5.116122181887961
5.3,15.0,-4.4774299388876315
5.4,15.0,-3.926557175554066
5.5,15.0,-3.4505487472680128
5.6,15.0,-3.038636126421413
5.7,15.0,-2.681167702592489
5.8,15.0,-2.3705169471582583
5.9,15.0,-2.0998790489449375
6.0,15.0,-1.8637950178943667
6.2,15.0,-1.4767185856623075
6.4,15.0,-1.1787170304236758
6.6,15.0,-0.9472483334841498
6.8,15.0,-0.7662361918767431
7.0,15.0,-0.6236505488659215
7.2,15.0,-0.5097267549369419
7.4,15.0,-0.41879973101732476
7.6,15.0,-0.34533345279244204
7.8,15.0,-0.28564491305311523
8.0,15.0,-0.23699836177203196
8.2,15.0,-0.19709787307584237
8.4,15.0,-0.16410776482802064
8.6,15.0,-0.1367645180288055
8.8,15.0,-0.11393213392662319
9.0,15.0,-0.09477594842671735
9.5,15.0,-0.05878496306119956
10.0,15.0,-0.03448912145927892
10.5,15.0,-0.0178667700901093
11.0,15.0,-0.006374421759115023
11.5,15.0,0.001588339139845658
12.0,15.0,0.006995096609921206
12.5,15.0,0.010799688758567783
13.0,15.0,0.013432726443921723
13.5,15.0,0.015164161728825435
14.0,15.0,0.016323645963666138
14.5,15.0,0.016990409126057388
15.0,15.0,0.0174008280826439
16.0,15.0,0.01746030592672099
17.0,15.0,0.017214054552769083
18.0,15.0,0.01657296947586744
19.0,15.0,0.015865601066908822
20.0,15.0,0.015156919591754275
21.0,15.0,0.014421677376161313
22.0,15.0,0.013673051865920485
23.0,15.0,0.013013749165146039
24.0,15.0,0.012406463846831884
25.0,15.0,0.01172828542962563
50.0,15.0,0.004059183520242015
100.0,15.0,0.0
2.5,20.0,2008.1959720423017
2.6,20.0,1526.3438475842604
2.7,20.0,1096.418598868531
2.8,20.0,760.0892173762423
2.9,20.0,511.579831629398
3.0,20.0,334.3681741978195
3.1,20.0,209.80148299189432
3.2,20.0,125.22279634723662
3.3,20.0,68.73167505822565
3.4,20.0,31.94806220831042
3.5,20.0,6.427496484230939
3.6,20.0,-5.151722940198442
3.7,20.0,-13.065616405816293
3.8,20.0,-17.149651896418575
3.9,20.0,-18.608806147627085
4.0,20.0,-19.11166356713024
4.1,20.0,-18.8926024287792
4.2,20.0,-17.49917665650844
4.3,20.0,-15.912237251465491
4.4,20.0,-14.277969897424086
4.5,20.0,-12.68434332071039
4.6,20.0,-10.891079547487253
4.7,20.0,-9.813047160447567
4.8,20.0,-8.582587449744771
4.9,20.0,-7.496127672864855
5.0,20.0,-6.549994491257093
5.1,20.0,-5.724970922273459
5.2,20.0,-5.010299413792698
5.3,20.0,-4.391720924630538
5.4,20.0,-3.8561538846611922
5.5,20.0,-3.392069731749388
5.6,20.0,-2.989490051698822
5.7,20.0,-2.639562336232912
5.8,20.0,-2.3351360978058366
5.9,20.0,-2.0695976933348983
6.0,20.0,-1.8377765207731993
6.2,20.0,-1.457354118545859
6.4,20.0,-1.1642075616287897
6.6,20.0,-0.9364168192446716
6.8,20.0,-0.7580701988960883
7.0,20.0,-0.6182124056829489
7.2,20.0,-0.5048201790009326
7.4,20.0,-0.41498592245393
7.6,20.0,-0.34235562138999953
7.8,20.0,-0.28337532647673597
8.0,20.0,-0.2351795748364168
8.2,20.0,-0.19565263319997683
8.4,20.0,-0.16297966318715496
8.6,20.0,-0.13585523372327074
8.8,20.0,-0.11320852529039087
9.0,20.0,-0.09417502570944762
9.5,20.0,-0.05840966004831856
10.0,20.0,-0.03430717602078488
10.5,20.0,-0.017767787978959292
11.0,20.0,-0.006376614361337687
11.5,20.0,0.0015347872477217096
12.0,20.0,0.006925083047055836
12.5,20.0,0.010747453051561849
13.0,20.0,0.013334842193344089
13.5,20.0,0.015026770092252804
14.0,20.0,0.016175721727227314
14.5,20.0,0.01687979343554673
15.0,20.0,0.017207252183711292
16.0,20.0,0.017370540230319167
17.0,20.0,0.01704901055302983
18.0,20.0,0.01643667569986718
19.0,20.0,0.015813808246838333
20.0,20.0,0.015015139631814237
21.0,20.0,0.014291749320127565
22.0,20.0,0.013549046642917801
23.0,20.0,0.012902693706622018
24.0,20.0,0.012300018155142993
25.0,20.0,0.011611085694602822
50.0,20.0,0.003934523323602406
100.0,20.0,0.0
2.5,25.0,1895.9581670013508
2.6,25.0,1429.7839386111452
2.7,25.0,1023.9446985476646
2.8,25.0,709.7552138743874
2.9,25.0,477.97835642038393
3.0,25.0,312.0715988271164
3.1,25.0,195.29050038763037
3.2,25.0,115.93647073917542
3.3,25.0,62.95923462531834
3.4,25.0,28.569457683459504
3.5,25.0,4.5371415243422115
3.6,25.0,-5.9645801524326965
3.7,25.0,-13.18857509010944
3.8,25.0,-16.838775957929048
3.9,25.0,-18.085830367637847
4.0,25.0,-18.517834791349017
4.1,25.0,-18.267669266872538
4.2,25.0,-16.886978511938427
4.3,25.0,-15.339264710756177
4.4,25.0,-13.759560506301682
4.5,25.0,-12.229107727519814
4.6,25.0,-10.796351006676161
4.7,25.0,-9.488191785900453
4.8,25.0,-8.315751071541847
4.9,25.0,-7.278895635724747
5.0,25.0,-6.373297440726642
5.1,25.0,-5.580570880650391
5.2,25.0,-4.891365233725177
5.3,25.0,-4.29285945650553
5.4,25.0,-3.773234175442457
5.5,25.0,-3.3220279145688902
5.6,25.0,-2.9299597535901767
5.7,25.0,-2.588725646677609
5.8,25.0,-2.291485448389151
5.9,25.0,-2.032174417857994
6.0,25.0,-1.8054073025818074
6.2,25.0,-1.433201594532464
6.4,25.0,-1.1460183823253645
6.6,25.0,-0.9225300026971907
6.8,25.0,-0.7473863936874253
7.0,25.0,-0.6089909601134518
7.2,25.0,-0.49850787057505275
7.4,25.0,-0.4100321603457633
7.6,25.0,-0.3384908933047169
7.8,25.0,-0.28026054008681217
8.0,25.0,-0.23275920709097292
8.2,25.0,-0.19369140821186265
8.4,25.0,-0.16137969358687074
8.6,25.0,-0.1345857918904784
8.8,25.0,-0.11207471914103977
9.0,25.0,-0.09322821141451698
9.5,25.0,-0.057710631637003476
10.0,25.0,-0.03385264303029033
10.5,25.0,-0.017489932567564637
11.0,25.0,-0.0061744770212938255
11.5,25.0,0.0017002710154743284
12.0,25.0,0.0070262608793505875
12.5,25.0,0.01081022447735606
13.0,25.0,0.013320576243747412
13.5,25.0,0.015083394122626147
14.0,25.0,0.01616277196274865
14.5,25.0,0.016816367036115595
15.0,25.0,0.017188376467279484
16.0,25.0,0.017342448099139176
17.0,25.0,0.0169937027077745
18.0,25.0,0.016451821185490587
19.0,25.0,0.015800858482359674
20.0,25.0,0.015053109389223494
21.0,25.0,0.014315674571407868
22.0,25.0,0.013592942352280203
23.0,25.0,0.0129847806168614
24.0,25.0,0.012305944107096138
25.0,25.0,0.011638741176691525
50.0,25.0,0.0038958954736341414
100.0,25.0,0.0
2.5,30.0,1796.70566447585
2.6,30.0,1332.7980486949657
2.7,30.0,948.2361951765176
2.8,30.0,655.2724013327227
2.9,30.0,439.9620384105275
3.0,30.0,285.4996787372626
3.1,30.0,178.2927587319021
3.2,30.0,105.08525107201886
3.3,30.0,56.02554448860768
3.4,30.0,24.663210688337323
3.5,30.0,4.507664326650058
3.6,30.0,-7.747482751103954
3.7,30.0,-13.271763220000276
3.8,30.0,-16.64359783129657
3.9,30.0,-18.300965547225324
4.0,30.0,-18.762480750062686
4.1,30.0,-17.735954887878943
4.2,30.0,-16.359564736628723
4.3,30.0,-14.838944200640931
4.4,30.0,-13.299899867555121
4.5,30.0,-11.521427585418165
4.6,30.0,-10.438269368458048
4.7,30.0,-9.182097326501204
4.8,30.0,-8.05754267977169
4.9,30.0,-7.065872462294451
5.0,30.0,-6.191956312099251
5.1,30.0,-5.428220591243748
5.2,30.0,-4.762734009897934
5.3,30.0,-4.183740402587706
5.4,30.0,-3.6803040082219627
5.5,30.0,-3.242630775207507
5.6,30.0,-2.8618161747663753
5.7,30.0,-2.530189567360597
5.8,30.0,-2.241137749675489
5.9,30.0,-1.9886822283965355
6.0,30.0,-1.7679050154518348
6.2,30.0,-1.4050008624856287
6.4,30.0,-1.1246821576209356
6.6,30.0,-0.9063397966958211
6.8,30.0,-0.7350203167626151
7.0,30.0,-0.5992882056073983
7.2,30.0,-0.491086994317298
7.4,30.0,-0.4042163032231413
7.6,30.0,-0.3330773303466614
7.8,30.0,-0.2766723512278061
8.0,30.0,-0.2298601690170527
8.2,30.0,-0.19119466430250895
8.4,30.0,-0.15952886596472154
8.6,30.0,-0.13303827632174575
8.8,30.0,-0.11086299919919312
9.0,30.0,-0.09213896218600937
9.5,30.0,-0.05704935777747409
10.0,30.0,-0.03333687936150938
10.5,30.0,-0.017152162663001604
11.0,30.0,-0.0059192306760614604
11.5,30.0,0.0018174707504971365
12.0,30.0,0.007125024665954953
12.5,30.0,0.010882648966989735
13.0,30.0,0.013403754776715005
13.5,30.0,0.01508646626087554
14.0,30.0,0.016121508623622275
14.5,30.0,0.01680604964187296
15.0,30.0,0.017194739068323913
16.0,30.0,0.017369660694292435
17.0,30.0,0.017043742693635695
18.0,30.0,0.016444357604951707
19.0,30.0,0.01577605681397472
20.0,30.0,0.015011624606629397
21.0,30.0,0.014283409322484033
22.0,30.0,0.013639688756424278
23.0,30.0,0.012900937753490637
24.0,30.0,0.012266436721101144
25.0,30.0,0.011646859730867334
50.0,30.0,0.003981927820305486
100.0,30.0,0.0
2.5,35.0,1693.649826608782
2.6,35.0,1232.6080973799956
2.7,35.0,870.0928176507944
2.8,35.0,596.7247103623727
2.9,35.0,398.91622517053753
3.0,35.0,257.8055240670096
3.1,35.0,159.94155588332907
3.2,35.0,93.1449096279866
3.3,35.0,49.021892641111236
3.4,35.0,19.835133813670918
3.5,35.0,2.3648404559498863
3.6,35.0,-8.607191652934956
3.7,35.0,-14.317333772457385
3.8,35.0,-17.020417114384905
3.9,35.0,-18.698007883657223
4.0,35.0,-18.266438677452104
4.1,35.0,-17.21757775888654
4.2,35.0,-15.852455877010435
4.3,35.0,-14.361399890365506
4.4,35.0,-12.862492634929232
4.5,35.0,-11.426857064794286
4.6,35.0,-10.094485845280028
4.7,35.0,-8.88446382901946
4.8,35.0,-7.802128642574739
4.9,35.0,-6.8474486787895
5.0,35.0,-6.005289845462698
5.1,35.0,-5.268504733424606
5.2,35.0,-4.625866776408248
5.3,35.0,-4.066216346452346
5.4,35.0,-3.579309465621121
5.5,35.0,-3.1557499850436534
5.6,35.0,-2.786987616874049
5.7,35.0,-2.465767180709007
5.8,35.0,-2.1854912736931036
5.9,35.0,-1.9405692186400927
6.0,35.0,-1.726274850542795
6.2,35.0,-1.3736181842997082
6.4,35.0,-1.1010179663566226
6.6,35.0,-0.8883409028285333
6.8,35.0,-0.7211820025724097
7.0,35.0,-0.5886546618280641
7.2,35.0,-0.48283255494428146
7.4,35.0,-0.39771370936112393
7.6,35.0,-0.3287988928419972
7.8,35.0,-0.27261426556813645
8.0,35.0,-0.22665540172510348
8.2,35.0,-0.1887808837204993
8.4,35.0,-0.1574833614641453
8.6,35.0,-0.13131035606202687
8.8,35.0,-0.1094566086167636
9.0,35.0,-0.09109316577992871
9.5,35.0,-0.05628777938383252
10.0,35.0,-0.03284503782508665
10.5,35.0,-0.01688133106413247
11.0,35.0,-0.0058151990300629565
11.5,35.0,0.0018229569344369169
12.0,35.0,0.007170894652994378
12.5,35.0,0.010797932805436403
13.0,35.0,0.013310695498596061
13.5,35.0,0.014902106776691114
14.0,35.0,0.01598631270819439
14.5,35.0,0.016699385625638427
15.0,35.0,0.0170768812407421
16.0,35.0,0.017174986934787456
17.0,35.0,0.016876721297297337
18.0,35.0,0.01624134072888111
19.0,35.0,0.015642613732756133
20.0,35.0,0.01486084655648682
21.0,35.0,0.014139873409412616
22.0,35.0,0.013419118586884054
23.0,35.0,0.012783519693922187
24.0,35.0,0.012131240805673259
25.0,35.0,0.01151539404624785
50.0,35.0,0.003807664286895971
100.0,35.0,0.0
2.5,40.0,1576.9511174122472
2.6,40.0,1131.4323252861047
2.7,40.0,791.2668821517875
2.8,40.0,538.8908538254818
2.9,40.0,357.5511483372851
3.0,40.0,229.75302790554534
3.1,40.0,141.6304664117167
3.2,40.0,81.80679164455886
3.3,40.0,41.21188244813067
3.4,40.0,15.75843711553507
3.5,40.0,0.1956361746481575
3.6,40.0,-9.448870272066852
3.7,40.0,-13.871721700676328
3.8,40.0,-16.810047828634072
3.9,40.0,-18.261204202999917
4.0,40.0,-17.752858821771394
4.1,40.0,-16.687114819307492
4.2,40.0,-15.337952692518064
4.3,40.0,-13.880846578180366
4.4,40.0,-12.129552498842886
4.5,40.0,-11.036869521140932
4.6,40.0,-9.751530835682424
4.7,40.0,-8.585683138974796
4.8,40.0,-7.546664562273005
4.9,40.0,-6.623663564914578
5.0,40.0,-5.812042871171633
5.1,40.0,-5.101649145221899
5.3,40.0,-3.9419491495895023
5.4,40.0,-3.4721709490569346
5.5,40.0,-3.0632563515143265
5.6,40.0,-2.7071232099633167
5.7,40.0,-2.3968280022895088
5.8,40.0,-2.1261459900422794
5.9,40.0,-1.889221593507389
6.0,40.0,-1.6818821534225366
6.2,40.0,-1.3396867479408956
6.4,40.0,-1.0752439615373537
6.6,40.0,-0.8689285914473683
6.8,40.0,-0.7059656051365784
7.0,40.0,-0.5768280492609255
7.2,40.0,-0.4735588705488564
7.4,40.0,-0.39044382947805745
7.6,40.0,-0.3229365045208547
7.8,40.0,-0.2680728966942333
8.0,40.0,-0.22304240807879042
8.2,40.0,-0.18665329542860576
8.4,40.0,-0.1550127354082946
8.6,40.0,-0.12929974606168843
8.8,40.0,-0.10773789853394874
9.0,40.0,-0.08955091495166811
9.5,40.0,-0.05526678152721473
10.0,40.0,-0.03210825798090795
10.5,40.0,-0.016335054980636983
11.0,40.0,-0.005373834128592705
11.5,40.0,0.002081278536840756
12.0,40.0,0.007342525816167864
12.5,40.0,0.01094234825453455
13.0,40.0,0.013400904081933333
13.5,40.0,0.0150136020032285
14.0,40.0,0.0160690545920707
14.5,40.0,0.01678146941695573
15.0,40.0,0.01712999648377476
16.0,40.0,0.01723446477886455
17.0,40.0,0.0168822106001592
18.0,40.0,0.016326718101915532
19.0,40.0,0.01561605923016188
20.0,40.0,0.014940297977568094
21.0,40.0,0.014226127199551684
22.0,40.0,0.013496814054833947
23.0,40.0,0.012910375611706541
24.0,40.0,0.01223878435793452
25.0,40.0,0.011571581427529906
50.0,40.0,0.0039013816575739213
100.0,40.0,0.0
2.5,45.0,1452.870355985006
2.6,45.0,1029.7830046328218
2.7,45.0,713.8244798217582
2.8,45.0,483.41137055782747
2.9,45.0,318.0097680658896
3.0,45.0,202.95786458333896
3.1,45.0,123.77215661295666
3.2,45.0,69.32691066747624
3.3,45.0,35.85491100256698
3.4,45.0,12.010379970749966
3.5,45.0,-2.3133007863089916
3.6,45.0,-10.379331868274653
3.7,45.0,-14.724509031366537
3.8,45.0,-17.387897094076163
3.9,45.0,-17.849497671167637
4.0,45.0,-17.252810459440134
4.1,45.0,-16.162621811601845
4.2,45.0,-14.826172972618927
4.3,45.0,-13.402213888855693
4.4,45.0,-11.98983253391541
4.5,45.0,-10.647863249633657
4.6,45.0,-9.408218085722172
4.7,45.0,-8.288441842825765
4.8,45.0,-7.284601756692886
4.9,45.0,-6.3959191322855125
5.0,45.0,-5.614460177252972
5.1,45.0,-4.930596545213286
5.2,45.0,-4.33394752156774
5.3,45.0,-3.8142928290694473
5.4,45.0,-3.36198700157313
5.5,45.0,-2.968164799362273
5.6,45.0,-2.6249883400591005
5.7,45.0,-2.3257702399061633
5.8,45.0,-2.064444429375846
5.9,45.0,-1.8358767479068392
6.0,45.0,-1.6354391268292434
6.2,45.0,-1.3050881086516783
6.4,45.0,-1.0491141875141945
6.6,45.0,-0.848271636782874
6.8,45.0,-0.6900613762197013
7.0,45.0,-0.5648418819969093
7.2,45.0,-0.4640709817038577
7.4,45.0,-0.38298783727659724
7.6,45.0,-0.31717463905837007
7.8,45.0,-0.2633458521510276
8.0,45.0,-0.21923671806957146
8.2,45.0,-0.18285353137133994
8.4,45.0,-0.15255483767345482
8.6,45.0,-0.12722110301400577
8.8,45.0,-0.1060264368260492
9.0,45.0,-0.08811072149172901
9.5,45.0,-0.05428375654692829
10.0,45.0,-0.03151216647394108
10.5,45.0,-0.01583245940088034
11.0,45.0,-0.005081934211069097
11.5,45.0,0.0023051422880980966
12.0,45.0,0.007406831751625731
12.5,45.0,0.010956174436117863
13.0,45.0,0.013331108843613606
13.5,45.0,0.014969487969320454
14.0,45.0,0.016078492450286603
14.5,45.0,0.01667502684418892
15.0,45.0,0.01700796865737118
16.0,45.0,0.017198472418054393
17.0,45.0,0.016843582750190933
18.0,45.0,0.016316185502049337
19.0,45.0,0.015568214965445436
20.0,45.0,0.01491176607837474
21.0,45.0,0.014144701500793389
22.0,45.0,0.013480134059546884
23.0,45.0,0.012837951122072866
24.0,45.0,0.012156042474058212
25.0,45.0,0.011545245249481298
50.0,45.0,0.0038719733412759185
100.0,45.0,0.0
2.5,50.0,1324.8034313660307
2.6,50.0,931.3997842753698
2.7,50.0,640.4360754640495
2.8,50.0,430.58677246329574
2.9,50.0,281.12155645949287
3.0,50.0,177.47375228096402
3.1,50.0,107.9527395679948
3.2,50.0,60.21351197252907
3.3,50.0,27.98982496535005
3.4,50.0,7.969788603900955
3.5,50.0,-4.452843292109837
3.6,50.0,-11.416071641985315
3.7,50.0,-15.832243137942193
3.8,50.0,-17.43084959461756
3.9,50.0,-17.49582396186113
4.0,50.0,-16.797278135121733
4.1,50.0,-15.67214100474229
4.2,50.0,-14.340491856235678
4.3,50.0,-12.9434774553379
4.4,50.0,-11.568961401987472
4.5,50.0,-10.268945568245181
4.6,50.0,-9.071366666284813
4.7,50.0,-7.991564437553723
4.8,50.0,-7.024522127074483
4.9,50.0,-6.169130508922659
5.0,50.0,-5.417456897964912
5.1,50.0,-4.759950849136074
5.2,50.0,-4.186489320704043
5.3,50.0,-3.68699798538069
5.4,50.0,-3.2520587464404156
5.5,50.0,-2.873225999538039
5.6,50.0,-2.54297001491627
5.7,50.0,-2.254792144149523
5.8,50.0,-2.002976610086899
5.9,50.0,-1.7824792268312701
6.0,50.0,-1.5891784854424575
6.2,50.0,-1.2701095597016672
6.4,50.0,-1.0216583538657138
6.6,50.0,-0.8275949331037652
6.8,50.0,-0.6744990903251311
7.0,50.0,-0.5523298519944153
7.2,50.0,-0.4544336341127564
7.4,50.0,-0.37549124294749175
7.6,50.0,-0.3111750805441227
7.8,50.0,-0.2585711816676512
8.0,50.0,-0.21534236022452305
8.2,50.0,-0.17967334430430795
8.4,50.0,-0.14995999118897785
8.6,50.0,-0.12510580639403188
8.8,50.0,-0.10419096989514699
9.0,50.0,-0.08655289164767581
9.5,50.0,-0.053240592511083665
10.0,50.0,-0.03070493953672781
10.5,50.0,-0.015394169756581562
11.0,50.0,-0.004836122605130555
11.5,50.0,0.0024666775004966723
12.0,50.0,0.007520519580385781
12.5,50.0,0.011010602745346461
13.0,50.0,0.013447650486077408
13.5,50.0,0.014940737745581458
14.0,50.0,0.0159926784281609
14.5,50.0,0.016650661824895253
15.0,50.0,0.01701411293386997
16.0,50.0,0.017079516729900206
17.0,50.0,0.016755573006920484
18.0,50.0,0.016232782406691938
19.0,50.0,0.01557765282366134
20.0,50.0,0.014846802050357866
21.0,50.0,0.01406108319981243
22.0,50.0,0.013453136670017187
23.0,50.0,0.012737649706882764
24.0,50.0,0.012080102959239697
25.0,50.0,0.011522417858773367
50.0,50.0,0.0038994073798968997
100.0,50.0,0.0
2.5,55.0,1206.5620145813343
2.6,55.0,838.3329191663788
2.7,55.0,572.4966963612798
2.8,55.0,381.394424629868
2.9,55.0,246.73573269211167
3.0,55.0,155.49154951907886
3.1,55.0,92.39016775871853
3.2,55.0,46.94581912986038
3.3,55.0,19.58841074953815
3.4,55.0,2.7449202539434387
3.5,55.0,-7.460096964907719
3.6,55.0,-13.25706675935097
3.7,55.0,-16.16957081678126
3.8,55.0,-17.34268334695603
3.9,55.0,-17.20273995804531
4.0,55.0,-16.400236678225863
4.1,55.0,-15.23390130686171
4.2,55.0,-13.898607342346798
4.3,55.0,-12.519592936295803
4.4,55.0,-11.17477706485276
4.5,55.0,-9.910080406897666
4.6,55.0,-8.752912052793784
4.7,55.0,-7.706291752256317
4.8,55.0,-6.773729565146153
4.9,55.0,-5.950126652694546
5.0,55.0,-5.227233406738783
5.2,55.0,-4.044229817137345
5.3,55.0,-3.5640845098631004
5.4,55.0,-3.145869894865941
5.5,55.0,-2.7814487325078727
5.6,55.0,-2.463578798387918
5.7,55.0,-2.1860169149881137
5.8,55.0,-1.9433620324657916
5.9,55.0,-1.73072798822996
6.0,55.0,-1.5442285429897462
6.2,55.0,-1.2359882776747302
6.4,55.0,-0.99561329912303
6.6,55.0,-0.8078698718109678
6.8,55.0,-0.6589512855857811
7.0,55.0,-0.5403476364046753
7.2,55.0,-0.44506535904847083
7.4,55.0,-0.36744244970185974
7.6,55.0,-0.30531927938641445
7.8,55.0,-0.25394421709616793
8.0,55.0,-0.21160207401133435
8.2,55.0,-0.17664130291718252
8.4,55.0,-0.1473306837344323
8.6,55.0,-0.12291588956327956
8.8,55.0,-0.10230217251558855
9.0,55.0,-0.0849423863286033
9.5,55.0,-0.0521103013869174
10.0,55.0,-0.029966188533794166
10.5,55.0,-0.014839556794364626
11.0,55.0,-0.004452261270060376
11.5,55.0,0.0026843938563331448
12.0,55.0,0.007697633808576967
12.5,55.0,0.01117257460683632
13.0,55.0,0.013434042629039737
13.5,55.0,0.015042570551513137
14.0,55.0,0.016027572928398685
14.5,55.0,0.016680073260115336
15.0,55.0,0.01695068341551675
16.0,55.0,0.01709992695599567
17.0,55.0,0.016716945156952222
18.0,55.0,0.016125020529885035
19.0,55.0,0.01547493736278085
20.0,55.0,0.014796540621028953
21.0,55.0,0.01411112318567362
22.0,55.0,0.013393440501394452
23.0,55.0,0.012769035419779869
24.0,55.0,0.012108416533887407
25.0,55.0,0.011513419768570827
50.0,55.0,0.003912354025453482
100.0,55.0,0.0
2.5,60.0,1092.2247240058375
2.6,60.0,752.2508054054977
2.7,60.0,509.1529465718988
2.8,60.0,338.09964234810707
2.9,60.0,217.6294933949273
3.0,60.0,133.43078603164233
3.1,60.0,75.10618794912494
3.2,60.0,40.13818775499626
3.3,60.0,14.33792926876228
3.4,60.0,-0.39205324005547965
3.5,60.0,-9.21562514939141
3.6,60.0,-14.125301811689884
3.7,60.0,-16.622843432149512
3.8,60.0,-17.28385734199917
3.9,60.0,-16.962645467275237
4.0,60.0,-16.063191467683946
4.1,60.0,-14.852646224174057
4.2,60.0,-13.506182317422546
4.3,60.0,-12.136649652821127
4.4,60.0,-10.813993916133935
4.5,60.0,-9.581936428433076
4.6,60.0,-8.45406903421026
4.7,60.0,-7.440566137606413
4.8,60.0,-6.539939704015802
4.9,60.0,-5.7461061106173394
5.0,60.0,-5.050114968002788
5.1,60.0,-4.442000808621401
5.2,60.0,-3.911688210443403
5.3,60.0,-3.4494974646779926
5.4,60.0,-3.0467775422960726
5.5,60.0,-2.695693851382662
5.6,60.0,-2.3893063910863948
5.7,60.0,-2.121649836181779
5.8,60.0,-1.8874826977608685
5.9,60.0,-1.6822934519151498
6.0,60.0,-1.502196520565231
6.2,60.0,-1.2039509096737924
6.4,60.0,-0.9715597572207851
6.6,60.0,-0.7891102790860651
6.8,60.0,-0.6446775355649806
7.0,60.0,-0.530100146562634
7.2,60.0,-0.4363574845455321
7.4,60.0,-0.35961730188293944
7.6,60.0,-0.29974264982521887
7.8,60.0,-0.2494866910856355
8.0,60.0,-0.20804110086640365
8.2,60.0,-0.1735807296308637
8.4,60.0,-0.14488376460531627
8.6,60.0,-0.12076701462818591
8.8,60.0,-0.1005009451112872
9.0,60.0,-0.0833896060193986
9.5,60.0,-0.05098066523638806
10.0,60.0,-0.029278793701839733
10.5,60.0,-0.014368786695518452
11.0,60.0,-0.0041414887550270405
11.5,60.0,0.0029578578254383105
12.0,60.0,0.007780594016998919
12.5,60.0,0.011233586960577071
13.0,60.0,0.013464767130455755
13.5,60.0,0.015055298872524077
14.0,60.0,0.016070807426279997
14.5,60.0,0.016630688247891073
15.0,60.0,0.016916443888915892
16.0,60.0,0.017075125287610717
17.0,60.0,0.016730989663081175
18.0,60.0,0.016191740511033288
19.0,60.0,0.015460010201703085
20.0,60.0,0.014802463454060017
21.0,60.0,0.014108706021061153
22.0,60.0,0.013487591402241607
23.0,60.0,0.012713945899070184
24.0,60.0,0.012085589143179476
25.0,60.0,0.01150902832628134
50.0,60.0,0.003924864021918779
100.0,60.0,0.0
2.5,65.0,991.411568553319
2.6,65.0,680.0044956701907
2.7,65.0,457.19318957795736
2.8,65.0,299.4565539596978
2.9,65.0,190.52981319841814
3.0,65.0,113.63249564528755
3.1,65.0,65.41033958490463
3.2,65.0,30.867769451109105
3.3,65.0,10.015344610356438
3.4,65.0,-2.95851647628437
3.5,65.0,-10.650029465775518
3.6,65.0,-14.839989778722465
3.7,65.0,-16.842070933804337
3.8,65.0,-17.245139164928528
3.9,65.0,-16.769113395435706
4.0,65.0,-15.780637630975098
4.1,65.0,-14.52447853566381
4.2,65.0,-13.162024149324203
4.3,65.0,-11.79677606650395
4.4,65.0,-10.49494715657237
4.5,65.0,-9.285026099819552
4.6,65.0,-8.186167544116811
4.7,65.0,-7.202473692276649
4.8,65.0,-6.330783672716478
4.9,65.0,-5.563718961021478
5.0,65.0,-4.891780702216613
5.1,65.0,-4.304815557360689
5.2,65.0,-3.7928922984295608
5.3,65.0,-3.346667455146249
5.4,65.0,-2.957703541719749
5.5,65.0,-2.6185270095362094
5.6,65.0,-2.3224052535869335
5.7,65.0,-2.0635952841258693
5.8,65.0,-1.8370711297608397
5.9,65.0,-1.6385310858284592
6.0,65.0,-1.464046342870377
6.2,65.0,-1.1752036832189159
6.4,65.0,-0.9499816694657718
6.6,65.0,-0.7723191503674258
6.8,65.0,-0.6326538383115687
7.0,65.0,-0.5191661414246651
7.2,65.0,-0.4284662748380225
7.4,65.0,-0.35496817113222934
7.6,65.0,-0.29490828005429764
7.8,65.0,-0.2455370222764097
8.0,65.0,-0.20489580829960943
8.2,65.0,-0.17103767596645725
8.4,65.0,-0.1426958189333189
8.6,65.0,-0.11889884579926857
8.8,65.0,-0.09895650168080394
9.0,65.0,-0.08208636442801875
9.5,65.0,-0.050197360431533014
10.0,65.0,-0.02865263266709377
10.5,65.0,-0.013914032261556172
11.0,65.0,-0.003849145950567987
11.5,65.0,0.003142217309622737
12.0,65.0,0.007887479476701174
12.5,65.0,0.01124346458680634
13.0,65.0,0.01349878833251097
13.5,65.0,0.015021062464845301
14.0,65.0,0.01603810864718696
14.5,65.0,0.016580869705497606
15.0,65.0,0.016957267460028902
16.0,65.0,0.016932029142552665
17.0,65.0,0.016608522068664228
18.0,65.0,0.016062030779545183
19.0,65.0,0.01540755928907359
20.0,65.0,0.014685924930518297
21.0,65.0,0.01400555391108938
22.0,65.0,0.013330229307586877
23.0,65.0,0.012645251640244909
24.0,65.0,0.01206408105651164
25.0,65.0,0.011422337887050986
50.0,65.0,0.003818418330229889
100.0,65.0,0.0
2.5,70.0,908.7956867586851
2.6,70.0,618.6459621664982
2.7,70.0,412.44311996567546
2.8,70.0,268.295785439259
2.9,70.0,169.10174371165283
3.0,70.0,101.96191836775587
3.1,70.0,56.63416804593788
3.2,70.0,25.395801636145368
3.3,70.0,6.650175222876208
3.4,70.0,-4.962526375899807
3.5,70.0,-11.78138299460794
3.6,70.0,-15.53068258695523
3.7,70.0,-17.028463493584848
3.8,70.0,-17.220278174645603
3.9,70.0,-16.610906428454253
4.0,70.0,-15.542190517420938
4.1,70.0,-14.24366843214963
4.2,70.0,-12.86621295068434
4.3,70.0,-11.50805324207667
4.4,70.0,-10.219043844199824
4.5,70.0,-9.031653612329979
4.6,70.0,-7.958197052015343
4.7,70.0,-7.000281374993272
4.8,70.0,-6.153250426700529
4.9,70.0,-5.408716761331972
5.0,70.0,-4.75686877088201
5.1,70.0,-4.187573089986454
5.2,70.0,-3.6910619969923126
5.3,70.0,-3.258293144192722
5.4,70.0,-2.881014718347058
5.5,70.0,-2.551942798185047
5.6,70.0,-2.264649849823463
5.7,70.0,-2.0134426989397256
5.8,70.0,-1.7935940857850048
5.9,70.0,-1.6007237306919389
6.0,70.0,-1.4314901359434866
6.2,70.0,-1.1503951500864638
6.4,70.0,-0.9310274029813641
6.6,70.0,-0.7580085284497885
6.8,70.0,-0.6205588113101733
7.0,70.0,-0.5105480294992062
7.2,70.0,-0.4217437657801018
7.4,70.0,-0.34966720126128364
7.6,70.0,-0.29065530231057735
7.8,70.0,-0.24210904932576213
8.0,70.0,-0.2020292506802366
8.2,70.0,-0.16866559537266526
8.4,70.0,-0.14071637944025397
8.6,70.0,-0.11731401856568567
8.8,70.0,-0.09756042537369496
9.0,70.0,-0.0808439199847561
9.5,70.0,-0.04928763947690697
10.0,70.0,-0.027998161176622176
10.5,70.0,-0.013492862380557824
11.0,70.0,-0.003568439844391662
11.5,70.0,0.0032699496445117403
12.0,70.0,0.008043525386237888
12.5,70.0,0.011275948160275818
13.0,70.0,0.013537631388102796
13.5,70.0,0.015057494593668822
14.0,70.0,0.01602362125412256
14.5,70.0,0.016626518249069307
15.0,70.0,0.01691798151750163
16.0,70.0,0.016980091731814754
17.0,70.0,0.01660654779098721
18.0,70.0,0.016050178875638893
19.0,70.0,0.01541589616779504
20.0,70.0,0.014698653251529237
21.0,70.0,0.014013893908732911
22.0,70.0,0.013295771456440378
23.0,70.0,0.012694848739170652
24.0,70.0,0.012039497712672329
25.0,70.0,0.011335862653444195
50.0,70.0,0.003842561906055835
100.0,70.0,0.0
2.5,75.0,842.1385732549722
2.6,75.0,569.4404541941785
2.7,75.0,378.12508950033595
2.8,75.0,245.4353806229745
2.9,75.0,153.689164377139
3.0,75.0,91.38309941981043
3.1,75.0,49.272371573591904
3.2,75.0,21.269057700654496
3.3,75.0,4.084369751719507
3.4,75.0,-6.513856679515708
3.5,75.0,-12.670964589045527
3.6,75.0,-15.948432133243106
3.7,75.0,-16.84440987585102
3.8,75.0,-17.193827971924648
3.9,75.0,-16.473035535195795
4.0,75.0,-15.339465095262012
4.1,75.0,-14.0097848536486
4.2,75.0,-12.62742960173528
4.3,75.0,-11.273127597400368
4.4,75.0,-9.999293991712785
4.5,75.0,-8.831162002711167
4.6,75.0,-7.778331008229207
4.7,75.0,-6.840781699020303
4.8,75.0,-6.012710063627894
4.9,75.0,-5.2854299601981
5.0,75.0,-4.649007085449604
5.1,75.0,-4.093391255670105
5.2,75.0,-3.6089317368549314
5.3,75.0,-3.1867795295148422
5.4,75.0,-2.8188285551623506
5.5,75.0,-2.4978989272921037
5.6,75.0,-2.217687765979672
5.7,75.0,-1.9727819511539344
5.8,75.0,-1.7581840464408305
5.9,75.0,-1.570012865203258
6.0,75.0,-1.4044260607407841
6.2,75.0,-1.1303132217292038
6.4,75.0,-0.9156654953547844
6.6,75.0,-0.7462554444707
6.8,75.0,-0.6115728599523722
7.0,75.0,-0.5035035541149049
7.2,75.0,-0.41626875381921435
7.4,75.0,-0.3452943882933825
7.6,75.0,-0.28710661459972214
7.8,75.0,-0.23933291549535013
8.0,75.0,-0.1997421045725436
8.2,75.0,-0.16654656852188296
8.4,75.0,-0.13899591652322982
8.6,75.0,-0.11583541869924602
8.8,75.0,-0.09627693591585157
9.0,75.0,-0.07981173143571312
9.5,75.0,-0.048429711342351425
10.0,75.0,-0.027463958440500705
10.5,75.0,-0.013119096996262555
11.0,75.0,-0.003233960402623666
11.5,75.0,0.0034944746072501686
12.0,75.0,0.008149531309913414
12.5,75.0,0.011394242636948918
13.0,75.0,0.013619496854874456
13.5,75.0,0.015098536489327472
14.0,75.0,0.016004308888599467
14.5,75.0,0.016612033974926988
15.0,75.0,0.016970653873598848
16.0,75.0,0.017008405306462464
17.0,75.0,0.016676558234930496
18.0,75.0,0.016090562678738537
19.0,75.0,0.015467034014228602
20.0,75.0,0.014707651341731775
21.0,75.0,0.014025745812639202
22.0,75.0,0.013385318828296562
23.0,75.0,0.012661491867518606
24.0,75.0,0.012056617475972758
25.0,75.0,0.011448674065099597
50.0,75.0,0.0038697745012090936
100.0,75.0,0.0
2.5,80.0,794.4407256276052
2.6,80.0,533.5304730581215
2.7,80.0,354.493929729248
2.8,80.0,228.96624713064776
2.9,80.0,142.54890014067226
3.0,80.0,83.91761808505534
3.1,80.0,43.49874027385578
3.2,80.0,18.269593844526206
3.3,80.0,2.1815453413525305
3.4,80.0,-7.682365287715324
3.5,80.0,-13.037346096855682
3.6,80.0,-16.26166456707279
3.7,80.0,-17.277274198855498
3.8,80.0,-17.155047023428214
3.9,80.0,-16.351655090972795
4.0,80.0,-15.1754398508744
4.1,80.0,-13.832667069886242
4.2,80.0,-12.44798604401526
4.3,80.0,-11.102887710512908
4.4,80.0,-9.842393553666582
4.5,80.0,-8.689099805274212
4.6,80.0,-7.651140851160085
4.7,80.0,-6.727575148007589
4.8,80.0,-5.9123414606183315
4.9,80.0,-5.196731702402672
5.0,80.0,-4.570896283121924
5.1,80.0,-4.024795118133485
5.2,80.0,-3.548876892192926
5.3,80.0,-3.1343444048689184
5.4,80.0,-2.773153032914652
5.5,80.0,-2.458177090452691
5.6,80.0,-2.18329279542124
5.7,80.0,-1.9428262952200066
5.8,80.0,-1.7322059300038406
5.9,80.0,-1.547510569100554
6.0,80.0,-1.3850255981446034
6.2,80.0,-1.115654287950371
6.4,80.0,-0.9044371731346793
6.6,80.0,-0.7378379322566991
6.8,80.0,-0.6050311984723732
7.0,80.0,-0.4984332503642743
7.2,80.0,-0.412933615584296
7.4,80.0,-0.3393275316771502
7.6,80.0,-0.2834367785984901
7.8,80.0,-0.23745245499451315
8.0,80.0,-0.1980690492711446
8.2,80.0,-0.16532036118697194
8.4,80.0,-0.1379270744018956
8.6,80.0,-0.11486863082731119
8.8,80.0,-0.09553072133237905
9.0,80.0,-0.07902359542055522
9.5,80.0,-0.04807723260125627
10.0,80.0,-0.027164594942438215
10.5,80.0,-0.012909059426588527
11.0,80.0,-0.0032036694313768523
11.5,80.0,0.003592140533282162
12.0,80.0,0.00824390677315037
12.5,80.0,0.011417291471124571
13.0,80.0,0.013599526396792357
13.5,80.0,0.015096783655118174
14.0,80.0,0.01598543629108974
14.5,80.0,0.016556289480580376
15.0,80.0,0.01688813343319026
16.0,80.0,0.016950465090971107
17.0,80.0,0.016619937323479234
18.0,80.0,0.01604820459796187
19.0,80.0,0.015434335235135564
20.0,80.0,0.014684827069945925
21.0,80.0,0.013953099879537802
22.0,80.0,0.01333593693499438
23.0,80.0,0.012567995940308378
24.0,80.0,0.011931080862228499
25.0,80.0,0.01139270812728526
50.0,80.0,0.0038113976366264523
100.0,80.0,0.0
2.5,85.0,764.4129264060583
2.6,85.0,516.1860198694741
2.7,85.0,340.7205985051544
2.8,85.0,219.23892302584449
2.9,85.0,135.80812776355137
3.0,85.0,78.71183700489543
3.1,85.0,40.63243167545971
3.2,85.0,16.387229734548697
3.3,85.0,0.9692072073170619
3.4,85.0,-8.431390936945562
3.5,85.0,-13.84561826595014
3.6,85.0,-16.452912786386342
3.7,85.0,-17.32578643375718
3.8,85.0,-17.114677738910856
3.9,85.0,-16.26331677238008
4.0,85.0,-15.066771378272794
4.1,85.0,-13.717070002331317
4.2,85.0,-12.33663251946476
4.3,85.0,-10.999940941014154
4.4,85.0,-9.749193871032336
4.5,85.0,-8.605462413371198
4.6,85.0,-7.576235695660381
4.7,85.0,-6.660538817711622
4.8,85.0,-5.852455396424718
4.9,85.0,-5.143398708706028
5.0,85.0,-4.523602791974614
5.1,85.0,-3.9830121977777044
5.2,85.0,-3.512155717265586
5.3,85.0,-3.1021764476004656
5.4,85.0,-2.745188234847526
5.5,85.0,-2.4337528553044003
5.6,85.0,-2.162303781598512
5.7,85.0,-1.9243671638537387
5.8,85.0,-1.716236518734401
5.9,85.0,-1.533606411346305
6.0,85.0,-1.3731489487105255
6.2,85.0,-1.1071182629351515
6.4,85.0,-0.8976859138530197
6.6,85.0,-0.7326482361688231
6.8,85.0,-0.6015861057584252
7.0,85.0,-0.49533777945879565
7.2,85.0,-0.4099606122732342
7.4,85.0,-0.34027039429780476
7.6,85.0,-0.28314948844780163
7.8,85.0,-0.2360515505960234
8.0,85.0,-0.1970348864444246
8.2,85.0,-0.16436016047847132
8.4,85.0,-0.13714267485539025
8.6,85.0,-0.11412922173181855
8.8,85.0,-0.09490719578679119
9.0,85.0,-0.07853570555840861
9.5,85.0,-0.047633896541031076
10.0,85.0,-0.026802463137503594
10.5,85.0,-0.01265907782182822
11.0,85.0,-0.0029971468868876627
11.5,85.0,0.003675540509717479
12.0,85.0,0.008352545067061925
12.5,85.0,0.011448674065099597
13.0,85.0,0.013739768728146657
14.0,85.0,0.016069494360084063
14.5,85.0,0.01663705396785758
15.0,85.0,0.0169353196053477
16.0,85.0,0.01706349482717215
17.0,85.0,0.016686217536614124
18.0,85.0,0.016060714594427167
19.0,85.0,0.015398121430857685
20.0,85.0,0.014762301094428098
21.0,85.0,0.014015868186409932
22.0,85.0,0.013350202884591057
23.0,85.0,0.012706045669440016
24.0,85.0,0.012046961293211212
25.0,85.0,0.011413997889407454
50.0,85.0,0.003964589732459416
100.0,85.0,0.0
2.5,90.0,757.2541081944086
2.6,90.0,509.4831272782172
2.7,90.0,336.1159825791965
2.8,90.0,215.94075353965033
2.9,90.0,133.60110888185713
3.0,90.0,76.85380451367503
3.1,90.0,39.6548594099602
3.2,90.0,15.739025022478451
3.3,90.0,0.5493327082264498
3.4,90.0,-8.690622079406547
3.5,90.0,-13.589718968142355
3.6,90.0,-16.508301377415417
3.7,90.0,-17.33457309846972
3.8,90.0,-17.09492172855425
3.9,90.0,-16.22786415663058
4.0,90.0,-15.025025545019473
4.1,90.0,-13.675423590957159
4.2,90.0,-12.298179906133596
4.3,90.0,-10.965522491210299
4.4,90.0,-9.718628079085313
4.5,90.0,-8.578238340584683
4.6,90.0,-7.551828580275392
4.7,90.0,-6.638645344555818
4.8,90.0,-5.832808245805494
4.9,90.0,-5.125820984719739
5.0,90.0,-4.507904209185122
5.1,90.0,-3.9691567638241985
5.2,90.0,-3.4999623631266776
5.3,90.0,-3.091468280491431
5.4,90.0,-2.7357470924066716
5.5,90.0,-2.4256417304009874
5.6,90.0,-2.1549691560119744
5.7,90.0,-1.9182776181996217
5.8,90.0,-1.7109956848000913
5.9,90.0,-1.529044192478293
6.0,90.0,-1.369077473518364
6.2,90.0,-1.103652098783627
6.4,90.0,-0.8954751439092364
6.6,90.0,-0.7308711492214256
6.8,90.0,-0.5996777745698759
7.0,90.0,-0.49441225492598717
7.2,90.0,-0.4091202436699925
7.4,90.0,-0.3396130658747073
7.6,90.0,-0.28259355930046665
7.8,90.0,-0.23571443566509728
8.0,90.0,-0.19666748366117376
8.2,90.0,-0.16410139910805413
8.4,90.0,-0.13689686013052962
8.6,90.0,-0.11444592331772711
8.8,90.0,-0.09472129867402103
9.0,90.0,-0.07854689625083382
9.5,90.0,-0.04754259321604352
10.0,90.0,-0.02685228167989706
10.5,90.0,-0.012675099724556277
11.0,90.0,-0.003082299697532278
11.5,90.0,0.0036050902977608247
12.0,90.0,0.008251588678234896
12.5,90.0,0.011436603836647663
13.0,90.0,0.013623888297163945
13.5,90.0,0.015062325803971675
14.0,90.0,0.01597336294371573
14.5,90.0,0.016602377792165442
15.0,90.0,0.01686421130083204
16.0,90.0,0.016919300821541725
17.0,90.0,0.016526219952801284
18.0,90.0,0.015948564394252854
19.0,90.0,0.015306160013311115
20.0,90.0,0.01462140067051479
21.0,90.0,0.01392566584091682
22.0,90.0,0.013294455271322364
23.0,90.0,0.012593015933238973
24.0,90.0,0.011960052529435217
25.0,90.0,0.011387880035904487
50.0,90.0,0.0038225914479737355
100.0,90.0,0.0
