2D 
0
100000015.4198443,-99999999.99608296,56974393.20805314,-12213855.05372375,1120000.827968478,-46988.98796080053,-136.7977676987648,0.2844256013631821
5
100000015.4198443,-99999999.98250069,56372487.86322311,-11949636.40288268,1079927.452607989,-44641.15925885737,-173.8919160664082,0.2839954197406769
10
100000015.4198443,-99999999.99586864,54683844.44729298,-11209380.39983858,967229.6749597043,-37978.28324989974,-280.7001820802689,0.2839203774929047
15
100000015.4198443,-99999999.99462876,50405287.11662194,-9239785.730991408,643440.2892888188,-15891.35362201929,-794.3584830015898,0.545441597700119
20
100000015.4198443,-99999999.99631856,48533463.23458084,-8512830.017439261,545929.1615395099,-11200.26988004148,-807.3502508252859,0.4417116045951843
25
100000015.4198443,-99999999.8820135,47303602.29044884,-8150913.951408252,515629.2727391422,-11336.99927775562,-697.3356906622648,0.2624020725488663
30
100000015.4198443,-99999999.99992046,46927211.57182252,-8256158.746660486,569987.4240018427,-17455.06435152888,-444.1304483562708,0.007466450333595276
35
100000015.4198443,-99999999.99586275,47212185.88061741,-8719817.590605065,688847.672848165,-28044.27031126618,-91.78232026100159,-0.2903484255075455
40
100000015.4198443,-99999999.95707384,47716814.25228554,-9297138.345996976,826642.1779455096,-39713.12084698677,269.0667605400085,-0.5724363029003143
45
100000385.4967168,-99999999.90154406,47348070.05487266,-9402986.791044474,873510.5081479698,-43872.05370229483,392.5744694918394,-0.6601321548223495
50
100000015.4198443,-86702229.34757915,37711142.70369896,-6947697.750428408,571364.8103613704,-24336.09852010012,-166.073455363512,0.0005012452602386475
55
100000015.4198443,-93009521.68983093,42214741.4647103,-8473565.589734688,823204.270120874,-43654.0852111727,431.0945561677217,-0.7122684717178345
60
100000013.0341581,-81274156.48366724,33023741.99114788,-5923801.903797999,483984.3445847034,-20750.35675938427,-229.0190285146236,4.847347736358643e-05
65
100000015.4198443,-99994903.44341002,45245588.78604713,-9218395.9443416,925627.2233069539,-49752.66147404909,555.3444645851851,-0.7592810541391373
70
100000015.4198443,-95051487.72471246,41101318.48952222,-8098406.172815546,789850.2122977227,-41818.25808863342,366.8303586244583,-0.651333823800087
75
100000007.7568521,-89980932.58676696,36908275.98079997,-6946922.336737022,647703.2625184208,-33472.95531316102,170.5706016868353,-0.5426070839166641
80
100000014.7164773,-85845447.86900567,33497127.34593175,-6004526.523223758,531258.4466684312,-26716.92492367327,16.1110912412405,-0.468550980091095
85
100000004.3712325,-78894249.18495037,27962165.16314933,-4380105.122149497,304737.4711608589,-11189.15191686153,-428.5380842387676,-0.0001441985368728638
90
100000015.4198443,-81474314.3933498,29910158.26329938,-4989906.322570786,401081.6264770478,-18799.60879513621,-177.6868405938148,-0.3327767550945282
