1.0,0.0,705307.460017
1.1,0.0,389973.127343
1.2,0.0,243698.295875
1.3,0.0,176697.400683
1.4,0.0,148257.694545
1.5,0.0,138480.700157
1.6,0.0,133875.521881
1.7,0.0,79943.744138
1.8,0.0,57375.062918
1.9,0.0,40700.282142
2.0,0.0,28630.377537
2.1,0.0,20003.084338
2.2,0.0,13890.833593
2.3,0.0,9591.12515
2.4,0.0,6584.647786
2.5,0.0,4493.186414
2.6,0.0,3044.902328
2.7,0.0,2046.474827
2.8,0.0,1361.379672
2.9,0.0,893.666755
3.0,0.0,576.221299
3.1,0.0,362.336151
3.2,0.0,219.64546
3.3,0.0,125.779407
3.4,0.0,65.274371
3.5,0.0,27.386939
3.6,0.0,4.591297
3.7,0.0,-8.395274
3.8,0.0,-15.233175
3.9,0.0,-18.38666
4.0,0.0,-19.447784
4.1,0.0,-19.389862
4.2,0.0,-18.761823
4.3,0.0,-17.837469
4.4,0.0,-16.731596
4.5,0.0,-15.487444
4.6,0.0,-14.132752
4.7,0.0,-12.704901
4.8,0.0,-11.253475
4.9,0.0,-9.83254
5.0,0.0,-8.491505
5.1,0.0,-7.268825
5.2,0.0,-6.189101
5.3,0.0,-5.262813
5.4,0.0,-4.487958
5.5,0.0,-3.852941
5.6,0.0,-3.3398
5.7,0.0,-2.927649
5.8,0.0,-2.595519
5.9,0.0,-2.324488
6.0,0.0,-2.098794
6.2,0.0,-1.738199
6.4,0.0,-1.453176
6.6,0.0,-1.216559
6.8,0.0,-1.01674
7.0,0.0,-0.847667
7.2,0.0,-0.705011
7.4,0.0,-0.585135
7.6,0.0,-0.484769
7.8,0.0,-0.401058
8.0,0.0,-0.331414
8.2,0.0,-0.273546
8.4,0.0,-0.225544
8.6,0.0,-0.185749
8.8,0.0,-0.152779
9.0,0.0,-0.125512
9.5,0.0,-0.076228
10.0,0.0,-0.045413
10.5,0.0,-0.025769
11.0,0.0,-0.012927
11.5,0.0,-0.004351
12.0,0.0,0.001447
12.5,0.0,0.005371
13.0,0.0,0.008006
13.5,0.0,0.009741
14.0,0.0,0.010843
14.5,0.0,0.011498
15.0,0.0,0.011859
16.0,0.0,0.011943
17.0,0.0,0.011584
18.0,0.0,0.011019
19.0,0.0,0.010361
20.0,0.0,0.009679
21.0,0.0,0.009038
22.0,0.0,0.008415
23.0,0.0,0.007837
24.0,0.0,0.007304
25.0,0.0,0.006821
50.0,0.0,0.001755
100.0,0.0,7.5e-05
1.0,10.0,608699.517036
1.1,10.0,347031.464251
1.2,10.0,222546.734678
1.3,10.0,164467.729903
1.4,10.0,137686.113095
1.5,10.0,119071.684582
1.6,10.0,96162.567793
1.7,10.0,72694.050591
1.8,10.0,52974.513441
1.9,10.0,37879.404762
2.0,10.0,26772.26743
2.1,10.0,18761.787539
2.2,10.0,13055.383264
2.3,10.0,9026.64585
2.4,10.0,6202.491779
2.5,10.0,4234.326347
2.6,10.0,2869.702789
2.7,10.0,1928.21436
2.8,10.0,1281.927989
2.9,10.0,840.666312
3.0,10.0,541.206487
3.1,10.0,339.497273
3.2,10.0,204.981408
3.3,10.0,116.534884
3.4,10.0,59.559088
3.5,10.0,23.916235
3.6,10.0,2.51315
3.7,10.0,-9.623799
3.8,10.0,-15.938651
3.9,10.0,-18.752794
4.0,10.0,-19.57165
4.1,10.0,-19.323082
4.2,10.0,-18.538251
4.3,10.0,-17.489009
4.4,10.0,-16.293987
4.5,10.0,-14.999092
4.6,10.0,-13.630064
4.7,10.0,-12.218131
4.8,10.0,-10.804463
4.9,10.0,-9.434672
5.0,10.0,-8.150915
5.1,10.0,-6.986059
5.2,10.0,-5.960678
5.3,10.0,-5.082673
5.4,10.0,-4.348632
5.5,10.0,-3.746513
5.6,10.0,-3.258712
5.7,10.0,-2.865241
5.8,10.0,-2.546254
5.9,10.0,-2.284134
6.0,10.0,-2.064334
6.2,10.0,-1.710304
6.4,10.0,-1.428974
6.6,10.0,-1.195453
6.8,10.0,-0.998633
7.0,10.0,-0.832441
7.2,10.0,-0.692362
7.4,10.0,-0.574747
7.6,10.0,-0.476274
7.8,10.0,-0.394141
8.0,10.0,-0.325808
8.2,10.0,-0.269018
8.4,10.0,-0.22189
8.6,10.0,-0.182815
8.8,10.0,-0.150419
9.0,10.0,-0.123629
9.5,10.0,-0.07512
10.0,10.0,-0.044723
10.5,10.0,-0.025335
11.0,10.0,-0.012653
11.5,10.0,-0.004168
12.0,10.0,0.001588
12.5,10.0,0.005468
13.0,10.0,0.008064
13.5,10.0,0.009787
14.0,10.0,0.010875
14.5,10.0,0.011527
15.0,10.0,0.01186
16.0,10.0,0.011938
17.0,10.0,0.01157
18.0,10.0,0.011009
19.0,10.0,0.010346
20.0,10.0,0.009655
21.0,10.0,0.008998
22.0,10.0,0.008388
23.0,10.0,0.007818
24.0,10.0,0.007284
25.0,10.0,0.006806
50.0,10.0,0.00174
100.0,10.0,5.5e-05
1.0,20.0,418800.270305
1.1,20.0,258078.891165
1.2,20.0,177298.278303
1.3,20.0,137267.820773
1.4,20.0,114706.086005
1.5,20.0,95652.897281
1.6,20.0,76327.285915
1.7,20.0,58279.426096
1.8,20.0,43067.184677
1.9,20.0,31142.179715
2.0,20.0,22190.797632
2.1,20.0,15642.197787
2.2,20.0,10930.087425
2.3,20.0,7579.02946
2.4,20.0,5217.171771
2.5,20.0,3564.476911
2.6,20.0,2415.250504
2.7,20.0,1620.804113
2.8,20.0,1074.851306
2.9,20.0,701.998108
3.0,20.0,449.145215
3.1,20.0,279.114504
3.2,20.0,166.02132
3.3,20.0,91.918062
3.4,20.0,44.388631
3.5,20.0,14.821877
3.6,20.0,-2.781942
3.7,20.0,-12.604152
3.8,20.0,-17.524821
3.9,20.0,-19.482774
4.0,20.0,-19.74145
4.1,20.0,-19.089987
4.2,20.0,-17.992143
4.3,20.0,-16.696984
4.4,20.0,-15.322732
4.5,20.0,-13.920131
4.6,20.0,-12.514752
4.7,20.0,-11.129573
4.8,20.0,-9.79161
4.9,20.0,-8.530074
5.0,20.0,-7.371583
5.1,20.0,-6.335808
5.2,20.0,-5.433331
5.3,20.0,-4.66519
5.4,20.0,-4.024119
5.5,20.0,-3.496676
5.6,20.0,-3.065879
5.7,20.0,-2.713842
5.8,20.0,-2.423647
5.9,20.0,-2.180802
6.0,20.0,-1.97362
6.2,20.0,-1.634008
6.4,20.0,-1.361726
6.6,20.0,-1.136532
6.8,20.0,-0.948049
7.0,20.0,-0.789816
7.2,20.0,-0.656953
7.4,20.0,-0.545579
7.6,20.0,-0.452438
7.8,20.0,-0.374724
8.0,20.0,-0.31007
8.2,20.0,-0.256304
8.4,20.0,-0.211624
8.6,20.0,-0.174553
8.8,20.0,-0.143778
9.0,20.0,-0.118277
9.5,20.0,-0.071968
10.0,20.0,-0.042819
10.5,20.0,-0.024111
11.0,20.0,-0.011818
11.5,20.0,-0.003592
12.0,20.0,0.001954
12.5,20.0,0.005724
13.0,20.0,0.008231
13.5,20.0,0.009872
14.0,20.0,0.010917
14.5,20.0,0.011547
15.0,20.0,0.011853
16.0,20.0,0.01191
17.0,20.0,0.011534
18.0,20.0,0.010931
19.0,20.0,0.010285
20.0,20.0,0.009615
21.0,20.0,0.00897
22.0,20.0,0.008356
23.0,20.0,0.007779
24.0,20.0,0.007266
25.0,20.0,0.006753
50.0,20.0,0.001731
100.0,20.0,6.4e-05
1.0,30.0,262927.297556
1.1,30.0,179360.691756
1.2,30.0,134554.877843
1.3,30.0,109060.224666
1.4,30.0,90474.337618
1.5,30.0,73468.191116
1.6,30.0,57619.602831
1.7,30.0,43751.08128
1.8,30.0,32376.828296
1.9,30.0,23503.273311
2.0,30.0,16816.506405
2.1,30.0,11895.51968
2.2,30.0,8334.246769
2.3,30.0,5789.132489
2.4,30.0,3987.874366
2.5,30.0,2723.215957
2.6,30.0,1841.526016
2.7,30.0,1230.956068
2.8,30.0,811.095996
2.9,30.0,524.604431
3.0,30.0,330.866342
3.1,30.0,201.248765
3.2,30.0,115.671774
3.3,30.0,60.132857
3.4,30.0,24.927732
3.5,30.0,3.35137
3.6,30.0,-9.222942
3.7,30.0,-15.977568
3.8,30.0,-19.077633
3.9,30.0,-19.969742
4.0,30.0,-19.596159
4.1,30.0,-18.549743
4.2,30.0,-17.185313
4.3,30.0,-15.70072
4.4,30.0,-14.197207
4.5,30.0,-12.723684
4.6,30.0,-11.30598
4.7,30.0,-9.962711
4.8,30.0,-8.710992
4.9,30.0,-7.566549
5.0,30.0,-6.541534
5.1,30.0,-5.642499
5.2,30.0,-4.869396
5.3,30.0,-4.215827
5.4,30.0,-3.670306
5.5,30.0,-3.218189
5.6,30.0,-2.843673
5.7,30.0,-2.531584
5.8,30.0,-2.268614
5.9,30.0,-2.043767
6.0,30.0,-1.848623
6.2,30.0,-1.524262
6.4,30.0,-1.263922
6.6,30.0,-1.050848
6.8,30.0,-0.874626
7.0,30.0,-0.728012
7.2,30.0,-0.605602
7.4,30.0,-0.503272
7.6,30.0,-0.417819
7.8,30.0,-0.346576
8.0,30.0,-0.287217
8.2,30.0,-0.237841
8.4,30.0,-0.196743
8.6,30.0,-0.162559
8.8,30.0,-0.134137
9.0,30.0,-0.110491
9.5,30.0,-0.067369
10.0,30.0,-0.039951
10.5,30.0,-0.022258
11.0,30.0,-0.010594
11.5,30.0,-0.002739
12.0,30.0,0.002549
12.5,30.0,0.006093
13.0,30.0,0.00848
13.5,30.0,0.010036
14.0,30.0,0.010998
14.5,30.0,0.011592
15.0,30.0,0.011856
16.0,30.0,0.011874
17.0,30.0,0.011451
18.0,30.0,0.01087
19.0,30.0,0.010204
20.0,30.0,0.009547
21.0,30.0,0.008895
22.0,30.0,0.008272
23.0,30.0,0.007709
24.0,30.0,0.007202
25.0,30.0,0.006717
50.0,30.0,0.001726
100.0,30.0,5.1e-05
1.0,40.0,172243.291446
1.1,40.0,130453.693454
1.2,40.0,105092.285025
1.3,40.0,86542.974961
1.4,40.0,70235.767295
1.5,40.0,55422.026686
1.6,40.0,42520.676842
1.7,40.0,31845.580642
1.8,40.0,23390.410759
1.9,40.0,16915.448258
2.0,40.0,12079.169735
2.1,40.0,8533.71786
2.2,40.0,5971.621312
2.3,40.0,4141.138274
2.4,40.0,2845.428462
2.5,40.0,1935.477787
2.6,40.0,1301.078957
2.7,40.0,862.082604
2.8,40.0,560.828254
2.9,40.0,356.106684
3.0,40.0,218.597639
3.1,40.0,127.498414
3.2,40.0,68.137231
3.3,40.0,30.258651
3.4,40.0,6.76869
3.5,40.0,-7.199212
3.6,40.0,-14.961226
3.7,40.0,-18.762441
3.8,40.0,-20.107232
3.9,40.0,-19.98915
4.0,40.0,-19.050387
4.1,40.0,-17.693372
4.2,40.0,-16.159313
4.3,40.0,-14.58493
4.4,40.0,-13.043464
4.5,40.0,-11.573346
4.6,40.0,-10.196174
4.7,40.0,-8.925936
4.8,40.0,-7.772646
4.9,40.0,-6.74273
5.0,40.0,-5.838247
5.1,40.0,-5.056504
5.2,40.0,-4.390097
5.3,40.0,-3.827797
5.4,40.0,-3.356076
5.5,40.0,-2.960517
5.6,40.0,-2.627338
5.7,40.0,-2.344359
5.8,40.0,-2.101399
5.9,40.0,-1.890621
6.0,40.0,-1.705895
6.2,40.0,-1.397679
6.4,40.0,-1.152217
6.6,40.0,-0.954043
6.8,40.0,-0.792199
7.0,40.0,-0.658819
7.2,40.0,-0.548079
7.4,40.0,-0.455873
7.6,40.0,-0.379006
7.8,40.0,-0.314926
8.0,40.0,-0.261525
8.2,40.0,-0.217005
8.4,40.0,-0.179878
8.6,40.0,-0.148933
8.8,40.0,-0.123105
9.0,40.0,-0.10155
9.5,40.0,-0.061973
10.0,40.0,-0.036568
10.5,40.0,-0.020038
11.0,40.0,-0.009072
11.5,40.0,-0.001729
12.0,40.0,0.00324
12.5,40.0,0.006563
13.0,40.0,0.008781
13.5,40.0,0.010214
14.0,40.0,0.011114
14.5,40.0,0.011618
15.0,40.0,0.011846
16.0,40.0,0.011822
17.0,40.0,0.011375
18.0,40.0,0.010785
19.0,40.0,0.010102
20.0,40.0,0.009427
21.0,40.0,0.008782
22.0,40.0,0.0082
23.0,40.0,0.007621
24.0,40.0,0.00711
25.0,40.0,0.006636
50.0,40.0,0.0017
100.0,40.0,4.4e-05
1.0,50.0,130025.831665
1.1,50.0,106186.212698
1.2,50.0,87448.606229
1.3,50.0,70484.760984
1.4,50.0,55230.514559
1.5,50.0,42199.627447
1.6,50.0,31573.233204
1.7,50.0,23219.373449
1.8,50.0,16835.427894
1.9,50.0,12061.646547
2.0,50.0,8551.682307
2.1,50.0,6005.681891
2.2,50.0,4179.27769
2.3,50.0,2881.286399
2.4,50.0,1966.261746
2.5,50.0,1326.011329
2.6,50.0,881.37091
2.7,50.0,575.151908
2.8,50.0,366.338065
2.9,50.0,225.628862
3.0,50.0,132.15615
3.1,50.0,71.106507
3.2,50.0,32.052514
3.3,50.0,7.741174
3.4,50.0,-6.810369
3.5,50.0,-14.99053
3.6,50.0,-19.083279
3.7,50.0,-20.616474
3.8,50.0,-20.601678
3.9,50.0,-19.698781
4.0,50.0,-18.328294
4.1,50.0,-16.749072
4.2,50.0,-15.11392
4.3,50.0,-13.508879
4.4,50.0,-11.980893
4.5,50.0,-10.555581
4.6,50.0,-9.247294
4.7,50.0,-8.064028
4.8,50.0,-7.009257
4.9,50.0,-6.08235
5.0,50.0,-5.278555
5.1,50.0,-4.58941
5.2,50.0,-4.003554
5.3,50.0,-3.507811
5.4,50.0,-3.088519
5.5,50.0,-2.732759
5.6,50.0,-2.428943
5.7,50.0,-2.167485
5.8,50.0,-1.940637
5.9,50.0,-1.742419
6.0,50.0,-1.568135
6.2,50.0,-1.277874
6.4,50.0,-1.048542
6.6,50.0,-0.86524
6.8,50.0,-0.716892
7.0,50.0,-0.595479
7.2,50.0,-0.495275
7.4,50.0,-0.412145
7.6,50.0,-0.342974
7.8,50.0,-0.285397
8.0,50.0,-0.237375
8.2,50.0,-0.197292
8.4,50.0,-0.163794
8.6,50.0,-0.135802
8.8,50.0,-0.112354
9.0,50.0,-0.092742
9.5,50.0,-0.056514
10.0,50.0,-0.033064
10.5,50.0,-0.017699
11.0,50.0,-0.007496
11.5,50.0,-0.000654
12.0,50.0,0.003962
12.5,50.0,0.007063
13.0,50.0,0.00909
13.5,50.0,0.010418
14.0,50.0,0.01122
14.5,50.0,0.011658
15.0,50.0,0.011843
16.0,50.0,0.011731
17.0,50.0,0.01129
18.0,50.0,0.01066
19.0,50.0,0.009997
20.0,50.0,0.009331
21.0,50.0,0.008689
22.0,50.0,0.008086
23.0,50.0,0.007534
24.0,50.0,0.007023
25.0,50.0,0.006559
50.0,50.0,0.001674
100.0,50.0,5.2e-05
1.0,60.0,115904.94876
1.1,60.0,96403.608334
1.2,60.0,77078.422385
1.3,60.0,59548.839854
1.4,60.0,44909.099275
1.5,60.0,33264.774619
1.6,60.0,24292.162218
1.7,60.0,17533.107398
1.8,60.0,12527.455788
1.9,60.0,8869.956397
2.0,60.0,6226.872328
2.1,60.0,4334.67539
2.2,60.0,2990.944082
2.3,60.0,2043.641598
2.4,60.0,1380.411308
2.5,60.0,919.360236
2.6,60.0,601.387486
2.7,60.0,384.146408
2.8,60.0,237.428261
2.9,60.0,139.718277
3.0,60.0,75.737965
3.1,60.0,34.702394
3.2,60.0,9.07681
3.3,60.0,-6.333294
3.4,60.0,-15.066728
3.5,60.0,-19.509285
3.6,60.0,-21.254529
3.7,60.0,-21.356902
3.8,60.0,-20.504902
3.9,60.0,-19.139116
4.0,60.0,-17.533238
4.1,60.0,-15.851457
4.2,60.0,-14.188863
4.3,60.0,-12.59935
4.4,60.0,-11.11332
4.5,60.0,-9.747958
4.6,60.0,-8.51235
4.7,60.0,-7.40998
4.8,60.0,-6.439485
4.9,60.0,-5.595365
5.0,60.0,-4.868632
5.1,60.0,-4.247579
5.2,60.0,-3.719162
5.3,60.0,-3.269893
5.4,60.0,-2.886993
5.5,60.0,-2.559093
5.6,60.0,-2.276484
5.7,60.0,-2.031394
5.8,60.0,-1.817539
5.9,60.0,-1.629999
6.0,60.0,-1.464865
6.2,60.0,-1.189908
6.4,60.0,-0.973175
6.6,60.0,-0.800523
6.8,60.0,-0.661446
7.0,60.0,-0.548208
7.2,60.0,-0.455235
7.4,60.0,-0.378455
7.6,60.0,-0.314866
7.8,60.0,-0.26197
8.0,60.0,-0.217923
8.2,60.0,-0.181163
8.4,60.0,-0.150422
8.6,60.0,-0.1247
8.8,60.0,-0.103151
9.0,60.0,-0.085081
9.5,60.0,-0.051613
10.0,60.0,-0.029834
10.5,60.0,-0.01553
11.0,60.0,-0.006022
11.5,60.0,0.000365
12.0,60.0,0.004639
12.5,60.0,0.007514
13.0,60.0,0.009388
13.5,60.0,0.010565
14.0,60.0,0.011288
14.5,60.0,0.011688
15.0,60.0,0.01181
16.0,60.0,0.011652
17.0,60.0,0.011159
18.0,60.0,0.010553
19.0,60.0,0.00987
20.0,60.0,0.009213
21.0,60.0,0.00858
22.0,60.0,0.007973
23.0,60.0,0.007419
24.0,60.0,0.006913
25.0,60.0,0.006471
50.0,60.0,0.001668
100.0,60.0,2.4e-05
1.0,70.0,116412.673834
1.1,70.0,92610.791551
1.2,70.0,70362.822142
1.3,70.0,52260.299116
1.4,70.0,38237.163754
1.5,70.0,27663.965958
1.6,70.0,19831.623235
1.7,70.0,14103.246944
1.8,70.0,9955.357312
1.9,70.0,6977.034641
2.0,70.0,4854.075878
2.1,70.0,3350.738971
2.2,70.0,2292.721628
2.3,70.0,1552.576111
2.4,70.0,1038.022334
2.5,70.0,682.756091
2.6,70.0,439.462353
2.7,70.0,274.517919
2.8,70.0,164.098475
2.9,70.0,91.340405
3.0,70.0,44.340771
3.1,70.0,14.755692
3.2,70.0,-3.212636
3.3,70.0,-13.549994
3.4,70.0,-18.966839
3.5,70.0,-21.286349
3.6,70.0,-21.718943
3.7,70.0,-21.0544
3.8,70.0,-19.795003
3.9,70.0,-18.249
4.0,70.0,-16.597895
4.1,70.0,-14.944702
4.2,70.0,-13.347045
4.3,70.0,-11.83779
4.4,70.0,-10.436664
4.5,70.0,-9.155808
4.6,70.0,-8.001696
4.7,70.0,-6.97596
4.8,70.0,-6.075704
4.9,70.0,-5.294061
5.0,70.0,-4.621025
5.1,70.0,-4.04466
5.2,70.0,-3.552129
5.3,70.0,-3.130979
5.4,70.0,-2.769738
5.5,70.0,-2.458348
5.6,70.0,-2.188492
5.7,70.0,-1.953359
5.8,70.0,-1.747459
5.9,70.0,-1.566471
6.0,70.0,-1.406853
6.2,70.0,-1.140463
6.4,70.0,-0.930152
6.6,70.0,-0.762578
6.8,70.0,-0.627876
7.0,70.0,-0.518654
7.2,70.0,-0.429476
7.4,70.0,-0.356254
7.6,70.0,-0.295816
7.8,70.0,-0.245797
8.0,70.0,-0.204216
8.2,70.0,-0.169579
8.4,70.0,-0.140659
8.6,70.0,-0.116461
8.8,70.0,-0.09621
9.0,70.0,-0.07922
9.5,70.0,-0.04773
10.0,70.0,-0.02723
10.5,70.0,-0.013753
11.0,70.0,-0.004808
11.5,70.0,0.0012
12.0,70.0,0.005203
12.5,70.0,0.007873
13.0,70.0,0.009594
13.5,70.0,0.010698
14.0,70.0,0.011343
14.5,70.0,0.011654
15.0,70.0,0.011783
16.0,70.0,0.011569
17.0,70.0,0.011054
18.0,70.0,0.010414
19.0,70.0,0.00975
20.0,70.0,0.009079
21.0,70.0,0.008455
22.0,70.0,0.007854
23.0,70.0,0.007322
24.0,70.0,0.006808
25.0,70.0,0.006371
50.0,70.0,0.001621
100.0,70.0,3.5e-05
1.0,80.0,117649.369811
1.1,80.0,88777.164957
1.2,80.0,65352.819952
1.3,80.0,47509.034282
1.4,80.0,34221.510897
1.5,80.0,24467.057901
1.6,80.0,17378.685878
1.7,80.0,12268.114089
1.8,80.0,8607.787931
1.9,80.0,6001.461057
2.0,80.0,4155.71912
2.1,80.0,2855.56799
2.2,80.0,1944.688149
2.3,80.0,1310.167262
2.4,80.0,870.851509
2.5,80.0,568.747631
2.6,80.0,362.641008
2.7,80.0,223.403083
2.8,80.0,130.513137
2.9,80.0,69.55457
3.0,80.0,30.42268
3.1,80.0,6.061007
3.2,80.0,-8.438022
3.3,80.0,-16.466808
3.4,80.0,-20.350742
3.5,80.0,-21.665439
3.6,80.0,-21.460213
3.7,80.0,-20.416552
3.8,80.0,-18.960458
3.9,80.0,-17.344153
4.0,80.0,-15.706784
4.1,80.0,-14.119294
4.2,80.0,-12.615404
4.3,80.0,-11.211122
4.4,80.0,-9.914732
4.5,80.0,-8.731081
4.6,80.0,-7.662681
4.7,80.0,-6.70942
4.8,80.0,-5.868176
4.9,80.0,-5.1329
5.0,80.0,-4.495212
5.1,80.0,-3.945012
5.2,80.0,-3.471475
5.3,80.0,-3.063956
5.4,80.0,-2.712487
5.5,80.0,-2.408347
5.6,80.0,-2.144012
5.7,80.0,-1.913232
5.8,80.0,-1.710918
5.9,80.0,-1.532891
6.0,80.0,-1.375728
6.2,80.0,-1.113146
6.4,80.0,-0.905581
6.6,80.0,-0.740257
6.8,80.0,-0.60767
7.0,80.0,-0.500562
7.2,80.0,-0.413511
7.4,80.0,-0.342394
7.6,80.0,-0.283955
7.8,80.0,-0.235669
8.0,80.0,-0.195652
8.2,80.0,-0.162347
8.4,80.0,-0.134575
8.6,80.0,-0.111352
8.8,80.0,-0.09191
9.0,80.0,-0.075601
9.5,80.0,-0.045314
10.0,80.0,-0.025582
10.5,80.0,-0.012604
11.0,80.0,-0.004032
11.5,80.0,0.001719
12.0,80.0,0.005539
12.5,80.0,0.008074
13.0,80.0,0.009716
13.5,80.0,0.010745
14.0,80.0,0.011338
14.5,80.0,0.011612
15.0,80.0,0.011708
16.0,80.0,0.011461
17.0,80.0,0.010938
18.0,80.0,0.010319
19.0,80.0,0.009631
20.0,80.0,0.008987
21.0,80.0,0.008362
22.0,80.0,0.007783
23.0,80.0,0.007219
24.0,80.0,0.006744
25.0,80.0,0.006293
50.0,80.0,0.001599
100.0,80.0,2.6e-05
1.0,90.0,111017.427906
1.1,90.0,83316.150446
1.2,90.0,61283.217892
1.3,90.0,44550.84009
1.4,90.0,32108.285741
1.5,90.0,22976.962452
1.6,90.0,16338.891553
1.7,90.0,11549.079241
1.8,90.0,8114.34968
1.9,90.0,5664.958393
2.0,90.0,3927.454249
2.1,90.0,2701.51055
2.2,90.0,1841.332465
2.3,90.0,1241.349646
2.4,90.0,825.487171
2.5,90.0,539.217078
2.6,90.0,343.686812
2.7,90.0,211.383618
2.8,90.0,122.932747
2.9,90.0,64.754992
3.0,90.0,27.346706
3.1,90.0,4.067434
3.2,90.0,-9.72882
3.3,90.0,-17.274496
3.4,90.0,-20.80847
3.5,90.0,-21.861235
3.6,90.0,-21.458207
3.7,90.0,-20.267171
3.8,90.0,-18.705747
3.9,90.0,-17.021164
4.0,90.0,-15.34894
4.1,90.0,-13.756151
4.2,90.0,-12.271112
4.3,90.0,-10.902932
4.4,90.0,-9.652463
4.5,90.0,-8.517623
4.6,90.0,-7.495487
4.7,90.0,-6.582218
4.8,90.0,-5.772923
4.9,90.0,-5.061427
5.0,90.0,-4.440123
5.1,90.0,-3.900456
5.2,90.0,-3.433269
5.3,90.0,-3.029353
5.4,90.0,-2.680004
5.5,90.0,-2.37725
5.6,90.0,-2.11406
5.7,90.0,-1.884408
5.8,90.0,-1.683306
5.9,90.0,-1.506564
6.0,90.0,-1.350686
6.2,90.0,-1.090675
6.4,90.0,-0.885577
6.6,90.0,-0.722657
6.8,90.0,-0.592429
7.0,90.0,-0.487713
7.2,90.0,-0.402953
7.4,90.0,-0.33389
7.6,90.0,-0.277232
7.8,90.0,-0.230491
8.0,90.0,-0.191689
8.2,90.0,-0.159373
8.4,90.0,-0.13231
8.6,90.0,-0.109658
8.8,90.0,-0.090618
9.0,90.0,-0.074587
9.5,90.0,-0.044749
10.0,90.0,-0.025227
10.5,90.0,-0.012377
11.0,90.0,-0.003841
11.5,90.0,0.001827
12.0,90.0,0.005598
12.5,90.0,0.008065
13.0,90.0,0.009675
13.5,90.0,0.010693
14.0,90.0,0.011259
14.5,90.0,0.011549
15.0,90.0,0.011617
16.0,90.0,0.01136
17.0,90.0,0.010828
18.0,90.0,0.01021
19.0,90.0,0.009542
20.0,90.0,0.008864
21.0,90.0,0.008256
22.0,90.0,0.00768
23.0,90.0,0.007146
24.0,90.0,0.006652
25.0,90.0,0.006213
50.0,90.0,0.001588
100.0,90.0,2.6e-05
1.0,100.0,99361.086246
1.1,100.0,77195.388762
1.2,100.0,58213.864852
1.3,100.0,43126.776679
1.4,100.0,31559.25092
1.5,100.0,22874.528873
1.6,100.0,16445.620538
1.7,100.0,11736.29645
1.8,100.0,8315.772805
1.9,100.0,5849.411387
2.0,100.0,4082.903234
2.1,100.0,2825.841577
2.2,100.0,1937.122854
2.3,100.0,1313.050819
2.4,100.0,877.891385
2.5,100.0,576.710471
2.6,100.0,369.945886
2.7,100.0,229.346942
2.8,100.0,134.881294
2.9,100.0,72.422734
3.0,100.0,32.032021
3.1,100.0,6.728493
3.2,100.0,-8.400591
3.3,100.0,-16.795161
3.4,100.0,-20.854642
3.5,100.0,-22.217763
3.6,100.0,-21.983937
3.7,100.0,-20.867803
3.8,100.0,-19.316808
3.9,100.0,-17.598892
4.0,100.0,-15.866285
4.1,100.0,-14.200202
4.2,100.0,-12.64027
4.3,100.0,-11.203175
4.4,100.0,-9.893717
4.5,100.0,-8.710809
4.6,100.0,-7.650301
4.7,100.0,-6.706465
4.8,100.0,-5.872356
4.9,100.0,-5.14013
5.0,100.0,-4.501155
5.1,100.0,-3.946231
5.2,100.0,-3.465968
5.3,100.0,-3.051073
5.4,100.0,-2.692725
5.5,100.0,-2.382808
5.6,100.0,-2.114155
5.7,100.0,-1.880498
5.8,100.0,-1.67651
5.9,100.0,-1.49783
6.0,100.0,-1.340789
6.2,100.0,-1.079948
6.4,100.0,-0.875402
6.6,100.0,-0.713777
6.8,100.0,-0.585306
7.0,100.0,-0.482493
7.2,100.0,-0.399602
7.4,100.0,-0.332191
7.6,100.0,-0.276955
7.8,100.0,-0.23129
8.0,100.0,-0.193282
8.2,100.0,-0.161455
8.4,100.0,-0.134675
8.6,100.0,-0.112065
8.8,100.0,-0.092987
9.0,100.0,-0.076824
9.5,100.0,-0.046443
10.0,100.0,-0.026429
10.5,100.0,-0.013175
11.0,100.0,-0.00441
11.5,100.0,0.001401
12.0,100.0,0.005259
12.5,100.0,0.007828
13.0,100.0,0.009472
13.5,100.0,0.0105
14.0,100.0,0.011094
14.5,100.0,0.011395
15.0,100.0,0.011481
16.0,100.0,0.011261
17.0,100.0,0.010741
18.0,100.0,0.010112
19.0,100.0,0.009457
20.0,100.0,0.00879
21.0,100.0,0.008178
22.0,100.0,0.007621
23.0,100.0,0.007078
24.0,100.0,0.006586
25.0,100.0,0.006148
50.0,100.0,0.001561
100.0,100.0,1.3e-05
1.0,110.0,92294.794263
1.1,110.0,73482.867726
1.2,110.0,57272.6086
1.3,110.0,43766.328646
1.4,110.0,32908.124092
1.5,110.0,24416.560204
1.6,110.0,17911.14883
1.7,110.0,13006.153101
1.8,110.0,9355.488982
1.9,110.0,6668.236483
2.0,110.0,4709.231869
2.1,110.0,3293.757062
2.2,110.0,2279.71897
2.3,110.0,1559.385655
2.4,110.0,1052.047391
2.5,110.0,697.83039
2.6,110.0,452.780956
2.7,110.0,284.962815
2.8,110.0,171.418008
2.9,110.0,95.77491
3.0,110.0,46.419193
3.1,110.0,15.127425
3.2,110.0,-3.915715
3.3,110.0,-14.803401
3.4,110.0,-20.400122
3.5,110.0,-22.682927
3.6,110.0,-22.973849
3.7,110.0,-22.133847
3.8,110.0,-20.701519
3.9,110.0,-19.000508
4.0,110.0,-17.217891
4.1,110.0,-15.458643
4.2,110.0,-13.780155
4.3,110.0,-12.213072
4.4,110.0,-10.772643
4.5,110.0,-9.465142
4.6,110.0,-8.290834
4.7,110.0,-7.246051
4.8,110.0,-6.324245
4.9,110.0,-5.516964
5.0,110.0,-4.814431
5.1,110.0,-4.206086
5.2,110.0,-3.681217
5.3,110.0,-3.229308
5.4,110.0,-2.840357
5.5,110.0,-2.50525
5.6,110.0,-2.215829
5.7,110.0,-1.965084
5.8,110.0,-1.747082
5.9,110.0,-1.556842
6.0,110.0,-1.390271
6.2,110.0,-1.115178
6.4,110.0,-0.901078
6.6,110.0,-0.733341
6.8,110.0,-0.601028
7.0,110.0,-0.4959
7.2,110.0,-0.411623
7.4,110.0,-0.343394
7.6,110.0,-0.287568
7.8,110.0,-0.2414
8.0,110.0,-0.20287
8.2,110.0,-0.170425
8.4,110.0,-0.142971
8.6,110.0,-0.119655
8.8,110.0,-0.09981
9.0,110.0,-0.082896
9.5,110.0,-0.050801
10.0,110.0,-0.029429
10.5,110.0,-0.015226
11.0,110.0,-0.005836
11.5,110.0,0.000404
12.0,110.0,0.00455
12.5,110.0,0.007254
13.0,110.0,0.009048
13.5,110.0,0.010175
14.0,110.0,0.010835
14.5,110.0,0.011166
15.0,110.0,0.011291
16.0,110.0,0.011103
17.0,110.0,0.010632
18.0,110.0,0.010019
19.0,110.0,0.009346
20.0,110.0,0.00874
21.0,110.0,0.008125
22.0,110.0,0.007543
23.0,110.0,0.007015
24.0,110.0,0.00654
25.0,110.0,0.006091
50.0,110.0,0.001544
100.0,110.0,-3e-06
1.0,120.0,96022.91751
1.1,120.0,76443.906442
1.2,120.0,61010.658424
1.3,120.0,48224.053236
1.4,120.0,37549.420217
1.5,120.0,28774.254404
1.6,120.0,21717.798146
1.7,120.0,16165.029588
1.8,120.0,11878.871794
1.9,120.0,8625.546895
2.0,120.0,6191.955156
2.1,120.0,4394.936521
2.2,120.0,3083.414595
2.3,120.0,2136.692365
2.4,120.0,1460.45804
2.5,120.0,982.425985
2.6,120.0,648.043146
2.7,120.0,416.716699
2.8,120.0,258.645317
2.9,120.0,152.188016
3.0,120.0,81.789074
3.1,120.0,36.337742
3.2,120.0,7.938543
3.3,120.0,-8.988359
3.4,120.0,-18.364377
3.5,120.0,-22.90699
3.6,120.0,-24.464868
3.7,120.0,-24.257655
3.8,120.0,-23.067858
3.9,120.0,-21.379939
4.0,120.0,-19.483678
4.1,120.0,-17.547325
4.2,120.0,-15.665983
4.3,120.0,-13.89228
4.4,120.0,-12.254155
4.5,120.0,-10.764698
4.6,120.0,-9.427343
4.7,120.0,-8.239051
4.8,120.0,-7.192232
4.9,120.0,-6.276255
5.0,120.0,-5.479018
5.1,120.0,-4.787794
5.2,120.0,-4.19005
5.3,120.0,-3.673903
5.4,120.0,-3.228427
5.5,120.0,-2.843625
5.6,120.0,-2.510714
5.7,120.0,-2.221978
5.8,120.0,-1.970841
5.9,120.0,-1.751671
6.0,120.0,-1.559859
6.2,120.0,-1.243527
6.4,120.0,-0.998288
6.6,120.0,-0.807443
6.8,120.0,-0.6584
7.0,120.0,-0.5414
7.2,120.0,-0.448702
7.4,120.0,-0.374448
7.6,120.0,-0.314119
7.8,120.0,-0.264471
8.0,120.0,-0.223086
8.2,120.0,-0.188224
8.4,120.0,-0.158642
8.6,120.0,-0.133414
8.8,120.0,-0.111867
9.0,120.0,-0.093416
9.5,120.0,-0.058122
10.0,120.0,-0.034429
10.5,120.0,-0.018638
11.0,120.0,-0.008156
11.5,120.0,-0.001262
12.0,120.0,0.003352
12.5,120.0,0.00639
13.0,120.0,0.008376
13.5,120.0,0.009652
14.0,120.0,0.010421
14.5,120.0,0.01086
15.0,120.0,0.011025
16.0,120.0,0.010933
17.0,120.0,0.010499
18.0,120.0,0.009908
19.0,120.0,0.009289
20.0,120.0,0.008657
21.0,120.0,0.008064
22.0,120.0,0.007491
23.0,120.0,0.006969
24.0,120.0,0.006485
25.0,120.0,0.006033
50.0,120.0,0.001523
100.0,120.0,1e-05
1.0,130.0,117281.910294
1.1,130.0,91312.024436
1.2,130.0,73517.778197
1.3,130.0,59881.287919
1.4,130.0,48459.238422
1.5,130.0,38592.228513
1.6,130.0,30156.611784
1.7,130.0,23130.219001
1.8,130.0,17439.615635
1.9,130.0,12946.126916
2.0,130.0,9474.494132
2.1,130.0,6842.050668
2.2,130.0,4877.871404
2.3,130.0,3433.067553
2.4,130.0,2383.918043
2.5,130.0,1631.234753
2.6,130.0,1097.530683
2.7,130.0,723.556083
2.8,130.0,464.740308
2.9,130.0,288.050471
3.0,130.0,169.32761
3.1,130.0,91.084196
3.2,130.0,40.775706
3.3,130.0,9.459413
3.4,130.0,-9.172873
3.5,130.0,-19.521539
3.6,130.0,-24.592344
3.7,130.0,-26.394856
3.8,130.0,-26.235398
3.9,130.0,-24.950426
4.0,130.0,-23.068393
4.1,130.0,-20.921583
4.2,130.0,-18.717296
4.3,130.0,-16.582481
4.4,130.0,-14.590994
4.5,130.0,-12.78131
4.6,130.0,-11.168065
4.7,130.0,-9.749935
4.8,130.0,-8.515329
4.9,130.0,-7.446662
5.0,130.0,-6.523696
5.1,130.0,-5.726075
5.2,130.0,-5.035187
5.3,130.0,-4.434838
5.4,130.0,-3.911704
5.5,130.0,-3.454828
5.6,130.0,-3.055173
5.7,130.0,-2.705243
5.8,130.0,-2.39842
5.9,130.0,-2.129155
6.0,130.0,-1.892421
6.2,130.0,-1.500301
6.4,130.0,-1.195009
6.6,130.0,-0.957194
6.8,130.0,-0.772409
7.0,130.0,-0.629022
7.2,130.0,-0.517348
7.4,130.0,-0.429531
7.6,130.0,-0.359383
7.8,130.0,-0.302371
8.0,130.0,-0.255284
8.2,130.0,-0.215826
8.4,130.0,-0.182394
8.6,130.0,-0.153897
8.8,130.0,-0.129517
9.0,130.0,-0.108625
9.5,130.0,-0.06854
10.0,130.0,-0.041467
10.5,130.0,-0.023403
11.0,130.0,-0.011441
11.5,130.0,-0.003501
12.0,130.0,0.001719
12.5,130.0,0.005211
13.0,130.0,0.007499
13.5,130.0,0.008985
14.0,130.0,0.009901
14.5,130.0,0.010445
15.0,130.0,0.010719
16.0,130.0,0.010718
17.0,130.0,0.010371
18.0,130.0,0.009833
19.0,130.0,0.009214
20.0,130.0,0.0086
21.0,130.0,0.008019
22.0,130.0,0.007446
23.0,130.0,0.006941
24.0,130.0,0.006473
25.0,130.0,0.00603
50.0,130.0,0.001513
100.0,130.0,-4e-06
1.0,140.0,166683.373648
1.1,140.0,125171.951435
1.2,140.0,100471.024437
1.3,140.0,83996.960852
1.4,140.0,70791.961786
1.5,140.0,58792.737986
1.6,140.0,47668.013421
1.7,140.0,37696.267685
1.8,140.0,29144.408878
1.9,140.0,22092.961505
2.0,140.0,16461.331841
2.1,140.0,12077.847401
2.2,140.0,8736.951844
2.3,140.0,6235.586858
2.4,140.0,4391.642997
2.5,140.0,3051.176917
2.6,140.0,2089.240505
2.7,140.0,1407.420138
2.8,140.0,930.013969
2.9,140.0,599.926434
3.0,140.0,374.82608
3.1,140.0,223.729872
3.2,140.0,124.208069
3.3,140.0,60.150921
3.4,140.0,20.103647
3.5,140.0,-3.994058
3.6,140.0,-17.711641
3.7,140.0,-24.818829
3.8,140.0,-27.799095
3.9,140.0,-28.255863
4.0,140.0,-27.209766
4.1,140.0,-25.312556
4.2,140.0,-22.988619
4.3,140.0,-20.519957
4.4,140.0,-18.0931
4.5,140.0,-15.825092
4.6,140.0,-13.780004
4.7,140.0,-11.982463
4.8,140.0,-10.42961
4.9,140.0,-9.101518
5.0,140.0,-7.969848
5.1,140.0,-7.004016
5.2,140.0,-6.17503
5.3,140.0,-5.457924
5.4,140.0,-4.832588
5.5,140.0,-4.283474
5.6,140.0,-3.798969
5.7,140.0,-3.370395
5.8,140.0,-2.991064
5.9,140.0,-2.655332
6.0,140.0,-2.358382
6.2,140.0,-1.863663
6.4,140.0,-1.476598
6.6,140.0,-1.173753
6.8,140.0,-0.937733
7.0,140.0,-0.754997
7.2,140.0,-0.61418
7.4,140.0,-0.505353
7.6,140.0,-0.420257
7.8,140.0,-0.352475
8.0,140.0,-0.297297
8.2,140.0,-0.251486
8.4,140.0,-0.212921
8.6,140.0,-0.180107
8.8,140.0,-0.152025
9.0,140.0,-0.127921
9.5,140.0,-0.081666
10.0,140.0,-0.050322
10.5,140.0,-0.029347
11.0,140.0,-0.015452
11.5,140.0,-0.006296
12.0,140.0,-0.000265
12.5,140.0,0.003763
13.0,140.0,0.006413
13.5,140.0,0.008154
14.0,140.0,0.009292
14.5,140.0,0.00996
15.0,140.0,0.010329
16.0,140.0,0.010488
17.0,140.0,0.010209
18.0,140.0,0.009701
19.0,140.0,0.009133
20.0,140.0,0.008542
21.0,140.0,0.007965
22.0,140.0,0.007428
23.0,140.0,0.006896
24.0,140.0,0.006441
25.0,140.0,0.005974
50.0,140.0,0.001497
100.0,140.0,-8e-06
1.0,150.0,258156.49261
1.1,150.0,186367.760287
1.2,150.0,148605.835593
1.3,150.0,127633.270786
1.4,150.0,112461.591983
1.5,150.0,97499.676524
1.6,150.0,81728.997174
1.7,150.0,66228.828344
1.8,150.0,52145.944412
1.9,150.0,40095.176393
2.0,150.0,30223.596849
2.1,150.0,22396.936141
2.2,150.0,16347.368153
2.3,150.0,11767.129242
2.4,150.0,8359.441071
2.5,150.0,5862.650026
2.6,150.0,4058.287595
2.7,150.0,2770.793312
2.8,150.0,1863.17111
2.9,150.0,1230.897269
3.0,150.0,795.79745
3.1,150.0,500.330866
3.2,150.0,302.702268
3.3,150.0,172.831052
3.4,150.0,89.24889
3.5,150.0,36.795937
3.6,150.0,4.929687
3.7,150.0,-13.547734
3.8,150.0,-23.46582
3.9,150.0,-28.015972
4.0,150.0,-29.279408
4.1,150.0,-28.594887
4.2,150.0,-26.812431
4.3,150.0,-24.468228
4.4,150.0,-21.903226
4.5,150.0,-19.337444
4.6,150.0,-16.91129
4.7,150.0,-14.707048
4.8,150.0,-12.762082
4.9,150.0,-11.080472
5.0,150.0,-9.644561
5.1,150.0,-8.425168
5.2,150.0,-7.389573
5.3,150.0,-6.506204
5.4,150.0,-5.747291
5.5,150.0,-5.089657
5.6,150.0,-4.514892
5.7,150.0,-4.008879
5.8,150.0,-3.561141
5.9,150.0,-3.163838
6.0,150.0,-2.811024
6.2,150.0,-2.220162
6.4,150.0,-1.756377
6.6,150.0,-1.392991
6.8,150.0,-1.10884
7.0,150.0,-0.887745
7.2,150.0,-0.717007
7.4,150.0,-0.585746
7.6,150.0,-0.48441
7.8,150.0,-0.405028
8.0,150.0,-0.341471
8.2,150.0,-0.28928
8.4,150.0,-0.245589
8.6,150.0,-0.208396
8.8,150.0,-0.176528
9.0,150.0,-0.149104
9.5,150.0,-0.096118
10.0,150.0,-0.060072
10.5,150.0,-0.035901
11.0,150.0,-0.019859
11.5,150.0,-0.009313
12.0,150.0,-0.002392
12.5,150.0,0.002214
13.0,150.0,0.005266
13.5,150.0,0.007281
14.0,150.0,0.00861
14.5,150.0,0.009431
15.0,150.0,0.009921
16.0,150.0,0.010223
17.0,150.0,0.010034
18.0,150.0,0.009601
19.0,150.0,0.009057
20.0,150.0,0.008492
21.0,150.0,0.007904
22.0,150.0,0.007382
23.0,150.0,0.006874
24.0,150.0,0.006389
25.0,150.0,0.005999
50.0,150.0,0.001485
100.0,150.0,-1.6e-05
1.0,160.0,398898.294377
1.1,160.0,278979.117389
1.2,160.0,223382.257299
1.3,160.0,199813.065769
1.4,160.0,186673.72501
1.5,160.0,168682.860627
1.6,160.0,144675.680378
1.7,160.0,118815.295721
1.8,160.0,94122.656054
1.9,160.0,72427.990705
2.0,160.0,54480.757748
2.1,160.0,40250.302866
2.2,160.0,29297.955443
2.3,160.0,21049.458473
2.4,160.0,14942.22434
2.5,160.0,10484.802772
2.6,160.0,7272.535845
2.7,160.0,4984.360347
2.8,160.0,3372.539413
2.9,160.0,2249.723934
3.0,160.0,1476.441812
3.1,160.0,950.183053
3.2,160.0,596.56861
3.3,160.0,362.25378
3.4,160.0,209.401698
3.5,160.0,111.453536
3.6,160.0,50.026783
3.7,160.0,12.591092
3.8,160.0,-9.273056
3.9,160.0,-21.175442
4.0,160.0,-26.83258
4.1,160.0,-28.687683
4.2,160.0,-28.322351
4.3,160.0,-26.732525
4.4,160.0,-24.522705
4.5,160.0,-22.050376
4.6,160.0,-19.530815
4.7,160.0,-17.10127
4.8,160.0,-14.851043
4.9,160.0,-12.833046
5.0,160.0,-11.068863
5.1,160.0,-9.555487
5.2,160.0,-8.273613
5.3,160.0,-7.195408
5.4,160.0,-6.290113
5.5,160.0,-5.527712
5.6,160.0,-4.880755
5.7,160.0,-4.325717
5.8,160.0,-3.84364
5.9,160.0,-3.420261
6.0,160.0,-3.045426
6.2,160.0,-2.415524
6.4,160.0,-1.917602
6.6,160.0,-1.526278
6.8,160.0,-1.219412
7.0,160.0,-0.979093
7.2,160.0,-0.791607
7.4,160.0,-0.646298
7.6,160.0,-0.533997
7.8,160.0,-0.446538
8.0,160.0,-0.377146
8.2,160.0,-0.320632
8.4,160.0,-0.273401
8.6,160.0,-0.233115
8.8,160.0,-0.198357
9.0,160.0,-0.168254
9.5,160.0,-0.109521
10.0,160.0,-0.069181
10.5,160.0,-0.042003
11.0,160.0,-0.023985
11.5,160.0,-0.012153
12.0,160.0,-0.004351
12.5,160.0,0.000809
13.0,160.0,0.004224
13.5,160.0,0.006502
14.0,160.0,0.008017
14.5,160.0,0.008968
15.0,160.0,0.009547
16.0,160.0,0.009997
17.0,160.0,0.009876
18.0,160.0,0.0095
19.0,160.0,0.009002
20.0,160.0,0.008436
21.0,160.0,0.007891
22.0,160.0,0.007357
23.0,160.0,0.006858
24.0,160.0,0.006384
25.0,160.0,0.005962
50.0,160.0,0.001496
100.0,160.0,-7e-06
1.0,170.0,559484.443578
1.1,170.0,386406.111421
1.2,170.0,320642.858694
1.3,170.0,315906.850127
1.4,170.0,338024.284768
1.5,170.0,358690.429337
1.6,170.0,353300.961384
1.7,170.0,295249.100298
1.8,170.0,215270.490631
1.9,170.0,147987.653381
2.0,170.0,100770.89258
2.1,170.0,69136.522443
2.2,170.0,47839.364908
2.3,170.0,33246.586235
2.4,170.0,23099.080133
2.5,170.0,15987.214383
2.6,170.0,10994.219552
2.7,170.0,7498.358471
2.8,170.0,5064.508697
2.9,170.0,3382.277776
3.0,170.0,2229.143807
3.1,170.0,1446.120743
3.2,170.0,920.068968
3.3,170.0,570.909927
3.4,170.0,342.277452
3.5,170.0,194.809863
3.6,170.0,101.335185
3.7,170.0,43.341725
3.8,170.0,8.401515
3.9,170.0,-11.727023
4.0,170.0,-22.466817
4.1,170.0,-27.373309
4.2,170.0,-28.76269
4.3,170.0,-28.11909
4.4,170.0,-26.362476
4.5,170.0,-24.039353
4.6,170.0,-21.469607
4.7,170.0,-18.852475
4.8,170.0,-16.326067
4.9,170.0,-13.989691
5.0,170.0,-11.907205
5.1,170.0,-10.107825
5.2,170.0,-8.591195
5.3,170.0,-7.336176
5.4,170.0,-6.310104
5.5,170.0,-5.47567
5.6,170.0,-4.795338
5.7,170.0,-4.234402
5.8,170.0,-3.763227
5.9,170.0,-3.358697
6.0,170.0,-3.004332
6.2,170.0,-2.407752
6.4,170.0,-1.929473
6.6,170.0,-1.548991
6.8,170.0,-1.248393
7.0,170.0,-1.01075
7.2,170.0,-0.822842
7.4,170.0,-0.675019
7.6,170.0,-0.559544
7.8,170.0,-0.469292
8.0,170.0,-0.397736
8.2,170.0,-0.339597
8.4,170.0,-0.290953
8.6,170.0,-0.249278
8.8,170.0,-0.213081
9.0,170.0,-0.181447
9.5,170.0,-0.119019
10.0,170.0,-0.075702
10.5,170.0,-0.046392
11.0,170.0,-0.026934
11.5,170.0,-0.014145
12.0,170.0,-0.005763
12.5,170.0,-0.00021
13.0,170.0,0.00347
13.5,170.0,0.005938
14.0,170.0,0.007566
14.5,170.0,0.008639
15.0,170.0,0.009309
16.0,170.0,0.009841
17.0,170.0,0.009779
18.0,170.0,0.009432
19.0,170.0,0.008936
20.0,170.0,0.0084
21.0,170.0,0.007857
22.0,170.0,0.007335
23.0,170.0,0.006839
24.0,170.0,0.006376
25.0,170.0,0.005959
50.0,170.0,0.001489
100.0,170.0,-1e-05
1.0,180.0,679429.930245
1.1,180.0,472506.974269
1.2,180.0,399836.812425
1.3,180.0,431310.370561
1.4,180.0,594584.83574
1.5,180.0,1336202.782911
1.8,180.0,634926.291764
1.9,180.0,290031.275005
2.0,180.0,157679.570882
2.1,180.0,95120.179748
2.2,180.0,61127.487779
2.3,180.0,40717.522335
2.4,180.0,27606.050406
2.5,180.0,18834.494518
2.6,180.0,12842.315743
2.7,180.0,8714.889189
2.8,180.0,5870.111419
2.9,180.0,3916.065459
3.0,180.0,2581.453225
3.1,180.0,1676.799827
3.2,180.0,1069.427938
3.3,180.0,666.325037
3.4,180.0,402.284742
3.5,180.0,231.853727
3.6,180.0,123.673395
3.7,180.0,56.357287
3.8,180.0,15.527557
3.9,180.0,-8.315289
4.0,180.0,-21.361572
4.1,180.0,-27.633542
4.2,180.0,-29.754009
4.3,180.0,-29.424939
4.4,180.0,-27.723578
4.5,180.0,-25.305123
4.6,180.0,-22.559569
4.7,180.0,-19.729287
4.8,180.0,-16.980391
4.9,180.0,-14.432163
5.0,180.0,-12.163215
5.1,180.0,-10.212003
5.2,180.0,-8.581515
5.3,180.0,-7.249064
5.4,180.0,-6.177243
5.5,180.0,-5.322543
5.6,180.0,-4.640935
5.7,180.0,-4.09149
5.8,180.0,-3.638988
5.9,180.0,-3.255783
6.0,180.0,-2.922223
6.2,180.0,-2.359511
6.4,180.0,-1.903349
6.6,180.0,-1.536648
6.8,180.0,-1.244974
7.0,180.0,-1.012957
7.2,180.0,-0.828098
7.4,180.0,-0.681506
7.6,180.0,-0.566221
7.8,180.0,-0.475756
8.0,180.0,-0.403973
8.2,180.0,-0.34562
8.4,180.0,-0.296731
8.6,180.0,-0.254779
8.8,180.0,-0.218181
9.0,180.0,-0.1861
9.5,180.0,-0.122446
10.0,180.0,-0.078085
10.5,180.0,-0.048002
11.0,180.0,-0.028014
11.5,180.0,-0.014881
12.0,180.0,-0.006273
12.5,180.0,-0.000582
13.0,180.0,0.003198
13.5,180.0,0.005751
14.0,180.0,0.007431
14.5,180.0,0.008521
15.0,180.0,0.009211
16.0,180.0,0.009771
17.0,180.0,0.009744
18.0,180.0,0.009412
19.0,180.0,0.008923
20.0,180.0,0.008389
21.0,180.0,0.007853
22.0,180.0,0.007319
23.0,180.0,0.006846
24.0,180.0,0.006378
25.0,180.0,0.00596
50.0,180.0,0.001492
100.0,180.0,0.0
