2D 
0
905752588.4673969,-801614625.1089772,292155253.5668429,-54259477.15499697,5608854.141254569,-290667.979874156,3026.664734278728,-50.9088862348209
10
906164973.256698,-802372636.1226457,292501203.4042763,-54340372.40023638,5618941.338673186,-291343.0835593615,3061.320672045833,-50.80647969690754
20
906817412.9140403,-803766723.7551285,293117831.3950198,-54489652.82360978,5638586.713943633,-292739.4416458121,3150.343914691669,-50.49652049630972
30
906627192.4509218,-804031976.1926562,293132435.0927163,-54508901.7105912,5644561.164403432,-293435.3370886372,3257.847623640629,-49.97330302527091
40
901915036.875114,-799706566.7946918,291265778.3091156,-54156292.00759879,5611338.107626366,-291948.1075712164,3343.399938285146,-49.23317859567722
50
889696220.489271,-788623942.3328196,286935272.9078278,-53357337.37498534,5532841.527794169,-287927.4573485639,3387.490104317299,-48.28296141214599
60
871769622.7291766,-772929627.6330899,281128471.1852316,-52331544.42116287,5432548.843050134,-282632.4976101029,3403.625484894039,-47.14428605838047
70
857086510.2302873,-760348370.2162017,276546003.2408608,-51559891.11904789,5355468.054968364,-278377.4553510544,3430.10134297275,-45.85159448815475
80
568090505.9303393,-526615935.7404932,200849785.903788,-39178993.36780808,4264448.584552663,-229658.6846401661,2655.816438373755,-44.12126010319092
90
574529526.7660549,-530369476.8359402,201406619.5716546,-39229288.05031154,4251498.031218954,-228884.557389395,2744.882703070026,-42.62584374419843
100
354706471.9464921,-341303829.8369079,136600698.7680538,-28022700.10412512,3207232.925251932,-181252.369077659,1971.410909998869,-40.72684442013357
110
330196267.7364507,-318792209.646382,128864058.7618321,-26732361.62059654,3086716.539836891,-177823.0986846184,2051.462983673144,-39.18652711156779
120
307217475.4890788,-300152494.5253917,123738325.5210188,-26037042.33295709,3038628.35335378,-178519.7017252678,2195.399533064923,-37.72046138600009
130
477946848.1958579,-450401507.6302194,177763327.538331,-35677567.03320888,3954170.635466173,-223585.9885401334,3113.397656070049,-36.66772713500825
140
723557090.9807538,-660026358.2494062,251010672.8793663,-48214887.9227877,5096703.363594377,-275679.7560716877,4028.627115398101,-35.73512510626846
150
1737906113.99723,-1431775043.912417,488680052.382439,-84894570.16118506,8119084.054243822,-399704.3794273048,5985.006153430814,-35.31803418512889
160
2649351569.8108,-2082070912.081916,677840381.8990453,-112312290.1995567,10243774.29803782,-480412.4381906115,7093.049261333312,-34.83164157388392
170
4073843529.392183,-3036365418.053584,936568122.3941493,-147561101.028614,12809330.43966959,-572661.9330879512,8324.555063909746,-34.65590122660157
180
4033381556.914098,-3014171955.945053,933335345.741102,-147336874.1702833,12811502.60454194,-572660.4456524749,8282.632238571183,-34.47222408224521
2D 
0
3018435925.334553,-2324788125.783404,731098520.97688,-118594526.144901,10639447.67862295,-489535.7743533397,6213.63017977782,-51.92958252326393
10
3012352300.209076,-2320959194.703673,730150980.1039832,-118490075.4227978,10635380.45931515,-489665.0787830096,6239.769281580641,-51.82457142976209
20
2997718887.074407,-2311589091.65316,727740847.8984963,-118206950.4361809,10622108.72006408,-489796.4188375177,6309.124834469815,-51.50863644112651
30
2980693758.06721,-2300127604.187208,724496699.600222,-117766581.0619129,10593580.83820874,-489186.690940067,6396.679320597369,-50.97955096167199
40
2967583222.401624,-2290166570.356616,721128882.0087365,-117212258.4795212,10546042.58626941,-487192.5710980888,6475.092049589488,-50.23766475917554
50
2957203392.523774,-2280586722.727433,717282843.9122899,-116491901.3656192,10474290.58243594,-483462.5664641182,6524.236646885586,-49.28927567847965
60
2942393319.263432,-2266932787.320919,712002634.8344777,-115534012.585444,10378558.58753709,-478317.1438420822,6542.24868837864,-48.15091946160971
70
2918443292.390481,-2247270347.195258,705261497.1577399,-114428263.0940561,10273934.75045115,-472915.4403524383,6549.378154950586,-46.8515097905839
80
1916097323.584483,-1549041172.964544,510840874.1865647,-86989134.09500767,8199762.184584174,-393547.3654334766,5427.221718975252,-45.09074771364994
90
1912584032.808368,-1545571532.519162,509308474.3672001,-86733074.49286707,8162930.627713763,-391835.8426912239,5501.441224586203,-43.59071411694241
100
1280068206.909661,-1080074902.173622,372394713.969364,-66313316.57719176,6526935.844528231,-326975.643113521,4572.452578998684,-41.71942012815889
110
1240859360.653954,-1045556163.005931,360736815.0896584,-64371437.37021159,6348622.619814814,-320950.2626431024,4605.075737711081,-40.1603334539684
120
1188468551.911173,-1003436017.587295,348117162.7190364,-62459243.79545419,6195040.694027185,-317016.3719607535,4666.367952414132,-38.6627342317351
130
1164042328.609759,-988224831.3149425,346137582.7525783,-62468053.69922646,6227305.935311868,-321110.2566543462,4811.945063111475,-37.28963959666716
140
2636141873.021088,-2041894799.207016,650099019.6058999,-106837280.2126418,9690839.634716513,-457707.4572768175,6952.606533622798,-36.67526125316263
150
4032102466.962889,-2981353361.078641,906631048.1620134,-142166742.9895063,12300233.6377,-553711.0735389511,8276.524185533426,-35.96438487148934
160
9130779651.4615,-6120694363.224707,1683810643.790746,-239743265.0537707,18850460.96111735,-773748.7673364895,11126.07236924152,-35.82660100891003
170
9388548648.544228,-6289146515.104096,1731663180.585121,-246304556.4719912,19341025.26902995,-790426.843093298,11248.23696192124,-35.3461826782711
180
14043838473.59194,-8952267137.749687,2341567862.46554,-317189994.2336272,23734256.10284405,-926987.7232494184,12913.21647568157,-35.5174542170498
2D 
0
-2323447358.652076,1839754874.867048,-592863991.0866081,101551442.7728626,-9713180.910785969,527130.4425899578,-17103.3783890637,-15.30018517268036
10
-2318572397.134118,1835042449.17171,-591096945.4072585,101204703.1539244,-9675560.040699532,524920.6417632181,-17029.60284556386,-15.26938156921713
20
-2300002162.236083,1818535928.807084,-585284297.1312932,100121403.3416768,-9562616.962529691,518493.2730533665,-16816.20679416889,-15.17690831356411
30
-2260685989.142091,1786098092.842043,-574582427.7819214,98245147.83915104,-9377275.891801136,508443.4249868312,-16485.14970588632,-15.022686778846
40
-2193564365.595224,1733560029.02444,-558101728.0744435,95503785.33519308,-9120748.622254031,495297.2106161055,-16061.48489208884,-14.80750515395174
50
-2099830316.489378,1662056256.648109,-536204971.2728156,91951526.65707827,-8798536.715757616,479428.9200285986,-15566.18565094007,-14.53377464370026
60
-1988216942.90533,1577269360.287686,-510238972.8525808,87725016.21322995,-8416449.871675845,460821.5727762148,-15008.14226077761,-14.20647900188657
70
-1866966994.713807,1483880972.581246,-481100901.5067832,82878643.93214434,-7972629.587264618,438969.9615661465,-14381.81878819187,-13.83365171781037
80
-1258981689.123258,1052170046.904932,-358105798.893556,64815913.2770806,-6543324.20472161,379959.2007895815,-13204.11112312279,-13.46451730278893
90
-1146618280.087567,960844096.3455389,-328031219.2159489,59564465.36694881,-6047262.822029616,353875.1541511454,-12467.41202113488,-13.02957865190972
100
-738749048.4775598,657661675.9392107,-237434297.3912143,45586570.82887711,-4884984.077897214,301574.0556656159,-11317.98774756333,-12.6163722182597
110
-693857286.3936113,619910570.1098267,-223786014.7173899,42898834.25176996,-4593198.337540707,281883.5454124141,-10643.23362413665,-12.16083059335969
120
-665779455.5095786,592877942.4344003,-212189141.7063281,40380301.29777446,-4296809.532103687,261196.7925424062,-9966.892976970872,-11.72267441490333
130
-617010530.364542,545179650.6188725,-192135144.0034465,36339315.92220811,-3854924.243811485,234679.2725365907,-9260.656911759448,-11.31986966814906
140
-1008977355.211235,801477942.7247267,-254522488.0805274,43734194.91447579,-4249865.679104362,240247.4193323973,-9119.599883318102,-10.91662742977239
150
-1127273233.400355,848771517.7268212,-253193304.8174911,41609386.13516936,-3901621.218859526,219007.7705979586,-8686.336248208539,-10.60725300019446
160
-1685469368.699239,1149600310.034755,-309789745.3000241,46348505.06823847,-3997463.468596174,213754.8770185586,-8535.644585944341,-10.36294410414025
170
-1261548134.523185,869715096.5589707,-231469672.7471169,35432203.89287099,-3161064.793675981,182260.9924838965,-8123.089784385776,-10.22980454906607
180
-1521786881.011504,1004237868.472906,-256627751.1626931,37648076.07689717,-3235358.528971978,182429.6598118435,-8115.419622735474,-10.17714964922792
2D 
0
-5946641579.120273,4638170937.55992,-1471517114.873806,245130367.8459549,-22644844.38336443,1145466.529984101,-30075.12749009581,-7.562060323222665
10
-5934271329.149072,4627670859.06322,-1467933433.535704,244486906.3295391,-22580515.91773505,1141980.991361599,-29974.6395901195,-7.546944129860041
20
-5893108525.826171,4593719526.100679,-1456645413.391135,242509333.7536841,-22387087.40908613,1131709.636650575,-29680.77724011074,-7.501615237954841
30
-5815817644.789369,4531961644.106979,-1436741760.977358,239130373.3459634,-22066526.1416542,1115203.546982,-29214.64430530371,-7.426177860018047
40
-5695217812.965916,4438136648.646692,-1407304952.742103,234273506.7371593,-21619676.21972662,1092973.220465796,-28601.04360156153,-7.321188886406805
50
-5532827153.035994,4313631873.286989,-1368777851.908004,228006191.4592031,-21053253.19735599,1065452.588462546,-27862.26163525271,-7.187972876327374
60
-5338519931.441066,4165011620.759511,-1322784248.542778,220510360.227901,-20377149.35927319,1032820.149870681,-27011.29965952025,-7.029013639423948
70
-5122680402.559348,3998609846.506986,-1270739414.249216,211924909.1697049,-19597096.97322644,994932.1021087532,-26050.14309838136,-6.848152637046835
80
-3430365705.457022,2814553167.184679,-939545189.600276,164635273.7102242,-15986671.35070977,854103.0532069419,-23644.12476851857,-6.700551268173647
90
-3242133667.36829,2661690817.015284,-889186808.7135237,155905840.767013,-15162165.96516335,811575.3101186013,-22547.2957813736,-6.488643214159049
100
-2130447175.927408,1844455278.244114,-648755594.2276762,119752335.4382391,-12252115.5494583,689796.6049645288,-20284.17578700816,-6.31773876620744
110
-2030512415.069375,1759801574.612641,-618868254.6953502,114140620.9688519,-11670477.48847264,654882.2351262567,-19259.99369893284,-6.095169989607539
120
-1949579488.118413,1687730080.872031,-591677329.8578383,108814180.6493888,-11095732.46401548,619574.5907740424,-18248.02840200232,-5.880994385521388
130
-1852430560.050269,1598804764.21434,-557348402.7926168,102202646.0935403,-10398996.79245145,579668.7994472285,-17234.37433987754,-5.683855558124829
140
-3521571370.490553,2742614982.265789,-864213992.0735211,143409470.21573,-13233422.46895709,670270.898960306,-18159.10441177974,-5.434733421200077
150
-4679077253.401027,3459906973.313465,-1033687845.848708,163057812.2490972,-14322113.36915304,694040.4038699978,-18202.78598433381,-5.26051036399826
160
-9106373738.559252,6088677134.636198,-1646458376.652841,234678650.6558598,-18630878.51819564,818015.9751570311,-19509.11226575987,-5.096077181038249
170
-8575552373.066401,5737717677.870257,-1548929873.403514,221061086.0558073,-17585166.24848531,777916.625521081,-18941.54023130795,-5.032558075737247
180
-12190251521.44378,7761041578.441717,-1996736984.522175,270956436.4854972,-20486005.55359685,860262.8231918334,-19830.09067514091,-4.984722415108511
2D 
0
-2323447358.652076,1839754874.867048,-592863991.0866081,101551442.7728626,-9713180.910785969,527130.4425899578,-17103.3783890637,-15.30018517268036
10
-2318572397.134118,1835042449.17171,-591096945.4072585,101204703.1539244,-9675560.040699532,524920.6417632181,-17029.60284556386,-15.26938156921713
20
-2300002162.236083,1818535928.807084,-585284297.1312932,100121403.3416768,-9562616.962529691,518493.2730533665,-16816.20679416889,-15.17690831356411
30
-2260685989.142091,1786098092.842043,-574582427.7819214,98245147.83915104,-9377275.891801136,508443.4249868312,-16485.14970588632,-15.022686778846
40
-2193564365.595224,1733560029.02444,-558101728.0744435,95503785.33519308,-9120748.622254031,495297.2106161055,-16061.48489208884,-14.80750515395174
50
-2099830316.489378,1662056256.648109,-536204971.2728156,91951526.65707827,-8798536.715757616,479428.9200285986,-15566.18565094007,-14.53377464370026
60
-1988216942.90533,1577269360.287686,-510238972.8525808,87725016.21322995,-8416449.871675845,460821.5727762148,-15008.14226077761,-14.20647900188657
70
-1866966994.713807,1483880972.581246,-481100901.5067832,82878643.93214434,-7972629.587264618,438969.9615661465,-14381.81878819187,-13.83365171781037
80
-1258981689.123258,1052170046.904932,-358105798.893556,64815913.2770806,-6543324.20472161,379959.2007895815,-13204.11112312279,-13.46451730278893
90
-1146618280.087567,960844096.3455389,-328031219.2159489,59564465.36694881,-6047262.822029616,353875.1541511454,-12467.41202113488,-13.02957865190972
100
-738749048.4775598,657661675.9392107,-237434297.3912143,45586570.82887711,-4884984.077897214,301574.0556656159,-11317.98774756333,-12.6163722182597
110
-693857286.3936113,619910570.1098267,-223786014.7173899,42898834.25176996,-4593198.337540707,281883.5454124141,-10643.23362413665,-12.16083059335969
120
-665779455.5095786,592877942.4344003,-212189141.7063281,40380301.29777446,-4296809.532103687,261196.7925424062,-9966.892976970872,-11.72267441490333
130
-617010530.364542,545179650.6188725,-192135144.0034465,36339315.92220811,-3854924.243811485,234679.2725365907,-9260.656911759448,-11.31986966814906
140
-1008977355.211235,801477942.7247267,-254522488.0805274,43734194.91447579,-4249865.679104362,240247.4193323973,-9119.599883318102,-10.91662742977239
150
-1127273233.400355,848771517.7268212,-253193304.8174911,41609386.13516936,-3901621.218859526,219007.7705979586,-8686.336248208539,-10.60725300019446
160
-1685469368.699239,1149600310.034755,-309789745.3000241,46348505.06823847,-3997463.468596174,213754.8770185586,-8535.644585944341,-10.36294410414025
170
-1261548134.523185,869715096.5589707,-231469672.7471169,35432203.89287099,-3161064.793675981,182260.9924838965,-8123.089784385776,-10.22980454906607
180
-1521786881.011504,1004237868.472906,-256627751.1626931,37648076.07689717,-3235358.528971978,182429.6598118435,-8115.419622735474,-10.17714964922792
