[[-8.88186312e+07  4.14699004e+07  1.92445649e+06 -1.72129393e+06
   2.44445938e+05 -1.43270461e+04  3.05694288e+02  1.01512733e-01]
 [-5.44374612e+07  3.63784064e+07 -5.91668077e+06  1.15837735e+06
  -1.60000636e+05  1.01022569e+04 -2.17891139e+02  8.35237688e-02]
 [-2.55747622e+08  1.71796446e+08 -4.50287982e+07  5.88449801e+06
  -3.94425698e+05  1.24394221e+04 -1.54792727e+02  8.66314126e-03]
 [-2.52760416e+08  1.63028186e+08 -4.15802603e+07  5.30529763e+06
  -3.53823973e+05  1.15633344e+04 -1.48750228e+02  3.64090112e-02]
 [ 1.67655539e+08 -1.14452554e+08  3.09775549e+07 -4.23244343e+06
   3.06342535e+05 -1.11001607e+04  1.58662430e+02 -4.23485784e-02]
 [ 6.19881926e+07 -3.57740181e+07  7.90406630e+06 -8.28819047e+05
   4.08499685e+04 -7.47843137e+02 -7.68397344e-01  5.84520887e-03]
 [ 9.13280055e+07 -6.32772257e+07  1.74355646e+07 -2.43206909e+06
   1.80216299e+05 -6.72323150e+03  1.01241192e+02 -2.90968253e-02]
 [-9.90813541e+07  6.54813066e+07 -1.73163792e+07  2.33078099e+06
  -1.67410391e+05  6.07579896e+03 -8.91955176e+01  2.46616435e-02]
 [ 1.08778964e+08 -6.80813331e+07  1.69060862e+07 -2.11637531e+06
   1.39863505e+05 -4.61176274e+03  6.04980377e+01 -1.33237561e-02]
 [ 2.91622318e+08 -1.90801976e+08  4.98037175e+07 -6.59815232e+06
   4.65277064e+05 -1.65366643e+04  2.37046661e+02 -6.27071905e-02]
 [-1.31110125e+08  8.91202206e+07 -2.41941914e+07  3.33774897e+06
  -2.45377016e+05  9.10340116e+03 -1.36480847e+02  3.89919150e-02]
 [-2.63484172e+07  1.29035822e+07 -2.19748424e+06  1.29576656e+05
   2.78613037e+03 -5.45132968e+02  1.46393130e+01 -7.08098675e-03]
 [-1.93736303e+07  1.28959724e+07 -3.42593185e+06  4.62270831e+05
  -3.32513886e+04  1.20908619e+03 -1.78430581e+01  5.05238224e-03]
 [ 1.16764637e+07 -6.35147672e+06  1.31579009e+06 -1.28998487e+05
   5.95327380e+03 -1.02902461e+02 -4.78800211e-02  6.37588135e-04]
 [-2.68008928e+07  1.65838319e+07 -3.99844324e+06  4.76358824e+05
  -2.92757705e+04  8.71546479e+02 -9.86362837e+00  1.37169193e-03]
 [-7.60934016e+07  5.03239862e+07 -1.32142381e+07  1.75077690e+06
  -1.22670190e+05  4.30230390e+03 -6.03822738e+01  1.51679062e-02]
 [-3.55309759e+07  1.86127449e+07 -3.72644953e+06  3.54798745e+05
  -1.59665618e+04  2.67731960e+02  2.74809989e-01 -1.81220749e-03]
 [-1.08492983e+08  6.94460763e+07 -1.77978078e+07  2.32739741e+06
  -1.63011533e+05  5.79348403e+03 -8.36422540e+01  2.27128374e-02]
 [ 3.86305125e+07 -2.62916187e+07  7.15302479e+06 -9.89752462e+05
   7.30292759e+04 -2.72065846e+03  4.09643841e+01 -1.17861877e-02]]