2.5,0.0,2592.7884123703093
2.6,0.0,1842.307497785476
2.7,0.0,1281.2932838966544
2.8,0.0,871.5003413750429
2.9,0.0,576.6146819425138
3.0,0.0,372.95576337327134
3.1,0.0,232.78899785261535
3.2,0.0,139.00897144528537
3.3,0.0,76.29153245816967
3.4,0.0,35.22122146068118
3.5,0.0,7.932558682879516
3.6,0.0,-7.869643867761572
3.7,0.0,-15.537616668092488
3.8,0.0,-19.953293908467252
3.9,0.0,-21.334645718936347
4.0,0.0,-21.400050697038058
4.1,0.0,-20.87430075437716
4.2,0.0,-19.93047425268608
4.3,0.0,-18.05821782686835
4.4,0.0,-16.1166625079908
4.5,0.0,-14.21500701971688
4.6,0.0,-12.425251107514564
4.7,0.0,-10.793654982359389
4.8,0.0,-9.344205456815688
4.9,0.0,-8.081295323666208
5.0,0.0,-6.995073679606069
5.1,0.0,-6.067445939119627
5.2,0.0,-5.2801318441408585
5.3,0.0,-4.605658210457749
5.4,0.0,-4.028709889323552
5.5,0.0,-3.533453095795501
5.6,0.0,-3.106958363339835
5.7,0.0,-2.7383019979749843
5.8,0.0,-2.4187256485630564
5.9,0.0,-2.1409284892761016
6.0,0.0,-1.8988648701693656
6.2,0.0,-1.5026784875943466
6.4,0.0,-1.1980896192132222
6.6,0.0,-0.9618864141499516
6.8,0.0,-0.7775604271886708
7.0,0.0,-0.631770013766978
7.2,0.0,-0.5162131085716856
7.4,0.0,-0.4238555504938129
7.6,0.0,-0.3492444937516996
7.8,0.0,-0.2888336615612584
8.0,0.0,-0.239454721878286
8.2,0.0,-0.1990463728618677
8.4,0.0,-0.16569895778157
8.6,0.0,-0.1380359372581969
8.8,0.0,-0.114974418426441
9.0,0.0,-0.0957453686688882
9.5,0.0,-0.0594714814760493
10.0,0.0,-0.0349456287274504
10.5,0.0,-0.0182376847796228
11.0,0.0,-0.0065763376556911
11.5,0.0,0.0013934439368729
12.0,0.0,0.006991144935645
12.5,0.0,0.0107676449531116
13.0,0.0,0.0133611752524706
13.5,0.0,0.0150877824459935
14.0,0.0,0.0162731662097915
14.5,0.0,0.0169335636522163
15.0,0.0,0.0174146511453051
16.0,0.0,0.0174651308991796
17.0,0.0,0.0171596231246184
18.0,0.0,0.0165696758941503
19.0,0.0,0.0158287291700719
20.0,0.0,0.0151257522034028
21.0,0.0,0.0143494712110732
22.0,0.0,0.0135630911490467
23.0,0.0,0.0130227441364264
24.0,0.0,0.0123232790760201
25.0,0.0,0.0117094097131938
50.0,0.0,0.0039727082866352
100.0,0.0,0.0
2.5,5.0,2511.969611235838
2.6,5.0,1810.55558422502
2.7,5.0,1265.3361105320369
2.8,5.0,863.1482248946587
2.9,5.0,574.1264818211724
3.0,5.0,371.2031258931018
3.1,5.0,232.1730673251807
3.2,5.0,138.89379028287095
3.3,5.0,76.60965347487388
3.4,5.0,35.69057673849854
3.5,5.0,8.058328183416611
3.6,5.0,-7.700154802105497
3.7,5.0,-15.21267086663749
3.8,5.0,-19.609396472898084
3.9,5.0,-21.205362431426476
4.0,5.0,-21.08831902613511
4.1,5.0,-20.59544396938362
4.2,5.0,-19.68258116859969
4.3,5.0,-17.84458363477001
4.4,5.0,-15.938054930550654
4.5,5.0,-14.07021696936332
4.6,5.0,-12.311196727436991
4.7,5.0,-10.706135299720856
4.8,5.0,-9.278329487171666
4.9,5.0,-8.032393741245516
5.0,5.0,-6.958919621399566
5.1,5.0,-6.0439149663741425
5.2,5.0,-5.259915814609821
5.3,5.0,-4.590171860959075
5.4,5.0,-4.016620345387174
5.5,5.0,-3.5237615319818727
5.6,5.0,-3.0990605664688915
5.7,5.0,-2.7317199526918854
5.8,5.0,-2.4132806998921037
5.9,5.0,-2.136288353496672
6.0,5.0,-1.894992238735531
6.2,5.0,-1.499786906863121
6.4,5.0,-1.196341064165018
6.6,5.0,-0.960296758824988
6.8,5.0,-0.7761566658575552
7.0,5.0,-0.6308666554133963
7.2,5.0,-0.515517155417542
7.4,5.0,-0.4233707296509936
7.6,5.0,-0.3489302030925593
7.8,5.0,-0.2885235440198621
8.0,5.0,-0.2392168105019776
8.2,5.0,-0.1988609123981888
8.4,5.0,-0.1654948430449271
8.6,5.0,-0.1379643860667458
8.8,5.0,-0.1149044048635757
9.0,5.0,-0.0956762346420495
9.5,5.0,-0.0593825921967521
10.0,5.0,-0.0349465051445551
10.5,5.0,-0.018246901194371
11.0,5.0,-0.0065980640669046
11.5,5.0,0.0013616215748845
12.0,5.0,0.0069375930435211
12.5,5.0,0.0107790570890045
13.0,5.0,0.0133249645671148
13.5,5.0,0.0150601300828269
14.0,5.0,0.016236075988409
14.5,5.0,0.0168947174777024
15.0,5.0,0.0172700204905834
16.0,5.0,0.0175000285183395
17.0,5.0,0.0170371586491235
18.0,5.0,0.0165382933001752
19.0,5.0,0.0157778127671061
20.0,5.0,0.0151095119761291
21.0,5.0,0.0143106250365593
22.0,5.0,0.0136504459186802
23.0,5.0,0.0128629711150034
24.0,5.0,0.0123011160157153
25.0,5.0,0.0116936092539334
50.0,5.0,0.0039029192861596
100.0,5.0,0.0
2.5,10.0,2327.8950257997835
2.6,10.0,1728.2673429399729
2.7,10.0,1222.5534417915242
2.8,10.0,838.7095611169144
2.9,10.0,560.9636153289673
3.0,10.0,364.67568702839606
3.1,10.0,229.13641700397235
3.2,10.0,136.75945810482756
3.3,10.0,75.5899339614925
3.4,10.0,35.57625833231008
3.5,10.0,8.151433708912165
3.6,10.0,-7.072100934094804
3.7,10.0,-14.369179604846478
3.8,10.0,-18.763256809611548
3.9,10.0,-20.35364657522784
4.0,10.0,-20.28325030814749
4.1,10.0,-19.870435208483336
4.2,10.0,-19.03998183631437
4.3,10.0,-17.287866042646616
4.4,10.0,-15.469719334404791
4.5,10.0,-13.687687613632573
4.6,10.0,-12.007430449803248
4.7,10.0,-10.47081943110844
4.8,10.0,-9.099535797413129
4.9,10.0,-7.898149449490409
5.0,10.0,-6.858514807704648
5.1,10.0,-5.96839111030131
5.2,10.0,-5.202443746203841
5.3,10.0,-4.5456182898379
5.4,10.0,-3.9814251748229768
5.5,10.0,-3.4953942183067124
5.6,10.0,-3.075766843888234
5.7,10.0,-2.7123837991500848
5.8,10.0,-2.396938617980019
5.9,10.0,-2.1224463090756585
6.0,10.0,-1.883143023340074
6.2,10.0,-1.4910428185559044
6.4,10.0,-1.189443633481129
6.6,10.0,-0.9552999774245636
6.8,10.0,-0.7723086146486375
7.0,10.0,-0.6279500546892401
7.2,10.0,-0.5133017757069236
7.4,10.0,-0.4215629182021801
7.6,10.0,-0.347551683197842
7.8,10.0,-0.287461944035599
8.0,10.0,-0.2383485680921015
8.2,10.0,-0.1981702271034393
8.4,10.0,-0.1649830279315002
8.6,10.0,-0.1374951473586412
8.8,10.0,-0.1146006530421458
9.0,10.0,-0.0953421918493728
9.5,10.0,-0.059139852729063
10.0,10.0,-0.0347772911459941
10.5,10.0,-0.0181040233738586
11.0,10.0,-0.0065427562216493
11.5,10.0,0.0014439236907475
12.0,10.0,0.0070188004177337
12.5,10.0,0.0108420468393444
13.0,10.0,0.0133444983761056
13.5,10.0,0.0151545055460638
14.0,10.0,0.0162536355197228
14.5,10.0,0.0170024824734314
15.0,10.0,0.0173325704729099
16.0,10.0,0.0174497702079327
17.0,10.0,0.0171591864755271
18.0,10.0,0.0165920635168448
19.0,10.0,0.0158566029767062
20.0,10.0,0.0151389234113491
21.0,10.0,0.0144585523919202
22.0,10.0,0.0136550556855154
23.0,10.0,0.0129694168066923
24.0,10.0,0.0123351340988485
25.0,10.0,0.0117326768719151
50.0,10.0,0.0039193778379789
100.0,10.0,0.0
2.5,15.0,2146.46251304861
2.6,15.0,1627.6374132465812
2.7,15.0,1164.4877125013384
2.8,15.0,803.7459679721613
2.9,15.0,539.6879251063948
3.0,15.0,351.93075027196414
3.1,15.0,221.69057864671873
3.2,15.0,132.29943579639163
3.3,15.0,73.05268037870077
3.4,15.0,34.3912261365279
3.5,15.0,7.706959394954735
3.6,15.0,-6.783892775475733
3.7,15.0,-12.714956301948494
3.8,15.0,-17.785010538812575
3.9,15.0,-19.38220050583581
4.0,15.0,-19.91437095856741
4.1,15.0,-18.988282393652057
4.2,15.0,-18.240689252857752
4.3,15.0,-16.16871991557815
4.4,15.0,-14.868327902405872
4.5,15.0,-13.188000725013689
4.6,15.0,-11.603510877707937
4.7,15.0,-10.152032091009852
4.8,15.0,-8.852521491455397
4.9,15.0,-7.708939274215814
5.0,15.0,-6.717425102648112
5.1,15.0,-5.8573536292441615
5.2,15.0,-5.116122181887961
5.3,15.0,-4.4774299388876315
5.4,15.0,-3.926557175554066
5.5,15.0,-3.4505487472680128
5.6,15.0,-3.038636126421413
5.7,15.0,-2.681167702592489
5.8,15.0,-2.3705169471582583
5.9,15.0,-2.0998790489449375
6.0,15.0,-1.8637950178943667
6.2,15.0,-1.4767185856623075
6.4,15.0,-1.1787170304236758
6.6,15.0,-0.9472483334841498
6.8,15.0,-0.7662361918767431
7.0,15.0,-0.6236505488659215
7.2,15.0,-0.5097267549369419
7.4,15.0,-0.4187997310173247
7.6,15.0,-0.345333452792442
7.8,15.0,-0.2856449130531152
8.0,15.0,-0.2369983617720319
8.2,15.0,-0.1970978730758423
8.4,15.0,-0.1641077648280206
8.6,15.0,-0.1367645180288055
8.8,15.0,-0.1139321339266231
9.0,15.0,-0.0947759484267173
9.5,15.0,-0.0587849630611995
10.0,15.0,-0.0344891214592789
10.5,15.0,-0.0178667700901093
11.0,15.0,-0.006374421759115
11.5,15.0,0.0015883391398456
12.0,15.0,0.0069950966099212
12.5,15.0,0.0107996887585677
13.0,15.0,0.0134327264439217
13.5,15.0,0.0151641617288254
14.0,15.0,0.0163236459636661
14.5,15.0,0.0169904091260573
15.0,15.0,0.0174008280826439
16.0,15.0,0.0174603059267209
17.0,15.0,0.017214054552769
18.0,15.0,0.0165729694758674
19.0,15.0,0.0158656010669088
20.0,15.0,0.0151569195917542
21.0,15.0,0.0144216773761613
22.0,15.0,0.0136730518659204
23.0,15.0,0.013013749165146
24.0,15.0,0.0124064638468318
25.0,15.0,0.0117282854296256
50.0,15.0,0.004059183520242
100.0,15.0,0.0
2.5,20.0,2008.1959720423015
2.6,20.0,1526.3438475842604
2.7,20.0,1096.418598868531
2.8,20.0,760.0892173762423
2.9,20.0,511.579831629398
3.0,20.0,334.3681741978195
3.1,20.0,209.80148299189432
3.2,20.0,125.22279634723662
3.3,20.0,68.73167505822565
3.4,20.0,31.94806220831042
3.5,20.0,6.427496484230939
3.6,20.0,-5.151722940198442
3.7,20.0,-13.065616405816291
3.8,20.0,-17.149651896418575
3.9,20.0,-18.608806147627085
4.0,20.0,-19.11166356713024
4.1,20.0,-18.8926024287792
4.2,20.0,-17.49917665650844
4.3,20.0,-15.912237251465491
4.4,20.0,-14.277969897424086
4.5,20.0,-12.68434332071039
4.6,20.0,-10.891079547487251
4.7,20.0,-9.813047160447567
4.8,20.0,-8.582587449744771
4.9,20.0,-7.496127672864855
5.0,20.0,-6.549994491257093
5.1,20.0,-5.724970922273459
5.2,20.0,-5.010299413792698
5.3,20.0,-4.391720924630538
5.4,20.0,-3.856153884661192
5.5,20.0,-3.392069731749388
5.6,20.0,-2.989490051698822
5.7,20.0,-2.639562336232912
5.8,20.0,-2.3351360978058366
5.9,20.0,-2.0695976933348983
6.0,20.0,-1.8377765207731993
6.2,20.0,-1.457354118545859
6.4,20.0,-1.1642075616287897
6.6,20.0,-0.9364168192446716
6.8,20.0,-0.7580701988960883
7.0,20.0,-0.6182124056829489
7.2,20.0,-0.5048201790009326
7.4,20.0,-0.41498592245393
7.6,20.0,-0.3423556213899995
7.8,20.0,-0.2833753264767359
8.0,20.0,-0.2351795748364168
8.2,20.0,-0.1956526331999768
8.4,20.0,-0.1629796631871549
8.6,20.0,-0.1358552337232707
8.8,20.0,-0.1132085252903908
9.0,20.0,-0.0941750257094476
9.5,20.0,-0.0584096600483185
10.0,20.0,-0.0343071760207848
10.5,20.0,-0.0177677879789592
11.0,20.0,-0.0063766143613376
11.5,20.0,0.0015347872477217
12.0,20.0,0.0069250830470558
12.5,20.0,0.0107474530515618
13.0,20.0,0.013334842193344
13.5,20.0,0.0150267700922528
14.0,20.0,0.0161757217272273
14.5,20.0,0.0168797934355467
15.0,20.0,0.0172072521837112
16.0,20.0,0.0173705402303191
17.0,20.0,0.0170490105530298
18.0,20.0,0.0164366756998671
19.0,20.0,0.0158138082468383
20.0,20.0,0.0150151396318142
21.0,20.0,0.0142917493201275
22.0,20.0,0.0135490466429178
23.0,20.0,0.012902693706622
24.0,20.0,0.0123000181551429
25.0,20.0,0.0116110856946028
50.0,20.0,0.0039345233236024
100.0,20.0,0.0
2.5,25.0,1895.9581670013508
2.6,25.0,1429.7839386111452
2.7,25.0,1023.9446985476646
2.8,25.0,709.7552138743874
2.9,25.0,477.97835642038393
3.0,25.0,312.0715988271164
3.1,25.0,195.29050038763037
3.2,25.0,115.93647073917542
3.3,25.0,62.95923462531834
3.4,25.0,28.569457683459504
3.5,25.0,4.5371415243422115
3.6,25.0,-5.9645801524326965
3.7,25.0,-13.18857509010944
3.8,25.0,-16.838775957929048
3.9,25.0,-18.085830367637847
4.0,25.0,-18.517834791349017
4.1,25.0,-18.267669266872534
4.2,25.0,-16.886978511938427
4.3,25.0,-15.339264710756176
4.4,25.0,-13.759560506301682
4.5,25.0,-12.229107727519814
4.6,25.0,-10.79635100667616
4.7,25.0,-9.488191785900453
4.8,25.0,-8.315751071541847
4.9,25.0,-7.278895635724747
5.0,25.0,-6.373297440726642
5.1,25.0,-5.580570880650391
5.2,25.0,-4.891365233725177
5.3,25.0,-4.29285945650553
5.4,25.0,-3.773234175442457
5.5,25.0,-3.3220279145688902
5.6,25.0,-2.9299597535901767
5.7,25.0,-2.588725646677609
5.8,25.0,-2.291485448389151
5.9,25.0,-2.032174417857994
6.0,25.0,-1.8054073025818071
6.2,25.0,-1.433201594532464
6.4,25.0,-1.1460183823253645
6.6,25.0,-0.9225300026971908
6.8,25.0,-0.7473863936874253
7.0,25.0,-0.6089909601134518
7.2,25.0,-0.4985078705750527
7.4,25.0,-0.4100321603457633
7.6,25.0,-0.3384908933047169
7.8,25.0,-0.2802605400868121
8.0,25.0,-0.2327592070909729
8.2,25.0,-0.1936914082118626
8.4,25.0,-0.1613796935868707
8.6,25.0,-0.1345857918904784
8.8,25.0,-0.1120747191410397
9.0,25.0,-0.0932282114145169
9.5,25.0,-0.0577106316370034
10.0,25.0,-0.0338526430302903
10.5,25.0,-0.0174899325675646
11.0,25.0,-0.0061744770212938
11.5,25.0,0.0017002710154743
12.0,25.0,0.0070262608793505
12.5,25.0,0.010810224477356
13.0,25.0,0.0133205762437474
13.5,25.0,0.0150833941226261
14.0,25.0,0.0161627719627486
14.5,25.0,0.0168163670361155
15.0,25.0,0.0171883764672794
16.0,25.0,0.0173424480991391
17.0,25.0,0.0169937027077745
18.0,25.0,0.0164518211854905
19.0,25.0,0.0158008584823596
20.0,25.0,0.0150531093892234
21.0,25.0,0.0143156745714078
22.0,25.0,0.0135929423522802
23.0,25.0,0.0129847806168614
24.0,25.0,0.0123059441070961
25.0,25.0,0.0116387411766915
50.0,25.0,0.0038958954736341
100.0,25.0,0.0
2.5,30.0,1796.70566447585
2.6,30.0,1332.7980486949657
2.7,30.0,948.2361951765176
2.8,30.0,655.2724013327227
2.9,30.0,439.9620384105275
3.0,30.0,285.4996787372626
3.1,30.0,178.2927587319021
3.2,30.0,105.08525107201886
3.3,30.0,56.02554448860768
3.4,30.0,24.663210688337323
3.5,30.0,4.507664326650058
3.6,30.0,-7.747482751103954
3.7,30.0,-13.271763220000276
3.8,30.0,-16.64359783129657
3.9,30.0,-18.300965547225324
4.0,30.0,-18.76248075006269
4.1,30.0,-17.735954887878943
4.2,30.0,-16.359564736628723
4.3,30.0,-14.838944200640931
4.4,30.0,-13.29989986755512
4.5,30.0,-11.521427585418165
4.6,30.0,-10.438269368458048
4.7,30.0,-9.182097326501204
4.8,30.0,-8.05754267977169
4.9,30.0,-7.065872462294451
5.0,30.0,-6.191956312099251
5.1,30.0,-5.428220591243748
5.2,30.0,-4.762734009897934
5.3,30.0,-4.183740402587706
5.4,30.0,-3.6803040082219622
5.5,30.0,-3.242630775207507
5.6,30.0,-2.8618161747663753
5.7,30.0,-2.530189567360597
5.8,30.0,-2.241137749675489
5.9,30.0,-1.9886822283965355
6.0,30.0,-1.7679050154518348
6.2,30.0,-1.4050008624856287
6.4,30.0,-1.1246821576209356
6.6,30.0,-0.9063397966958212
6.8,30.0,-0.7350203167626151
7.0,30.0,-0.5992882056073983
7.2,30.0,-0.491086994317298
7.4,30.0,-0.4042163032231413
7.6,30.0,-0.3330773303466614
7.8,30.0,-0.2766723512278061
8.0,30.0,-0.2298601690170527
8.2,30.0,-0.1911946643025089
8.4,30.0,-0.1595288659647215
8.6,30.0,-0.1330382763217457
8.8,30.0,-0.1108629991991931
9.0,30.0,-0.0921389621860093
9.5,30.0,-0.057049357777474
10.0,30.0,-0.0333368793615093
10.5,30.0,-0.0171521626630016
11.0,30.0,-0.0059192306760614
11.5,30.0,0.0018174707504971
12.0,30.0,0.0071250246659549
12.5,30.0,0.0108826489669897
13.0,30.0,0.013403754776715
13.5,30.0,0.0150864662608755
14.0,30.0,0.0161215086236222
14.5,30.0,0.0168060496418729
15.0,30.0,0.0171947390683239
16.0,30.0,0.0173696606942924
17.0,30.0,0.0170437426936356
18.0,30.0,0.0164443576049517
19.0,30.0,0.0157760568139747
20.0,30.0,0.0150116246066293
21.0,30.0,0.014283409322484
22.0,30.0,0.0136396887564242
23.0,30.0,0.0129009377534906
24.0,30.0,0.0122664367211011
25.0,30.0,0.0116468597308673
50.0,30.0,0.0039819278203054
100.0,30.0,0.0
2.5,35.0,1693.649826608782
2.6,35.0,1232.6080973799956
2.7,35.0,870.0928176507944
2.8,35.0,596.7247103623727
2.9,35.0,398.91622517053753
3.0,35.0,257.8055240670096
3.1,35.0,159.94155588332907
3.2,35.0,93.1449096279866
3.3,35.0,49.02189264111123
3.4,35.0,19.83513381367092
3.5,35.0,2.3648404559498863
3.6,35.0,-8.607191652934956
3.7,35.0,-14.317333772457385
3.8,35.0,-17.020417114384905
3.9,35.0,-18.698007883657223
4.0,35.0,-18.266438677452104
4.1,35.0,-17.21757775888654
4.2,35.0,-15.852455877010437
4.3,35.0,-14.361399890365506
4.4,35.0,-12.862492634929232
4.5,35.0,-11.426857064794286
4.6,35.0,-10.094485845280028
4.7,35.0,-8.88446382901946
4.8,35.0,-7.802128642574739
4.9,35.0,-6.8474486787895
5.0,35.0,-6.005289845462698
5.1,35.0,-5.268504733424606
5.2,35.0,-4.625866776408248
5.3,35.0,-4.066216346452346
5.4,35.0,-3.579309465621121
5.5,35.0,-3.1557499850436534
5.6,35.0,-2.786987616874049
5.7,35.0,-2.465767180709007
5.8,35.0,-2.1854912736931036
5.9,35.0,-1.940569218640093
6.0,35.0,-1.726274850542795
6.2,35.0,-1.3736181842997082
6.4,35.0,-1.1010179663566226
6.6,35.0,-0.8883409028285333
6.8,35.0,-0.7211820025724097
7.0,35.0,-0.5886546618280641
7.2,35.0,-0.4828325549442814
7.4,35.0,-0.3977137093611239
7.6,35.0,-0.3287988928419972
7.8,35.0,-0.2726142655681364
8.0,35.0,-0.2266554017251034
8.2,35.0,-0.1887808837204993
8.4,35.0,-0.1574833614641453
8.6,35.0,-0.1313103560620268
8.8,35.0,-0.1094566086167636
9.0,35.0,-0.0910931657799287
9.5,35.0,-0.0562877793838325
10.0,35.0,-0.0328450378250866
10.5,35.0,-0.0168813310641324
11.0,35.0,-0.0058151990300629
11.5,35.0,0.0018229569344369
12.0,35.0,0.0071708946529943
12.5,35.0,0.0107979328054364
13.0,35.0,0.013310695498596
13.5,35.0,0.0149021067766911
14.0,35.0,0.0159863127081943
14.5,35.0,0.0166993856256384
15.0,35.0,0.0170768812407421
16.0,35.0,0.0171749869347874
17.0,35.0,0.0168767212972973
18.0,35.0,0.0162413407288811
19.0,35.0,0.0156426137327561
20.0,35.0,0.0148608465564868
21.0,35.0,0.0141398734094126
22.0,35.0,0.013419118586884
23.0,35.0,0.0127835196939221
24.0,35.0,0.0121312408056732
25.0,35.0,0.0115153940462478
50.0,35.0,0.0038076642868959
100.0,35.0,0.0
2.5,40.0,1576.9511174122472
2.6,40.0,1131.4323252861047
2.7,40.0,791.2668821517875
2.8,40.0,538.8908538254818
2.9,40.0,357.5511483372851
3.0,40.0,229.75302790554537
3.1,40.0,141.6304664117167
3.2,40.0,81.80679164455886
3.3,40.0,41.21188244813067
3.4,40.0,15.75843711553507
3.5,40.0,0.1956361746481575
3.6,40.0,-9.448870272066852
3.7,40.0,-13.871721700676328
3.8,40.0,-16.810047828634072
3.9,40.0,-18.261204202999917
4.0,40.0,-17.752858821771394
4.1,40.0,-16.687114819307492
4.2,40.0,-15.337952692518064
4.3,40.0,-13.880846578180366
4.4,40.0,-12.129552498842886
4.5,40.0,-11.036869521140932
4.6,40.0,-9.751530835682424
4.7,40.0,-8.585683138974796
4.8,40.0,-7.546664562273005
4.9,40.0,-6.623663564914578
5.0,40.0,-5.812042871171633
5.1,40.0,-5.101649145221899
5.3,40.0,-3.9419491495895023
5.4,40.0,-3.4721709490569346
5.5,40.0,-3.0632563515143265
5.6,40.0,-2.7071232099633167
5.7,40.0,-2.3968280022895088
5.8,40.0,-2.126145990042279
5.9,40.0,-1.889221593507389
6.0,40.0,-1.6818821534225366
6.2,40.0,-1.3396867479408956
6.4,40.0,-1.0752439615373537
6.6,40.0,-0.8689285914473683
6.8,40.0,-0.7059656051365784
7.0,40.0,-0.5768280492609255
7.2,40.0,-0.4735588705488564
7.4,40.0,-0.3904438294780574
7.6,40.0,-0.3229365045208547
7.8,40.0,-0.2680728966942333
8.0,40.0,-0.2230424080787904
8.2,40.0,-0.1866532954286057
8.4,40.0,-0.1550127354082946
8.6,40.0,-0.1292997460616884
8.8,40.0,-0.1077378985339487
9.0,40.0,-0.0895509149516681
9.5,40.0,-0.0552667815272147
10.0,40.0,-0.0321082579809079
10.5,40.0,-0.0163350549806369
11.0,40.0,-0.0053738341285927
11.5,40.0,0.0020812785368407
12.0,40.0,0.0073425258161678
12.5,40.0,0.0109423482545345
13.0,40.0,0.0134009040819333
13.5,40.0,0.0150136020032285
14.0,40.0,0.0160690545920707
14.5,40.0,0.0167814694169557
15.0,40.0,0.0171299964837747
16.0,40.0,0.0172344647788645
17.0,40.0,0.0168822106001592
18.0,40.0,0.0163267181019155
19.0,40.0,0.0156160592301618
20.0,40.0,0.014940297977568
21.0,40.0,0.0142261271995516
22.0,40.0,0.0134968140548339
23.0,40.0,0.0129103756117065
24.0,40.0,0.0122387843579345
25.0,40.0,0.0115715814275299
50.0,40.0,0.0039013816575739
100.0,40.0,0.0
2.5,45.0,1452.870355985006
2.6,45.0,1029.7830046328218
2.7,45.0,713.8244798217582
2.8,45.0,483.41137055782747
2.9,45.0,318.0097680658896
3.0,45.0,202.95786458333896
3.1,45.0,123.77215661295666
3.2,45.0,69.32691066747624
3.3,45.0,35.85491100256698
3.4,45.0,12.010379970749966
3.5,45.0,-2.3133007863089916
3.6,45.0,-10.379331868274653
3.7,45.0,-14.724509031366535
3.8,45.0,-17.387897094076163
3.9,45.0,-17.849497671167637
4.0,45.0,-17.252810459440134
4.1,45.0,-16.162621811601845
4.2,45.0,-14.826172972618927
4.3,45.0,-13.402213888855693
4.4,45.0,-11.98983253391541
4.5,45.0,-10.647863249633655
4.6,45.0,-9.408218085722172
4.7,45.0,-8.288441842825765
4.8,45.0,-7.284601756692886
4.9,45.0,-6.3959191322855125
5.0,45.0,-5.614460177252972
5.1,45.0,-4.930596545213286
5.2,45.0,-4.33394752156774
5.3,45.0,-3.8142928290694473
5.4,45.0,-3.36198700157313
5.5,45.0,-2.968164799362273
5.6,45.0,-2.6249883400591005
5.7,45.0,-2.3257702399061633
5.8,45.0,-2.064444429375846
5.9,45.0,-1.8358767479068392
6.0,45.0,-1.6354391268292434
6.2,45.0,-1.3050881086516783
6.4,45.0,-1.0491141875141945
6.6,45.0,-0.848271636782874
6.8,45.0,-0.6900613762197013
7.0,45.0,-0.5648418819969093
7.2,45.0,-0.4640709817038577
7.4,45.0,-0.3829878372765972
7.6,45.0,-0.31717463905837
7.8,45.0,-0.2633458521510276
8.0,45.0,-0.2192367180695714
8.2,45.0,-0.1828535313713399
8.4,45.0,-0.1525548376734548
8.6,45.0,-0.1272211030140057
8.8,45.0,-0.1060264368260492
9.0,45.0,-0.088110721491729
9.5,45.0,-0.0542837565469282
10.0,45.0,-0.031512166473941
10.5,45.0,-0.0158324594008803
11.0,45.0,-0.005081934211069
11.5,45.0,0.002305142288098
12.0,45.0,0.0074068317516257
12.5,45.0,0.0109561744361178
13.0,45.0,0.0133311088436136
13.5,45.0,0.0149694879693204
14.0,45.0,0.0160784924502866
14.5,45.0,0.0166750268441889
15.0,45.0,0.0170079686573711
16.0,45.0,0.0171984724180543
17.0,45.0,0.0168435827501909
18.0,45.0,0.0163161855020493
19.0,45.0,0.0155682149654454
20.0,45.0,0.0149117660783747
21.0,45.0,0.0141447015007933
22.0,45.0,0.0134801340595468
23.0,45.0,0.0128379511220728
24.0,45.0,0.0121560424740582
25.0,45.0,0.0115452452494812
50.0,45.0,0.0038719733412759
100.0,45.0,0.0
2.5,50.0,1324.8034313660307
2.6,50.0,931.3997842753698
2.7,50.0,640.4360754640495
2.8,50.0,430.58677246329574
2.9,50.0,281.12155645949287
3.0,50.0,177.47375228096402
3.1,50.0,107.9527395679948
3.2,50.0,60.21351197252907
3.3,50.0,27.98982496535005
3.4,50.0,7.969788603900955
3.5,50.0,-4.452843292109837
3.6,50.0,-11.416071641985315
3.7,50.0,-15.832243137942193
3.8,50.0,-17.43084959461756
3.9,50.0,-17.49582396186113
4.0,50.0,-16.797278135121733
4.1,50.0,-15.67214100474229
4.2,50.0,-14.340491856235678
4.3,50.0,-12.9434774553379
4.4,50.0,-11.568961401987472
4.5,50.0,-10.26894556824518
4.6,50.0,-9.071366666284812
4.7,50.0,-7.991564437553723
4.8,50.0,-7.024522127074483
4.9,50.0,-6.169130508922659
5.0,50.0,-5.417456897964912
5.1,50.0,-4.759950849136074
5.2,50.0,-4.186489320704043
5.3,50.0,-3.68699798538069
5.4,50.0,-3.2520587464404156
5.5,50.0,-2.873225999538039
5.6,50.0,-2.54297001491627
5.7,50.0,-2.254792144149523
5.8,50.0,-2.002976610086899
5.9,50.0,-1.78247922683127
6.0,50.0,-1.5891784854424575
6.2,50.0,-1.2701095597016672
6.4,50.0,-1.0216583538657138
6.6,50.0,-0.8275949331037652
6.8,50.0,-0.6744990903251311
7.0,50.0,-0.5523298519944153
7.2,50.0,-0.4544336341127564
7.4,50.0,-0.3754912429474917
7.6,50.0,-0.3111750805441227
7.8,50.0,-0.2585711816676512
8.0,50.0,-0.215342360224523
8.2,50.0,-0.1796733443043079
8.4,50.0,-0.1499599911889778
8.6,50.0,-0.1251058063940318
8.8,50.0,-0.1041909698951469
9.0,50.0,-0.0865528916476758
9.5,50.0,-0.0532405925110836
10.0,50.0,-0.0307049395367278
10.5,50.0,-0.0153941697565815
11.0,50.0,-0.0048361226051305
11.5,50.0,0.0024666775004966
12.0,50.0,0.0075205195803857
12.5,50.0,0.0110106027453464
13.0,50.0,0.0134476504860774
13.5,50.0,0.0149407377455814
14.0,50.0,0.0159926784281609
14.5,50.0,0.0166506618248952
15.0,50.0,0.0170141129338699
16.0,50.0,0.0170795167299002
17.0,50.0,0.0167555730069204
18.0,50.0,0.0162327824066919
19.0,50.0,0.0155776528236613
20.0,50.0,0.0148468020503578
21.0,50.0,0.0140610831998124
22.0,50.0,0.0134531366700171
23.0,50.0,0.0127376497068827
24.0,50.0,0.0120801029592396
25.0,50.0,0.0115224178587733
50.0,50.0,0.0038994073798968
100.0,50.0,0.0
2.5,55.0,1206.5620145813343
2.6,55.0,838.3329191663788
2.7,55.0,572.4966963612798
2.8,55.0,381.394424629868
2.9,55.0,246.73573269211167
3.0,55.0,155.49154951907886
3.1,55.0,92.39016775871852
3.2,55.0,46.94581912986038
3.3,55.0,19.58841074953815
3.4,55.0,2.7449202539434387
3.5,55.0,-7.460096964907719
3.6,55.0,-13.25706675935097
3.7,55.0,-16.16957081678126
3.8,55.0,-17.34268334695603
3.9,55.0,-17.20273995804531
4.0,55.0,-16.400236678225863
4.1,55.0,-15.23390130686171
4.2,55.0,-13.898607342346798
4.3,55.0,-12.519592936295805
4.4,55.0,-11.17477706485276
4.5,55.0,-9.910080406897666
4.6,55.0,-8.752912052793784
4.7,55.0,-7.706291752256317
4.8,55.0,-6.773729565146153
4.9,55.0,-5.950126652694546
5.0,55.0,-5.227233406738783
5.2,55.0,-4.044229817137345
5.3,55.0,-3.5640845098631004
5.4,55.0,-3.145869894865941
5.5,55.0,-2.7814487325078727
5.6,55.0,-2.463578798387918
5.7,55.0,-2.1860169149881137
5.8,55.0,-1.9433620324657916
5.9,55.0,-1.73072798822996
6.0,55.0,-1.5442285429897462
6.2,55.0,-1.2359882776747302
6.4,55.0,-0.99561329912303
6.6,55.0,-0.8078698718109678
6.8,55.0,-0.6589512855857811
7.0,55.0,-0.5403476364046753
7.2,55.0,-0.4450653590484708
7.4,55.0,-0.3674424497018597
7.6,55.0,-0.3053192793864144
7.8,55.0,-0.2539442170961679
8.0,55.0,-0.2116020740113343
8.2,55.0,-0.1766413029171825
8.4,55.0,-0.1473306837344323
8.6,55.0,-0.1229158895632795
8.8,55.0,-0.1023021725155885
9.0,55.0,-0.0849423863286033
9.5,55.0,-0.0521103013869174
10.0,55.0,-0.0299661885337941
10.5,55.0,-0.0148395567943646
11.0,55.0,-0.0044522612700603
11.5,55.0,0.0026843938563331
12.0,55.0,0.0076976338085769
12.5,55.0,0.0111725746068363
13.0,55.0,0.0134340426290397
13.5,55.0,0.0150425705515131
14.0,55.0,0.0160275729283986
14.5,55.0,0.0166800732601153
15.0,55.0,0.0169506834155167
16.0,55.0,0.0170999269559956
17.0,55.0,0.0167169451569522
18.0,55.0,0.016125020529885
19.0,55.0,0.0154749373627808
20.0,55.0,0.0147965406210289
21.0,55.0,0.0141111231856736
22.0,55.0,0.0133934405013944
23.0,55.0,0.0127690354197798
24.0,55.0,0.0121084165338874
25.0,55.0,0.0115134197685708
50.0,55.0,0.0039123540254534
100.0,55.0,0.0
2.5,60.0,1092.2247240058375
2.6,60.0,752.2508054054977
2.7,60.0,509.1529465718988
2.8,60.0,338.09964234810707
2.9,60.0,217.6294933949273
3.0,60.0,133.43078603164233
3.1,60.0,75.10618794912494
3.2,60.0,40.13818775499626
3.3,60.0,14.33792926876228
3.4,60.0,-0.3920532400554796
3.5,60.0,-9.21562514939141
3.6,60.0,-14.125301811689884
3.7,60.0,-16.622843432149512
3.8,60.0,-17.28385734199917
3.9,60.0,-16.962645467275237
4.0,60.0,-16.063191467683946
4.1,60.0,-14.852646224174055
4.2,60.0,-13.506182317422546
4.3,60.0,-12.136649652821127
4.4,60.0,-10.813993916133937
4.5,60.0,-9.581936428433076
4.6,60.0,-8.45406903421026
4.7,60.0,-7.440566137606413
4.8,60.0,-6.539939704015802
4.9,60.0,-5.7461061106173394
5.0,60.0,-5.050114968002788
5.1,60.0,-4.442000808621401
5.2,60.0,-3.911688210443403
5.3,60.0,-3.449497464677993
5.4,60.0,-3.046777542296073
5.5,60.0,-2.695693851382662
5.6,60.0,-2.3893063910863948
5.7,60.0,-2.121649836181779
5.8,60.0,-1.8874826977608683
5.9,60.0,-1.6822934519151498
6.0,60.0,-1.502196520565231
6.2,60.0,-1.2039509096737924
6.4,60.0,-0.9715597572207852
6.6,60.0,-0.7891102790860651
6.8,60.0,-0.6446775355649806
7.0,60.0,-0.530100146562634
7.2,60.0,-0.4363574845455321
7.4,60.0,-0.3596173018829394
7.6,60.0,-0.2997426498252188
7.8,60.0,-0.2494866910856355
8.0,60.0,-0.2080411008664036
8.2,60.0,-0.1735807296308637
8.4,60.0,-0.1448837646053162
8.6,60.0,-0.1207670146281859
8.8,60.0,-0.1005009451112872
9.0,60.0,-0.0833896060193986
9.5,60.0,-0.050980665236388
10.0,60.0,-0.0292787937018397
10.5,60.0,-0.0143687866955184
11.0,60.0,-0.004141488755027
11.5,60.0,0.0029578578254383
12.0,60.0,0.0077805940169989
12.5,60.0,0.011233586960577
13.0,60.0,0.0134647671304557
13.5,60.0,0.015055298872524
14.0,60.0,0.0160708074262799
14.5,60.0,0.016630688247891
15.0,60.0,0.0169164438889158
16.0,60.0,0.0170751252876107
17.0,60.0,0.0167309896630811
18.0,60.0,0.0161917405110332
19.0,60.0,0.015460010201703
20.0,60.0,0.01480246345406
21.0,60.0,0.0141087060210611
22.0,60.0,0.0134875914022416
23.0,60.0,0.0127139458990701
24.0,60.0,0.0120855891431794
25.0,60.0,0.0115090283262813
50.0,60.0,0.0039248640219187
100.0,60.0,0.0
2.5,65.0,991.411568553319
2.6,65.0,680.0044956701907
2.7,65.0,457.19318957795736
2.8,65.0,299.4565539596978
2.9,65.0,190.52981319841817
3.0,65.0,113.63249564528756
3.1,65.0,65.41033958490463
3.2,65.0,30.867769451109105
3.3,65.0,10.015344610356438
3.4,65.0,-2.95851647628437
3.5,65.0,-10.650029465775518
3.6,65.0,-14.839989778722463
3.7,65.0,-16.842070933804337
3.8,65.0,-17.245139164928528
3.9,65.0,-16.769113395435706
4.0,65.0,-15.780637630975098
4.1,65.0,-14.52447853566381
4.2,65.0,-13.162024149324203
4.3,65.0,-11.79677606650395
4.4,65.0,-10.49494715657237
4.5,65.0,-9.285026099819552
4.6,65.0,-8.186167544116811
4.7,65.0,-7.202473692276649
4.8,65.0,-6.330783672716478
4.9,65.0,-5.563718961021478
5.0,65.0,-4.891780702216613
5.1,65.0,-4.304815557360689
5.2,65.0,-3.7928922984295608
5.3,65.0,-3.346667455146249
5.4,65.0,-2.957703541719749
5.5,65.0,-2.6185270095362094
5.6,65.0,-2.3224052535869335
5.7,65.0,-2.0635952841258693
5.8,65.0,-1.8370711297608395
5.9,65.0,-1.6385310858284592
6.0,65.0,-1.464046342870377
6.2,65.0,-1.175203683218916
6.4,65.0,-0.9499816694657718
6.6,65.0,-0.7723191503674258
6.8,65.0,-0.6326538383115687
7.0,65.0,-0.5191661414246651
7.2,65.0,-0.4284662748380225
7.4,65.0,-0.3549681711322293
7.6,65.0,-0.2949082800542976
7.8,65.0,-0.2455370222764097
8.0,65.0,-0.2048958082996094
8.2,65.0,-0.1710376759664572
8.4,65.0,-0.1426958189333189
8.6,65.0,-0.1188988457992685
8.8,65.0,-0.0989565016808039
9.0,65.0,-0.0820863644280187
9.5,65.0,-0.050197360431533
10.0,65.0,-0.0286526326670937
10.5,65.0,-0.0139140322615561
11.0,65.0,-0.0038491459505679
11.5,65.0,0.0031422173096227
12.0,65.0,0.0078874794767011
12.5,65.0,0.0112434645868063
13.0,65.0,0.0134987883325109
13.5,65.0,0.0150210624648453
14.0,65.0,0.0160381086471869
14.5,65.0,0.0165808697054976
15.0,65.0,0.0169572674600289
16.0,65.0,0.0169320291425526
17.0,65.0,0.0166085220686642
18.0,65.0,0.0160620307795451
19.0,65.0,0.0154075592890735
20.0,65.0,0.0146859249305182
21.0,65.0,0.0140055539110893
22.0,65.0,0.0133302293075868
23.0,65.0,0.0126452516402449
24.0,65.0,0.0120640810565116
25.0,65.0,0.0114223378870509
50.0,65.0,0.0038184183302298
100.0,65.0,0.0
2.5,70.0,908.7956867586852
2.6,70.0,618.6459621664982
2.7,70.0,412.44311996567546
2.8,70.0,268.295785439259
2.9,70.0,169.10174371165283
3.0,70.0,101.96191836775589
3.1,70.0,56.63416804593788
3.2,70.0,25.395801636145368
3.3,70.0,6.650175222876208
3.4,70.0,-4.962526375899807
3.5,70.0,-11.78138299460794
3.6,70.0,-15.53068258695523
3.7,70.0,-17.028463493584848
3.8,70.0,-17.220278174645603
3.9,70.0,-16.610906428454253
4.0,70.0,-15.542190517420938
4.1,70.0,-14.24366843214963
4.2,70.0,-12.86621295068434
4.3,70.0,-11.50805324207667
4.4,70.0,-10.219043844199824
4.5,70.0,-9.03165361232998
4.6,70.0,-7.958197052015343
4.7,70.0,-7.000281374993272
4.8,70.0,-6.153250426700529
4.9,70.0,-5.408716761331972
5.0,70.0,-4.75686877088201
5.1,70.0,-4.187573089986454
5.2,70.0,-3.6910619969923126
5.3,70.0,-3.258293144192722
5.4,70.0,-2.881014718347058
5.5,70.0,-2.551942798185047
5.6,70.0,-2.264649849823463
5.7,70.0,-2.0134426989397256
5.8,70.0,-1.7935940857850048
5.9,70.0,-1.6007237306919389
6.0,70.0,-1.4314901359434866
6.2,70.0,-1.1503951500864638
6.4,70.0,-0.931027402981364
6.6,70.0,-0.7580085284497885
6.8,70.0,-0.6205588113101733
7.0,70.0,-0.5105480294992062
7.2,70.0,-0.4217437657801018
7.4,70.0,-0.3496672012612836
7.6,70.0,-0.2906553023105773
7.8,70.0,-0.2421090493257621
8.0,70.0,-0.2020292506802366
8.2,70.0,-0.1686655953726652
8.4,70.0,-0.1407163794402539
8.6,70.0,-0.1173140185656856
8.8,70.0,-0.0975604253736949
9.0,70.0,-0.0808439199847561
9.5,70.0,-0.0492876394769069
10.0,70.0,-0.0279981611766221
10.5,70.0,-0.0134928623805578
11.0,70.0,-0.0035684398443916
11.5,70.0,0.0032699496445117
12.0,70.0,0.0080435253862378
12.5,70.0,0.0112759481602758
13.0,70.0,0.0135376313881027
13.5,70.0,0.0150574945936688
14.0,70.0,0.0160236212541225
14.5,70.0,0.0166265182490693
15.0,70.0,0.0169179815175016
16.0,70.0,0.0169800917318147
17.0,70.0,0.0166065477909872
18.0,70.0,0.0160501788756388
19.0,70.0,0.015415896167795
20.0,70.0,0.0146986532515292
21.0,70.0,0.0140138939087329
22.0,70.0,0.0132957714564403
23.0,70.0,0.0126948487391706
24.0,70.0,0.0120394977126723
25.0,70.0,0.0113358626534441
50.0,70.0,0.0038425619060558
100.0,70.0,0.0
2.5,75.0,842.1385732549722
2.6,75.0,569.4404541941785
2.7,75.0,378.12508950033595
2.8,75.0,245.4353806229745
2.9,75.0,153.689164377139
3.0,75.0,91.38309941981043
3.1,75.0,49.272371573591904
3.2,75.0,21.269057700654496
3.3,75.0,4.084369751719507
3.4,75.0,-6.513856679515708
3.5,75.0,-12.670964589045528
3.6,75.0,-15.948432133243106
3.7,75.0,-16.84440987585102
3.8,75.0,-17.193827971924648
3.9,75.0,-16.473035535195795
4.0,75.0,-15.339465095262012
4.1,75.0,-14.0097848536486
4.2,75.0,-12.62742960173528
4.3,75.0,-11.273127597400368
4.4,75.0,-9.999293991712785
4.5,75.0,-8.831162002711167
4.6,75.0,-7.778331008229207
4.7,75.0,-6.840781699020303
4.8,75.0,-6.012710063627894
4.9,75.0,-5.2854299601981
5.0,75.0,-4.649007085449604
5.1,75.0,-4.093391255670105
5.2,75.0,-3.6089317368549314
5.3,75.0,-3.1867795295148422
5.4,75.0,-2.81882855516235
5.5,75.0,-2.4978989272921037
5.6,75.0,-2.217687765979672
5.7,75.0,-1.9727819511539344
5.8,75.0,-1.7581840464408305
5.9,75.0,-1.570012865203258
6.0,75.0,-1.404426060740784
6.2,75.0,-1.1303132217292038
6.4,75.0,-0.9156654953547844
6.6,75.0,-0.7462554444707
6.8,75.0,-0.6115728599523722
7.0,75.0,-0.5035035541149049
7.2,75.0,-0.4162687538192143
7.4,75.0,-0.3452943882933825
7.6,75.0,-0.2871066145997221
7.8,75.0,-0.2393329154953501
8.0,75.0,-0.1997421045725436
8.2,75.0,-0.1665465685218829
8.4,75.0,-0.1389959165232298
8.6,75.0,-0.115835418699246
8.8,75.0,-0.0962769359158515
9.0,75.0,-0.0798117314357131
9.5,75.0,-0.0484297113423514
10.0,75.0,-0.0274639584405007
10.5,75.0,-0.0131190969962625
11.0,75.0,-0.0032339604026236
11.5,75.0,0.0034944746072501
12.0,75.0,0.0081495313099134
12.5,75.0,0.0113942426369489
13.0,75.0,0.0136194968548744
13.5,75.0,0.0150985364893274
14.0,75.0,0.0160043088885994
14.5,75.0,0.0166120339749269
15.0,75.0,0.0169706538735988
16.0,75.0,0.0170084053064624
17.0,75.0,0.0166765582349304
18.0,75.0,0.0160905626787385
19.0,75.0,0.0154670340142286
20.0,75.0,0.0147076513417317
21.0,75.0,0.0140257458126392
22.0,75.0,0.0133853188282965
23.0,75.0,0.0126614918675186
24.0,75.0,0.0120566174759727
25.0,75.0,0.0114486740650995
50.0,75.0,0.003869774501209
100.0,75.0,0.0
2.5,80.0,794.4407256276052
2.6,80.0,533.5304730581215
2.7,80.0,354.493929729248
2.8,80.0,228.96624713064776
2.9,80.0,142.54890014067226
3.0,80.0,83.91761808505534
3.1,80.0,43.49874027385578
3.2,80.0,18.26959384452621
3.3,80.0,2.1815453413525305
3.4,80.0,-7.682365287715324
3.5,80.0,-13.037346096855682
3.6,80.0,-16.26166456707279
3.7,80.0,-17.277274198855498
3.8,80.0,-17.155047023428214
3.9,80.0,-16.351655090972795
4.0,80.0,-15.1754398508744
4.1,80.0,-13.832667069886242
4.2,80.0,-12.44798604401526
4.3,80.0,-11.102887710512908
4.4,80.0,-9.842393553666582
4.5,80.0,-8.689099805274212
4.6,80.0,-7.651140851160085
4.7,80.0,-6.727575148007589
4.8,80.0,-5.9123414606183315
4.9,80.0,-5.196731702402672
5.0,80.0,-4.570896283121924
5.1,80.0,-4.024795118133485
5.2,80.0,-3.548876892192926
5.3,80.0,-3.1343444048689184
5.4,80.0,-2.773153032914652
5.5,80.0,-2.458177090452691
5.6,80.0,-2.18329279542124
5.7,80.0,-1.9428262952200064
5.8,80.0,-1.7322059300038406
5.9,80.0,-1.547510569100554
6.0,80.0,-1.3850255981446034
6.2,80.0,-1.115654287950371
6.4,80.0,-0.9044371731346792
6.6,80.0,-0.7378379322566991
6.8,80.0,-0.6050311984723732
7.0,80.0,-0.4984332503642743
7.2,80.0,-0.412933615584296
7.4,80.0,-0.3393275316771502
7.6,80.0,-0.2834367785984901
7.8,80.0,-0.2374524549945131
8.0,80.0,-0.1980690492711446
8.2,80.0,-0.1653203611869719
8.4,80.0,-0.1379270744018956
8.6,80.0,-0.1148686308273111
8.8,80.0,-0.095530721332379
9.0,80.0,-0.0790235954205552
9.5,80.0,-0.0480772326012562
10.0,80.0,-0.0271645949424382
10.5,80.0,-0.0129090594265885
11.0,80.0,-0.0032036694313768
11.5,80.0,0.0035921405332821
12.0,80.0,0.0082439067731503
12.5,80.0,0.0114172914711245
13.0,80.0,0.0135995263967923
13.5,80.0,0.0150967836551181
14.0,80.0,0.0159854362910897
14.5,80.0,0.0165562894805803
15.0,80.0,0.0168881334331902
16.0,80.0,0.0169504650909711
17.0,80.0,0.0166199373234792
18.0,80.0,0.0160482045979618
19.0,80.0,0.0154343352351355
20.0,80.0,0.0146848270699459
21.0,80.0,0.0139530998795378
22.0,80.0,0.0133359369349943
23.0,80.0,0.0125679959403083
24.0,80.0,0.0119310808622284
25.0,80.0,0.0113927081272852
50.0,80.0,0.0038113976366264
100.0,80.0,0.0
2.5,85.0,764.4129264060583
2.6,85.0,516.1860198694741
2.7,85.0,340.7205985051544
2.8,85.0,219.23892302584449
2.9,85.0,135.80812776355137
3.0,85.0,78.71183700489543
3.1,85.0,40.63243167545971
3.2,85.0,16.387229734548697
3.3,85.0,0.969207207317062
3.4,85.0,-8.431390936945562
3.5,85.0,-13.84561826595014
3.6,85.0,-16.452912786386342
3.7,85.0,-17.32578643375718
3.8,85.0,-17.114677738910856
3.9,85.0,-16.26331677238008
4.0,85.0,-15.066771378272794
4.1,85.0,-13.717070002331315
4.2,85.0,-12.33663251946476
4.3,85.0,-10.999940941014154
4.4,85.0,-9.749193871032336
4.5,85.0,-8.605462413371198
4.6,85.0,-7.576235695660381
4.7,85.0,-6.660538817711622
4.8,85.0,-5.852455396424718
4.9,85.0,-5.143398708706028
5.0,85.0,-4.523602791974614
5.1,85.0,-3.983012197777704
5.2,85.0,-3.512155717265586
5.3,85.0,-3.1021764476004656
5.4,85.0,-2.745188234847526
5.5,85.0,-2.4337528553044003
5.6,85.0,-2.162303781598512
5.7,85.0,-1.9243671638537387
5.8,85.0,-1.716236518734401
5.9,85.0,-1.533606411346305
6.0,85.0,-1.3731489487105255
6.2,85.0,-1.1071182629351517
6.4,85.0,-0.8976859138530197
6.6,85.0,-0.7326482361688231
6.8,85.0,-0.6015861057584252
7.0,85.0,-0.4953377794587956
7.2,85.0,-0.4099606122732342
7.4,85.0,-0.3402703942978047
7.6,85.0,-0.2831494884478016
7.8,85.0,-0.2360515505960234
8.0,85.0,-0.1970348864444246
8.2,85.0,-0.1643601604784713
8.4,85.0,-0.1371426748553902
8.6,85.0,-0.1141292217318185
8.8,85.0,-0.0949071957867911
9.0,85.0,-0.0785357055584086
9.5,85.0,-0.047633896541031
10.0,85.0,-0.0268024631375035
10.5,85.0,-0.0126590778218282
11.0,85.0,-0.0029971468868876
11.5,85.0,0.0036755405097174
12.0,85.0,0.0083525450670619
12.5,85.0,0.0114486740650995
13.0,85.0,0.0137397687281466
14.0,85.0,0.016069494360084
14.5,85.0,0.0166370539678575
15.0,85.0,0.0169353196053477
16.0,85.0,0.0170634948271721
17.0,85.0,0.0166862175366141
18.0,85.0,0.0160607145944271
19.0,85.0,0.0153981214308576
20.0,85.0,0.014762301094428
21.0,85.0,0.0140158681864099
22.0,85.0,0.013350202884591
23.0,85.0,0.01270604566944
24.0,85.0,0.0120469612932112
25.0,85.0,0.0114139978894074
50.0,85.0,0.0039645897324594
100.0,85.0,0.0
2.5,90.0,757.2541081944086
2.6,90.0,509.4831272782172
2.7,90.0,336.1159825791965
2.8,90.0,215.94075353965033
2.9,90.0,133.60110888185713
3.0,90.0,76.85380451367503
3.1,90.0,39.6548594099602
3.2,90.0,15.739025022478453
3.3,90.0,0.5493327082264498
3.4,90.0,-8.690622079406547
3.5,90.0,-13.589718968142355
3.6,90.0,-16.508301377415417
3.7,90.0,-17.33457309846972
3.8,90.0,-17.09492172855425
3.9,90.0,-16.22786415663058
4.0,90.0,-15.025025545019473
4.1,90.0,-13.67542359095716
4.2,90.0,-12.298179906133596
4.3,90.0,-10.9655224912103
4.4,90.0,-9.718628079085311
4.5,90.0,-8.578238340584683
4.6,90.0,-7.551828580275392
4.7,90.0,-6.638645344555818
4.8,90.0,-5.832808245805494
4.9,90.0,-5.125820984719739
5.0,90.0,-4.507904209185122
5.1,90.0,-3.9691567638241985
5.2,90.0,-3.4999623631266776
5.3,90.0,-3.091468280491431
5.4,90.0,-2.7357470924066716
5.5,90.0,-2.4256417304009874
5.6,90.0,-2.1549691560119744
5.7,90.0,-1.9182776181996215
5.8,90.0,-1.7109956848000911
5.9,90.0,-1.529044192478293
6.0,90.0,-1.369077473518364
6.2,90.0,-1.103652098783627
6.4,90.0,-0.8954751439092364
6.6,90.0,-0.7308711492214256
6.8,90.0,-0.5996777745698759
7.0,90.0,-0.4944122549259871
7.2,90.0,-0.4091202436699925
7.4,90.0,-0.3396130658747073
7.6,90.0,-0.2825935593004666
7.8,90.0,-0.2357144356650972
8.0,90.0,-0.1966674836611737
8.2,90.0,-0.1641013991080541
8.4,90.0,-0.1368968601305296
8.6,90.0,-0.1144459233177271
8.8,90.0,-0.094721298674021
9.0,90.0,-0.0785468962508338
9.5,90.0,-0.0475425932160435
10.0,90.0,-0.026852281679897
10.5,90.0,-0.0126750997245562
11.0,90.0,-0.0030822996975322
11.5,90.0,0.0036050902977608
12.0,90.0,0.0082515886782348
12.5,90.0,0.0114366038366476
13.0,90.0,0.0136238882971639
13.5,90.0,0.0150623258039716
14.0,90.0,0.0159733629437157
14.5,90.0,0.0166023777921654
15.0,90.0,0.016864211300832
16.0,90.0,0.0169193008215417
17.0,90.0,0.0165262199528012
18.0,90.0,0.0159485643942528
19.0,90.0,0.0153061600133111
20.0,90.0,0.0146214006705147
21.0,90.0,0.0139256658409168
22.0,90.0,0.0132944552713223
23.0,90.0,0.0125930159332389
24.0,90.0,0.0119600525294352
25.0,90.0,0.0113878800359044
50.0,90.0,0.0038225914479737
100.0,90.0,0.0
