1.00,0.00,-459347.8731028225156479
1.10,0.00,-265692.2094192569493316
1.20,0.00,-149583.4596076853922568
1.30,0.00,-81069.8313476213661488
1.40,0.00,-41462.0663842300855322
1.50,0.00,-19185.3729225579045305
1.60,0.00,-7134.1258253000823970
1.70,0.00,-992.1585340387844099
1.80,0.00,1828.6250197693830160
1.90,0.00,2855.2032659410406268
2.00,0.00,2969.8521273359961015
2.10,0.00,2668.1959837728736602
2.20,0.00,2217.7122023857687054
2.30,0.00,1754.0616911403740232
2.40,0.00,1338.8767869060097837
2.50,0.00,993.8663590388639477
2.60,0.00,720.5227265243820511
2.70,0.00,511.1883222656110206
2.80,0.00,355.0215304599939827
2.90,0.00,241.0144104116813537
3.00,0.00,159.3546676618436209
3.10,0.00,101.8951334251051293
3.20,0.00,62.1720587188234788
3.30,0.00,35.2201530486664325
3.40,0.00,17.3180330559738849
3.50,0.00,5.7316466751344510
3.60,0.00,-1.5139160428728746
3.70,0.00,-5.8238547981587026
3.80,0.00,-8.1840970247623446
3.90,0.00,-9.2770672194587593
4.00,0.00,-9.5686667454886614
4.10,0.00,-9.3723747676510705
4.20,0.00,-8.8957264708937007
4.30,0.00,-8.2735361116986272
4.40,0.00,-7.5913387947894391
4.50,0.00,-6.9017295839507415
4.60,0.00,-6.2356171012431769
4.70,0.00,-5.6098820885472174
4.80,0.00,-5.0325248136369742
4.90,0.00,-4.5060786165931397
5.00,0.00,-4.0298400375983112
5.10,0.00,-3.6013007474803569
5.20,0.00,-3.2170478241519151
5.30,0.00,-2.8733147295174652
5.40,0.00,-2.5663063120420695
5.50,0.00,-2.2923802335644772
5.60,0.00,-2.0481391574844059
5.70,0.00,-1.8304690120090918
5.80,0.00,-1.6365458980184973
5.90,0.00,-1.4638257820409044
6.00,0.00,-1.3100256180793692
6.20,0.00,-1.0512233438663852
6.40,0.00,-0.8462432566449900
6.60,0.00,-0.6839823903331841
6.80,0.00,-0.5555746143566013
7.00,0.00,-0.4539464024712664
7.20,0.00,-0.3734639024488267
7.40,0.00,-0.3096505230458850
7.60,0.00,-0.2589590107743032
7.80,0.00,-0.2185865193883765
8.00,0.00,-0.1863243730085296
8.20,0.00,-0.1604362641643048
8.40,0.00,-0.1395599175408441
8.60,0.00,-0.1226281163642561
8.80,0.00,-0.1088056328217486
9.00,0.00,-0.0974391318441642
9.50,0.00,-0.0766814931754977
10.00,0.00,-0.0629729268901841
10.50,0.00,-0.0533621314866699
11.00,0.00,-0.0462202633876124
11.50,0.00,-0.0406328129820243
12.00,0.00,-0.0360748957511541
12.50,0.00,-0.0322369632342462
13.00,0.00,-0.0289303798325878
13.50,0.00,-0.0260356514194732
14.00,0.00,-0.0234736491217856
14.50,0.00,-0.0211893780103332
15.00,0.00,-0.0191426796618695
16.00,0.00,-0.0156452801819762
17.00,0.00,-0.0127992983593042
18.00,0.00,-0.0104755354826733
19.00,0.00,-0.0085753082842979
20.00,0.00,-0.0070203788412172
21.00,0.00,-0.0057476201625117
22.00,0.00,-0.0047056872681762
23.00,0.00,-0.0038526665722238
24.00,0.00,-0.0031542876645418
25.00,0.00,-0.0025825090270599
50.00,0.00,-0.0000174007908752
100.00,0.00,-0.0000000007899947
1.00,10.00,-360005.0126511636190116
1.10,10.00,-204997.9537046439945698
1.20,10.00,-112796.0572546784242149
1.30,10.00,-58973.8335477045984589
1.40,10.00,-28327.9907850634335773
1.50,10.00,-11472.6419100575240009
1.60,10.00,-2669.6823916420157730
1.70,10.00,1547.4877898076808833
1.80,10.00,3242.4874335246213377
1.90,10.00,3620.7992560936399968
2.00,10.00,3369.2092918242915403
2.10,10.00,2865.5650406452368770
2.20,10.00,2307.1435006060701198
2.30,10.00,1788.2875655559403185
2.40,10.00,1346.6755876133051970
2.50,10.00,990.3837441197382532
2.60,10.00,713.3245188196344770
2.70,10.00,503.7526926291221230
2.80,10.00,348.7134013994640327
2.90,10.00,236.1731200156583270
3.00,10.00,155.8726418250246581
3.10,10.00,99.5108221872863083
3.20,10.00,60.6070626386482090
3.30,10.00,34.2347179078285322
3.40,10.00,16.7262394578296352
3.50,10.00,5.3985790577906396
3.60,10.00,-1.6815473918652544
3.70,10.00,-5.8881397176800867
3.80,10.00,-8.1850830738305973
3.90,10.00,-9.2399391938767668
4.00,10.00,-9.5089815442069803
4.10,10.00,-9.2996741765011173
4.20,10.00,-8.8159154179118566
4.30,10.00,-8.1903795998954134
4.40,10.00,-7.5073617295764929
4.50,10.00,-6.8187312421249064
4.60,10.00,-6.1549491485392904
4.70,10.00,-5.5325897421430561
4.80,10.00,-4.9594145475753972
4.90,10.00,-4.4377505995431346
5.00,10.00,-3.9667067577650896
5.10,10.00,-3.5436027050426473
5.20,10.00,-3.1648708636231762
5.30,10.00,-2.8266101002789634
5.40,10.00,-2.5249128425557168
5.50,10.00,-2.2560473630922626
5.60,10.00,-2.0165495115142336
5.70,10.00,-1.8032594322680509
5.80,10.00,-1.6133261643224204
5.90,10.00,-1.4441945911015139
6.00,10.00,-1.2935836647648651
6.20,10.00,-1.0400185346422133
6.40,10.00,-0.8389106471450255
6.60,10.00,-0.6793883198770043
6.80,10.00,-0.5528250404951003
7.00,10.00,-0.4523672022218155
7.20,10.00,-0.3725677037490845
7.40,10.00,-0.3090997705996071
7.60,10.00,-0.2585309589851112
7.80,10.00,-0.2181429564602794
8.00,10.00,-0.1857870137733550
8.20,10.00,-0.1597676702293946
8.40,10.00,-0.1387492680791024
8.60,10.00,-0.1216809595556730
8.80,10.00,-0.1077367493047045
9.00,10.00,-0.0962677393347180
9.50,10.00,-0.0753423021280432
10.00,10.00,-0.0615737487875971
10.50,10.00,-0.0519769243127840
11.00,10.00,-0.0448933079543456
11.50,10.00,-0.0393874521693625
12.00,10.00,-0.0349211365013976
12.50,10.00,-0.0311768532160801
13.00,10.00,-0.0279614765962161
13.50,10.00,-0.0251531506043615
14.00,10.00,-0.0226716478400666
14.50,10.00,-0.0204616048461854
15.00,10.00,-0.0184829039465399
16.00,10.00,-0.0151039568627221
17.00,10.00,-0.0123556828598663
18.00,10.00,-0.0101121811088667
19.00,10.00,-0.0082777628955547
20.00,10.00,-0.0067767487280492
21.00,10.00,-0.0055481451454044
22.00,10.00,-0.0045423681615414
23.00,10.00,-0.0037189511764481
24.00,10.00,-0.0030448103825109
25.00,10.00,-0.0024928764714394
50.00,10.00,-0.0000167968507071
100.00,10.00,-0.0000000007625758
1.00,20.00,-140990.3907818857405800
1.10,20.00,-71248.9831362238619477
1.20,20.00,-31795.0459370196804230
1.30,20.00,-10384.9931765691326291
1.40,20.00,495.9049098929583579
1.50,20.00,5403.2161115254111792
1.60,20.00,7055.8765801569061296
1.70,20.00,7044.1028538318487335
1.80,20.00,6272.8094265923136845
1.90,20.00,5237.1284050495123665
2.00,20.00,4191.9552593181406337
2.10,20.00,3255.0501642079957492
2.20,20.00,2468.8069032974335641
2.30,20.00,1836.5532225539484443
2.40,20.00,1343.3389488904456357
2.50,20.00,967.4124055585224369
2.60,20.00,686.2109702019967017
2.70,20.00,479.1997641717844090
2.80,20.00,328.9622995788496951
2.90,20.00,221.3722029935333637
3.00,20.00,145.3239585272134207
3.10,20.00,92.2889685879105457
3.20,20.00,55.8379145437074982
3.30,20.00,31.1979209315979844
3.40,20.00,14.8724559040687456
3.50,20.00,4.3302703171363710
3.60,20.00,-2.2409612531455432
3.70,20.00,-6.1250924315155952
3.80,20.00,-8.2219845799377431
3.90,20.00,-9.1554367910710077
4.00,20.00,-9.3527672789732268
4.10,20.00,-9.1028241147338989
4.20,20.00,-8.5978354343122536
4.30,20.00,-7.9633094453664972
4.40,20.00,-7.2791975821955033
4.50,20.00,-6.5947350722658982
4.60,20.00,-5.9387491590628976
4.70,20.00,-5.3267475176548027
4.80,20.00,-4.7657394694022344
4.90,20.00,-4.2574749742567572
5.00,20.00,-3.8005896304305660
5.10,20.00,-3.3920007182422012
5.20,20.00,-3.0277960613918977
5.30,20.00,-2.7037836480642823
5.40,20.00,-2.4158176022297231
5.50,20.00,-2.1599792762018915
5.60,20.00,-1.9326665544091775
5.70,20.00,-1.7306267000746647
5.80,20.00,-1.5509559095432819
5.90,20.00,-1.3910804867227318
6.00,20.00,-1.2487290163109885
6.20,20.00,-1.0088370519480228
6.40,20.00,-0.8179867190545170
6.60,20.00,-0.6658585273201104
6.80,20.00,-0.5443999558307702
7.00,20.00,-0.4472897941619224
7.20,20.00,-0.3695396872631033
7.40,20.00,-0.3071974452997027
7.60,20.00,-0.2571236698872039
7.80,20.00,-0.2168210492594613
8.00,20.00,-0.1843019681330553
8.20,20.00,-0.1579845674748629
8.40,20.00,-0.1366104100088718
8.60,20.00,-0.1191788900819253
8.80,20.00,-0.1048948273583365
9.00,20.00,-0.0931265538720101
9.50,20.00,-0.0716690279190402
10.00,20.00,-0.0576592043286520
10.50,20.00,-0.0480395597320201
11.00,20.00,-0.0410752319779572
11.50,20.00,-0.0357712266189511
12.00,20.00,-0.0315483142128605
12.50,20.00,-0.0280627227151968
13.00,20.00,-0.0251054167997768
13.50,20.00,-0.0225454446658905
14.00,20.00,-0.0202977871195355
14.50,20.00,-0.0183049243839628
15.00,20.00,-0.0165261493235605
16.00,20.00,-0.0134970176988752
17.00,20.00,-0.0110382299688238
18.00,20.00,-0.0090328776475926
19.00,20.00,-0.0073938593300140
20.00,20.00,-0.0060529796447408
21.00,20.00,-0.0049555399980966
22.00,20.00,-0.0040571719084432
23.00,20.00,-0.0033217015960085
24.00,20.00,-0.0027195682836366
25.00,20.00,-0.0022265901555983
50.00,20.00,-0.0000150026242854
100.00,20.00,-0.0000000006811181
1.00,30.00,44143.7267500743619166
1.10,30.00,41633.4302793973329244
1.20,30.00,36373.7458145006603445
1.30,30.00,30316.4872550801628677
1.40,30.00,24467.8916309204323625
1.50,30.00,19286.9636972557855188
1.60,30.00,14927.8047471229710936
1.70,30.00,11384.3729953200654563
1.80,30.00,8574.8669726840053045
1.90,30.00,6389.2375470398801554
2.00,30.00,4714.5635633108395268
2.10,30.00,3447.4361229328628724
2.20,30.00,2498.9567997303815901
2.30,30.00,1795.7310316016223624
2.40,30.00,1278.8537202330246600
2.50,30.00,902.0326624702230447
2.60,30.00,629.4795342141876517
2.70,30.00,433.8916197354660653
2.80,30.00,294.6701665767074019
2.90,30.00,196.4225645254580002
3.00,30.00,127.7438475459516667
3.10,30.00,80.2487056021443550
3.20,30.00,47.8162969810116252
3.30,30.00,26.0094799432564230
3.40,30.00,11.6334131589985219
3.50,30.00,2.4034062560480489
3.60,30.00,-3.3028670452447337
3.70,30.00,-6.6288025748247428
3.80,30.00,-8.3737095778618009
3.90,30.00,-9.0912886290202835
4.00,30.00,-9.1611027765837303
4.10,30.00,-8.8401324933797500
4.20,30.00,-8.2997381402964230
4.30,30.00,-7.6519957209558136
4.40,30.00,-6.9683394270250574
4.50,30.00,-6.2926669718536710
4.60,30.00,-5.6504827772615931
4.70,30.00,-5.0552230895838104
4.80,30.00,-4.5125894056336850
4.90,30.00,-4.0234837965655901
5.00,30.00,-3.5859700953096367
5.10,30.00,-3.1965619888517249
5.20,30.00,-2.8510504490144739
5.30,30.00,-2.5450194065068219
5.40,30.00,-2.2741532747799473
5.50,30.00,-2.0344078162625845
5.60,30.00,-1.8220932155199758
5.70,30.00,-1.6339023854703740
5.80,30.00,-1.4669065280567815
5.90,30.00,-1.3185323878279713
6.00,30.00,-1.1865304616102106
6.20,30.00,-0.9640537925867296
6.40,30.00,-0.7866418859345522
6.60,30.00,-0.6445471333518696
6.80,30.00,-0.5303184306651394
7.00,30.00,-0.4382083432651799
7.20,30.00,-0.3637410515139267
7.40,30.00,-0.3034002964425851
7.60,30.00,-0.2544032272358531
7.80,30.00,-0.2145346476316627
8.00,30.00,-0.1820236280885682
8.20,30.00,-0.1554500915531472
8.40,30.00,-0.1336729497004517
8.60,30.00,-0.1157740511643993
8.80,30.00,-0.1010139819416865
9.00,30.00,-0.0887969286581665
9.50,30.00,-0.0664522853029396
10.00,30.00,-0.0519440948701228
10.50,30.00,-0.0421629296133048
11.00,30.00,-0.0352803482045230
11.50,30.00,-0.0302142317318768
12.00,30.00,-0.0263184607113772
12.50,30.00,-0.0232027459471535
13.00,30.00,-0.0206277949419895
13.50,30.00,-0.0184440802883350
14.00,30.00,-0.0165558978830566
14.50,30.00,-0.0149001497740540
15.00,30.00,-0.0134337418202644
16.00,30.00,-0.0109543740977987
17.00,30.00,-0.0089524743767010
18.00,30.00,-0.0073237184973782
19.00,30.00,-0.0059939689733740
20.00,30.00,-0.0049066438294463
21.00,30.00,-0.0040169249968697
22.00,30.00,-0.0032886714675489
23.00,30.00,-0.0026924965386882
24.00,30.00,-0.0022044150317795
25.00,30.00,-0.0018048169764431
50.00,30.00,-0.0000121607314290
100.00,30.00,-0.0000000005520964
1.00,40.00,182555.8729181361850351
1.10,40.00,125838.7949320311308838
1.20,40.00,87014.6852624810999259
1.30,40.00,60346.6411401885052328
1.40,40.00,41965.2405471207312075
1.50,40.00,29252.7051138050846930
1.60,40.00,20432.2380548645851377
1.70,40.00,14293.6660121608929330
1.80,40.00,10009.7481251144836278
1.90,40.00,7012.8882366214202193
2.00,40.00,4912.1608450857565913
2.10,40.00,3437.2992991238411378
2.20,40.00,2400.7598163902243869
2.30,40.00,1671.9365115269467879
2.40,40.00,1159.5692039148909771
2.50,40.00,799.6934388519362074
2.60,40.00,547.3531079987609473
2.70,40.00,370.8772694854584984
2.80,40.00,247.9115073566131571
2.90,40.00,162.6548467828679634
3.00,40.00,103.9285541229011613
3.10,40.00,63.8214376214879664
3.20,40.00,36.7363603480201348
3.30,40.00,18.7171228124098796
3.40,40.00,6.9720360268581247
3.50,40.00,-0.4640169114168020
3.60,40.00,-4.9696878047054085
3.70,40.00,-7.5079581853563662
3.80,40.00,-8.7477053646358556
3.90,40.00,-9.1502333564899860
4.00,40.00,-9.0308322007030952
4.10,40.00,-8.6025208837832370
4.20,40.00,-8.0070731478302353
4.30,40.00,-7.3369670307729953
4.40,40.00,-6.6508611512497007
4.50,40.00,-5.9844602684120911
4.60,40.00,-5.3581031689332077
4.70,40.00,-4.7820267006652886
4.80,40.00,-4.2599878383764178
4.90,40.00,-3.7917305520103088
5.00,40.00,-3.3746442397642080
5.10,40.00,-3.0048600697491694
5.20,40.00,-2.6779596242771371
5.30,40.00,-2.3894187716036828
5.40,40.00,-2.1348729528354657
5.50,40.00,-1.9102639249004376
5.60,40.00,-1.7119094575644596
5.70,40.00,-1.5365243896519498
5.80,40.00,-1.3812122540266716
5.90,40.00,-1.2434402638373578
6.00,40.00,-1.1210060092328820
6.20,40.00,-0.9147754544937853
6.40,40.00,-0.7501499549057059
6.60,40.00,-0.6178776674640496
6.80,40.00,-0.5110017679062001
7.00,40.00,-0.4242408974523371
7.20,40.00,-0.3535389460380661
7.40,40.00,-0.2957432610469365
7.60,40.00,-0.2483756993268576
7.80,40.00,-0.2094690516841365
8.00,40.00,-0.1774489215800328
8.20,40.00,-0.1510471338472355
8.40,40.00,-0.1292371422208160
8.60,40.00,-0.1111849769999539
8.80,40.00,-0.0962113614834528
9.00,40.00,-0.0837620190986544
9.50,40.00,-0.0609100238794450
10.00,40.00,-0.0461200419444818
10.50,40.00,-0.0362949221875302
11.00,40.00,-0.0295542902907421
11.50,40.00,-0.0247540465066882
12.00,40.00,-0.0211957442711448
12.50,40.00,-0.0184508073481450
13.00,40.00,-0.0162542687846018
13.50,40.00,-0.0144405519140961
14.00,40.00,-0.0129046472361654
14.50,40.00,-0.0115786213986761
15.00,40.00,-0.0104173828939683
16.00,40.00,-0.0084746349954773
17.00,40.00,-0.0069184482723796
18.00,40.00,-0.0056569937374510
19.00,40.00,-0.0046288506507196
20.00,40.00,-0.0037887877761517
21.00,40.00,-0.0031016312148383
22.00,40.00,-0.0025392662788466
23.00,40.00,-0.0020789258849767
24.00,40.00,-0.0017020623429519
25.00,40.00,-0.0013935240839440
50.00,40.00,-0.0000093894545845
100.00,40.00,-0.0000000004262806
1.00,50.00,1747.2288335348907822
1.10,50.00,14029.0649864577972039
1.20,50.00,18038.7014405899644771
1.30,50.00,17872.8021616742844344
1.40,50.00,15837.7434493851669686
1.50,50.00,13179.7917485684847634
1.60,50.00,10530.3588489029971242
1.70,50.00,8174.1241192290426625
1.80,50.00,6207.9621543743569418
1.90,50.00,4633.2367904432039722
2.00,50.00,3407.9359691215850034
2.10,50.00,2474.9781445049034119
2.20,50.00,1776.6629584586598867
2.30,50.00,1261.2817649605879069
2.40,50.00,885.4610578740064284
2.50,50.00,614.3191640116450571
2.60,50.00,420.6153820060293924
2.70,50.00,283.5349126065671612
2.80,50.00,187.4405323332558169
2.90,50.00,120.7445859304804685
3.00,50.00,74.9578623287183206
3.10,50.00,43.9218240898616941
3.20,50.00,23.2072509746473230
3.30,50.00,9.6535795047093025
3.40,50.00,1.0220253147277147
3.50,50.00,-4.2620515780993049
3.60,50.00,-7.2983435698603261
3.70,50.00,-8.8492111149059713
3.80,50.00,-9.4389564839395685
3.90,50.00,-9.4249191104380579
4.00,50.00,-9.0480591085465853
4.10,50.00,-8.4687317792148384
4.20,50.00,-7.7918468104904894
4.30,50.00,-7.0844665909437596
4.40,50.00,-6.3880500452925917
4.50,50.00,-5.7269244705835556
4.60,50.00,-5.1141132251192172
4.70,50.00,-4.5553185949994530
4.80,50.00,-4.0516234593234328
4.90,50.00,-3.6013073319416580
5.00,50.00,-3.2010532214794156
5.10,50.00,-2.8467377104592599
5.20,50.00,-2.5339376375478713
5.30,50.00,-2.2582454927832898
5.40,50.00,-2.0154568783365079
5.50,50.00,-1.8016734206881435
5.60,50.00,-1.6133507022485492
5.70,50.00,-1.4473112479823160
5.80,50.00,-1.3007360470902063
5.90,50.00,-1.1711435962684489
6.00,50.00,-1.0563623819678785
6.20,50.00,-0.8639157512207819
6.40,50.00,-0.7110776591915098
6.60,50.00,-0.5886262524160281
6.80,50.00,-0.4896781961886341
7.00,50.00,-0.4090879737394975
7.20,50.00,-0.3429891963643416
7.40,50.00,-0.2884526584855648
7.60,50.00,-0.2432355501518114
7.80,50.00,-0.2055995450165074
8.00,50.00,-0.1741797452965246
8.20,50.00,-0.1478905474255271
8.40,50.00,-0.1258579722396299
8.60,50.00,-0.1073707900410883
8.80,50.00,-0.0918449138969981
9.00,50.00,-0.0787971354953480
9.50,50.00,-0.0545411584313936
10.00,50.00,-0.0387474320341700
10.50,50.00,-0.0283915833527104
11.00,50.00,-0.0215214856437147
11.50,50.00,-0.0168824224728295
12.00,50.00,-0.0136729387910814
12.50,50.00,-0.0113841130422586
13.00,50.00,-0.0096941736375828
13.50,50.00,-0.0084000776075618
14.00,50.00,-0.0073735746511250
14.50,50.00,-0.0065332815694433
15.00,50.00,-0.0058270866079474
16.00,50.00,-0.0046929994964055
17.00,50.00,-0.0038135399780612
18.00,50.00,-0.0031116504713633
19.00,50.00,-0.0025436931281516
20.00,50.00,-0.0020811595471905
21.00,50.00,-0.0017033791436375
22.00,50.00,-0.0013944137700294
23.00,50.00,-0.0011415776386149
24.00,50.00,-0.0009346183031362
25.00,50.00,-0.0007651910281801
50.00,50.00,-0.0000051557631538
100.00,50.00,-0.0000000002340713
1.00,60.00,-76092.0855105562077370
1.10,60.00,-35959.0571417194732931
1.20,60.00,-14148.8739848907443957
1.30,60.00,-2927.0377757335540991
1.40,60.00,2335.4746700204905210
1.50,60.00,4366.0069085048817215
1.60,60.00,4739.4842254344930552
1.70,60.00,4341.2864454923774247
1.80,60.00,3650.6904874999522690
1.90,60.00,2912.6209373782821785
2.00,60.00,2240.3957505969851809
2.10,60.00,1676.2158015017082562
2.20,60.00,1226.0509928317569575
2.30,60.00,879.2121755570018422
2.40,60.00,618.9099471222564262
2.50,60.00,427.6181303178343001
2.60,60.00,289.5252060659478843
2.70,60.00,191.4171636141470287
2.80,60.00,122.7657931042538451
2.90,60.00,75.4559118673105331
3.00,60.00,43.3846891086527719
3.10,60.00,22.0508644892374477
3.20,60.00,8.1870918050507751
3.30,60.00,-0.5460425475027290
3.40,60.00,-5.8032542527124162
3.50,60.00,-8.7418328134510794
3.60,60.00,-10.1624280266546183
3.70,60.00,-10.6129271487930836
3.80,60.00,-10.4639361938304880
3.90,60.00,-9.9629244668063119
4.00,60.00,-9.2726310869230151
4.10,60.00,-8.4980376426571507
4.20,60.00,-7.7051393616142789
4.30,60.00,-6.9338979697153817
4.40,60.00,-6.2071070070750594
4.50,60.00,-5.5364106641650270
4.60,60.00,-4.9263563110069644
4.70,60.00,-4.3770989087523278
4.80,60.00,-3.8861877202307671
4.90,60.00,-3.4497326334807048
5.00,60.00,-3.0631539816909625
5.10,60.00,-2.7216547341088049
5.20,60.00,-2.4205090592676060
5.30,60.00,-2.1552305130444078
5.40,60.00,-1.9216621744371922
5.50,60.00,-1.7160168929544592
5.60,60.00,-1.5348862860469017
5.70,60.00,-1.3752307486870350
5.80,60.00,-1.2343584876652205
5.90,60.00,-1.1098987718124473
6.00,60.00,-0.9997727222730397
6.20,60.00,-0.8154888152214861
6.40,60.00,-0.6696172979106402
6.60,60.00,-0.5531931240448241
6.80,60.00,-0.4594852773997475
7.00,60.00,-0.3834446970821236
7.20,60.00,-0.3212754766539703
7.40,60.00,-0.2701088687695251
7.60,60.00,-0.2277595456185016
7.80,60.00,-0.1925457427964645
8.00,60.00,-0.1631578740206188
8.20,60.00,-0.1385632255744369
8.40,60.00,-0.1179370822211162
8.60,60.00,-0.1006129634869442
8.80,60.00,-0.0860465341136618
9.00,60.00,-0.0737892261986533
9.50,60.00,-0.0509538808681064
10.00,60.00,-0.0360462458859390
10.50,60.00,-0.0262589160464967
11.00,60.00,-0.0197693532792303
11.50,60.00,-0.0153984222514117
12.00,60.00,-0.0123882954780995
12.50,60.00,-0.0102552447492291
13.00,60.00,-0.0086921889512175
13.50,60.00,-0.0075048106445929
14.00,60.00,-0.0065701839035981
14.50,60.00,-0.0058102914092727
15.00,60.00,-0.0051752423191622
16.00,60.00,-0.0041614154403325
17.00,60.00,-0.0033790713318856
18.00,60.00,-0.0027562116643220
19.00,60.00,-0.0022527843741736
20.00,60.00,-0.0018430201672217
21.00,60.00,-0.0015084205162154
22.00,60.00,-0.0012348000682228
23.00,60.00,-0.0010108988008336
24.00,60.00,-0.0008276281846832
25.00,60.00,-0.0006775951723884
50.00,60.00,-0.0000045655482636
100.00,60.00,-0.0000000002072756
1.00,70.00,-31211.0053471813771466
1.10,70.00,-11886.4781280893112125
1.20,70.00,-1995.1313517441233216
1.30,70.00,2589.5827367440679154
1.40,70.00,4301.5315171810261745
1.50,70.00,4547.1259414563155588
1.60,70.00,4117.0393155442416173
1.70,70.00,3438.8001325461409579
1.80,70.00,2730.1387494357668402
1.90,70.00,2090.8944273403822081
2.00,70.00,1557.2203832477234755
2.10,70.00,1132.8958966242134920
2.20,70.00,806.9156283962688576
2.30,70.00,562.9847873737342070
2.40,70.00,384.3387066060003576
2.50,70.00,255.9364538823278963
2.60,70.00,165.2376034123890349
2.70,70.00,102.2606747268781504
2.80,70.00,59.3155180380132023
2.90,70.00,30.6212328336036208
3.00,70.00,11.9168037258489825
3.10,70.00,0.1130013820314131
3.20,70.00,-6.9975266925086155
3.30,70.00,-10.9710617023755503
3.40,70.00,-12.8908425595723273
3.50,70.00,-13.5011563182194525
3.60,70.00,-13.3064445457377598
3.70,70.00,-12.6434147865275577
3.80,70.00,-11.7328071541815646
3.90,70.00,-10.7161116598500161
4.00,70.00,-9.6813240689726374
4.10,70.00,-8.6808227141691692
4.20,70.00,-7.7436478876746708
4.30,70.00,-6.8838470232304516
4.40,70.00,-6.1060823139304032
4.50,70.00,-5.4093518489545591
4.60,70.00,-4.7894232755711776
4.70,70.00,-4.2403974877327117
4.80,70.00,-3.7556906393267822
4.90,70.00,-3.3286317546818975
5.00,70.00,-2.9528096924749145
5.10,70.00,-2.6222592995669833
5.20,70.00,-2.3315464889755182
5.30,70.00,-2.0757915237460272
5.40,70.00,-1.8506560149864932
5.50,70.00,-1.6523099514843953
5.60,70.00,-1.4773890050256724
5.70,70.00,-1.3229483849619652
5.80,70.00,-1.1864169508798879
5.90,70.00,-1.0655536589651955
6.00,70.00,-0.9584073955274717
6.20,70.00,-0.7786969151788369
6.40,70.00,-0.6361893409693873
6.60,70.00,-0.5224863349873917
6.80,70.00,-0.4312186603387848
7.00,70.00,-0.3575390544327441
7.20,70.00,-0.2977409482838371
7.40,70.00,-0.2489734178997410
7.60,70.00,-0.2090288852739980
7.80,70.00,-0.1761853630775513
8.00,70.00,-0.1490893247614554
8.20,70.00,-0.1266686715105232
8.40,70.00,-0.1080679034994321
8.60,70.00,-0.0925996270420088
8.80,70.00,-0.0797080659889931
9.00,70.00,-0.0689413999691377
9.50,70.00,-0.0490598438327412
10.00,70.00,-0.0361429492471077
10.50,70.00,-0.0276036793704092
11.00,70.00,-0.0218309970475914
11.50,70.00,-0.0178179311106016
12.00,70.00,-0.0149343316138451
12.50,70.00,-0.0127855779376505
13.00,70.00,-0.0111241244242555
13.50,70.00,-0.0097940860449639
14.00,70.00,-0.0086966030323230
14.50,70.00,-0.0077682662981431
15.00,70.00,-0.0069677240626961
16.00,70.00,-0.0056483230696398
17.00,70.00,-0.0046036553751642
18.00,70.00,-0.0037614877091023
19.00,70.00,-0.0030768220586276
20.00,70.00,-0.0025180493666002
21.00,70.00,-0.0020612218901001
22.00,70.00,-0.0016874449765002
23.00,70.00,-0.0013815113004624
24.00,70.00,-0.0011310667309439
25.00,70.00,-0.0009260321055190
50.00,70.00,-0.0000062395166992
100.00,70.00,-0.0000000002832736
1.00,80.00,15176.8877315640602319
1.10,80.00,13818.1072642850012926
1.20,80.00,11644.6538742417669710
1.30,80.00,9347.6493932710891386
1.40,80.00,7252.0431426538098094
1.50,80.00,5481.8968544583967741
1.60,80.00,4056.9987050014692613
1.70,80.00,2947.9116330439314879
1.80,80.00,2106.2306991779496457
1.90,80.00,1480.3317538562509981
2.00,80.00,1022.8407138926816060
2.10,80.00,693.5426995269491499
2.20,80.00,459.9104916800178557
2.30,80.00,296.4980510050332896
2.40,80.00,183.8867420839219449
2.50,80.00,107.5444227151945569
2.60,80.00,56.7700523119251628
2.70,80.00,23.7927300708388003
2.80,80.00,3.0395498524009463
2.90,80.00,-9.4396328542303660
3.00,80.00,-16.4130596961163526
3.10,80.00,-19.7984657971281592
3.20,80.00,-20.9082924705864350
3.30,80.00,-20.6287192706609197
3.40,80.00,-19.5488514823292725
3.50,80.00,-18.0529524084292881
3.60,80.00,-16.3856372432022823
3.70,80.00,-14.6975111713619029
3.80,80.00,-13.0768095739107206
3.90,80.00,-11.5711145150466592
4.00,80.00,-10.2021001622526999
4.10,80.00,-8.9754253053379962
4.20,80.00,-7.8872783462432006
4.30,80.00,-6.9286352101406061
4.40,80.00,-6.0879708270094355
4.50,80.00,-5.3529370658080930
4.60,80.00,-4.7113591724214192
4.70,80.00,-4.1517901301056650
4.80,80.00,-3.6637841219116356
4.90,80.00,-3.2379963716421205
5.00,80.00,-2.8661798195098362
5.10,80.00,-2.5411241655858805
5.20,80.00,-2.2565661124537413
5.30,80.00,-2.0070885726630356
5.40,80.00,-1.7880193717915653
5.50,80.00,-1.5953353237911638
5.60,80.00,-1.4255746221374557
5.70,80.00,-1.2757586917382764
5.80,80.00,-1.1433235859502180
5.90,80.00,-1.0260604245751410
6.00,80.00,-0.9220640760011800
6.20,80.00,-0.7475125531727600
6.40,80.00,-0.6089851827430890
6.60,80.00,-0.4984378028268336
6.80,80.00,-0.4097704513079587
7.00,80.00,-0.3383234182266981
7.20,80.00,-0.2805109541702756
7.40,80.00,-0.2335537872049008
7.60,80.00,-0.1952826990047498
7.80,80.00,-0.1639933887519760
8.00,80.00,-0.1383385221514838
8.20,80.00,-0.1172468773231372
8.40,80.00,-0.0998623444711852
8.60,80.00,-0.0854975580579767
8.80,80.00,-0.0735983817194192
9.00,80.00,-0.0637164973657712
9.50,80.00,-0.0456134754033460
10.00,80.00,-0.0339481422991324
10.50,80.00,-0.0262572159062011
11.00,80.00,-0.0210420152187730
11.50,80.00,-0.0173856150560239
12.00,80.00,-0.0147245528528027
12.50,80.00,-0.0127110271510641
13.00,80.00,-0.0111291434534370
13.50,80.00,-0.0098438298693809
14.00,80.00,-0.0087696296280352
14.50,80.00,-0.0078516243150966
15.00,80.00,-0.0070537685795817
16.00,80.00,-0.0057286352961591
17.00,80.00,-0.0046730852234104
18.00,80.00,-0.0038196947968193
19.00,80.00,-0.0031249816689645
20.00,80.00,-0.0025576649404257
21.00,80.00,-0.0020937248558227
22.00,80.00,-0.0017140813717590
23.00,80.00,-0.0014033286193474
24.00,80.00,-0.0011489326571781
25.00,80.00,-0.0009406607458436
50.00,80.00,-0.0000063380906150
100.00,80.00,-0.0000000002877489
1.00,90.00,10453.0292660186696594
1.10,90.00,10216.3416337975122588
1.20,90.00,8819.5729459512767789
1.30,90.00,7095.2454187502216882
1.40,90.00,5443.8619626215195240
1.50,90.00,4029.9942466802590388
1.60,90.00,2895.8388800882767100
1.70,90.00,2025.3081562552447394
1.80,90.00,1378.9302443075112024
1.90,90.00,911.8617417378026175
2.00,90.00,582.3841874612778611
2.10,90.00,355.2324115784253422
2.20,90.00,202.2679214800982095
2.30,90.00,101.9114627039227940
2.40,90.00,38.1009198589742724
2.50,90.00,-0.8335498672345196
2.60,90.00,-23.1955920396038309
2.70,90.00,-34.7820910529061749
2.80,90.00,-39.5660522780448858
2.90,90.00,-40.2196366859321941
3.00,90.00,-38.5037794198736094
3.10,90.00,-35.5519710642263504
3.20,90.00,-32.0730155359941946
3.30,90.00,-28.4934151564402356
3.40,90.00,-25.0557436792282893
3.50,90.00,-21.8855281500487067
3.60,90.00,-19.0359723538095054
3.70,90.00,-16.5173311864180228
3.80,90.00,-14.3158143744950372
3.90,90.00,-12.4054580850665506
4.00,90.00,-10.7553514912949364
4.10,90.00,-9.3338511125886736
4.20,90.00,-8.1108832682068108
4.30,90.00,-7.0590646045609144
4.40,90.00,-6.1541167038294242
4.50,90.00,-5.3748791525985551
4.60,90.00,-4.7031111906767809
4.70,90.00,-4.1231972255603297
4.80,90.00,-3.6218233769950894
4.90,90.00,-3.1876619343376791
5.00,90.00,-2.8110820553225122
5.10,90.00,-2.4838940566942713
5.20,90.00,-2.1991284643782518
5.30,90.00,-1.9508477691815715
5.40,90.00,-1.7339873836883470
5.50,90.00,-1.5442218601563211
5.60,90.00,-1.3778525374755501
5.70,90.00,-1.2317131538133201
5.80,90.00,-1.1030904258809937
5.90,90.00,-0.9896570657872500
6.00,90.00,-0.8894151374599328
6.20,90.00,-0.7218796259982994
6.40,90.00,-0.5894334480474110
6.60,90.00,-0.4838777483199356
6.80,90.00,-0.3991033436456898
7.00,90.00,-0.3305335690073403
7.20,90.00,-0.2747167514336439
7.40,90.00,-0.2290285654711589
7.60,90.00,-0.1914551158754950
7.80,90.00,-0.1604351646407042
8.00,90.00,-0.1347454911921545
8.20,90.00,-0.1134175441035026
8.40,90.00,-0.0956766807991185
8.60,90.00,-0.0808976480408120
8.80,90.00,-0.0685717124562519
9.00,90.00,-0.0582821467191812
9.50,90.00,-0.0393581855845025
10.00,90.00,-0.0272284807853157
10.50,90.00,-0.0194030159076919
11.00,90.00,-0.0143030584214897
11.50,90.00,-0.0109281742499796
12.00,90.00,-0.0086464913479875
12.50,90.00,-0.0070604594622137
13.00,90.00,-0.0059207299689491
13.50,90.00,-0.0050711466876626
14.00,90.00,-0.0044138488194613
14.50,90.00,-0.0038872912905781
15.00,90.00,-0.0034524910339540
16.00,90.00,-0.0027669381525379
17.00,90.00,-0.0022433167745616
18.00,90.00,-0.0018285365541216
19.00,90.00,-0.0014940815466856
20.00,90.00,-0.0012221467514558
21.00,90.00,-0.0010002028529020
22.00,90.00,-0.0008187473231569
23.00,90.00,-0.0006702785988042
24.00,90.00,-0.0005487574610443
25.00,90.00,-0.0004492771625524
50.00,90.00,-0.0000030271647646
100.00,90.00,-0.0000000001374331
1.00,100.00,21328.6418758165418694
1.10,100.00,16627.6558569531080138
1.20,100.00,12493.9225393789092777
1.30,100.00,9115.7864325235095748
1.40,100.00,6483.9261874015655849
1.50,100.00,4503.6731057402384977
1.60,100.00,3054.3523420076353432
1.70,100.00,2018.3904211926728749
1.80,100.00,1293.7180797057258133
1.90,100.00,797.3709742109036824
2.00,100.00,464.7952312606751093
2.10,100.00,247.3450025293883243
2.20,100.00,109.2796072348011762
2.30,100.00,24.8954189161846458
2.40,100.00,-23.9430703047225606
2.50,100.00,-49.8031133529510228
2.60,100.00,-61.2387368522245765
2.70,100.00,-63.9639846249003128
2.80,100.00,-61.7172516536314006
2.90,100.00,-56.8854280621802033
3.00,100.00,-50.9466984367680453
3.10,100.00,-44.7795751045089077
3.20,100.00,-38.8751663257189506
3.30,100.00,-33.4806374863826335
3.40,100.00,-28.6945145411132110
3.50,100.00,-24.5287928123331831
3.60,100.00,-20.9485138612746411
3.70,100.00,-17.8962927465786485
3.80,100.00,-15.3069694341653371
3.90,100.00,-13.1159096238421107
4.00,100.00,-11.2633205908753151
4.10,100.00,-9.6961434125864017
4.20,100.00,-8.3685330565206417
4.30,100.00,-7.2415672607478054
4.40,100.00,-6.2825793178427078
4.50,100.00,-5.4643496180522639
4.60,100.00,-4.7642884315310638
4.70,100.00,-4.1636786099529433
4.80,100.00,-3.6470083795641335
4.90,100.00,-3.2014021610967651
5.00,100.00,-2.8161453492973307
5.10,100.00,-2.4822932370600972
5.20,100.00,-2.1923521998301450
5.30,100.00,-1.9400212313539307
5.40,100.00,-1.7199829327065634
5.50,100.00,-1.5277345002184333
5.60,100.00,-1.3594507916724312
5.70,100.00,-1.2118729932218408
5.80,100.00,-1.0822176791898561
5.90,100.00,-0.9681021274025065
6.00,100.00,-0.8674826290498366
6.20,100.00,-0.6999529298790876
6.40,100.00,-0.5683100569965652
6.60,100.00,-0.4641309086622799
6.80,100.00,-0.3811158329052545
7.00,100.00,-0.3145293156538927
7.20,100.00,-0.2607916465950005
7.40,100.00,-0.2171796203856731
7.60,100.00,-0.1816067953433519
7.80,100.00,-0.1524620754123313
8.00,100.00,-0.1284910862549142
8.20,100.00,-0.1087089089891262
8.40,100.00,-0.0923357398308579
8.60,100.00,-0.0787492750483676
8.80,100.00,-0.0674492815926325
9.00,100.00,-0.0580310464623482
9.50,100.00,-0.0407023762239037
10.00,100.00,-0.0295159361245174
10.50,100.00,-0.0221820692010547
11.00,100.00,-0.0172774386257382
11.50,100.00,-0.0139129065227767
12.00,100.00,-0.0115322136820127
12.50,100.00,-0.0097872079923994
13.00,100.00,-0.0084597748853595
13.50,100.00,-0.0074128932201364
14.00,100.00,-0.0065600078208901
14.50,100.00,-0.0058459285614973
15.00,100.00,-0.0052349608551766
16.00,100.00,-0.0042357511237155
17.00,100.00,-0.0034493841240297
18.00,100.00,-0.0028172767877184
19.00,100.00,-0.0023040717115026
20.00,100.00,-0.0018854868222013
21.00,100.00,-0.0015433646650873
22.00,100.00,-0.0012634744927112
23.00,100.00,-0.0010343992014499
24.00,100.00,-0.0008468774315235
25.00,100.00,-0.0006933583408545
50.00,100.00,-0.0000046717773529
100.00,100.00,-0.0000000002120984
1.00,110.00,23169.5118374426165246
1.10,110.00,19351.3092804303996672
1.20,110.00,15240.8155159311445459
1.30,110.00,11518.5411073655341170
1.40,110.00,8430.7470601909080870
1.50,110.00,6005.5330081124538992
1.60,110.00,4172.9989402713090385
1.70,110.00,2829.2898471727758078
1.80,110.00,1868.5410543538703223
1.90,110.00,1197.0135125699018772
2.00,110.00,737.7720035539433638
2.10,110.00,430.6783455561519531
2.20,110.00,230.3420090269966352
2.30,110.00,103.4264095465833009
2.40,110.00,25.9991170678338115
2.50,110.00,-18.7782311843929968
2.60,110.00,-42.5315452810649646
2.70,110.00,-53.1399428141716541
2.80,110.00,-55.8409107466271450
2.90,110.00,-54.0426695781348343
3.00,110.00,-49.9087500686063734
3.10,110.00,-44.7708519117525299
3.20,110.00,-39.4154197856297941
3.30,110.00,-34.2792519135827263
3.40,110.00,-29.5807623542661950
3.50,110.00,-25.4064857288191313
3.60,110.00,-21.7669502346743080
3.70,110.00,-18.6319261010476076
3.80,110.00,-15.9520238143587445
3.90,110.00,-13.6714268757614352
4.00,110.00,-11.7349902990917041
4.10,110.00,-10.0918512404171086
4.20,110.00,-8.6969521678814701
4.30,110.00,-7.5113717997070184
4.40,110.00,-6.5020223359435425
4.50,110.00,-5.6410509336455581
4.60,110.00,-4.9051416564064922
4.70,110.00,-4.2748251387790202
4.80,110.00,-3.7338488913725674
4.90,110.00,-3.2686292404735400
5.00,110.00,-2.8677881006393346
5.10,110.00,-2.5217686763699527
5.20,110.00,-2.2225202500794770
5.30,110.00,-1.9632411966501626
5.40,110.00,-1.7381698818668432
5.50,110.00,-1.5424143209212138
5.60,110.00,-1.3718129168307394
5.70,110.00,-1.2228200112115446
5.80,110.00,-1.0924112393776937
5.90,110.00,-0.9780047438899530
6.00,110.00,-0.8773951635601601
6.20,110.00,-0.7103024743567979
6.40,110.00,-0.5791072501722012
6.60,110.00,-0.4750142855295297
6.80,110.00,-0.3915795025521269
7.00,110.00,-0.3240655813466040
7.20,110.00,-0.2689705747712979
7.40,110.00,-0.2236847610996205
7.60,110.00,-0.1862425108903034
7.80,110.00,-0.1551441196949206
8.00,110.00,-0.1292286836448491
8.20,110.00,-0.1075838161465360
8.40,110.00,-0.0894816677894108
8.60,110.00,-0.0743335361684405
8.80,110.00,-0.0616575003062632
9.00,110.00,-0.0510551206564721
9.50,110.00,-0.0315728773080606
10.00,110.00,-0.0192250328921549
10.50,110.00,-0.0114709948825475
11.00,110.00,-0.0066510489261742
11.50,110.00,-0.0036879075533535
12.00,110.00,-0.0018891274479054
12.50,110.00,-0.0008141690674989
13.00,110.00,-0.0001854099861105
13.50,110.00,0.0001706391673706
14.00,110.00,0.0003615993780342
14.50,110.00,0.0004537945264504
15.00,110.00,0.0004878469537285
16.00,110.00,0.0004706404057691
17.00,110.00,0.0004116811302813
18.00,110.00,0.0003467848598280
19.00,110.00,0.0002875101012622
20.00,110.00,0.0002367145311409
21.00,110.00,0.0001942918789135
22.00,110.00,0.0001592517627440
23.00,110.00,0.0001304501948022
24.00,110.00,0.0001068278260663
25.00,110.00,0.0000874721447706
50.00,110.00,0.0000005894317119
100.00,110.00,0.0000000000267602
1.00,120.00,40279.7326097671175376
1.10,120.00,32766.6395406453339092
1.20,120.00,25537.7447641372855287
1.30,120.00,19292.8295522567022999
1.40,120.00,14223.3855298592243344
1.50,120.00,10274.8212124230922200
1.60,120.00,7290.6293455918284963
1.70,120.00,5087.7966683747526986
1.80,120.00,3493.1389201900005901
1.90,120.00,2358.1766046077136707
2.00,120.00,1562.8101620253785313
2.10,120.00,1013.6216067354562256
2.20,120.00,639.9996634339063348
2.30,120.00,389.7539932163193726
2.40,120.00,225.0145253292199925
2.50,120.00,118.7351787835624322
2.60,120.00,51.8732725108455739
2.70,120.00,11.1977961334396809
2.80,120.00,-12.3672585905717050
2.90,120.00,-24.9683091923283200
3.00,120.00,-30.7125819767471349
3.10,120.00,-32.3052545689762809
3.20,120.00,-31.4991926700048417
3.30,120.00,-29.4084305916234392
3.40,120.00,-26.7240722029509890
3.50,120.00,-23.8612462234393732
3.60,120.00,-21.0579485153994739
3.70,120.00,-18.4407028352484978
3.80,120.00,-16.0676000001030559
3.90,120.00,-13.9560925372869402
4.00,120.00,-12.1006385921853372
4.10,120.00,-10.4836724645918089
4.20,120.00,-9.0822487174109057
4.30,120.00,-7.8719253399950659
4.40,120.00,-6.8289172935627773
4.50,120.00,-5.9311907642213439
4.60,120.00,-5.1589272946549096
4.70,120.00,-4.4946278370078980
4.80,120.00,-3.9230231524161208
4.90,120.00,-3.4308905005486743
5.00,120.00,-3.0068346205542515
5.10,120.00,-2.6410650668944924
5.20,120.00,-2.3251863108385122
5.30,120.00,-2.0520078658500154
5.40,120.00,-1.8153765704598859
5.50,120.00,-1.6100304741877700
5.60,120.00,-1.4314725134376189
5.70,120.00,-1.2758617099931810
5.80,120.00,-1.1399195961347850
5.90,120.00,-1.0208497450755234
6.00,120.00,-0.9162685380617497
6.20,120.00,-0.7427522889832057
6.40,120.00,-0.6064910129685682
6.60,120.00,-0.4981614642986955
6.80,120.00,-0.4110129171724426
7.00,120.00,-0.3401435098634786
7.20,120.00,-0.2819724700034781
7.40,120.00,-0.2338589581635887
7.60,120.00,-0.1938296363105422
7.80,120.00,-0.1603858908453275
8.00,120.00,-0.1323686280045511
8.20,120.00,-0.1088641029786595
8.40,120.00,-0.0891385955947173
8.60,120.00,-0.0725931037368161
8.80,120.00,-0.0587317670149453
9.00,120.00,-0.0471396174649548
9.50,120.00,-0.0259185863824819
10.00,120.00,-0.0126549796401022
10.50,120.00,-0.0045544944108634
11.00,120.00,0.0002421773543270
11.50,120.00,0.0029571571315026
12.00,120.00,0.0043821121922976
12.50,120.00,0.0050225467406643
13.00,120.00,0.0051969264374232
13.50,120.00,0.0051033438235135
14.00,120.00,0.0048634519954725
14.50,120.00,0.0045509161667627
15.00,120.00,0.0042095753949950
16.00,120.00,0.0035311564876200
17.00,120.00,0.0029224043346540
18.00,120.00,0.0024042353611014
19.00,120.00,0.0019726888907758
20.00,120.00,0.0016166732045896
21.00,120.00,0.0013241989283260
22.00,120.00,0.0010843754472039
23.00,120.00,0.0008878899322895
24.00,120.00,0.0007269716423413
25.00,120.00,0.0005952046545510
50.00,120.00,0.0000040105157787
100.00,120.00,0.0000000001820771
1.00,130.00,241806.5813652032229584
1.10,130.00,158482.3852388074737974
1.20,130.00,103957.4615641155687626
1.30,130.00,68253.5869022116821725
1.40,130.00,44853.9683669868027209
1.50,130.00,29502.5788728711049771
1.60,130.00,19419.4629831009951886
1.70,130.00,12788.1973090179180872
1.80,130.00,8421.2805715647336910
1.90,130.00,5541.7703772275217489
2.00,130.00,3640.8195366206873587
2.10,130.00,2384.7412291269156412
2.20,130.00,1554.3800313144872689
2.30,130.00,1005.5479935103925300
2.40,130.00,643.1937652080107455
2.50,130.00,404.5248146295753031
2.60,130.00,247.9677699691474970
2.70,130.00,145.9374333328829607
2.80,130.00,80.0923392166231309
2.90,130.00,38.2154008981916320
3.00,130.00,12.1581227877551292
3.10,130.00,-3.5178895902257548
3.20,130.00,-12.4412739534289400
3.30,130.00,-17.0294784418834517
3.40,130.00,-18.8879746881955590
3.50,130.00,-19.0773528736521136
3.60,130.00,-18.2925526254417221
3.70,130.00,-16.9834462965174957
3.80,130.00,-15.4361303239117724
3.90,130.00,-13.8277965237055547
4.00,130.00,-12.2637782278044885
4.10,130.00,-10.8025346164131903
4.20,130.00,-9.4724543098948146
4.30,130.00,-8.2831024612521578
4.40,130.00,-7.2326924612518768
4.50,130.00,-6.3129950439195879
4.60,130.00,-5.5125126704817902
4.70,130.00,-4.8184852026318072
4.80,130.00,-4.2181139897833280
4.90,130.00,-3.6992688720024050
5.00,130.00,-3.2508583244848355
5.10,130.00,-2.8629849572920585
5.20,130.00,-2.5269686375741651
5.30,130.00,-2.2352920260920150
5.40,130.00,-1.9815044760741187
5.50,130.00,-1.7601073818566395
5.60,130.00,-1.5664353522866457
5.70,130.00,-1.3965417434705294
5.80,130.00,-1.2470932275561293
5.90,130.00,-1.1152755778937380
6.00,130.00,-0.9987112827002566
6.20,130.00,-0.8036015982846137
6.40,130.00,-0.6490417350671822
6.60,130.00,-0.5257665717140010
6.80,130.00,-0.4269223623111364
7.00,130.00,-0.3473526449439842
7.20,130.00,-0.2831134906194194
7.40,130.00,-0.2311434882569385
7.60,130.00,-0.1890367028694350
7.80,130.00,-0.1548838147205993
8.00,130.00,-0.1271585456183418
8.20,130.00,-0.1046345017801968
8.40,130.00,-0.0863228251909040
8.60,130.00,-0.0714244295960338
8.80,130.00,-0.0592927454536595
9.00,130.00,-0.0494042531170832
9.50,130.00,-0.0319088365822282
10.00,130.00,-0.0212874446256718
10.50,130.00,-0.0147550835994667
11.00,130.00,-0.0106665875029763
11.50,130.00,-0.0080484332688355
12.00,130.00,-0.0063227831550946
12.50,130.00,-0.0051452149771623
13.00,130.00,-0.0043093540923431
13.50,130.00,-0.0036907529379724
14.00,130.00,-0.0032137806767940
14.50,130.00,-0.0028320225889193
15.00,130.00,-0.0025166336094482
16.00,130.00,-0.0020185385326379
17.00,130.00,-0.0016372790378336
18.00,130.00,-0.0013348525148530
19.00,130.00,-0.0010908134691804
20.00,130.00,-0.0008923211664949
21.00,130.00,-0.0007302908315406
22.00,130.00,-0.0005978086066890
23.00,130.00,-0.0004894064225203
24.00,130.00,-0.0004006781595095
25.00,130.00,-0.0003280424073043
50.00,130.00,-0.0000022103041842
100.00,130.00,-0.0000000001003477
1.00,140.00,474644.2172298778896220
1.10,140.00,307769.4481878271908499
1.20,140.00,199853.7698287944367621
1.30,140.00,130012.4584698410180863
1.40,140.00,84760.4007178640604252
1.50,140.00,55394.7946312671920168
1.60,140.00,36300.7472005868548877
1.70,140.00,23855.6419553071827977
1.80,140.00,15721.4740286420801567
1.90,140.00,10388.2381346000220219
2.00,140.00,6879.5666985403704530
2.10,140.00,4563.1001959170516784
2.20,140.00,3028.3862546790596753
2.30,140.00,2008.2762596229601968
2.40,140.00,1328.3168651257308284
2.50,140.00,874.1479291289222147
2.60,140.00,570.4783449773981374
2.70,140.00,367.5063818253216823
2.80,140.00,232.1288579183081140
2.90,140.00,142.2337146266251864
3.00,140.00,82.9809436969526502
3.10,140.00,44.3685445130277856
3.20,140.00,19.6314218622407068
3.30,140.00,4.1822142898083134
3.40,140.00,-5.0936685380800455
3.50,140.00,-10.3102480690131433
3.60,140.00,-12.8992908641650459
3.70,140.00,-13.8261988247234857
3.80,140.00,-13.7372464687472569
3.90,140.00,-13.0604699970212224
4.00,140.00,-12.0750465360629295
4.10,140.00,-10.9591115142373816
4.20,140.00,-9.8227368770690244
4.30,140.00,-8.7306492890602634
4.40,140.00,-7.7178308143978471
4.50,140.00,-6.8001732095716259
4.60,140.00,-5.9816943887724525
4.70,140.00,-5.2593698331021823
4.80,140.00,-4.6263157305114291
4.90,140.00,-4.0738400967057729
5.00,140.00,-3.5927233749300536
5.10,140.00,-3.1739810016027588
5.20,140.00,-2.8092834670427598
5.30,140.00,-2.4911550488179302
5.40,140.00,-2.2130340643533515
5.50,140.00,-1.9692505482549896
5.60,140.00,-1.7549584269748451
5.70,140.00,-1.5660462003172921
5.80,140.00,-1.3990411722803979
5.90,140.00,-1.2510162024781830
6.00,140.00,-1.1195039125937292
6.20,140.00,-0.8980009700555459
6.40,140.00,-0.7213577085350652
6.60,140.00,-0.5799297454904973
6.80,140.00,-0.4664822133410265
7.00,140.00,-0.3754507493505087
7.20,140.00,-0.3024620784083660
7.40,140.00,-0.2440224445758102
7.60,140.00,-0.1973109564528434
7.80,140.00,-0.1600372757498277
8.00,140.00,-0.1303387089880209
8.20,140.00,-0.1067019394571921
8.40,140.00,-0.0879009027394726
8.60,140.00,-0.0729459816320982
8.80,140.00,-0.0610417501863537
9.00,140.00,-0.0515515937303470
9.50,140.00,-0.0353099415843639
10.00,140.00,-0.0258060386467480
10.50,140.00,-0.0200187757084202
11.00,140.00,-0.0162994436312273
11.50,140.00,-0.0137532243984249
12.00,140.00,-0.0118936364721379
12.50,140.00,-0.0104538252631478
13.00,140.00,-0.0092849779761477
13.50,140.00,-0.0083020349268625
14.00,140.00,-0.0074547159376861
14.50,140.00,-0.0067120016211125
15.00,140.00,-0.0060537567671757
16.00,140.00,-0.0049391599883648
17.00,140.00,-0.0040377337897241
18.00,140.00,-0.0033036220572048
19.00,140.00,-0.0027039813146076
20.00,140.00,-0.0022135425813336
21.00,140.00,-0.0018121892593960
22.00,140.00,-0.0014836561671594
23.00,140.00,-0.0012147006462265
24.00,140.00,-0.0009945075263056
25.00,140.00,-0.0008142319665840
50.00,140.00,-0.0000054862412350
100.00,140.00,-0.0000000002490750
1.00,150.00,539378.1478671843651682
1.10,150.00,359255.8576352603267878
1.20,150.00,239886.7381802516756579
1.30,150.00,160604.3796271642204374
1.40,150.00,107817.3752916565281339
1.50,150.00,72577.2755354068212910
1.60,150.00,48984.2886545098590432
1.70,150.00,33142.0427247154875658
1.80,150.00,22472.1175984767651244
1.90,150.00,15264.2888450854898110
2.00,150.00,10381.2102763634993607
2.10,150.00,7064.3070064817693492
2.20,150.00,4806.0248258204455851
2.30,150.00,3265.6137437881507140
2.40,150.00,2213.4998686940907646
2.50,150.00,1494.4544198939470334
2.60,150.00,1003.1417329102365557
2.70,150.00,667.8355108739225443
2.80,150.00,439.5375158075061108
2.90,150.00,284.6792157144683983
3.00,150.00,180.2071543716531892
3.10,150.00,110.2597895592820407
3.20,150.00,63.9109732753884856
3.30,150.00,33.6312999466163660
3.40,150.00,14.2347103901378507
3.50,150.00,2.1545930280943497
3.60,150.00,-5.0553668770889910
3.70,150.00,-9.0663598175055871
3.80,150.00,-11.0136886356690731
3.90,150.00,-11.6628412548402487
4.00,150.00,-11.5248627512483282
4.10,150.00,-10.9364951206432401
4.20,150.00,-10.1157822900045709
4.30,150.00,-9.2005671461122933
4.40,150.00,-8.2750536407122279
4.50,150.00,-7.3880467177404077
4.60,150.00,-6.5653978516285862
4.70,150.00,-5.8184266911756906
4.80,150.00,-5.1495590454086670
4.90,150.00,-4.5560492647566475
5.00,150.00,-4.0323934238161012
5.10,150.00,-3.5718556435730879
5.20,150.00,-3.1674004308382071
5.30,150.00,-2.8122329738129888
5.40,150.00,-2.5000856012659951
5.50,150.00,-2.2253441041092215
5.60,150.00,-1.9830766820976928
5.70,150.00,-1.7690069095646206
5.80,150.00,-1.5794574706738882
5.90,150.00,-1.4112814803987954
6.00,150.00,-1.2617915533962276
6.20,150.00,-1.0100198897189530
6.40,150.00,-0.8094422695172261
6.60,150.00,-0.6491348742790077
6.80,150.00,-0.5208192499405079
7.00,150.00,-0.4180916953976285
7.20,150.00,-0.3359090983281214
7.40,150.00,-0.2702457264389512
7.60,150.00,-0.2178596595064151
7.80,150.00,-0.1761282475157674
8.00,150.00,-0.1429271000017686
8.20,150.00,-0.1165371976271132
8.40,150.00,-0.0955710284129836
8.60,150.00,-0.0789124031408066
8.80,150.00,-0.0656667389695224
9.00,150.00,-0.0551197700802202
9.50,150.00,-0.0371139447349651
10.00,150.00,-0.0266361034806391
10.50,150.00,-0.0203133695233425
11.00,150.00,-0.0163036751497183
11.50,150.00,-0.0136049187631047
12.00,150.00,-0.0116705011090498
12.50,150.00,-0.0101995635145261
13.00,150.00,-0.0090239076577462
13.50,150.00,-0.0080473607997948
14.00,150.00,-0.0072132573713882
14.50,150.00,-0.0064869171560644
15.00,150.00,-0.0058461245023962
16.00,150.00,-0.0047655637768233
17.00,150.00,-0.0038942930063643
18.00,150.00,-0.0031857027533362
19.00,150.00,-0.0026072612293903
20.00,150.00,-0.0021342902944620
21.00,150.00,-0.0017472792490630
22.00,150.00,-0.0014305036242706
23.00,150.00,-0.0011711798179527
24.00,150.00,-0.0009588745064285
25.00,150.00,-0.0007850576835974
50.00,150.00,-0.0000052896640779
100.00,150.00,-0.0000000002401504
1.00,160.00,579832.2700013383291662
1.10,160.00,397775.9929475776734762
1.20,160.00,273384.0391924881841987
1.30,160.00,188212.9778288461093325
1.40,160.00,129775.8942261308257002
1.50,160.00,89601.4166666783567052
1.60,160.00,61930.1042818340793019
1.70,160.00,42837.5931070382066537
1.80,160.00,29643.8214366602915106
1.90,160.00,20514.2830057894752827
2.00,160.00,14190.3669712077862641
2.10,160.00,9806.6154696698431508
2.20,160.00,6766.6098220283747651
2.30,160.00,4658.4805000356227538
2.40,160.00,3197.2525787463591769
2.50,160.00,2185.4062557783431657
2.60,160.00,1485.8302657930862551
2.70,160.00,1003.2276958348132894
2.80,160.00,671.3012544055613944
2.90,160.00,443.9005418504942213
3.00,160.00,288.8924684722314282
3.10,160.00,183.9081732376390619
3.20,160.00,113.3862937445165358
3.30,160.00,66.5139779668599544
3.40,160.00,35.7910215793244717
3.50,160.00,16.0274345009466863
3.60,160.00,3.6430617859805707
3.70,160.00,-3.8219494274991028
3.80,160.00,-8.0493049814548403
3.90,160.00,-10.1815983806448553
4.00,160.00,-10.9891442675647504
4.10,160.00,-10.9862455771395826
4.20,160.00,-10.5120520402359681
4.30,160.00,-9.7866394885252053
4.40,160.00,-8.9497680199275997
4.50,160.00,-8.0875526092183936
4.60,160.00,-7.2507176266031985
4.70,160.00,-6.4670088482843200
4.80,160.00,-5.7495646185089964
4.90,160.00,-5.1025050821690794
5.00,160.00,-4.5246169823718878
5.10,160.00,-4.0117437163757739
5.20,160.00,-3.5583025961999475
5.30,160.00,-3.1582199067439412
5.40,160.00,-2.8054827023358029
5.50,160.00,-2.4944425496602780
5.60,160.00,-2.2199622926908327
5.70,160.00,-1.9774665127770874
5.80,160.00,-1.7629355442498660
5.90,160.00,-1.5728687668354648
6.00,160.00,-1.4042333808442566
6.20,160.00,-1.1211305832502692
6.40,160.00,-0.8966482969126777
6.60,160.00,-0.7180377651197014
6.80,160.00,-0.5756130882968614
7.00,160.00,-0.4619107724599604
7.20,160.00,-0.3711020206773326
7.40,160.00,-0.2985841709862905
7.60,160.00,-0.2406935782318028
7.80,160.00,-0.1944992720418195
8.00,160.00,-0.1576503838166078
8.20,160.00,-0.1282600086738724
8.40,160.00,-0.1048145430212989
8.60,160.00,-0.0861015462323350
8.80,160.00,-0.0711516172045603
9.00,160.00,-0.0591912400936732
9.50,160.00,-0.0386317997566269
10.00,160.00,-0.0265972123340260
10.50,160.00,-0.0193642165626247
11.00,160.00,-0.0148590521359304
11.50,160.00,-0.0119259016375019
12.00,160.00,-0.0099172263197494
12.50,160.00,-0.0084669212761844
13.00,160.00,-0.0073653553699334
13.50,160.00,-0.0064905392817417
14.00,160.00,-0.0057700584227589
14.50,160.00,-0.0051598721974636
15.00,160.00,-0.0046323993425490
16.00,160.00,-0.0037598540762645
17.00,160.00,-0.0030664350095997
18.00,160.00,-0.0025062630182217
19.00,160.00,-0.0020503751424162
20.00,160.00,-0.0016781264523296
21.00,160.00,-0.0013737213492054
22.00,160.00,-0.0011246298986044
23.00,160.00,-0.0009207404091532
24.00,160.00,-0.0007538279455307
25.00,160.00,-0.0006171782442552
50.00,160.00,-0.0000041584929876
100.00,160.00,-0.0000000001887953
1.00,170.00,651756.8238599592586979
1.10,170.00,453246.9578769625513814
1.20,170.00,315492.3181105368421413
1.30,170.00,219774.1195524492941331
1.40,170.00,153185.6727169765217695
1.50,170.00,106812.8977133243461140
1.60,170.00,74489.0923728060442954
1.70,170.00,51941.3090096343221376
1.80,170.00,36204.1947723759876681
1.90,170.00,25216.7976865025557345
2.00,170.00,17544.7424199207707716
2.10,170.00,12188.4569764909701917
2.20,170.00,8450.5659030544447887
2.30,170.00,5844.0371638772230654
2.40,170.00,4028.4502894997954172
2.50,170.00,2765.7038925549559281
2.60,170.00,1889.1849715249986730
2.70,170.00,1282.2768752006186332
2.80,170.00,863.3567200758993749
2.90,170.00,575.3097660428383051
3.00,170.00,378.1927274029828254
3.10,170.00,244.0955432688211602
3.20,170.00,153.5400982187830436
3.30,170.00,92.9547384070203861
3.40,170.00,52.9025984660086905
3.50,170.00,26.8385980735249561
3.60,170.00,10.2374735601866842
3.70,170.00,-0.0176558323108366
3.80,170.00,-6.0637264029641944
3.90,170.00,-9.3576297142404083
4.00,170.00,-10.8858440579379554
4.10,170.00,-11.3107050600199148
4.20,170.00,-11.0722377640223524
4.30,170.00,-10.4588567744759917
4.40,170.00,-9.6562891931925598
4.50,170.00,-8.7812930654553210
4.60,170.00,-7.9047852770791751
4.70,170.00,-7.0676138358174523
4.80,170.00,-6.2912389888345297
4.90,170.00,-5.5849051006733275
5.00,170.00,-4.9504056739708870
5.10,170.00,-4.3852074165262467
5.20,170.00,-3.8844635651839137
5.30,170.00,-3.4422819322243545
5.40,170.00,-3.0524982861024679
5.50,170.00,-2.7091258579402013
5.60,170.00,-2.4065965006886842
5.70,170.00,-2.1398709367900186
5.80,170.00,-1.9044694167074321
5.90,170.00,-1.6964563236456118
6.00,170.00,-1.5124002382614572
6.20,170.00,-1.2046454109330060
6.40,170.00,-0.9618609930760136
6.60,170.00,-0.7695286895683157
6.80,170.00,-0.6166762895915764
7.00,170.00,-0.4949226899440152
7.20,170.00,-0.3977922676923686
7.40,170.00,-0.3202292538433876
7.60,170.00,-0.2582528497826634
7.80,170.00,-0.2087089905383063
8.00,170.00,-0.1690881269551536
8.20,170.00,-0.1373885210727969
8.40,170.00,-0.1120115489422979
8.60,170.00,-0.0916801176149984
8.80,170.00,-0.0753742580390589
9.00,170.00,-0.0622798247268744
9.50,170.00,-0.0396496820213849
10.00,170.00,-0.0263411290238528
10.50,170.00,-0.0183627702413246
11.00,170.00,-0.0134562184479053
11.50,170.00,-0.0103398776698664
12.00,170.00,-0.0082822475660798
12.50,170.00,-0.0068624131124147
13.00,170.00,-0.0058357409999750
13.50,170.00,-0.0050583731456451
14.00,170.00,-0.0044445494848810
14.50,170.00,-0.0039423138526971
15.00,170.00,-0.0035195718545999
16.00,170.00,-0.0028384423736482
17.00,170.00,-0.0023082205777064
18.00,170.00,-0.0018840740060054
19.00,170.00,-0.0015404473409610
20.00,170.00,-0.0012604402565234
21.00,170.00,-0.0010316778646816
22.00,170.00,-0.0008445622577084
23.00,170.00,-0.0006914308047135
24.00,170.00,-0.0005660815826553
25.00,170.00,-0.0004634632215061
50.00,170.00,-0.0000031227621538
100.00,170.00,-0.0000000001417732
1.00,180.00,670190.6916585757862777
1.10,180.00,468895.1225780333043076
1.20,180.00,328220.4524836815544404
1.30,180.00,229825.5342142244044226
1.40,180.00,160952.1103007044875994
1.50,180.00,112713.5512074216530891
1.60,180.00,78912.0438355920632603
1.70,180.00,55219.8067692326585529
1.80,180.00,38611.4441977169262827
1.90,180.00,26969.8213057647626556
2.00,180.00,18812.0158197909877345
2.10,180.00,13098.4890618141216692
2.20,180.00,9100.0207085536985687
2.30,180.00,6304.7984797974149842
2.40,180.00,4353.4631439437252993
2.50,180.00,2993.6436561283139781
2.60,180.00,2048.0994778288204543
2.70,180.00,1392.3754654077310988
2.80,180.00,939.1151902337419415
2.90,180.00,627.0403555269488152
3.00,180.00,413.2036303140610016
3.10,180.00,267.5401070843952311
3.20,180.00,169.0342387739655123
3.30,180.00,103.0229500050584761
3.40,180.00,59.2982813790741403
3.50,180.00,30.7729043678740908
3.60,180.00,12.5419951992001799
3.70,180.00,1.2242336437789920
3.80,180.00,-5.5006569036133950
3.90,180.00,-9.2160243507579818
4.00,180.00,-10.9950767714388160
4.10,180.00,-11.5592573847501932
4.20,180.00,-11.3885807166702939
4.30,180.00,-10.7982830677346513
4.40,180.00,-9.9918919782511555
4.50,180.00,-9.0978222492137100
4.60,180.00,-8.1944921922495695
4.70,180.00,-7.3274635272411270
4.80,180.00,-6.5210584606549329
4.90,180.00,-5.7861685268462004
5.00,180.00,-5.1254503044955797
5.10,180.00,-4.5367384968924140
5.20,180.00,-4.0152514062602602
5.30,180.00,-3.5549852563917788
5.40,180.00,-3.1495693190884291
5.50,180.00,-2.7927672768200016
5.60,180.00,-2.4787503475761952
5.70,180.00,-2.2022264032011578
5.80,180.00,-1.9584809960864220
5.90,180.00,-1.7433669129533806
6.00,180.00,-1.5532658233957910
6.20,180.00,-1.2359610397017469
6.40,180.00,-0.9861810102554960
6.60,180.00,-0.7886578092075919
6.80,180.00,-0.6318908573691430
7.00,180.00,-0.5071314408522182
7.20,180.00,-0.4076500181613196
7.40,180.00,-0.3282158185317928
7.60,180.00,-0.2647270857064998
7.80,180.00,-0.2139454529559541
8.00,180.00,-0.1733017796104528
8.20,180.00,-0.1407513554617728
8.40,180.00,-0.1146637883870350
8.60,180.00,-0.0937378329129054
8.80,180.00,-0.0769346235163462
9.00,180.00,-0.0634248299993661
9.50,180.00,-0.0400379677013796
10.00,180.00,-0.0262651187684563
10.50,180.00,-0.0180155284296801
11.00,180.00,-0.0129628535488810
11.50,180.00,-0.0097794896556942
12.00,180.00,-0.0077033824373198
12.50,180.00,-0.0062937525342689
13.00,180.00,-0.0052933207823716
13.50,180.00,-0.0045503465828130
14.00,180.00,-0.0039742674751208
14.50,180.00,-0.0035102817852779
15.00,180.00,-0.0031246733134941
16.00,180.00,-0.0025114450877900
17.00,180.00,-0.0020391314392231
18.00,180.00,-0.0016632570827280
19.00,180.00,-0.0013594712142887
20.00,180.00,-0.0011122007833270
21.00,180.00,-0.0009102843261358
22.00,180.00,-0.0007451643118862
23.00,180.00,-0.0006100472185751
24.00,180.00,-0.0004994490753189
25.00,180.00,-0.0004089086740465
50.00,180.00,-0.0000027551739501
100.00,180.00,-0.0000000001250847
