[[-8.94423375e+08  6.39413529e+08 -1.74818608e+08  2.45791759e+07
  -1.89038234e+06  7.11193109e+04 -1.65776524e+03 -8.48387458e-02]
 [-1.22650929e+09  7.91271415e+08 -1.93753149e+08  2.37202323e+07
  -1.54232053e+06  4.85229718e+04 -7.14350185e+02  6.28411312e-02]
 [-4.83003425e+08  2.86784067e+08 -6.63567247e+07  7.79027489e+06
  -4.99861405e+05  1.69078797e+04 -2.51218464e+02  1.05779539e-01]
 [-3.41765806e+08  2.36740214e+08 -6.63743875e+07  9.53019778e+06
  -7.26416006e+05  2.73672631e+04 -3.98612006e+02  5.43029193e-02]
 [ 5.01603149e+08 -3.44318201e+08  9.31396606e+07 -1.26119443e+07
   8.95846800e+05 -3.16518657e+04  4.53146031e+02 -1.48756588e-01]
 [ 3.02435211e+08 -1.74431581e+08  3.81655863e+07 -3.91753743e+06
   1.84960564e+05 -2.90905774e+03 -2.61363560e+01  1.50434439e-01]
 [ 1.03789953e+09 -7.07277745e+08  1.90932095e+08 -2.59157031e+07
   1.84806811e+06 -6.50231543e+04  8.75081722e+02 -1.24408356e-01]
 [ 7.80284816e+08 -5.45437986e+08  1.52418185e+08 -2.16207001e+07
   1.62467013e+06 -6.06626837e+04  8.83828438e+02 -2.05385008e-01]
 [-4.33400982e+08  3.45358244e+08 -1.07994636e+08  1.68661091e+07
  -1.37847866e+06  5.55948561e+04 -8.70778769e+02  1.68775356e-01]
 [ 2.57636619e+08 -1.80436420e+08  5.07795888e+07 -7.29023055e+06
   5.56248278e+05 -2.10954425e+04  3.10670535e+02 -7.70001765e-02]
 [ 4.98487604e+08 -3.58921897e+08  1.02777732e+08 -1.48552538e+07
   1.13163960e+06 -4.27167267e+04  6.31677606e+02 -1.47304872e-01]
 [-4.69622121e+08  3.50485735e+08 -1.03499834e+08  1.53521834e+07
  -1.19523756e+06  4.59254472e+04 -6.85889341e+02  1.43528415e-01]
 [-1.24223523e+08  8.05571456e+07 -2.03882505e+07  2.53822628e+06
  -1.60359339e+05  4.67648280e+03 -4.27773944e+01 -1.01396272e-02]
 [-5.50892068e+07  3.41334245e+07 -7.84891131e+06  8.02362225e+05
  -3.14932110e+04 -1.30842189e+02  2.60781931e+01 -1.84515801e-02]
 [-1.65617829e+08  1.33762324e+08 -4.25167013e+07  6.75608524e+06
  -5.60745273e+05  2.28006533e+04 -3.53700760e+02  7.15992583e-02]
 [ 4.09136345e+08 -3.01930459e+08  8.89087233e+07 -1.32615002e+07
   1.04661732e+06 -4.11291018e+04  6.36513728e+02 -1.50843508e-01]
 [-1.06070518e+08  8.77518080e+07 -2.81352540e+07  4.45721481e+06
  -3.65115289e+05  1.44719549e+04 -2.12867274e+02  3.28085269e-02]
 [ 1.22580810e+08 -5.70538856e+07  8.10508820e+06 -1.00705583e+05
  -6.33245082e+04  4.50630364e+03 -8.11919290e+01  7.51788578e-03]
 [ 5.86833841e+08 -4.09372709e+08  1.13747017e+08 -1.59915889e+07
   1.18954968e+06 -4.41550222e+04  6.51382766e+02 -1.50573814e-01]]