T	2->0	4->0	6->0	8->0	10->0	4->2	6->2	8->2	10->2	6->4	8->4	10->4	8->6	10->6	10->8	
1.000000000000000000e+00 4.742260749197901437e-12 1.452653987794961585e-13 2.092871018084790320e-14 9.292455089753047221e-17 8.841976200326081363e-18 7.787554324799073411e-12 5.965143455954426053e-13 3.115840422672403662e-15 3.546406541311401290e-16 1.350353696007306450e-11 5.220654558065914641e-14 6.411783052277605983e-15 7.782576501806377012e-13 8.338980636746444359e-14 9.464410131806688042e-13
2.000000000000000000e+00 6.354839354907059596e-12 1.685364751308380126e-13 2.391977313194141705e-14 1.779340663852585559e-16 1.547277090241136106e-17 8.946418515152542558e-12 6.878230018989131610e-13 5.990121862117095257e-15 6.066523731742128643e-16 1.617697411466851722e-11 1.007964629886905079e-13 1.097114375145533827e-14 1.542417199147691761e-12 1.435137097277614635e-13 1.667201934503226738e-12
3.000000000000000000e+00 7.618914255637291133e-12 1.819270936287044966e-13 2.569256708055863090e-14 2.177517962993883728e-16 1.869171184255973911e-17 9.570756533429890032e-12 7.399124645677925298e-13 7.319519855424469774e-15 7.244379377766994415e-16 1.759308521655731058e-11 1.232734368786087659e-13 1.309692664737779343e-14 1.903776428910090176e-12 1.719382531503685033e-13 2.021223288606618646e-12
4.000000000000000000e+00 8.415899076447926738e-12 1.892731398017330521e-13 2.655573169124096281e-14 2.382810846696943745e-16 2.044664307016926619e-17 9.862483972352636389e-12 7.639915918732662015e-13 7.983753745864479267e-15 7.859350099545911137e-16 1.817884495784358117e-11 1.343893251520883536e-13 1.418814971243401067e-14 2.081498358350305710e-12 1.865666153304504925e-13 2.205475910267526841e-12
5.000000000000000000e+00 8.917043978233113388e-12 1.942257907772876816e-13 2.695944065729515293e-14 2.503450536091921924e-16 2.153528930056538541e-17 1.001809862701323312e-11 7.741525152165934326e-13 8.354650692167470337e-15 8.222009080969621707e-16 1.836288179086648295e-11 1.404637530520581947e-13 1.481084083605070566e-14 2.175360674054799251e-12 1.948481319129563110e-13 2.308725945056553466e-12
6.000000000000000000e+00 9.222967920696070870e-12 1.983716377812015013e-13 2.708254448536582800e-14 2.584319626915972373e-16 2.229854948219076415e-17 1.012288401861191807e-11 7.760534055095311372e-13 8.586441794576686611e-15 8.463250801997721087e-16 1.832372451843772254e-11 1.441286942398529771e-13 1.520523749462035181e-14 2.227955857459444241e-12 1.999890824665667112e-13 2.370539024001273475e-12
7.000000000000000000e+00 9.396235966862496477e-12 2.023864218812825270e-13 2.699965453495063782e-14 2.645961621951648694e-16 2.289712741610406892e-17 1.021275619217743456e-11 7.720794972697166036e-13 8.749527116187697669e-15 8.643992323082815017e-16 1.813943096895019178e-11 1.465873954365567661e-13 1.548351339446655648e-14 2.259077191510150299e-12 2.034998051007958954e-13 2.409970937127871531e-12
8.000000000000000000e+00 9.479503330839188354e-12 2.065529316988325869e-13 2.675572390919722291e-14 2.698613574169799954e-16 2.341327129004359089e-17 1.030266201993579390e-11 7.636259821698952717e-13 8.878811170969761100e-15 8.794977410579668064e-16 1.785316868827271028e-11 1.484364678565944794e-13 1.570233893469427663e-14 2.278669935682452345e-12 2.061482087503154242e-13 2.436881164874101938e-12
9.000000000000000000e+00 9.502856913703616045e-12 2.109694505730579140e-13 2.638745670606416827e-14 2.747726855542378313e-16 2.389192758680837987e-17 1.039809000515859736e-11 7.517793526828433705e-13 8.992730282823999413e-15 8.932726727110188427e-16 1.749482320267180448e-11 1.499905502557794163e-13 1.589212850799483156e-14 2.292043055638884318e-12 2.083484267163739372e-13 2.456671479170407879e-12
1.000000000000000000e+01 9.487580933510353602e-12 2.156390777877331106e-13 2.592717140642479654e-14 2.796357529788354827e-16 2.435900184765219616e-17 1.049997372766707048e-11 7.374642537070927137e-13 9.101487641763930000e-15 9.066560747423275993e-16 1.708738375805180797e-11 1.514231113839258309e-13 1.606996522159923362e-14 2.302160080858297874e-12 2.103338897343059596e-13 2.472434904496632367e-12
1.100000000000000000e+01 9.448600469411895159e-12 2.205135267019824499e-13 2.540267817933768655e-14 2.846288744917940695e-16 2.483010363684013819e-17 1.060699281581905234e-11 7.214596571468452760e-13 9.210917002284266599e-15 9.201941256976091404e-16 1.664890773607838540e-11 1.528326133911987421e-13 1.624576761017582462e-14 2.310727205787483650e-12 2.122403997692354317e-13 2.486001844378211528e-12
1.200000000000000000e+01 9.396230055859338179e-12 2.255184791044685945e-13 2.483697773530447541e-14 2.898594447340521039e-16 2.531500282323515276e-17 1.071678478261810467e-11 7.044006698009150855e-13 9.324421186955843300e-15 9.342164729264476217e-16 1.619340877010714778e-11 1.542757490266784950e-13 1.642542311589868968e-14 2.318744738023518673e-12 2.141485572074549966e-13 2.498480743006144402e-12
1.300000000000000000e+01 9.337453907200464042e-12 2.305699873366697841e-13 2.424843149413027454e-14 2.953938828440081347e-16 2.582002136412831487e-17 1.082664210461259659e-11 6.867886664329709604e-13 9.444000518272812251e-15 9.489266384464558225e-16 1.573153314431201683e-11 1.557850935955614121e-13 1.661246585341472710e-14 2.326802084945304917e-12 2.161065806404945562e-13 2.510551943700812391e-12
1.400000000000000000e+01 9.276865291263903964e-12 2.355852758647832593e-13 2.365127757821654253e-14 3.012742962195011367e-16 2.634937613453834031e-17 1.093392346927563744e-11 6.690085094712874196e-13 9.570824260736365768e-15 9.644524538599625509e-16 1.527118099997236633e-11 1.573789225201317261e-13 1.680901547806052272e-14 2.335242798006226187e-12 2.181431295683070367e-13 2.522634369645013081e-12
1.500000000000000000e+01 9.217355328850174303e-12 2.404894396767533949e-13 2.305628669165151146e-14 3.075281127721365851e-16 2.690596376653067150e-17 1.103628482893777378e-11 6.513482903870968874e-13 9.705560348645591909e-15 9.808752752318080968e-16 1.481806847463127214e-11 1.590668814610744545e-13 1.701632261569299212e-14 2.344260397964023541e-12 2.202747825791200968e-13 2.534983566013138455e-12
1.600000000000000000e+01 9.160617651333751244e-12 2.452190592520509428e-13 2.247141959294848703e-14 3.141738200358725993e-16 2.749183626601113692e-17 1.113179097576941724e-11 6.340183681420198526e-13 9.848571439848851438e-15 9.982474607356966734e-16 1.437621182093515171e-11 1.608533610655396350e-13 1.723509589303814819e-14 2.353955712292490502e-12 2.225105380508168490e-13 2.547751178063876378e-12
1.700000000000000000e+01 9.107517448920690550e-12 2.497235978895509825e-13 2.190241699348121989e-14 3.212244654192170599e-16 2.810849863228829093e-17 1.121894891321491483e-11 6.171681204041458563e-13 1.000003420433603564e-14 1.016603115893808025e-15 1.394832706273836142e-11 1.627395526000160622e-13 1.746570321878111603e-14 2.364372016675730418e-12 2.248545949592718643e-13 2.561021986670794918e-12
1.800000000000000000e+01 9.058360242789872849e-12 2.539653160880181841e-13 2.135329723921778268e-14 3.286898276129023683e-16 2.875710026868690801e-17 1.129669280492233655e-11 6.008999098642459722e-13 1.016001312713685166e-14 1.035964849489889298e-15 1.353614991360417564e-11 1.647247213814730963e-13 1.770829829910997374e-14 2.375516976266168989e-12 2.273081081609657728e-13 2.574837474360398463e-12
1.900000000000000000e+01 9.013086254907616706e-12 2.579182857367051331e-13 2.082676083178774722e-14 3.365777786582680926e-16 2.943856082398976664e-17 1.136434174941211917e-11 5.852803438465624340e-13 1.032850666545995332e-14 1.056348095487132303e-15 1.314068636855756574e-11 1.668070044013824071e-13 1.796290143763630906e-14 2.387376532955687710e-12 2.298703150073101370e-13 2.589211086633094778e-12
2.000000000000000000e+01 8.971409516836405261e-12 2.615669332361215996e-13 2.032451149031630081e-14 3.448951427967466749e-16 3.015365422776417392e-17 1.142154491605138750e-11 5.703491551680941118e-13 1.050547626094517799e-14 1.077763910082424595e-15 1.276240600497143874e-11 1.689839126001019199e-13 1.822945169475355366e-14 2.399923774203686285e-12 2.325392672336845044e-13 2.604138251898272118e-12
2.100000000000000000e+01 8.932916014407314902e-12 2.649044056720776546e-13 1.984750697089993044e-14 3.536482373256256590e-16 3.090306523511171920e-17 1.146822343316342743e-11 5.561261039629091677e-13 1.069086455329366655e-14 1.100220789748106669e-15 1.240138944586411917e-11 1.712526469323702216e-13 1.850784072117263431e-14 2.413124621386363716e-12 2.353123098681676200e-13 2.619603026192026226e-12
2.200000000000000000e+01 8.897131613016121320e-12 2.679309471246432418e-13 1.939615288257140227e-14 3.628432099719183357e-16 3.168742733584738663e-17 1.150451466375033084e-11 5.426162861136498794e-13 1.088460671442550867e-14 1.123725845628279372e-15 1.205743991591806853e-11 1.736102956906403848e-13 1.879793464552013514e-14 2.426941475406105493e-12 2.381863951342634363e-13 2.635582526783076069e-12
2.300000000000000000e+01 8.863567855880873216e-12 2.706523936038954695e-13 1.897045127747730270e-14 3.724862447649699864e-16 3.250734763294158255e-17 1.153072190152631085e-11 5.298141849957362775e-13 1.108663736537469662e-14 1.148285544423886383e-15 1.173016706172890309e-11 1.760539555331913818e-13 1.909958804259809797e-14 2.441335537009077217e-12 2.411582871017114499e-13 2.652049896114685949e-12
2.400000000000000000e+01 8.831751720890814701e-12 2.730788409379085022e-13 1.857011387715592137e-14 3.825836821805526244e-16 3.336342231476182827e-17 1.154727080839199408e-11 5.177067452873589516e-13 1.129689464310742921e-14 1.173906149799523112e-15 1.141904955045802546e-11 1.785808032939008416e-13 1.941265256877512614e-14 2.456268261214526391e-12 2.442246930682888490e-13 2.668976277031131163e-12
2.500000000000000000e+01 8.801243892980279151e-12 2.752235047493375227e-13 1.819464790879389510e-14 3.931420828437471593e-16 3.425624512228787318e-17 1.155467285227517896e-11 5.062756924949844269e-13 1.151532242386219583e-14 1.200593951453273608e-15 1.112348153653616157e-11 1.811881360251577368e-13 1.973698195351839412e-14 2.471702243721263897e-12 2.473823452758133412e-13 2.686332116307940422e-12
2.600000000000000000e+01 8.771648942564665213e-12 2.771017702409826153e-13 1.784342086161630873e-14 4.041682535362865733e-16 3.518641045528741445e-17 1.155349539202996754e-11 4.954992741670883390e-13 1.174187135292443338e-14 1.228355339936872744e-15 1.084280692169937383e-11 1.838733906015689797e-13 2.007243446939377798e-14 2.487601734346867291e-12 2.506280486819308589e-13 2.704088008451428818e-12
2.700000000000000000e+01 8.742619912620855723e-12 2.787304175732286512e-13 1.751570908920682103e-14 4.156692474392741730e-16 3.615451229751977481e-17 1.154433774177021325e-11 4.853535595406167469e-13 1.197649910108572250e-14 1.257196767354606612e-15 1.057634441012953126e-11 1.866341502668630170e-13 2.041887364187367141e-14 2.503932906204040258e-12 2.539587054228855969e-13 2.722215223332650420e-12
2.800000000000000000e+01 8.713859144226144932e-12 2.801270028999479808e-13 1.721073406920654356e-14 4.276523461230921289e-16 3.716113986213704804e-17 1.152781242102666955e-11 4.758134030306374073e-13 1.221917011905417795e-14 1.287124623051254279e-15 1.032340564166884634e-11 1.894681429409127903e-13 2.077616772888228008e-14 2.520663965999052095e-12 2.573713232820532542e-13 2.740686016059463015e-12
2.900000000000000000e+01 8.685116663849452420e-12 2.813093733010583974e-13 1.692768925292578855e-14 4.401250279537674090e-16 3.820687069381890529e-17 1.150453078390615964e-11 4.668531524012793434e-13 1.246985506423044524e-14 1.318145046677755523e-15 1.008330813330114994e-11 1.923732344255965199e-13 2.114418835060786194e-14 2.537765162288250683e-12 2.608630132873777290e-13 2.759473787292880033e-12
3.000000000000000000e+01 8.656187077105613313e-12 2.822952943100202358e-13 1.666575975307406601e-14 4.530949258003610508e-16 3.929226186645984654e-17 1.147509226987156121e-11 4.584471634101328412e-13 1.272853001157981009e-14 1.350263696881546362e-15 9.855384337250587715e-12 1.953474185478701525e-13 2.152280855242125416e-14 2.555208729576798857e-12 2.644309800958356346e-13 2.778553141778205092e-12
3.100000000000000000e+01 8.626905632976688380e-12 2.831021704278897427e-13 1.642413658938586795e-14 4.665697758610616437e-16 4.041783985285114963e-17 1.144007659882048762e-11 4.505701680654542886e-13 1.299517552026724941e-14 1.383485491190820589e-15 9.638987803675046180e-12 1.983888055581081929e-13 2.191190051827547753e-14 2.572968793496080999e-12 2.680725078273492869e-13 2.797899878863777152e-12
3.200000000000000000e+01 8.597143916164954663e-12 2.837468412720231807e-13 1.620202680603294403e-14 4.805573588450399358e-16 4.158408959542412973e-17 1.140003832417903395e-11 4.431975324151653369e-13 1.326977560269072334e-14 1.417814330738607771e-15 9.433497193321811589e-12 2.014956096329453129e-13 2.231133310623297129e-14 2.591021253827405402e-12 2.717849433184530541e-13 2.817490939069628203e-12
3.300000000000000000e+01 8.566805475000147966e-12 2.842454384198652481e-13 1.599866046398736316e-14 4.950654344891587336e-16 4.279144326258322765e-17 1.135550324832669489e-11 4.363054312188928531e-13 1.355231662745946311e-14 1.453252821873785038e-15 9.238318702080923702e-12 2.046661360297806117e-13 2.272096934389096393e-14 2.609343656460057586e-12 2.755656782707228145e-13 2.837304323938982647e-12
3.400000000000000000e+01 8.535821584084975936e-12 2.846132903430477003e-13 1.581329527410311413e-14 5.101016703345632472e-16 4.404026912717427824e-17 1.130696628870305636e-11 4.298709603224221627e-13 1.384278617924463665e-14 1.489802005195252446e-15 9.052887320780458679e-12 2.078987682482409937e-13 2.314066399463175114e-14 2.627915061563081390e-12 2.794121314021828416e-13 2.857319001531750293e-12
3.500000000000000000e+01 8.504147263840122160e-12 2.848648649623850029e-13 1.564521945551959264e-14 5.256735657507510048e-16 4.533086094998202338e-17 1.125489045758299467e-11 4.238722025777564109e-13 1.414117189388381846e-14 1.527461101014980561e-15 8.876667248869482814e-12 2.111919554341592694e-13 2.357026128300513515e-14 2.646715912699935692e-12 2.833217314283983700e-13 2.877514806388136408e-12
3.600000000000000000e+01 8.471757625107105434e-12 2.850137412376449823e-13 1.549375326581135367e-14 5.417883723102764587e-16 4.666342819220403006e-17 1.119970668288422540e-11 4.182882593616584640e-13 1.444746028499256561e-14 1.566227278679766637e-15 8.709151701524113878e-12 2.145442001882637011e-13 2.400959284764386732e-14 2.665727909911492358e-12 2.872919014768200301e-13 2.897872340194711478e-12
3.700000000000000000e+01 8.438644569804852473e-12 2.850726028256896171e-13 1.535824954393057196e-14 5.584530117407852593e-16 4.803808731844954148e-17 1.114181425174518811e-11 4.130992568579195402e-13 1.476163557749482448e-14 1.606095455581978027e-15 8.549862289913787940e-12 2.179540468974201174e-13 2.445847597220420254e-14 2.684933888658197628e-12 2.913200453567137636e-13 2.918372877452222422e-12
3.800000000000000000e+01 8.404813853684409275e-12 2.850532482082830109e-13 1.523809352660581949e-14 5.756739927824952469e-16 4.945485438843713229e-17 1.108158170381676553e-11 4.082863340677377176e-13 1.508367856317676264e-14 1.647058130110205966e-15 8.398348109145762195e-12 2.214200706793001966e-13 2.491671212865423146e-14 2.704317705758195506e-12 2.954035359576637946e-13 2.938998278990542742e-12
3.900000000000000000e+01 8.370282501042873595e-12 2.849666128297246832e-13 1.513270213751513583e-14 5.934573283405154892e-16 5.091363907374873348e-17 1.101934803833170261e-11 4.038316178342127961e-13 1.541356549311835862e-14 1.689105251281585217e-15 8.254184634200613750e-12 2.249408670141399220e-13 2.538408585277299697e-14 2.723864132957628980e-12 2.995397059261339869e-13 2.959730915076361124e-12
4.000000000000000000e+01 8.335076551298329533e-12 2.848227997223827503e-13 1.504152290169601484e-14 6.118084543340002936e-16 5.241424017797724312e-17 1.095542412919272260e-11 3.997181888862489877e-13 1.575126702139031824e-14 1.732224126404111688e-15 8.116972498294157006e-12 2.285150421249696444e-13 2.586036395903574740e-14 2.743558758436416440e-12 3.037258406680672933e-13 2.980553599027088900e-12
4.100000000000000000e+01 8.299229111724919105e-12 2.846311158636662522e-13 1.496403260182638638e-14 6.307321516066298186e-16 5.395634268612970765e-17 1.089009426664490485e-11 3.959300419292202090e-13 1.609674721358729686e-14 1.776399366875273388e-15 7.986336208527036080e-12 2.321412041574141959e-13 2.634529509120644842e-14 2.763387896329757214e-12 3.079591736433613033e-13 3.001449531618676813e-12
4.200000000000000000e+01 8.262778688040579602e-12 2.844001121279179583e-13 1.489973576557217440e-14 6.502324721790080264e-16 5.553951632340975605e-17 1.082361776355965411e-11 3.924520420625497604e-13 1.644996263257068065e-14 1.821612871156350089e-15 7.861922838884751751e-12 2.358179552002667369e-13 2.683860959596498293e-14 2.783338504194465345e-12 3.122368838532210523e-13 3.022402256111027210e-12
4.300000000000000000e+01 8.225767763946273115e-12 2.841376251953840907e-13 1.484816305214148176e-14 6.703126710002851458e-16 5.716321556516149967e-17 1.075623057982242867e-11 3.892698792331090984e-13 1.681086151224746562e-14 1.867843843081487215e-15 7.743400729474654443e-12 2.395438841778037850e-13 2.734001969973151882e-14 2.803398108244676039e-12 3.165560953720546654e-13 3.043395623379026131e-12
4.400000000000000000e+01 8.188241601430019957e-12 2.838508201790279823e-13 1.480886958998860771e-14 6.909751442024732851e-16 5.882678100899262648e-17 1.068814693052456452e-11 3.863700219963892204e-13 1.717938302838688176e-14 1.915068842968183018e-15 7.630458212459566257e-12 2.433175606340228851e-13 2.784921996342861763e-14 2.823554736107509625e-12 3.209138787399731515e-13 3.064413766404021493e-12
4.500000000000000000e+01 8.150247235172155381e-12 2.835462330466120909e-13 1.478143330511255572e-14 7.122213746860309078e-16 6.052944199670507477e-17 1.061956085323327748e-11 3.837396715230433342e-13 1.755545667346243565e-14 1.963261868483484660e-15 7.522802378809388028e-12 2.471375294177969462e-13 2.836588798610880819e-14 2.843796856795561220e-12 3.253072540083817229e-13 3.085441083229010073e-12
4.600000000000000000e+01 8.111832636371409078e-12 2.832298121654935307e-13 1.476545326971728758e-14 7.340518856786652430e-16 6.227032035716379147e-17 1.055064771706973059e-11 3.813667165325319820e-13 1.793900174039852651e-14 2.012394461874295185e-15 7.420157895241361767e-12 2.510023062666451512e-13 2.888968532600456025e-14 2.864113327553406689e-12 3.297331952178773601e-13 3.106462227394314011e-12
4.700000000000000000e+01 8.073046023513322931e-12 2.829069584936385674e-13 1.476054809347632932e-14 7.564662027194020744e-16 6.404843513094103591e-17 1.048156566208691301e-11 3.792396896397956098e-13 1.832992691798591800e-14 2.062435839972382376e-15 7.322265877175260951e-12 2.549103742757724107e-13 2.942025860643920019e-14 2.884493347205701371e-12 3.341886360830293455e-13 3.127462104834798469e-12
4.800000000000000000e+01 8.033935299862678838e-12 2.825825640930142095e-13 1.476635437376892006e-14 7.794628243341105121e-16 6.586270813268972226e-17 1.041245696185308873e-11 3.773477254511533655e-13 1.872812999868663976e-14 2.113353043314793287e-15 7.228882820903158811e-12 2.588601812285989970e-13 2.995724077397541315e-14 2.904926415612867418e-12 3.386704766610259576e-13 3.148425876223430607e-12
4.900000000000000000e+01 7.994547599673722007e-12 2.822610487593406083e-13 1.478252521664690343e-14 8.030392014928008109e-16 6.771197020688192546e-17 1.034344930549305837e-11 3.756805206312644980e-13 1.913349769764017094e-14 2.165111100757009455e-15 7.139779596243195537e-12 2.628501377554656893e-13 3.050025247697635423e-14 2.925402298825230814e-12 3.431755907891375307e-13 3.169338963779254316e-12
5.000000000000000000e+01 7.954928927211215434e-12 2.819463946522386840e-13 1.480872883666170842e-14 8.271917257776339573e-16 6.959496803595332497e-17 1.027465699794434031e-11 3.742282960758265377e-13 1.954590557995668654e-14 2.217673206078571470e-15 7.054740499545749176e-12 2.668786162788228911e-13 3.104890353422797680e-14 2.945910999517227110e-12 3.477008340881341773e-13 3.190187061612588766e-12
5.100000000000000000e+01 7.915123874623746436e-12 2.816421788777765593e-13 1.484464724081132375e-14 8.519157260468794861e-16 7.151037136622562301e-17 1.020618207902995934e-11 3.729817612584851534e-13 1.996521809187186298e-14 2.271000903269572722e-15 6.973562365920284169e-12 2.709439506961272265e-13 3.160279446525069379e-14 2.966442732279248751e-12 3.522430523440085864e-13 3.210956148749858354e-12
5.200000000000000000e+01 7.875175406489810027e-12 2.813516040259234049e-13 1.488997499959239077e-14 8.772054732559510443e-16 7.345678052549817834e-17 1.013811536327873135e-11 3.719320807704013486e-13 2.039128869006090826e-14 2.325054277423375379e-15 6.896053738853698461e-12 2.750444367459743788e-13 3.216151805625973907e-14 2.986987903345391409e-12 3.567990900975614741e-13 3.231632504059241295e-12
5.300000000000000000e+01 7.835124700462026141e-12 2.810775267021916262e-13 1.494441810633769621e-14 9.030541929930638869e-16 7.543273411626292991e-17 1.007053740335365732e-11 3.710708430334240836e-13 2.082396006237454079e-14 2.379792148430712660e-15 6.822034094922578100e-12 2.791783329987173943e-13 3.272466093828994695e-14 3.007537094340571480e-12 3.613657992897560415e-13 3.252202722382221933e-12
5.400000000000000000e+01 7.795011034867482469e-12 2.808224841187669004e-13 1.500769292458769887e-14 9.294540852039171917e-16 7.743671677953236787e-17 1.000351938057026758e-11 3.703900311400027175e-13 2.126306443246163220e-14 2.435172264959455777e-15 6.751333121004071263e-12 2.833438624099063195e-13 3.329180515666672128e-14 3.028081049639526521e-12 3.659400478294963817e-13 3.272653731261239769e-12
5.500000000000000000e+01 7.754871715391944422e-12 2.805887188280902487e-13 1.507952522211437204e-14 9.563963505164727436e-16 7.946716693580800414e-17 9.937123926372769047e-12 3.698819957527098062e-13 2.170842394017424312e-14 2.491151496501547812e-15 6.683790041220726007e-12 2.875392143732683889e-13 3.386252971369400930e-14 3.048610666942777630e-12 3.705187279690795780e-13 3.292972807737683582e-12
5.600000000000000000e+01 7.714742034093076779e-12 2.803782016930971317e-13 1.515964928932928231e-14 9.838712225321527160e-16 8.152248442137015637e-17 9.871405878843478845e-12 3.695394299818378448e-13 2.215985108929251834e-14 2.547686021565009036e-15 6.619252990779635622e-12 2.917625472095257609e-13 3.443641206906899921e-14 3.069116990690255919e-12 3.750987643905786228e-13 3.313147594775216757e-12
5.700000000000000000e+01 7.674655254966133924e-12 2.801926531946312071e-13 1.524780713912145042e-14 1.011868005421957336e-15 8.360103794952510536e-17 9.806412978395166980e-12 3.693553461496933070e-13 2.261714925393978874e-14 2.604731510377196355e-15 6.557578433860423400e-12 2.960119910279675744e-13 3.501302958506510013e-14 3.089591207951340131e-12 3.796771219234626747e-13 3.333166116939503996e-12
5.800000000000000000e+01 7.634642621138242052e-12 2.800335631791772366e-13 1.534374778464944333e-14 1.040375116153395944e-15 8.570117233746758884e-17 9.742186506772189583e-12 3.693230543439312413e-13 2.308011323505954052e-14 2.662243300740468868e-15 6.498630622750850380e-12 3.002856508992365953e-13 3.559196090591301741e-14 3.110024646450086919e-12 3.842508128296707208e-13 3.353016795035877053e-12
5.900000000000000000e+01 7.594733379507471363e-12 2.799022091499308014e-13 1.544722659122880447e-14 1.069380130674713926e-15 8.782121544983324442e-17 9.678761873391556306e-12 3.694361426587660940e-13 2.354852985847264627e-14 2.720176565939046398e-15 6.442281095508188866e-12 3.045816102800968164e-13 3.617278726302167049e-14 3.130408774406073300e-12 3.888169036069428522e-13 3.372688459470748842e-12
6.000000000000000000e+01 7.554954819282993493e-12 2.797996732021064227e-13 1.555800469818666271e-14 1.098869833394750766e-15 8.995948481969711873e-17 9.616169152911019953e-12 3.696884590215355684e-13 2.402217860630014655e-14 2.778486473833645639e-15 6.388408209527917458e-12 3.088979346338720853e-13 3.675509369970298043e-14 3.150735201893719767e-12 3.933725212743937303e-13 3.392170362160312992e-12
6.100000000000000000e+01 7.515332321434938576e-12 2.797268576998643591e-13 1.567584850638289011e-14 1.128830269317978072e-15 9.211429391665524580e-17 9.554433577733888224e-12 3.700740945024121465e-13 2.450083227390357068e-14 2.837128336496942373e-15 6.336896708520534956e-12 3.132326751936613875e-13 3.733847021088655761e-14 3.170995683446243134e-12 3.979148591160810541e-13 3.411452186861393161e-12
6.200000000000000000e+01 7.475889416537132154e-12 2.796844997877680916e-13 1.580052922700472092e-14 1.159246798222985338e-15 9.428395803965608746e-17 9.493575988962412641e-12 3.705873680066414348e-13 2.498425764493719786e-14 2.896057749937235839e-15 6.287637320525777366e-12 3.175838728191935087e-13 3.792251279492951102e-14 3.191182121653670472e-12 4.024411818686744770e-13 3.430524057844102982e-12
6.300000000000000000e+01 7.436647848893467604e-12 2.796731848246160104e-13 1.593182248721629264e-14 1.190104150307260725e-15 9.646679981942354079e-17 9.433613249102286171e-12 3.712228122512575561e-13 2.547221617760696468e-14 2.955230723630095281e-15 6.240526384726585182e-12 3.219495619021919227e-13 3.850682441604877125e-14 3.211286571527535556e-12 4.069488303483009656e-13 3.449376546864733465e-12
6.400000000000000000e+01 7.397627645187061430e-12 2.796933588221060094e-13 1.606950798827542685e-14 1.221386482759983070e-15 9.866115432164504659e-17 9.374558619607736820e-12 3.719751609315156934e-13 2.596446469577094963e-14 3.014603799728685711e-15 6.195465504959686784e-12 3.263277742792556430e-13 3.909101587713444134e-14 3.231301245427708767e-12 4.114352255193415731e-13 3.468000678430341579e-12
6.500000000000000000e+01 7.358847186189175490e-12 2.797453399652647760e-13 1.621336921180636088e-14 1.253077436766368340e-15 1.008653737476117432e-16 9.316422106144117452e-12 3.728393369861054373e-13 2.646075607907967817e-14 3.074134161953822055e-15 6.152361227952424650e-12 3.307165431154435215e-13 3.967470660375275132e-14 3.251218518368788592e-12 4.158978720144171001e-13 3.486387933374143538e-12
6.600000000000000000e+01 7.320323280318396851e-12 2.798293292860857650e-13 1.636319317003078783e-14 1.285160194490683717e-15 1.030778317337422266e-16 9.259210774237833569e-12 3.738104418744038101e-13 2.696083994692931919e-14 3.133779734275862629e-15 6.111124744445338633e-12 3.351139067259000245e-13 4.025752534103034471e-14 3.271030933544666046e-12 4.203343611201543235e-13 3.504530250783623530e-12
6.700000000000000000e+01 7.282071238056288854e-12 2.799454205564546826e-13 1.651877019590372218e-14 1.317617535629365212e-15 1.052969272554417462e-16 9.202929037783189095e-12 3.748837457834629914e-13 2.746446333157455372e-14 3.193499269593780868e-15 6.071671611485239057e-12 3.395179123069211895e-13 4.083911076584034922e-14 3.290731207930004777e-12 4.247423732476695947e-13 3.522420028341734009e-12
6.800000000000000000e+01 7.244104946408563766e-12 2.800936094612871805e-13 1.667989376926736896e-14 1.350431893169858664e-15 1.075210881441047159e-16 9.147578922685142598e-12 3.760546786870080082e-13 2.797137133631130744e-14 3.253252428693362071e-15 6.033921494293493665e-12 3.439266195517679284e-13 4.141911201729917444e-14 3.310312237836258953e-12 4.291196799101212529e-13 3.540050121156009417e-12
6.900000000000000000e+01 7.206436942755797758e-12 2.802738021079057572e-13 1.684636037532149415e-14 1.383585408034174701e-15 1.097487742288164024e-16 9.093160307736424552e-12 3.773188221833567444e-13 2.848130777518558519e-14 3.312999849828492983e-15 5.997797926228366202e-12 3.483381041302662003e-13 4.199718914904558611e-14 3.329767104317586539e-12 4.334641452323007125e-13 3.557413839161473523e-12
7.000000000000000000e+01 7.169078487568321078e-12 2.804858229230760657e-13 1.701796939190585721e-14 1.417059982328111546e-15 1.119784801165110824e-16 9.039671144657866716e-12 3.786719020437955525e-13 2.899401579120632856e-14 3.372703209317901135e-15 5.963228085468168083e-12 3.527504610147451083e-13 4.257301350712486438e-14 3.349089078338333831e-12 4.377737270191173722e-13 3.574504943191205157e-12
7.100000000000000000e+01 7.132039635570227782e-12 2.807294219848222878e-13 1.719452300229648793e-14 1.450837330957246432e-15 1.142087376260564638e-16 8.987107659072468813e-12 3.801097814075209147e-13 2.950923845053496300e-14 3.432325273586522546e-15 5.930142587143706787e-12 3.571618076381511360e-13 4.314626803755388202e-14 3.368271625628907554e-12 4.420464774111184494e-13 3.591317639813838176e-12
7.200000000000000000e+01 7.095329305029743829e-12 2.810042818321458365e-13 1.737582613042829120e-14 1.484899031408748896e-15 1.164381178930134795e-16 8.935464534036151871e-12 3.816284545637031389e-13 3.002671931058571173e-14 3.491829943106898495e-15 5.898475289743883549e-12 3.615702868731975371e-13 4.371664752780923048e-14 3.387308411170505403e-12 4.462805431558991371e-13 3.607846575040363286e-12
7.300000000000000000e+01 7.058955344930957826e-12 2.813100237920964386e-13 1.756168639566849953e-14 1.519226571533650384e-15 1.186652331627222772e-16 8.884735077611785575e-12 3.832240412655709755e-13 3.054620296040100196e-14 3.551182288713316423e-15 5.868163114707580758e-12 3.659740698242023008e-13 4.428385878657519147e-14 3.406193303261716474e-12 4.504741655245558980e-13 3.624086827003902331e-12
7.400000000000000000e+01 7.022924599846337022e-12 2.816462138602543423e-13 1.775191408447706274e-14 1.553801395197204449e-15 1.208887382899383498e-16 8.834911375846749362e-12 3.848927815255698178e-13 3.106743553205980400e-14 3.610348580770864862e-15 5.839145878198277537e-12 3.703713584257766663e-13 4.484762076611788639e-14 3.424920377131142118e-12 4.546256799022137844e-13 3.640033897715760146e-12
7.500000000000000000e+01 6.987242972383383489e-12 2.820123681675906642e-13 1.794632213649757878e-14 1.588604945695354969e-15 1.231073319635323604e-16 8.785984432398173162e-12 3.866310308446371005e-13 3.159016518223661592e-14 3.669296311684377934e-15 5.811366134135330068e-12 3.747603878448065145e-13 4.540766463163052333e-14 3.443483918070203571e-12 4.587335150812393292e-13 3.655683703999409118e-12
7.600000000000000000e+01 6.951915483123290795e-12 2.824079580638471269e-13 1.814472614282554831e-14 1.623618706863041144e-15 1.253197576748205276e-16 8.737944295943130938e-12 3.884352558324387793e-13 3.211414254335353959e-14 3.727994212229582120e-15 5.784769027627935883e-12 3.791394286841903117e-13 4.596373378182822029e-14 3.461878424069159366e-12 4.627961922850625606e-13 3.671032567701439954e-12
7.700000000000000000e+01 6.916946328006027080e-12 2.828324148450034160e-13 1.834694435439681871e-14 1.658824241825152598e-15 1.275248044479407882e-16 8.690780176413026386e-12 3.903020301790013125e-13 3.263912114405849129e-14 3.786412262181283546e-15 5.759302158024630922e-12 3.835067889885863968e-13 4.651558382496924006e-14 3.480098607947120452e-12 4.668123239496382794e-13 3.686077205274924688e-12
7.800000000000000000e+01 6.882338933146408413e-12 2.832851341500677769e-13 1.855279769862755091e-14 1.694203229363445859e-15 1.297213073503748558e-16 8.644480551001654583e-12 3.922280309415737738e-13 3.316485779902066733e-14 3.844521695702330054e-15 5.734915450853016842e-12 3.878608160539905792e-13 4.706298251434865385e-14 3.498139398973607733e-12 4.707806122885167053e-13 3.700814716826525132e-12
7.900000000000000000e+01 6.848096007090079650e-12 2.837654800503075834e-13 1.876210980261725030e-14 1.729737497892760865e-15 1.319081478012660250e-16 8.599033260814235223e-12 3.942100351137405083e-13 3.369111296826136275e-14 3.902295001942848090e-15 5.711561037981801751e-12 3.921998980443140310e-13 4.760570964715815650e-14 3.515995943985047575e-12 4.746998476663219486e-13 3.715242574714048047e-12
8.000000000000000000e+01 6.814219590537896109e-12 2.842727888521206707e-13 1.897470702139678707e-14 1.765409057057530677e-15 1.340842536946204852e-16 8.554425598949656132e-12 3.962449164467915653e-13 3.421765108643544994e-14 3.959705921282672597e-15 5.689193145389963832e-12 3.965224654192925614e-13 4.814355693043475609e-14 3.533663608004565161e-12 4.785689068041623653e-13 3.729358611776186047e-12
8.100000000000000000e+01 6.780711103582983635e-12 2.848063726330118252e-13 1.919041846986474213e-14 1.801200126974976128e-15 1.362485993538385607e-16 8.510644390739551776e-12 3.983296424961423977e-13 3.474424086264832810e-14 4.016729437631496600e-15 5.667767987976887638e-12 4.008269921790274571e-13 4.867632781764041829e-14 3.551137974377598888e-12 4.823867508391768209e-13 3.743161009270964926e-12
8.200000000000000000e+01 6.747571390516937001e-12 2.853655225285732185e-13 1.940907605720638967e-14 1.837093165164730192e-15 1.384002053333141721e-16 8.467676066805366715e-12 4.004612718681908750e-13 3.527065555153769295e-14 4.073341767181606388e-15 5.647243670892237010e-12 4.051119969312705657e-13 4.920383731922302065e-14 3.568414844439364475e-12 4.861524232590670232e-13 3.756648284594252210e-12
8.300000000000000000e+01 6.714800762271194552e-12 2.859495117869476732e-13 1.963051452273109911e-14 1.873070891215945980e-15 1.405381380820886310e-16 8.425506729537402557e-12 4.026369516453906222e-13 3.579667319646919325e-14 4.129520343987457619e-15 5.627580096905887091e-12 4.093760437882120251e-13 4.972591179031554350e-14 3.585490236732999239e-12 4.898650477310837492e-13 3.769819278844238867e-12
8.400000000000000000e+01 6.682399036566671002e-12 2.865575986059698112e-13 1.985457147219485483e-14 1.909116309252568119e-15 1.426615094837628999e-16 8.384122213547839612e-12 4.048539149695491560e-13 3.632207684579426077e-14 4.185243802725334814e-15 5.608738879376472415e-12 4.136177431000490624e-13 5.024238869853236349e-14 3.602360385799446949e-12 4.935238258435896142e-13 3.782673144292628941e-12
8.500000000000000000e+01 6.650365575849984963e-12 2.871890287670272643e-13 2.008108741379667665e-14 1.945212728265317165e-15 1.447694762860743669e-16 8.343508140602389348e-12 4.071094787654013427e-13 3.684665474319717913e-14 4.240491958965013749e-15 5.590683260412289867e-12 4.178357520330024791e-13 5.075311637462668548e-14 3.619021740561898556e-12 4.971280347769588861e-13 3.795209331818128647e-12
8.600000000000000000e+01 6.618699323098158365e-12 2.878430380786279845e-13 2.030990579314919297e-14 1.981343780385379926e-15 1.468612394327391532e-16 8.303649969491879476e-12 4.094010415883874289e-13 3.737020049321981113e-14 4.295245787264184330e-15 5.573378033850651505e-12 4.220287749997247643e-13 5.125795374857919043e-14 3.635470962328868335e-12 5.006770249192770297e-13 3.807427578352713149e-12
8.700000000000000000e+01 6.587398835575799895e-12 2.885188546417130607e-13 2.054087302662674466e-14 2.017493437179835027e-15 1.489360433093609181e-16 8.264533041265908428e-12 4.117260815822920060e-13 3.789251320309762831e-14 4.349487397375406989e-15 5.556789472711525968e-12 4.261955639502273525e-13 5.175677007349895258e-14 3.651704922440813343e-12 5.041702174410208973e-13 3.819327894386459986e-12
8.800000000000000000e+01 6.556462316629972885e-12 2.892157009478902607e-13 2.077383853258795071e-14 2.053646024052678709e-15 1.509931749144177469e-16 8.226142620214518449e-12 4.140821545339728958e-13 3.841339760207177376e-14 4.403200008834858199e-15 5.540885260808707586e-12 4.303349185315402139e-13 5.224944463953396979e-14 3.667720699585770372e-12 5.076071018416830371e-13 3.830910551571964055e-12
8.900000000000000000e+01 6.525887645608162117e-12 2.899327958209864670e-13 2.100865476005536486e-14 2.089786232838075286e-15 1.530319629655673755e-16 8.188463930951549029e-12 4.164668920138499445e-13 3.893266413936080917e-14 4.456367924182272162e-15 5.525634428226780964e-12 4.344456861243461006e-13 5.273586647981251360e-14 3.683515576809653793e-12 5.109872334801292608e-13 3.842176070465076650e-12
9.000000000000000000e+01 6.495672405984110207e-12 2.906693562115970338e-13 2.124517721451187095e-14 2.125899132674202034e-15 1.550517769507599340e-16 8.151482191923096666e-12 4.188779995921255249e-13 3.945012906198259414e-14 4.508976501042104182e-15 5.511007290395318755e-12 4.385267617647695695e-13 5.321593407026529173e-14 3.699087038246810857e-12 5.143102310993663804e-13 3.853125208434479005e-12
9.100000000000000000e+01 6.465813911775315192e-12 2.914245988536674335e-13 2.148326448054346790e-14 2.161970179247006896e-15 1.570520261329260780e-16 8.115182645637701153e-12 4.213132551218988260e-13 3.996561447361559071e-14 4.561012123277614457e-15 5.496975390512850721e-12 4.425770879594099763e-13 5.368955502501789136e-14 3.714432765596174530e-12 5.175757743553404312e-13 3.863758947768683011e-12
9.200000000000000000e+01 6.436309232334349194e-12 2.921977417915510633e-13 2.172277824112044385e-14 2.197985222493354753e-15 1.590321585163118622e-16 8.079550585889870901e-12 4.237705070814075541e-13 4.047894837567789250e-14 4.612462171411751408e-15 5.483511445092631014e-12 4.465956544015448145e-13 5.415664578888881616e-14 3.729550634367856337e-12 5.207836013583923128e-13 3.874078484005459506e-12
9.300000000000000000e+01 6.407155215594168437e-12 2.929880057854394411e-13 2.196358329336497654e-14 2.233930512852587595e-15 1.609916597818690397e-16 8.044571382226051425e-12 4.262476729685972875e-13 4.098996469178506198e-14 4.663314992492067144e-15 5.470589292420041617e-12 4.505814975962453932e-13 5.461713132838252181e-14 3.744438709924422318e-12 5.239335062350652849e-13 3.884085214505177414e-12
9.400000000000000000e+01 6.378348509845420832e-12 2.937946156025720579e-13 2.220554756070261409e-14 2.269792706154471563e-15 1.629300521984787077e-16 8.010230501881493969e-12 4.287427377420924138e-13 4.149850327672446448e-14 4.713559869560866419e-15 5.458183843727889146e-12 4.545337004019180408e-13 5.507094482243084902e-14 3.759095243340336265e-12 5.270253367170797717e-13 3.893780727286456065e-12
9.500000000000000000e+01 6.349885584121317774e-12 2.946168012011695271e-13 2.244854210133932069e-14 2.305558867230041685e-15 1.648468935161871977e-16 7.976513529397656372e-12 4.312537523034245668e-13 4.200440991105555321e-14 4.763186990876838368e-15 5.446271036910794735e-12 4.584513914955358277e-13 5.551802735400753634e-14 3.773518667102194927e-12 5.300589917634864698e-13 3.903166790139543413e-12
9.600000000000000000e+01 6.321762747263021201e-12 2.954537988136199836e-13 2.269244111304395844e-14 2.341216472329924796e-15 1.667417758470700142e-16 7.943406184112578460e-12 4.337788320160741365e-13 4.250753628241289393e-14 4.812187419020291037e-15 5.434827792613759503e-12 4.623337447685528158e-13 5.595832760362006406e-14 3.787707590671496139e-12 5.330344192212456915e-13 3.912245340030194588e-12
9.700000000000000000e+01 6.293976165735849789e-12 2.963048519350539723e-13 2.293712193424969498e-14 2.376753410432517045e-15 1.686143245388069452e-16 7.910894335700922264e-12 4.363161552575062569e-13 4.300773995455277128e-14 4.860553060000854245e-15 5.423831972542529857e-12 4.661799786602048660e-13 5.639180154557151701e-14 3.801660795930595147e-12 5.359516135287832436e-13 3.921018472804279877e-12
9.800000000000000000e+01 6.266521880263818063e-12 2.971692122230895615e-13 2.318246504151725395e-14 2.412157983521907478e-15 1.704641970455554469e-16 7.878964017926032266e-12 4.388639620009392025e-13 4.350488432514663133e-14 4.908276632474175425e-15 5.413262339855074116e-12 4.699893554346048246e-13 5.681841214778123231e-14 3.815377232531581925e-12 5.388106134664316557e-13 3.929488433201164528e-12
9.900000000000000000e+01 6.239395821347312045e-12 2.980461403141890768e-13 2.342835404342731095e-14 2.447418905912693173e-15 1.722910818002413408e-16 7.847601440753182831e-12 4.414205524240748133e-13 4.399883857328320233e-14 4.955351637162551780e-15 5.403098521504030018e-12 4.737611804077272470e-13 5.723812907585586127e-14 3.828856013166648226e-12 5.416114999570684063e-13 3.937657605181799270e-12
1.000000000000000000e+02 6.212593823725893938e-12 2.989349065617692645e-13 2.367467567099128020e-14 2.482525302696028571e-15 1.740946970919551908e-16 7.816793000961289260e-12 4.439842855424607161e-13 4.448947759760104334e-14 5.001772326563854816e-15 5.393320972409893577e-12 4.774948011300802408e-13 5.765092840201481001e-14 3.842096408777538918e-12 5.443543939197208714e-13 3.945528502575662303e-12
