R	Gamma	E
1.00	0	-112.827547303313
1.00	30	-116.071113402871
1.00	40	-116.325496004842
1.00	50	-116.402450233829
1.00	60	-116.500150971849
1.00	70	-116.572320988387
1.00	80	-116.604612382847
1.00	90	-116.601117081535
1.00	100	-116.544872536852
1.00	110	-116.503756118442
1.00	120	-116.426651366423
1.00	130	-116.379448789861
1.00	140	-116.272207152495
1.00	150	-115.874733488721
1.00	160	-114.557820313577
1.10	0	-109.321830938515
1.10	30	-116.137363802335
1.10	40	-116.418431973881
1.10	50	-116.508674466454
1.10	60	-116.558187723745
1.10	70	-116.628531407133
1.10	80	-116.658695117942
1.10	90	-116.653365777999
1.10	110	-116.570586656316
1.10	120	-116.497695159974
1.10	130	-116.465040889458
1.10	140	-116.373799854597
1.10	150	-115.954118890967
1.10	160	-114.272169884527
1.10	170	-107.763328728923
1.10	180	-94.51636777171
1.20	30	-116.211123650515
1.20	40	-116.500769422258
1.20	50	-116.575977522323
1.20	60	-116.613097581533
1.20	70	-116.679213203082
1.20	80	-116.707117234254
1.20	90	-116.702320740586
1.20	100	-116.673162503437
1.20	110	-116.634930520174
1.20	120	-116.568735518416
1.20	130	-116.538203737952
1.20	140	-116.464999010151
1.20	150	-116.06924415225
1.20	160	-114.265150694027
1.20	170	-105.16456281391
1.30	10	-107.626024183297
1.30	20	-114.930294491979
1.30	30	-116.298961915918
1.30	40	-116.572476368648
1.30	50	-116.633698595176
1.30	60	-116.66625221982
1.30	70	-116.726176004724
1.30	80	-116.751848222112
1.30	90	-116.750860979152
1.30	100	-116.731949897304
1.30	110	-116.696204902827
1.30	120	-116.635838201739
1.30	130	-116.599465309979
1.30	140	-116.543198252866
1.30	150	-116.207656569954
1.30	160	-114.585802663419
1.30	170	-106.054993305831
1.40	10	-107.360793845399
1.40	20	-115.10794546035
1.40	30	-116.397176559377
1.40	40	-116.632645994149
1.40	50	-116.682025077272
1.40	60	-116.715495140859
1.40	70	-116.768768689045
1.40	80	-116.792352844806
1.40	90	-116.794679238638
1.40	100	-116.780735369703
1.40	110	-116.749586655663
1.40	120	-116.695691460366
1.40	130	-116.614461143831
1.40	140	-116.60671536291
1.40	150	-116.345769131289
1.40	160	-115.088359266692
1.40	170	-109.359629864603
1.40	180	-95.496217167244
1.50	10	-109.571746551697
1.50	20	-115.444111067319
1.50	30	-116.494935235443
1.50	40	-116.681059132288
1.50	60	-116.759009327567
1.50	70	-116.805796846714
1.50	80	-116.82679035797
1.50	90	-116.830293898966
1.50	100	-116.819638728854
1.50	110	-116.793452947583
1.50	120	-116.746547483969
1.50	130	-116.672873774792
1.50	140	-116.655815965322
1.50	150	-116.463305421798
1.50	160	-115.582670138788
1.50	170	-112.325037310357
1.50	180	-107.613382828591
1.60	0	-105.133241317346
1.60	10	-112.206983049391
1.60	20	-115.819822402684
1.60	30	-116.580934733475
1.60	40	-116.718505753017
1.60	60	-116.79602778178
1.60	70	-116.836380314462
1.60	80	-116.854530433047
1.60	90	-116.858198257186
1.60	100	-116.849989152222
1.60	110	-116.8285010053
1.60	120	-116.788461850552
1.60	130	-116.721965157594
1.60	140	-116.692652899494
1.60	150	-116.551001511789
1.60	160	-115.963536062464
1.60	170	-114.163635153408
1.60	180	-112.242214757543
1.70	0	-111.387527832223
1.70	10	-114.124010882403
1.70	20	-116.143743974867
1.70	30	-116.648473717461
1.70	40	-116.74671010174
1.70	50	-116.765699017827
1.70	60	-116.826783176895
1.70	70	-116.860953780667
1.70	80	-116.876304905551
1.70	90	-116.879717756159
1.70	100	-116.873374262943
1.70	110	-116.855949752608
1.70	120	-116.822339806769
1.70	130	-116.763927004343
1.70	140	-116.720254608411
1.70	150	-116.609682481074
1.70	160	-116.213116224227
1.70	170	-115.179798114693
1.70	180	-114.258807174414
1.80	0	-114.129730146741
1.80	10	-115.296596765999
1.80	20	-116.381105820185
1.80	30	-116.696356708836
1.80	40	-116.767713655155
1.80	50	-116.798437377183
1.80	60	-116.851834935949
1.80	70	-116.88018693423
1.80	80	-116.892942404412
1.80	90	-116.895937651743
1.80	100	-116.891031334182
1.80	110	-116.877018358986
1.80	120	-116.849254636752
1.80	130	-116.798970764045
1.80	140	-116.741707411231
1.80	150	-116.646143562555
1.80	160	-116.356302760445
1.80	170	-115.690883617051
1.80	180	-115.143552571438
1.90	0	-115.435104109371
1.90	10	-115.963900931129
1.90	20	-116.535749717501
1.90	30	-116.727439477362
1.90	50	-116.825808723102
1.90	60	-116.871656720586
1.90	70	-116.895024674665
1.90	80	-116.905500504412
1.90	90	-116.908057918173
1.90	100	-116.904274416502
1.90	110	-116.893099567362
1.90	120	-116.870521226493
1.90	130	-116.827946473822
1.90	140	-116.748587623164
1.90	160	-116.428440778416
1.90	170	-115.91150353591
1.90	180	-115.440197874892
2.00	0	-116.077059175791
2.00	10	-116.326494916561
2.00	20	-116.626710840181
2.00	30	-116.746696508669
2.00	40	-116.782505187603
2.00	50	-116.848494272588
2.00	60	-116.887204524532
2.00	70	-116.906390507933
2.00	80	-116.914913716407
2.00	90	-116.917056311506
2.00	100	-116.914148050581
2.00	110	-116.90530149083
2.00	120	-116.887104644431
2.00	130	-116.851677795233
2.00	140	-116.782577051234
2.00	150	-116.686568124708
2.00	160	-116.461598737942
2.00	170	-115.970654882329
2.00	180	-115.313306406603
2.10	0	-116.39252877843
2.10	10	-116.513754682266
2.10	20	-116.674750668731
2.10	30	-116.75921388045
2.10	40	-116.808890569235
2.10	50	-116.867337294553
2.10	60	-116.899397244024
2.10	70	-116.915040521192
2.10	80	-116.921921676219
2.10	90	-116.923692870766
2.10	100	-116.921466511879
2.10	110	-116.914509208743
2.10	120	-116.899965209461
2.10	130	-116.870985007576
2.10	140	-116.811927473796
2.10	150	-116.703699752686
2.10	160	-116.41579680183
2.10	170	-115.949598370116
2.10	180	-114.613297251727
2.20	0	-116.541160828531
2.20	10	-116.6027420514
2.20	30	-116.751453840515
2.20	40	-116.832303502307
2.20	50	-116.88270107015
2.20	60	-116.908931664132
2.20	70	-116.921590378842
2.20	80	-116.927109233809
2.20	90	-116.928558114199
2.20	100	-116.926861881269
2.20	110	-116.921423832767
2.20	120	-116.909897985785
2.20	130	-116.886565084285
2.20	140	-116.837201378664
2.20	150	-116.726784635867
2.20	170	-115.950720741044
2.20	180	-112.099755397609
2.30	0	-116.603459133601
2.30	10	-116.58899120712
2.30	30	-116.780823210234
2.30	40	-116.852592856057
2.30	50	-116.89496995352
2.30	60	-116.916358964898
2.30	70	-116.926529359468
2.30	80	-116.930928590912
2.30	90	-116.932103399721
2.30	100	-116.930817868782
2.30	110	-116.926592127431
2.30	120	-116.917528792199
2.30	130	-116.898918392396
2.30	140	-116.85850807904
2.30	150	-116.764944017176
2.30	160	-116.552551691704
2.30	170	-116.006599122652
2.40	0	-116.6217601828
2.40	10	-116.646556680172
2.40	20	-116.718750024526
2.40	30	-116.80834585708
2.40	40	-116.870062571322
2.40	50	-116.904818656511
2.40	60	-116.922121570502
2.40	70	-116.930238744031
2.40	80	-116.933724887919
2.40	90	-116.934670102335
2.40	100	-116.933701114043
2.40	110	-116.930436467457
2.40	120	-116.923360029076
2.40	130	-116.908661877388
2.40	140	-116.876227328095
2.40	150	-116.798901591502
2.40	160	-116.617361942773
2.40	170	-116.123632672511
2.50	0	-116.647935090358
2.50	20	-116.756026585893
2.50	30	-116.83296599124
2.50	40	-116.884648925883
2.50	50	-116.91270239239
2.50	60	-116.926575193336
2.50	70	-116.933012997411
2.50	80	-116.935759750215
2.50	90	-116.936514988752
2.50	100	-116.935788434363
2.50	110	-116.933280554837
2.50	120	-116.927792726386
2.50	130	-116.916294702115
2.50	140	-116.890623481229
2.50	150	-116.828071596098
2.50	160	-116.677842566717
2.50	170	-116.277840823835
2.50	180	-113.411080075115
2.60	0	-116.695841529375
2.60	20	-116.789949710902
2.60	30	-116.854393685923
2.60	40	-116.896465584106
2.60	50	-116.918975274635
2.60	60	-116.930004008941
2.60	70	-116.935078481409
2.60	80	-116.937230769807
2.60	90	-116.937830421603
2.60	100	-116.93728832673
2.60	110	-116.935372152762
2.60	120	-116.931144301401
2.60	130	-116.922228475911
2.60	140	-116.902133943193
2.60	150	-116.852551268816
2.60	160	-116.731463725178
2.60	170	-116.430250736948
2.60	180	-115.405435581128
2.70	0	-116.731889196688
2.70	10	-116.759270246377
2.70	20	-116.819986798372
2.70	30	-116.872722972433
2.70	40	-116.906052067871
2.70	50	-116.923933200883
2.70	60	-116.932633402378
2.70	70	-116.936608880139
2.70	80	-116.938286487521
2.70	90	-116.938759867977
2.70	100	-116.938357160095
2.70	110	-116.936900415889
2.70	120	-116.933664201668
2.70	130	-116.926807624861
2.70	140	-116.91125272432
2.70	150	-116.872565155421
2.70	160	-116.777162951462
2.70	170	-116.558502497399
2.70	180	-116.121919825683
2.80	0	-116.758859107524
2.80	10	-116.796575354322
2.80	20	-116.845873324393
2.80	30	-116.887578788371
2.80	40	-116.913764583625
2.80	50	-116.927827052214
2.80	60	-116.934641075135
2.80	70	-116.937736954319
2.80	80	-116.939038056608
2.80	90	-116.939409739052
2.80	100	-116.939111659583
2.80	110	-116.938009286577
2.80	120	-116.935547269884
2.80	130	-116.930316506866
2.80	140	-116.918399366045
2.80	150	-116.888584572392
2.80	160	-116.814971593448
2.80	170	-116.658298446812
2.80	180	-116.447467581636
2.90	0	-116.779066919458
2.90	10	-116.829595312469
2.90	20	-116.867535198433
2.90	30	-116.899518332125
2.90	40	-116.919905296531
2.90	50	-116.930866762965
2.90	60	-116.936166951688
2.90	70	-116.938563825605
2.90	80	-116.939568163514
2.90	90	-116.939858479113
2.90	100	-116.939638409345
2.90	110	-116.938807314799
2.90	120	-116.936945265508
2.90	130	-116.93298619979
2.90	140	-116.923944511526
2.90	150	-116.901244437896
2.90	160	-116.845312194016
2.90	170	-116.733550574697
2.90	180	-116.620068810225
3.00	0	-116.842216037647
3.00	10	-116.856756661706
3.00	20	-116.884679774463
3.00	30	-116.909032551952
3.00	40	-116.924747363732
3.00	50	-116.933225396156
3.00	60	-116.937320826252
3.00	70	-116.939166157918
3.00	80	-116.939937971283
3.00	90	-116.940163536048
3.00	100	-116.940001241861
3.00	110	-116.939376556057
3.00	120	-116.937975786017
3.00	130	-116.935002399993
3.00	140	-116.928207057289
3.00	150	-116.911116651377
3.00	160	-116.869193693879
3.00	170	-116.789493743023
3.00	180	-116.722701606313
3.10	0	-116.867635079424
3.10	10	-116.877679518467
3.10	20	-116.898128436503
3.10	30	-116.916522477431
3.10	40	-116.928533239395
3.10	50	-116.9350444406
3.10	60	-116.938188757895
3.10	70	-116.939601864545
3.10	80	-116.94019242156
3.10	90	-116.940366691965
3.10	100	-116.940246898578
3.10	110	-116.939778369262
3.10	120	-116.938729639136
3.10	130	-116.936513381245
3.10	140	-116.93145437707
3.10	150	-116.91872199654
3.10	160	-116.887682019238
3.10	170	-116.83091812819
3.10	180	-116.788928905264
3.20	0	-116.886504796446
3.20	10	-116.893600964135
3.20	20	-116.908565139839
3.20	30	-116.922355014392
3.20	40	-116.931470699991
3.20	50	-116.936438604778
3.20	60	-116.938837900991
3.20	70	-116.93991446832
3.20	80	-116.940364348101
3.20	90	-116.94049810649
3.20	100	-116.940409399427
3.20	110	-116.940058440242
3.20	120	-116.939276495285
3.20	130	-116.93763660452
3.20	140	-116.933906148194
3.20	150	-116.924516177374
3.20	160	-116.901782130022
3.20	170	-116.86148591786
3.20	180	-116.833960898298
3.30	0	-116.90058388216
3.30	10	-116.905646394324
3.30	20	-116.916576825662
3.30	30	-116.926856565159
3.30	40	-116.933733594993
3.30	50	-116.937500459943
3.30	60	-116.939320499069
3.30	70	-116.940136525562
3.30	80	-116.940477570752
3.30	90	-116.940579385988
3.30	100	-116.940513329322
3.30	110	-116.940250584616
3.30	120	-116.939669535747
3.30	130	-116.938464578842
3.30	140	-116.935740547202
3.30	150	-116.928884758349
3.30	160	-116.91239921296
3.30	170	-116.883930483849
3.30	180	-116.865459105174
3.40	0	-116.911070976132
3.40	10	-116.914700756211
3.40	20	-116.922674607462
3.40	30	-116.930304698036
3.40	40	-116.935464776225
3.40	50	-116.938304099191
3.40	60	-116.939676926403
3.40	70	-116.940292237509
3.40	80	-116.940549256306
3.40	90	-116.940625901092
3.40	100	-116.940576324507
3.40	110	-116.940379652422
3.40	120	-116.939949044371
3.40	130	-116.93906949858
3.40	140	-116.937100244402
3.40	150	-116.932145587141
3.40	160	-116.920304337621
3.40	170	-116.900302355155
3.40	180	-116.887770977978
3.50	0	-116.918862208999
3.50	10	-116.921473162769
3.50	20	-116.927285419673
3.50	30	-116.932928249219
3.50	40	-116.936780356345
3.50	50	-116.938908462712
3.50	60	-116.939938220232
3.50	70	-116.940399503176
3.50	80	-116.940591711763
3.50	90	-116.940648533832
3.50	100	-116.940610956003
3.50	110	-116.940463768835
3.50	120	-116.940145331139
3.50	130	-116.939507289605
3.50	140	-116.938098386633
3.50	150	-116.934555718288
3.50	160	-116.926129068901
3.50	170	-116.912153551277
3.50	180	-116.903624079083
3.60	0	-116.924637433072
3.60	10	-116.926519625604
3.60	20	-116.930752947295
3.60	30	-116.934911960955
3.60	40	-116.937773622448
3.60	50	-116.939360000941
3.60	60	-116.940128051546
3.60	70	-116.940471484897
3.60	80	-116.940613738273
3.60	90	-116.940654974581
3.60	100	-116.940626142733
3.60	110	-116.940516054319
3.60	120	-116.94028101222
3.60	130	-116.93982084198
3.60	140	-116.938823697943
3.60	150	-116.936319492472
3.60	160	-116.930378245238
3.60	170	-116.920669544438
3.60	180	-116.914862640801
3.70	0	-116.928909324052
3.70	10	-116.930267891107
3.70	20	-116.93334796652
3.70	30	-116.936403039016
3.70	40	-116.938518834551
3.70	50	-116.939695045385
3.70	60	-116.940264379207
3.70	70	-116.94051783732
3.70	80	-116.940621629586
3.70	90	-116.940650657607
3.70	100	-116.9406281987
3.70	110	-116.940545951066
3.70	120	-116.940372833813
3.70	130	-116.940042783978
3.70	140	-116.939345081366
3.70	150	-116.937597161597
3.70	160	-116.93344842424
3.70	170	-116.926747185454
3.70	180	-116.922798370172
3.80	0	-116.932062128645
3.80	10	-116.933043118654
3.80	20	-116.935280922805
3.80	30	-116.937517436552
3.80	40	-116.939074452112
3.80	50	-116.939941745481
3.80	60	-116.940360746819
3.80	70	-116.940545644275
3.80	80	-116.94061990048
3.80	90	-116.940639429965
3.80	100	-116.940621602355
3.80	110	-116.940560236189
3.80	120	-116.940433099021
3.80	130	-116.940197692674
3.80	140	-116.939715468477
3.80	150	-116.938512780497
3.80	160	-116.935645892408
3.80	170	-116.931052953706
3.80	180	-116.928377035974
3.90	0	-116.934383123331
3.90	10	-116.93509124212
3.90	20	-116.936714138349
3.90	30	-116.938345682087
3.90	40	-116.939486074473
3.90	50	-116.940121740899
3.90	60	-116.940427342115
3.90	70	-116.940560123554
3.90	80	-116.940611797912
3.90	90	-116.940624004656
3.90	100	-116.940609526523
3.90	110	-116.940563778551
3.90	120	-116.940470793983
3.90	130	-116.940303918273
3.90	140	-116.93997513052
3.90	150	-116.939161316416
3.90	160	-116.937203831296
3.90	170	-116.934080116386
3.90	180	-116.932276079327
4.00	0	-116.936086942651
4.00	10	-116.936597576975
4.00	20	-116.937771967028
4.00	30	-116.93895786931
4.00	40	-116.939788946669
4.00	50	-116.940251560407
4.00	60	-116.940471832805
4.00	70	-116.940565134075
4.00	80	-116.940599655101
4.00	90	-116.940606276311
4.00	100	-116.940594209526
4.00	110	-116.940560085466
4.00	120	-116.940492459335
4.00	130	-116.940375045934
4.00	140	-116.94015439819
4.00	150	-116.939614693815
4.00	160	-116.938297311652
4.00	170	-116.936191602048
4.00	180	-116.934983119833
4.10	0	-116.937333868899
4.10	10	-116.937701500574
4.10	20	-116.938549166731
4.10	30	-116.939407801489
4.10	40	-116.940010070178
4.10	50	-116.940343757358
4.10	60	-116.940499991148
4.10	70	-116.94056353863
4.10	80	-116.940585134703
4.10	90	-116.940587542921
4.10	100	-116.940577213458
4.10	110	-116.940551682011
4.10	120	-116.940502846715
4.10	130	-116.940421047867
4.10	140	-116.940275862522
4.10	150	-116.939926817147
4.10	160	-116.939056259191
4.10	170	-116.937652173026
4.10	180	-116.93684892938
4.20	0	-116.938243462137
4.20	10	-116.93850753837
4.20	20	-116.939117518567
4.20	30	-116.939736485157
4.20	40	-116.940169975506
4.20	50	-116.940407842008
4.20	60	-116.940516180801
4.20	70	-116.940557457376
4.20	80	-116.940569401725
4.20	90	-116.940568664258
4.20	100	-116.940559599135
4.20	110	-116.940540382404
4.20	120	-116.940505410514
4.20	130	-116.940449196566
4.20	140	-116.940356153773
4.20	150	-116.940137734211
4.20	160	-116.939576077554
4.20	170	-116.938652993542
4.20	180	-116.938124379258
4.30	0	-116.938904700551
4.30	10	-116.939093799429
4.30	20	-116.939531099513
4.30	30	-116.939974916091
4.30	40	-116.940284179274
4.30	50	-116.940451008001
4.30	60	-116.940523701108
4.30	70	-116.940548450497
4.30	80	-116.940553253004
4.30	90	-116.940550189012
4.30	100	-116.94054206597
4.30	110	-116.940527473901
4.30	120	-116.940502662197
4.30	130	-116.940464769388
4.30	140	-116.940407383514
4.30	150	-116.940276925298
4.30	160	-116.939926231637
4.30	170	-116.939330895131
4.30	180	-116.938987616249
4.40	0	-116.939383556898
4.40	10	-116.939518394469
4.40	20	-116.939830372977
4.40	30	-116.940146378683
4.40	40	-116.940364363114
4.40	50	-116.940478700555
4.40	60	-116.940525039448
4.40	70	-116.940537645897
4.40	80	-116.940537217965
4.40	90	-116.940532449098
4.40	100	-116.940525049617
4.40	110	-116.94051385072
4.40	120	-116.940496426504
4.40	130	-116.940471580183
4.40	140	-116.940438288187
4.40	150	-116.940365907659
4.40	160	-116.940156963303
4.40	170	-116.939783216937
4.40	180	-116.939564428695
4.50	0	-116.939728733216
4.50	10	-116.939824321664
4.50	20	-116.940045419423
4.50	30	-116.940268253112
4.50	40	-116.940419308385
4.50	50	-116.940495035607
4.50	60	-116.940522060068
4.50	70	-116.940525847549
4.50	80	-116.940521634098
4.50	90	-116.940515636065
4.50	100	-116.94050881204
4.50	110	-116.940500117334
4.50	120	-116.940488018112
4.50	130	-116.940472380188
4.50	140	-116.940455124098
4.50	150	-116.940420220633
4.50	160	-116.940304475831
4.50	170	-116.940078893938
4.50	180	-116.939943264195
4.60	0	-116.939976040693
4.60	10	-116.940043265047
4.60	20	-116.940198506129
4.60	30	-116.940353489908
4.60	40	-116.940455611174
4.60	50	-116.940503121134
4.60	60	-116.940516144257
4.60	70	-116.940513614887
4.60	80	-116.940506708526
4.60	90	-116.940499848029
4.60	100	-116.940493494012
4.60	110	-116.940486662375
4.60	120	-116.940478373697
4.60	130	-116.940469148133
4.60	140	-116.940462350864
4.60	150	-116.940450955852
4.60	160	-116.94039478342
4.60	170	-116.940266654239
4.60	180	-116.940186102512
4.70	0	-116.940151743166
4.70	10	-116.940198493958
4.70	20	-116.940306062062
4.70	30	-116.940411723515
4.70	40	-116.940478226018
4.70	50	-116.940505296506
4.70	60	-116.940508304246
4.70	70	-116.940501329802
4.70	80	-116.940492561338
4.70	90	-116.940485125931
4.70	100	-116.940479163319
4.70	110	-116.940473725206
4.70	120	-116.940468145606
4.70	130	-116.940463305586
4.70	140	-116.940463132918
4.70	150	-116.940465919896
4.70	160	-116.940446468358
4.70	170	-116.940380919929
4.70	180	-116.940336315061
4.80	0	-116.940275089571
4.80	10	-116.940307095066
4.80	20	-116.940380214915
4.80	30	-116.940450136333
4.80	40	-116.940490877029
4.80	50	-116.940503308949
4.80	60	-116.940499271243
4.80	70	-116.9404892499
4.80	80	-116.940479253914
4.80	90	-116.940471473049
4.80	100	-116.940465837859
4.80	110	-116.940461442583
4.80	120	-116.940457776384
4.80	130	-116.940455866843
4.80	140	-116.940459709818
4.80	150	-116.94047054292
4.80	160	-116.94047266966
4.80	170	-116.940445969478
4.80	180	-116.940424265622
4.90	0	-116.940360208747
4.90	10	-116.940381624966
4.90	20	-116.940429931832
4.90	30	-116.940474080844
4.90	40	-116.940496355193
4.90	50	-116.940498455835
4.90	60	-116.940489570005
4.90	70	-116.940477544616
4.90	80	-116.940466811121
4.90	90	-116.940458866704
4.90	100	-116.940453507047
4.90	110	-116.940449883086
4.90	120	-116.940447558002
4.90	130	-116.940447549332
4.90	140	-116.940453652304
4.90	150	-116.940468558206
4.90	160	-116.940482521024
4.90	170	-116.940478822713
4.90	180	-116.940471185106
5.00	0	-116.940417497692
5.00	10	-116.940431339252
5.00	20	-116.940461856691
5.00	30	-116.940487551857
5.00	40	-116.94049674692
5.00	50	-116.940491693457
5.00	60	-116.940479574928
5.00	70	-116.940466324971
5.00	80	-116.940455228783
5.00	90	-116.940447266298
5.00	100	-116.940442137019
5.00	110	-116.940439072267
5.00	120	-116.940437671544
5.00	130	-116.940438849871
5.00	140	-116.940446052392
5.00	150	-116.940462521171
5.00	160	-116.940482227426
5.00	170	-116.940491253759
5.00	180	-116.940491805486
5.10	0	-116.94045461839
5.10	10	-116.94046306974
5.10	20	-116.940480912504
5.10	30	-116.940493523126
5.10	40	-116.940493602762
5.10	50	-116.940483718118
5.10	60	-116.940469549679
5.10	70	-116.940455659432
5.10	80	-116.940444486408
5.10	90	-116.940436616319
5.10	100	-116.940431684066
5.10	110	-116.940429009849
5.10	120	-116.940428226441
5.10	130	-116.940430106187
5.10	140	-116.940437659513
5.10	150	-116.94045416401
5.10	160	-116.940475903839
5.10	170	-116.940491235349
5.10	180	-116.940496180687
5.20	0	-116.940477218296
5.20	10	-116.940481857085
5.20	20	-116.940490745475
5.20	30	-116.940494202278
5.20	40	-116.940488066259
5.20	50	-116.940475034507
5.20	60	-116.940459683271
5.20	70	-116.94044558598
5.20	80	-116.940434547813
5.20	90	-116.940426853807
5.20	100	-116.94042209196
5.20	110	-116.940419677111
5.20	120	-116.940419285125
5.20	130	-116.940421536736
5.20	140	-116.940428976788
5.20	150	-116.940444642937
5.20	160	-116.940466227754
5.20	170	-116.940484009912
5.20	180	-116.940490998613
5.30	0	-116.940489446677
5.30	10	-116.940491411089
5.30	20	-116.940494045708
5.30	30	-116.940491220548
5.30	40	-116.940480970985
5.30	50	-116.940466007831
5.30	60	-116.940450104834
5.30	70	-116.940436118863
5.30	80	-116.940425367314
5.30	90	-116.940417907297
5.30	100	-116.940413300164
5.30	110	-116.94041104648
5.30	120	-116.940410876161
5.30	130	-116.940413277413
5.30	140	-116.940420332921
5.30	150	-116.940434709867
5.30	160	-116.940454919843
5.30	170	-116.940472926873
5.30	180	-116.940480571652
5.40	0	-116.940494340928
5.40	10	-116.940494451732
5.40	20	-116.940492794918
5.40	30	-116.940485770843
5.40	40	-116.940472918829
5.40	50	-116.940456897544
5.40	60	-116.940440904851
5.40	70	-116.94042725699
5.40	80	-116.940416894512
5.40	90	-116.940409706405
5.40	100	-116.940405242344
5.40	110	-116.940403081899
5.40	120	-116.940403008134
5.40	130	-116.940405407838
5.40	140	-116.940411935364
5.40	150	-116.940424833437
5.40	160	-116.940443073665
5.40	170	-116.940460080053
5.40	180	-116.940467600308
5.50	0	-116.940494116256
5.50	10	-116.940492966933
5.50	20	-116.940488439358
5.50	30	-116.940478719205
5.50	40	-116.940464343473
5.50	50	-116.940447891359
5.50	60	-116.940432139936
5.50	70	-116.940418985617
5.50	80	-116.940409073017
5.50	90	-116.940402178849
5.50	100	-116.940397854715
5.50	110	-116.940395741254
5.50	120	-116.940395676396
5.50	130	-116.940397969918
5.50	140	-116.940403904721
5.50	150	-116.940415292876
5.50	160	-116.940431358423
5.50	170	-116.94044675542
5.50	180	-116.940453739838
5.60	0	-116.940490378824
5.60	10	-116.940488401495
5.60	20	-116.940482029562
5.60	30	-116.940470686582
5.60	40	-116.940455550651
5.60	50	-116.940439119229
5.60	60	-116.940423841324
5.60	70	-116.940411278478
5.60	80	-116.94040184771
5.60	90	-116.940395257203
5.60	100	-116.940391072066
5.60	110	-116.940388981255
5.60	120	-116.940388865346
5.60	130	-116.940390981491
5.60	140	-116.940396308117
5.60	150	-116.940406242698
5.60	160	-116.940420160961
5.60	170	-116.940433719891
5.60	180	-116.940439979227
5.70	0	-116.940484294314
5.70	10	-116.940481800849
5.70	20	-116.940474319881
5.70	30	-116.940462114971
5.70	40	-116.940446762374
5.70	50	-116.940430668901
5.70	60	-116.940416022057
5.70	70	-116.940404104991
5.70	80	-116.940395165712
5.70	90	-116.940388879481
5.70	100	-116.940384835292
5.70	110	-116.940382755975
5.70	120	-116.940382552432
5.70	130	-116.940384444336
5.70	140	-116.940389173057
5.70	150	-116.940397761199
5.70	160	-116.940409681439
5.70	170	-116.940421403903
5.70	180	-116.940426881539
5.80	0	-116.940476702185
5.80	10	-116.940473916552
5.80	20	-116.940465851472
5.80	30	-116.940453318708
5.80	40	-116.940438131916
5.80	50	-116.940422599814
5.80	60	-116.940408680907
5.80	70	-116.940397429285
5.80	80	-116.940388976405
5.80	90	-116.940382989595
5.80	100	-116.940379088152
5.80	110	-116.940377018648
5.80	120	-116.94037670876
5.80	130	-116.940378349455
5.80	140	-116.940382503865
5.80	150	-116.940389877725
5.80	160	-116.940400002207
5.80	170	-116.940410014948
5.80	180	-116.940414735729
5.90	0	-116.940468207837
5.90	10	-116.940465289974
5.90	20	-116.940457009241
5.90	30	-116.940444522088
5.90	40	-116.940429767898
5.90	50	-116.940414943862
5.90	60	-116.940401802761
5.90	70	-116.940391214891
5.90	80	-116.940383233829
5.90	90	-116.940377538892
5.90	100	-116.940373781257
5.90	110	-116.94037172422
5.90	120	-116.940371302667
5.90	130	-116.94037268093
5.90	140	-116.940376291349
5.90	150	-116.940382592617
5.90	160	-116.940391139788
5.90	170	-116.94039962376
5.90	180	-116.940403652149
6.00	0	-116.940459246342
6.00	10	-116.9404563069
6.00	20	-116.940448065976
6.00	30	-116.940435883722
6.00	40	-116.94042174269
6.00	50	-116.940407716191
6.00	60	-116.940395368445
6.00	70	-116.940385425656
6.00	80	-116.94037789738
6.00	90	-116.940372483681
6.00	100	-116.940368868658
6.00	110	-116.940366830509
6.00	120	-116.940366300572
6.00	130	-116.940367417796
6.00	140	-116.940370518712
6.00	150	-116.940375883409
6.00	160	-116.940383071194
6.00	170	-116.940390222535
6.00	180	-116.940393636358
6.20	0	-116.940441079426
6.20	10	-116.940438298537
6.20	20	-116.940430602646
6.20	30	-116.940419490563
6.20	40	-116.940406870519
6.20	50	-116.940394532613
6.20	60	-116.940383725504
6.20	70	-116.940374985822
6.20	80	-116.940368296551
6.20	90	-116.940363412599
6.20	100	-116.940360077454
6.20	110	-116.940358091924
6.20	120	-116.940357371482
6.20	130	-116.940358006404
6.20	140	-116.940360204356
6.20	150	-116.940364055148
6.20	160	-116.940369129015
6.20	170	-116.940374166414
6.20	180	-116.940376584432
6.40	0	-116.940423753464
6.40	10	-116.940421263998
6.40	20	-116.940414416235
6.40	30	-116.940404644521
6.40	40	-116.940393652866
6.40	50	-116.940382942721
6.40	60	-116.940373533866
6.40	70	-116.940365865524
6.40	80	-116.940359925731
6.40	90	-116.940355523818
6.40	100	-116.94035245217
6.40	110	-116.940350533677
6.40	120	-116.940349667484
6.40	130	-116.940349900202
6.40	140	-116.940351360773
6.40	150	-116.940354073864
6.40	160	-116.940357677222
6.40	170	-116.940361237732
6.40	180	-116.94036293055
6.60	0	-116.940407993841
6.60	10	-116.94040583363
6.60	20	-116.940399907224
6.60	30	-116.940391486672
6.60	40	-116.940382023246
6.60	50	-116.940372770893
6.60	60	-116.940364590554
6.60	70	-116.940357862273
6.60	80	-116.940352588406
6.60	90	-116.940348619599
6.60	100	-116.940345788081
6.60	110	-116.940343942545
6.60	120	-116.940342973563
6.60	130	-116.940342889333
6.60	140	-116.940343774562
6.60	150	-116.940345625642
6.60	160	-116.940348183441
6.60	170	-116.940350725821
6.60	180	-116.940351912147
6.80	0	-116.940394042462
6.80	10	-116.940392199462
6.80	20	-116.940387140762
6.80	30	-116.940379944918
6.80	40	-116.94037182325
6.80	50	-116.940363834634
6.80	60	-116.940356720473
6.80	70	-116.940350811682
6.80	80	-116.940346123457
6.80	90	-116.940342540144
6.80	100	-116.940339926665
6.80	110	-116.940338154906
6.80	120	-116.940337117825
6.80	130	-116.940336793624
6.80	140	-116.940337239695
6.80	150	-116.94033844428
6.80	160	-116.940340221928
6.80	170	-116.940342031901
6.80	180	-116.940342865121
7.00	0	-116.940381860102
7.00	10	-116.940380296109
7.00	20	-116.940375993946
7.00	30	-116.940369849145
7.00	40	-116.940362873859
7.00	50	-116.940355970326
7.00	60	-116.940349775351
7.00	70	-116.940344577224
7.00	80	-116.940340399036
7.00	90	-116.94033715582
7.00	100	-116.9403347397
7.00	110	-116.940333041532
7.00	120	-116.940331962212
7.00	130	-116.940331462576
7.00	140	-116.940331577999
7.00	150	-116.940332303904
7.00	160	-116.940333495483
7.00	170	-116.94033475447
7.00	180	-116.940335334604
7.20	0	-116.940371265935
7.20	10	-116.940369936987
7.20	20	-116.94036627106
7.20	30	-116.940361010775
7.20	40	-116.940355008895
7.20	50	-116.940349034996
7.20	60	-116.940343628777
7.20	70	-116.940339041141
7.20	80	-116.940335305533
7.20	90	-116.940332362366
7.20	100	-116.940330123605
7.20	110	-116.940328498203
7.20	120	-116.940327398455
7.20	130	-116.940326773613
7.20	140	-116.940326642489
7.20	150	-116.94032701378
7.20	160	-116.940327776424
7.20	170	-116.940328628015
7.20	180	-116.940329025167
7.40	0	-116.940362042522
7.40	10	-116.940360909877
7.40	20	-116.940357774353
7.40	30	-116.940353258417
7.40	40	-116.940348084448
7.40	50	-116.940342902522
7.40	60	-116.940338168652
7.40	70	-116.940334104466
7.40	80	-116.940330752564
7.40	90	-116.940328072252
7.40	100	-116.940325994331
7.40	110	-116.940324440801
7.40	120	-116.940323334787
7.40	130	-116.940322625966
7.40	140	-116.940322314371
7.40	150	-116.940322420511
7.40	160	-116.940322872826
7.40	170	-116.940323434607
7.40	180	-116.940323702795
7.60	0	-116.940353989388
7.60	10	-116.940353020447
7.60	20	-116.94035033161
7.60	30	-116.94034644525
7.60	40	-116.940341972007
7.60	50	-116.940337460482
7.60	60	-116.940333298188
7.60	70	-116.9403296825
7.60	80	-116.940326662779
7.60	90	-116.940324214938
7.60	100	-116.940322281977
7.60	110	-116.940320797917
7.60	120	-116.940319698135
7.60	130	-116.940318934475
7.60	140	-116.940318495996
7.60	150	-116.940318404423
7.60	160	-116.940318625391
7.60	170	-116.940318981258
7.60	180	-116.940319160891
7.80	0	-116.940346937397
7.80	10	-116.940346105926
7.80	20	-116.940343794359
7.80	30	-116.940340440147
7.80	40	-116.940336557754
7.80	50	-116.940332611654
7.80	60	-116.940328934289
7.80	70	-116.940325703876
7.80	80	-116.940322974326
7.80	90	-116.940320730758
7.80	100	-116.940318928583
7.80	110	-116.940317512309
7.80	120	-116.940316426907
7.80	130	-116.940315629913
7.80	140	-116.940315104532
7.80	150	-116.940314867848
7.80	160	-116.940314912558
7.80	170	-116.940315113308
7.80	180	-116.940315227496
8.00	0	-116.940340743255
8.00	10	-116.940340028265
8.00	20	-116.940338033904
8.00	30	-116.940335125873
8.00	40	-116.940331739673
8.00	50	-116.940328270273
8.00	60	-116.940325007223
8.00	70	-116.940322109323
8.00	80	-116.940319631708
8.00	90	-116.94031756947
8.00	100	-116.9403158867
8.00	110	-116.940314535495
8.00	120	-116.940313470012
8.00	130	-116.940312655173
8.00	140	-116.940312073018
8.00	150	-116.940311732373
8.00	160	-116.940311641741
8.00	170	-116.940311719571
8.00	180	-116.940311782174
8.20	0	-116.940335281106
8.20	10	-116.940334663694
8.20	20	-116.94033293505
8.20	30	-116.940330401925
8.20	40	-116.940327432407
8.20	50	-116.940324366274
8.20	60	-116.940321456796
8.20	70	-116.940318847175
8.20	80	-116.940316591333
8.20	90	-116.940314689322
8.20	100	-116.940313113835
8.20	110	-116.940311825369
8.20	120	-116.940310785282
8.20	130	-116.940309963105
8.20	140	-116.94030934484
8.20	150	-116.940308933646
8.20	160	-116.940308741318
8.20	170	-116.940308721005
8.20	180	-116.940308740917
8.40	0	-116.940330441062
8.40	10	-116.940329905409
8.40	20	-116.940328399339
8.40	30	-116.940326180166
8.40	40	-116.94032356226
8.40	50	-116.940320839898
8.40	60	-116.940318235094
8.40	70	-116.940315875479
8.40	80	-116.940313814371
8.40	90	-116.940312055584
8.40	100	-116.940310577914
8.40	110	-116.940309348789
8.40	120	-116.940308335981
8.40	130	-116.940307516059
8.40	140	-116.940306875877
8.40	150	-116.940306417289
8.40	160	-116.940306152513
8.40	170	-116.940306056755
8.40	180	-116.94030604377
8.60	0	-116.940326129273
8.60	10	-116.940325661134
8.60	20	-116.940324341706
8.60	30	-116.940322387885
8.60	40	-116.940320069075
8.60	50	-116.940317641496
8.60	60	-116.940315299768
8.60	70	-116.940313158502
8.60	80	-116.940311268374
8.60	90	-116.9403096366
8.60	100	-116.940308248288
8.60	110	-116.940307076554
8.60	120	-116.940306093458
8.60	130	-116.940305280513
8.60	140	-116.94030462857
8.60	150	-116.940304140491
8.60	160	-116.940303826662
8.60	170	-116.940303676486
8.60	180	-116.940303638904
8.80	0	-116.940322266493
8.80	10	-116.940321855865
8.80	20	-116.94032069377
8.80	30	-116.940318965338
8.80	40	-116.940316902671
8.80	50	-116.940314729638
8.80	60	-116.9403126154
8.80	70	-116.940310664996
8.80	80	-116.94030892558
8.80	90	-116.940307407933
8.80	100	-116.940306101457
8.80	110	-116.940304983814
8.80	120	-116.940304032165
8.80	130	-116.940303231347
8.80	140	-116.940302574504
8.80	150	-116.940302067492
8.80	160	-116.94030172154
8.80	170	-116.940301535809
8.80	180	-116.940301480753
9.00	0	-116.940318789378
9.00	10	-116.940318426252
9.00	20	-116.94031739908
9.00	30	-116.940315863388
9.00	40	-116.940314021583
9.00	50	-116.940312067914
9.00	60	-116.940310152245
9.00	70	-116.940308368342
9.00	80	-116.940306763492
9.00	90	-116.940305347707
9.00	100	-116.940304115564
9.00	110	-116.940303049315
9.00	120	-116.940302129506
9.00	130	-116.940301343409
9.00	140	-116.940300688362
9.00	150	-116.940300171551
9.00	160	-116.940299805548
9.00	170	-116.940299596429
9.00	180	-116.940299530797
9.50	0	-116.940311459352
9.50	10	-116.940311189129
9.50	20	-116.940310418997
9.50	30	-116.940309256637
9.50	40	-116.940307843915
9.50	50	-116.940306320721
9.50	60	-116.940304798068
9.50	70	-116.940303349608
9.50	80	-116.940302017767
9.50	90	-116.940300816916
9.50	100	-116.940299746017
9.50	110	-116.940298795433
9.50	120	-116.940297954224
9.50	130	-116.940297214909
9.50	140	-116.940296579964
9.50	150	-116.940296061038
9.50	160	-116.940295677854
9.50	170	-116.94029544479
9.50	180	-116.940295366818
10.00	0	-116.940305622817
10.00	10	-116.940305415896
10.00	20	-116.94030482287
10.00	30	-116.940303920744
10.00	40	-116.940302809654
10.00	50	-116.940301591645
10.00	60	-116.940300354016
10.00	70	-116.940299155124
10.00	80	-116.940298031426
10.00	90	-116.940296998321
10.00	100	-116.940296059001
10.00	110	-116.940295208667
10.00	120	-116.940294441469
10.00	130	-116.940293754937
10.00	140	-116.940293154943
10.00	150	-116.940292655854
10.00	160	-116.940292278479
10.00	170	-116.940292044509
10.00	180	-116.940291965148
10.50	0	-116.940300869858
10.50	10	-116.940300706625
10.50	20	-116.940300238345
10.50	30	-116.940299519241
10.50	40	-116.94029862287
10.50	50	-116.940297628559
10.50	60	-116.94029660202
10.50	70	-116.940295592498
10.50	80	-116.940294630587
10.50	90	-116.940293731485
10.50	100	-116.940292900804
10.50	110	-116.94029213655
10.50	120	-116.940291437565
10.50	130	-116.940290804151
10.50	140	-116.940290245353
10.50	150	-116.940289775661
10.50	160	-116.940289416967
10.50	170	-116.940289192815
10.50	180	-116.94028911588
11.00	0	-116.940296917706
11.00	10	-116.940296785833
11.00	20	-116.94029640625
11.00	30	-116.94029581958
11.00	40	-116.940295082183
11.00	50	-116.940294253821
11.00	60	-116.94029338822
11.00	70	-116.940292524873
11.00	80	-116.940291690875
11.00	90	-116.940290900355
11.00	100	-116.940290159224
11.00	110	-116.940289469357
11.00	120	-116.94028883209
11.00	130	-116.940288250385
11.00	140	-116.940287733119
11.00	150	-116.940287297125
11.00	160	-116.940286962976
11.00	170	-116.940286752031
11.00	180	-116.940286679735
11.50	0	-116.940293572316
11.50	10	-116.940293463313
11.50	20	-116.940293149678
11.50	30	-116.940292661862
11.50	40	-116.940292043636
11.50	50	-116.940291342175
11.50	60	-116.940290600928
11.50	70	-116.940289852824
11.50	80	-116.940289120931
11.50	90	-116.940288419545
11.50	100	-116.940287753662
11.50	110	-116.940287128525
11.50	120	-116.940286546299
11.50	130	-116.940286011867
11.50	140	-116.940285536162
11.50	150	-116.940285133086
11.50	160	-116.940284824223
11.50	170	-116.940284629117
11.50	180	-116.940284562147
12.00	0	-116.940290696544
12.00	10	-116.940290605436
12.00	20	-116.940290341832
12.00	30	-116.940289928661
12.00	40	-116.940289402394
12.00	50	-116.940288799992
12.00	60	-116.940288156946
12.00	70	-116.940287501052
12.00	80	-116.940286852441
12.00	90	-116.940286223834
12.00	100	-116.940285623272
12.00	110	-116.94028505416
12.00	120	-116.940284520784
12.00	130	-116.940284029726
12.00	140	-116.940283591937
12.00	150	-116.940283221073
12.00	160	-116.940282936535
12.00	170	-116.940282756799
12.00	180	-116.940282695165
12.50	0	-116.940288193052
12.50	10	-116.940288115487
12.50	20	-116.940287889651
12.50	30	-116.940287536218
12.50	40	-116.940287081698
12.50	50	-116.940286557566
12.50	60	-116.940285993054
12.50	70	-116.940285412411
12.50	80	-116.940284832852
12.50	90	-116.940284266231
12.50	100	-116.940283720084
12.50	110	-116.940283199945
12.50	120	-116.940282710504
12.50	130	-116.940282259315
12.50	140	-116.940281855214
12.50	150	-116.940281514329
12.50	160	-116.940281252539
12.50	170	-116.94028108719
12.50	180	-116.94028103067
13.00	0	-116.940285989812
13.00	10	-116.940285923041
13.00	20	-116.940285728068
13.00	30	-116.940285419912
13.00	40	-116.94028502306
13.00	50	-116.940284562074
13.00	60	-116.94028406143
13.00	70	-116.94028354261
13.00	80	-116.940283020739
13.00	90	-116.940282506749
13.00	100	-116.940282008194
13.00	110	-116.940281530792
13.00	120	-116.940281080391
13.00	130	-116.940280664085
13.00	140	-116.940280291494
13.00	150	-116.940279977378
13.00	160	-116.94027973684
13.00	170	-116.940279585211
13.00	180	-116.940279533251
13.50	0	-116.940284031963
13.50	10	-116.940283973727
13.50	20	-116.940283802455
13.50	30	-116.940283532376
13.50	40	-116.940283182276
13.50	50	-116.94028277272
13.50	60	-116.940282325125
13.50	70	-116.940281857724
13.50	80	-116.940281384521
13.50	90	-116.940280914917
13.50	100	-116.940280458026
13.50	110	-116.940280018876
13.50	120	-116.940279602576
13.50	130	-116.940279217874
13.50	140	-116.940278874021
13.50	150	-116.94027858422
13.50	160	-116.940278362754
13.50	170	-116.940278222589
13.50	180	-116.940278174776
14.00	0	-116.940282278372
14.00	10	-116.940282227108
14.00	20	-116.940282075394
14.00	30	-116.940281835694
14.00	40	-116.940281523392
14.00	50	-116.940281156716
14.00	60	-116.940280753247
14.00	70	-116.940280329658
14.00	80	-116.940279898071
14.00	90	-116.940279467981
14.00	100	-116.940279046897
14.00	110	-116.940278640677
14.00	120	-116.940278255513
14.00	130	-116.94027789939
14.00	140	-116.940277580773
14.00	150	-116.940277312898
14.00	160	-116.940277108468
14.00	170	-116.940276979577
14.00	180	-116.940276935388
14.50	0	-116.940280695979
14.50	10	-116.940280649951
14.50	20	-116.940280515225
14.50	30	-116.940280300208
14.50	40	-116.9402800199
14.50	50	-116.940279689031
14.50	60	-116.940279323161
14.50	70	-116.940278936718
14.50	80	-116.940278541049
14.50	90	-116.940278144943
14.50	100	-116.940277755582
14.50	110	-116.940277378944
14.50	120	-116.940277020985
14.50	130	-116.940276690524
14.50	140	-116.940276395298
14.50	150	-116.940276147028
14.50	160	-116.940275957597
14.50	170	-116.94027583856
14.50	180	-116.940275797879
15.00	0	-116.940279259176
15.00	10	-116.940279217982
15.00	20	-116.940279096528
15.00	30	-116.940278903017
15.00	40	-116.940278649218
15.00	50	-116.940278348338
15.00	60	-116.940278014704
15.00	70	-116.940277660545
15.00	80	-116.940277295849
15.00	90	-116.940276929711
15.00	100	-116.940276568324
15.00	110	-116.940276218372
15.00	120	-116.940275885607
15.00	130	-116.940275577366
15.00	140	-116.940275302999
15.00	150	-116.940275072534
15.00	160	-116.940274896603
15.00	170	-116.940274786734
15.00	180	-116.940274749157
16.00	0	-116.940276743406
16.00	10	-116.940276709796
16.00	20	-116.940276609635
16.00	30	-116.940276449318
16.00	40	-116.940276237332
16.00	50	-116.940275985285
16.00	60	-116.940275703144
16.00	70	-116.940275401111
16.00	80	-116.940275088498
16.00	90	-116.940274771863
16.00	100	-116.940274458304
16.00	110	-116.940274152979
16.00	120	-116.940273862622
16.00	130	-116.940273594007
16.00	140	-116.940273355813
16.00	150	-116.940273155326
16.00	160	-116.940273002666
16.00	170	-116.940272907228
16.00	180	-116.940272874841
17.00	0	-116.940274608536
17.00	10	-116.940274579805
17.00	20	-116.940274495387
17.00	30	-116.940274359617
17.00	40	-116.940274179992
17.00	50	-116.940273964749
17.00	60	-116.940273721687
17.00	70	-116.940273459984
17.00	80	-116.94027318794
17.00	90	-116.940272910987
17.00	100	-116.940272635784
17.00	110	-116.940272367711
17.00	120	-116.940272112234
17.00	130	-116.940271875958
17.00	140	-116.940271665814
17.00	150	-116.940271490456
17.00	160	-116.940271357758
17.00	170	-116.940271274709
17.00	180	-116.940271245846
18.00	0	-116.940272768813
18.00	10	-116.940272744212
18.00	20	-116.940272671495
18.00	30	-116.940272554884
18.00	40	-116.940272399805
18.00	50	-116.940272212716
18.00	60	-116.940272001072
18.00	70	-116.940271772113
18.00	80	-116.940271532713
18.00	90	-116.940271288153
18.00	100	-116.940271044718
18.00	110	-116.94027080646
18.00	120	-116.940270579664
18.00	130	-116.94027036986
18.00	140	-116.940270184275
18.00	150	-116.94027002973
18.00	160	-116.940269912532
18.00	170	-116.940269839395
18.00	180	-116.940269814442
19.00	0	-116.940271162959
19.00	10	-116.940271141499
19.00	20	-116.940271078926
19.00	30	-116.940270977774
19.00	40	-116.940270841963
19.00	50	-116.940270677233
19.00	60	-116.940270490893
19.00	70	-116.94027028823
19.00	80	-116.940270075306
19.00	90	-116.940269857784
19.00	100	-116.940269639936
19.00	110	-116.940269427098
19.00	120	-116.940269225242
19.00	130	-116.940269037975
19.00	140	-116.940268872242
19.00	150	-116.940268734167
19.00	160	-116.940268631083
19.00	170	-116.94026856623
19.00	180	-116.940268544166
20.00	0	-116.940269746724
20.00	10	-116.940269728305
20.00	20	-116.940269672888
20.00	30	-116.940269584566
20.00	40	-116.940269464134
20.00	50	-116.940269318646
20.00	60	-116.940269152641
20.00	70	-116.940268972337
20.00	80	-116.940268781613
20.00	90	-116.940268586041
20.00	100	-116.940268390448
20.00	110	-116.940268199343
20.00	120	-116.940268017605
20.00	130	-116.940267849575
20.00	140	-116.94026770088
20.00	150	-116.940267576488
20.00	160	-116.940267483797
20.00	170	-116.940267425607
20.00	180	-116.940267405992
21.00	0	-116.940268489811
21.00	10	-116.940268473547
21.00	20	-116.940268424014
21.00	30	-116.940268344175
21.00	40	-116.940268237174
21.00	50	-116.940268107381
21.00	60	-116.940267958694
21.00	70	-116.940267796949
21.00	80	-116.940267625592
21.00	90	-116.94026744812
21.00	100	-116.940267272001
21.00	110	-116.940267098648
21.00	120	-116.940266934261
21.00	130	-116.940266781612
21.00	140	-116.940266647227
21.00	150	-116.940266536414
21.00	160	-116.940266452696
21.00	170	-116.940266401058
21.00	180	-116.940266383165
22.00	0	-116.940267362573
22.00	10	-116.940267347782
22.00	20	-116.940267304116
22.00	30	-116.940267232349
22.00	40	-116.9402671365
22.00	50	-116.940267019673
22.00	60	-116.94026688581
22.00	70	-116.940266739493
22.00	80	-116.940266583609
22.00	90	-116.940266423547
22.00	100	-116.940266262903
22.00	110	-116.94026610591
22.00	120	-116.940265955832
22.00	130	-116.940265817339
22.00	140	-116.940265695591
22.00	150	-116.940265594456
22.00	160	-116.940265518163
22.00	170	-116.940265471139
22.00	180	-116.940265455173
23.00	0	-116.940266347877
23.00	10	-116.940266334628
23.00	20	-116.940266294664
23.00	30	-116.940266230046
23.00	40	-116.940266143083
23.00	50	-116.940266036953
23.00	60	-116.940265914952
23.00	70	-116.940265781787
23.00	80	-116.940265639646
23.00	90	-116.940265494504
23.00	100	-116.940265347232
23.00	110	-116.940265203462
23.00	120	-116.940265066822
23.00	130	-116.940264940582
23.00	140	-116.940264829745
23.00	150	-116.940264737852
23.00	160	-116.940264668368
23.00	170	-116.940264625731
23.00	180	-116.940264611077
24.00	0	-116.940265427586
24.00	10	-116.940265415563
24.00	20	-116.940265379227
24.00	30	-116.940265320464
24.00	40	-116.940265241213
24.00	50	-116.940265144199
24.00	60	-116.940265033399
24.00	70	-116.940264910969
24.00	80	-116.94026478142
24.00	90	-116.940264647587
24.00	100	-116.940264513023
24.00	110	-116.940264381584
24.00	120	-116.940264255704
24.00	130	-116.940264140437
24.00	140	-116.940264038546
24.00	150	-116.940263954954
24.00	160	-116.940263891918
24.00	170	-116.9402638528
24.00	180	-116.94026383943
25.00	0	-116.940264588957
25.00	10	-116.940264578094
25.00	20	-116.940264544822
25.00	30	-116.940264491135
25.00	40	-116.94026441842
25.00	50	-116.940264329656
25.00	60	-116.940264227938
25.00	70	-116.940264115359
25.00	80	-116.940263995985
25.00	90	-116.940263873065
25.00	100	-116.940263748966
25.00	110	-116.940263627872
25.00	120	-116.940263512406
25.00	130	-116.940263406381
25.00	140	-116.94026331339
25.00	150	-116.940263236178
25.00	160	-116.940263178511
25.00	170	-116.940263143307
25.00	180	-116.940263130852
50.00	0	-116.940254998999
50.00	10	-116.940254996763
50.00	20	-116.940254988711
50.00	30	-116.940254975453
50.00	40	-116.940254957838
50.00	50	-116.940254936341
50.00	60	-116.940254910948
50.00	70	-116.940254883158
50.00	80	-116.940254853593
50.00	90	-116.940254822764
50.00	100	-116.940254791523
50.00	110	-116.940254761736
50.00	120	-116.940254733157
50.00	130	-116.940254707455
50.00	140	-116.940254684738
50.00	150	-116.940254666444
50.00	160	-116.94025465289
50.00	170	-116.940254644868
50.00	180	-116.94025464139
100.00	0	-116.940250452845
100.00	10	-116.940250452305
100.00	20	-116.940250450248
100.00	30	-116.940250447031
100.00	40	-116.940250442698
100.00	50	-116.940250437168
100.00	60	-116.940250430623
100.00	70	-116.940250423771
100.00	80	-116.94025041607
100.00	90	-116.940250408517
100.00	100	-116.940250400737
100.00	110	-116.940250393014
100.00	120	-116.940250386
100.00	130	-116.940250379493
100.00	140	-116.94025037401
100.00	150	-116.940250369551
100.00	160	-116.940250366291
100.00	170	-116.940250364279
100.00	180	-116.940250363329
