[[-1.90601479e+08  1.71398737e+08 -4.83473509e+07  7.44099288e+06
  -6.97845585e+05  3.08260301e+04 -1.24833932e+03  5.35766907e-02]
 [-1.22200715e+08  8.73114521e+07 -3.57154717e+07  6.60821735e+06
  -5.71931554e+05  2.49618160e+04 -3.24615116e+02  5.28856428e-02]
 [-4.27411068e+08  3.53814520e+08 -8.81252453e+07  1.12078676e+07
  -8.27850335e+05  2.94710669e+04 -7.92837162e+02  1.26402596e-02]
 [ 4.26144289e+07 -3.59757292e+07 -3.06385577e+06  2.25512746e+06
  -2.57903329e+05  1.29363962e+04 -1.53051489e+02  2.41805260e-02]
 [-4.87336629e+08  3.93300535e+08 -1.07593913e+08  1.48229399e+07
  -1.10180175e+06  3.97914089e+04 -6.02529058e+02  3.48539339e-02]
 [ 2.75302629e+08 -1.94473531e+08  4.46249237e+07 -4.87256950e+06
   2.83069521e+05 -8.48710179e+03  1.36711298e+02 -9.16073142e-03]
 [-3.21892336e+08  2.62496621e+08 -7.72770534e+07  1.15250248e+07
  -9.21160313e+05  3.61328915e+04 -5.38936726e+02  4.30638878e-02]
 [ 2.29155404e+08 -1.62700305e+08  4.20224241e+07 -5.43423986e+06
   3.79706532e+05 -1.35761148e+04  1.89698673e+02 -1.34860320e-02]
 [ 5.25282443e+07 -2.42325861e+07  6.20955834e+06 -9.72806504e+05
   9.26524285e+04 -4.90023453e+03  1.03738972e+02 -1.59757897e-02]
 [-9.29462911e+07  7.27378149e+07 -2.38504985e+07  3.89271995e+06
  -3.25397819e+05  1.30501346e+04 -1.99268813e+02  1.79437474e-02]
 [ 2.97031801e+08 -1.91839311e+08  4.88616495e+07 -6.12482153e+06
   3.89749257e+05 -1.16737504e+04  1.24032351e+02 -2.68211240e-03]
 [-1.04452144e+08  6.27039056e+07 -1.43038901e+07  1.49603354e+06
  -6.80842648e+04  8.38217880e+02  1.25704643e+01 -4.80366868e-03]
 [ 2.37642437e+08 -1.54465983e+08  3.97105440e+07 -5.11978426e+06
   3.47556255e+05 -1.18257369e+04  1.59892298e+02 -1.31184876e-02]
 [-3.41388988e+07  1.89974715e+07 -3.91228794e+06  3.58790236e+05
  -1.38694747e+04  1.70195740e+02 -1.06271526e-01  2.60681560e-04]
 [ 2.15565700e+07 -1.01311521e+07  1.24718269e+06  7.39124042e+04
  -2.57477923e+04  1.72302583e+03 -3.61413108e+01  4.96610187e-03]
 [ 2.28630603e+07 -1.45650326e+07  3.89033442e+06 -5.57343733e+05
   4.45117051e+04 -1.81879450e+03  2.92987055e+01 -3.07946327e-03]
 [-1.16841756e+08  6.89456838e+07 -1.62012986e+07  1.93423821e+06
  -1.23116009e+05  3.90531528e+03 -4.75840762e+01  2.60346752e-03]
 [-3.07289491e+07  3.35772974e+07 -1.19298969e+07  1.93682382e+06
  -1.55916122e+05  5.98718277e+03 -8.72101120e+01  7.27776214e-03]
 [-9.81476829e+07  5.77851130e+07 -1.35831500e+07  1.63036885e+06
  -1.05317872e+05  3.45468681e+03 -4.50302533e+01  3.32125125e-03]]