1343912.6750990001019090,-229411948.5801478922367096
689094.8790819999994710,-144971431.3857326209545135
379335.6938790000276640,-91312895.4222804009914398
227131.3507819999940693,-57304026.9939529001712799
151899.5836859999981243,-35818969.8607292771339417
115847.9504420000012033,-22296328.6067770570516586
100090.9591749999963213,-13820649.4647951852530241
94775.9425389999960316,-8532799.1952011343091726
94623.7172270000010030,-5250601.0765064219012856
60461.5166559999997844,-3188473.4029632285237312
49030.3714990000007674,-1931540.2219125605188310
37670.6274520000006305,-1160363.1146557149477303
28499.4578929999988759,-691131.2849362081615254
21404.5900609999989683,-407817.1934450028929859
16010.9335480000008829,-238165.5678691076172981
11947.6762620000008610,-137495.1585275343677495
8902.5723039999993489,-78357.6989785025944002
6627.3773929999997563,-44008.4020521605998510
4930.1555740000003425,-24309.4429395651786763
3664.8820890000001782,-13174.4962867445137817
2721.6065910000002077,-6983.8261051917397708
2018.0927320000000691,-3607.3801042452860202
1493.0698580000000675,-1806.7234504599432512
1100.9783540000000812,-871.6855492967179089
807.9855579999999691,-401.5056708544548769
588.9910840000000007,-174.2712398987861775
425.3666709999999966,-69.8535675220155099
303.2561410000000137,-24.9815600778597968
212.3158620000000099,-7.4419083931059049
144.7970669999999984,-1.5320538846248439
94.8792530000000056,-0.0344040689633687
58.1821819999999974,0.0972713619257206
31.4048909999999992,-0.0184762095085631
12.0568489999999997,-0.0735514487739870
-1.7414220000000000,-0.0490100072705788
-11.4069230000000008,0.0050445238479497
-18.0060490000000009,0.0469727068026167
-22.3395009999999985,0.0599213376199970
-25.0071629999999985,0.0464473296652379
-26.4573840000000011,0.0183927006290538
-27.0242380000000004,-0.0115315899896267
-26.9560500000000012,-0.0343901211416764
-26.4374549999999999,-0.0462001205621689
-25.6061289999999993,-0.0471476807644535
-24.5656670000000013,-0.0395909345010850
-23.3945639999999990,-0.0265753372337620
-22.1525919999999985,-0.0107531403546126
-20.8848850000000006,0.0058141211691165
-19.6251199999999990,0.0218547443885804
-18.3973960000000005,0.0363825794802359
-17.2180830000000000,0.0485810790402503
-15.0405090000000001,0.0629142080580731
-13.1235510000000009,0.0599344796965244
-11.4574459999999991,0.0385222788526391
-10.0174470000000007,0.0038834282622862
-8.7761479999999992,-0.0346899001266383
-7.7080029999999997,-0.0673720101730879
-6.7893499999999998,-0.0874725959116205
-5.9985619999999997,-0.0923084489703641
-5.3161730000000000,-0.0826730807178970
-4.7253650000000000,-0.0613354984932331
-4.2120939999999996,-0.0317718841008139
-3.7647550000000001,0.0025238872739863
-3.3738290000000002,0.0384975493473561
-3.0313710000000000,0.0736071190482090
-2.7306629999999998,0.1058647240495465
-2.1261480000000001,0.1660769300371834
-1.6801020000000000,0.1917170072632723
-1.3456889999999999,0.1863620516371176
-1.0911310000000001,0.1591462358726048
-0.8944410000000000,0.1194503531703663
-0.7403750000000000,0.0748790927512579
-0.6182000000000000,0.0306717790458486
-0.5202410000000000,-0.0100298551003976
-0.4409240000000000,-0.0456479511411207
-0.3761510000000000,-0.0756347422470373
-0.3228260000000000,-0.1001059541005916
-0.2785960000000000,-0.1195179866486307
-0.2106270000000000,-0.1455879841189506
-0.1621290000000000,-0.1586918675366140
-0.1267820000000000,-0.1629541015612997
-0.1005270000000000,-0.1614320524876160
-0.0807170000000000,-0.1562377131119417
-0.0655130000000000,-0.1488646155075481
-0.0537210000000000,-0.1402456223907340
-0.0444590000000000,-0.1310454787975469
-0.0370910000000000,-0.1217106286890528
-0.0311900000000000,-0.1124991439289566
-0.0017200000000000,-0.0100746943961911
0.0000610000000000,-0.0001404720257119
1055378.2146179999690503,-229884559.3747111260890961
565273.3852109999861568,-145360151.3261688053607941
318291.6344260000041686,-91596446.1911216825246811
193061.7204999999958090,-57501256.8609088137745857
130352.4398159999982454,-35952410.8874242305755615
100182.0094550000067102,-22384333.7911073118448257
86448.1590379999979632,-13876227.6669516749680042
78660.2839470000035362,-8562819.0122148618102074
67071.7357259999989765,-5253743.5474884025752544
56797.4392500000030850,-3205195.8108866419643164
45303.6933760000028997,-1941332.3086473615840077
34938.8478810000015073,-1166583.5445220537949353
26542.7400530000013532,-695096.2953393069328740
20001.6190759999990405,-410328.6462119710631669
15000.9187959999999293,-239742.7208937398390844
11217.5909279999996215,-138475.9778951098560356
8372.7589410000000498,-78960.9609445419628173
6241.4852639999999155,-44374.8197112191846827
4648.0999009999995906,-24528.8026838301448151
3458.0462769999999182,-13303.6243226243477693
2569.4573470000000270,-7058.3279152482973586
1905.8580150000000231,-3649.3403785951227292
1410.0713209999998980,-1829.6613710342116974
1039.4693489999999656,-883.7571704202964611
762.3330660000000307,-407.5538607120036545
555.0787790000000541,-177.1082575245402495
400.1763439999999719,-71.0710095900884085
284.5575850000000173,-25.4414114114265431
198.4533069999999952,-7.5844980184166388
134.5357280000000060,-1.5617207428417430
87.3002000000000038,-0.0348718184552013
52.6027759999999986,0.0988725712220599
27.3188589999999998,-0.0192337424516218
9.0892879999999998,-0.0750552828666553
-3.8692299999999999,-0.0493063042046313
-12.9027759999999994,0.0060743380277142
-19.0262630000000001,0.0483405344464813
-23.0030590000000004,0.0606848207037025
-25.4054439999999992,0.0462202873422939
-26.6609039999999986,0.0174038081303856
-27.0873300000000015,-0.0127055313123527
-26.9202189999999995,-0.0352009357649123
-26.3339530000000011,-0.0464130712424549
-25.4582170000000012,-0.0467976169272717
-24.3903900000000000,-0.0389420782225578
-23.2043469999999985,-0.0258886013837341
-21.9563400000000009,-0.0102594555468620
-20.6890250000000009,0.0061114049170072
-19.4340690000000009,0.0219854287432604
-18.2140370000000011,0.0363683113824500
-17.0442549999999997,0.0485238105822212
-14.8879079999999995,0.0627481666446883
-12.9919750000000001,0.0595497676518697
-11.3450159999999993,0.0379316203309727
-9.9217759999999995,0.0031977893087678
-8.6950640000000003,-0.0351320259974290
-7.6393979999999999,-0.0674135569877183
-6.7313029999999996,-0.0870958691120149
-5.9492760000000002,-0.0916937695924780
-5.2741499999999997,-0.0819845056999027
-4.6893849999999997,-0.0606934525967260
-4.1811119999999997,-0.0313106043330507
-3.7380080000000002,0.0028016729858829
-3.3506119999999999,0.0385269943776265
-3.0111870000000001,0.0734345730050294
-2.7130749999999999,0.1055173911360296
-2.1134759999999999,0.1653427556972300
-1.6708229999999999,0.1908043349627833
-1.3388050000000000,0.1854611315727313
-1.0859399999999999,0.1583601423271046
-0.8904630000000000,0.1188357576755281
-0.7372910000000000,0.0744692709571168
-0.6157720000000000,0.0304570399959436
-0.5183190000000000,-0.0100529103665528
-0.4394170000000000,-0.0454766901095458
-0.3749240000000000,-0.0753444181102484
-0.3218140000000000,-0.0997232791725676
-0.2777750000000000,-0.1190421640507490
-0.2100890000000000,-0.1449810757120338
-0.1617500000000000,-0.1580455131968945
-0.1265240000000000,-0.1622882487012500
-0.1003090000000000,-0.1608155660279808
-0.0805700000000000,-0.1556301733374303
-0.0654210000000000,-0.1482740767205074
-0.0536590000000000,-0.1396901083072676
-0.0443990000000000,-0.1305467556530422
-0.0370530000000000,-0.1212430849088370
-0.0311870000000000,-0.1120447126161352
-0.0017210000000000,-0.0100361463508953
0.0000570000000000,-0.0001362190289728
601740.9835980000207201,-158129999.4343929886817932
354785.1285509999725036,-99741553.5209202021360397
215848.2179870000109076,-62669901.7969456017017365
140805.4528160000045318,-39216311.4591380134224892
101931.3312480000022333,-24434661.1033359058201313
82652.9698840000055498,-15156563.6009368319064379
72747.7634839999955148,-9357868.9293756056576967
65301.8068859999984852,-5748821.9805785119533539
56464.1280410000035772,-3511174.0579291158355772
46341.5248030000002473,-2129909.4702495550736785
36725.6220769999999902,-1282289.4519909657537937
28480.2630940000017290,-765607.8166372553678229
21787.2931759999992209,-452957.6100155402673408
16523.1219759999985399,-265287.2027228071237914
12460.1262050000004820,-153632.9405619818426203
9360.6252739999999903,-87855.9085853792639682
7013.6240600000000995,-49530.3053712906039436
5244.7600460000003295,-27474.7388253760182124
3915.4940929999997934,-14959.5767092380683607
2918.2501290000000154,-7971.4602388930807138
2170.7560939999998482,-4141.5086570300318272
1610.6571180000000822,-2087.7070212861153777
1191.0092369999999846,-1014.5101351734687114
876.6006919999999809,-470.9990493154145952
641.0909309999999550,-206.2010724551443559
464.7903109999999742,-83.4199881657112314
332.9693070000000148,-30.1263139309305075
234.5892310000000123,-9.0648787732121434
161.3667560000000094,-1.8849549530216336
107.0747000000000071,-0.0427509318192421
67.0302039999999977,0.1216202185077435
37.7061490000000035,-0.0235565938524616
16.4409160000000014,-0.0935247602377451
1.2197309999999999,-0.0618686654705258
-9.4839599999999997,0.0081800664594329
-16.8268790000000017,0.0623534205372778
-21.6843630000000012,0.0781102989615157
-24.7167500000000011,0.0585986041010216
-26.4198519999999988,0.0198485369677002
-27.1633190000000013,-0.0205165450030940
-27.2207790000000003,-0.0497379830775166
-26.7931470000000012,-0.0625464238243723
-26.0279510000000016,-0.0597868947508253
-25.0341929999999984,-0.0458671844126890
-23.8935010000000005,-0.0260881917140772
-22.6678500000000014,-0.0048833588920374
-21.4044479999999986,0.0147412419595661
-20.1391390000000001,0.0313419034422999
-18.8982059999999983,0.0442710797865189
-17.7002209999999991,0.0534406671932040
-16.5572109999999988,0.0587567272612830
-14.4603059999999992,0.0577651240040744
-12.6228110000000004,0.0409859907122172
-11.0289090000000005,0.0108862692765470
-9.6523970000000006,-0.0259001508999450
-8.4662120000000005,-0.0605814323960434
-7.4453290000000001,-0.0853179028313997
-6.5666110000000000,-0.0958035695861605
-5.8091400000000002,-0.0912885843753806
-5.1543659999999996,-0.0737486376519838
-4.5864900000000004,-0.0464418412469811
-4.0923780000000001,-0.0129237572596779
-3.6611660000000001,0.0234662483601875
-3.2838910000000001,0.0599273222944769
-2.9530690000000002,0.0942576297121596
-2.6623009999999998,0.1247706771158921
-2.0768450000000001,0.1782527148649415
-1.6439690000000000,0.1965363364867674
-1.3188100000000000,0.1850595169140712
-1.0708160000000000,0.1534761000369829
-0.8788840000000000,0.1110969325242116
-0.7282970000000000,0.0651254197526162
-0.6087070000000000,0.0204143795492597
-0.5127119999999999,-0.0202055858136605
-0.4348980000000000,-0.0554127903299570
-0.3713050000000000,-0.0848057764341493
-0.3188610000000000,-0.1086647208922458
-0.2753460000000000,-0.1274351714509717
-0.2084200000000000,-0.1523054566692438
-0.1606040000000000,-0.1644061711865193
-0.1256770000000000,-0.1678900184267630
-0.0997310000000000,-0.1657093451981682
-0.0801210000000000,-0.1599892381216372
-0.0650930000000000,-0.1521418896496714
-0.0534000000000000,-0.1431527416611708
-0.0442350000000000,-0.1336097727495136
-0.0369250000000000,-0.1239943159993437
-0.0310730000000000,-0.1145323441021179
-0.0017300000000000,-0.0102219877918342
0.0000450000000000,-0.0001255318602751
308323.5266239999909885,-99666173.6740449965000153
199485.4996370000008028,-62662173.5550561770796776
134073.5240139999950770,-39233196.4803853109478951
97244.5039749999996275,-24457014.8121963515877724
77531.8692969999974594,-15176513.3725213538855314
66830.9923370000033174,-9372981.9977113474160433
59349.3070309999966412,-5759474.9120142590254545
51518.2350369999985560,-3518801.3159878598526120
42953.0508750000008149,-2135739.9696149858646095
34671.6220160000011674,-1286817.4466265847440809
27353.0718180000003485,-769070.2508010138990358
21235.3130479999999807,-455535.4565577960456721
16301.0524490000007063,-267152.4123897870886140
12414.4945960000004561,-154946.8089806768693961
9401.2826920000006794,-88758.8497269054932985
7090.1066929999997228,-50136.6228293041349389
5330.2904660000003787,-27872.8383977442426840
3996.8565400000002228,-15215.1030680726016726
2989.7897630000002209,-8131.6373445568697207
2230.7795369999998911,-4239.3290350491370191
1659.4777630000000954,-2145.6850848546982888
1229.8309349999999540,-1047.6536769164770249
906.9548270000000230,-489.1140309335192455
664.5128399999999829,-215.5409714159775945
482.6742499999999723,-87.8719721178877080
346.4984559999999760,-32.0213416250330738
244.7264910000000100,-9.7374027997495034
168.8751129999999989,-2.0515135595979928
112.5454660000000047,-0.0485743615082015
70.9210910000000041,0.1370437495658905
40.3745380000000011,-0.0238019352292795
18.1712389999999999,-0.1056631316998029
2.2416369999999999,-0.0731882912700188
-8.9839179999999992,0.0057137696075600
-16.6990680000000005,0.0699279249032294
-21.8109770000000012,0.0914872302658480
-25.0081960000000016,0.0715798685115168
-26.8108390000000014,0.0269953431233105
-27.6092860000000009,-0.0217320082059551
-27.6933609999999994,-0.0587827210056169
-27.2760399999999983,-0.0762778631838970
-26.5124840000000006,-0.0740753523624100
-25.5158300000000011,-0.0570162330995778
-24.3693379999999991,-0.0318384770270796
-23.1352690000000010,-0.0047038996694866
-21.8606699999999989,0.0199290069781419
-20.5812199999999983,0.0396420549368486
-19.3234029999999990,0.0534906568827331
-18.1063000000000009,0.0615918016364354
-16.9426549999999985,0.0643805261887564
-15.8401630000000004,0.0623974000250787
-13.8307240000000000,0.0461037832320468
-12.0781700000000001,0.0166784003487539
-10.5611809999999995,-0.0202367899605900
-9.2524630000000005,-0.0569636070035777
-8.1253569999999993,-0.0856474484590528
-7.1550890000000003,-0.1009816622084561
-6.3191920000000001,-0.1010128898710470
-5.5975580000000003,-0.0868321530914491
-4.9726400000000002,-0.0614622805292750
-4.4297880000000003,-0.0284501310434457
-3.9567030000000001,0.0085656447674181
-3.5433870000000001,0.0465859537605260
-3.1813570000000002,0.0830329226776523
-2.8635720000000000,0.1160567362268963
-2.5839759999999998,0.1443121929054492
-2.0201069999999999,0.1900413933440495
-1.6021870000000000,0.2002479166968749
-1.2876310000000000,0.1823073842579672
-1.0471649999999999,0.1462151642335404
-0.8606930000000000,0.1011483817351272
-0.7141370000000000,0.0538847585660558
-0.5975720000000000,0.0088348647208042
-0.5038300000000000,-0.0315828478196372
-0.4277830000000000,-0.0662168828453653
-0.3655060000000000,-0.0949404748058368
-0.3141330000000000,-0.1180321596328204
-0.2714910000000000,-0.1360225171013676
-0.2057860000000000,-0.1595295666033931
-0.1587180000000000,-0.1705611968839104
-0.1243700000000000,-0.1731029023784607
-0.0987950000000000,-0.1701955153880465
-0.0794350000000000,-0.1638934709011574
-0.0645970000000000,-0.1555520458436252
-0.0530290000000000,-0.1461613821052280
-0.0439340000000000,-0.1362977041843325
-0.0367080000000000,-0.1263712097129554
-0.0309220000000000,-0.1166377368072332
-0.0017640000000000,-0.0103484163675850
0.0000320000000000,-0.0001136128195156
166126.8799660000076983,-58979281.3249391391873360
118345.7970639999984996,-36923942.1422054320573807
89087.4070639999990817,-23014021.5320452749729156
72041.9099240000068676,-14277830.3858943786472082
61756.4110490000020945,-8814916.9170518778264523
54003.2841580000022077,-5413822.1809795442968607
46407.9048689999981434,-3305667.2135412953794003
38675.8796430000002147,-2005250.7359526332002133
31354.6610020000007353,-1207569.1474465858191252
24890.0426520000000892,-721362.3795360509539023
19454.7395849999993516,-427091.4372967273811810
15034.0173250000007101,-250373.6673238450021017
11519.9144529999994120,-145165.4901642895711120
8771.2735369999991235,-83131.7076782920921687
6645.9371950000004290,-46947.5345387094203033
5016.0096419999999853,-26096.2779511276421545
3773.3157639999999446,-14245.0061363484164758
2829.7778760000001057,-7614.2466563253565255
2115.4413989999998194,-3971.0803683280410041
1575.7041899999999259,-2011.3219191417899765
1168.5098069999999097,-983.1961309282030470
861.6998330000000124,-459.8460081151343957
630.8533310000000256,-203.1852114226281287
457.4508220000000165,-83.1494853733580044
327.4769749999999817,-30.4616412503762604
230.3091870000000085,-9.3331234771032143
157.9013309999999990,-1.9898440559186099
104.1552010000000053,-0.0493777526658050
64.4742509999999953,0.1374564670686453
35.3843200000000024,-0.0203665601145246
14.2680389999999999,-0.1052106082315891
-0.8506920000000000,-0.0770903168703643
-11.4684349999999995,0.0006867985393804
-18.7217839999999995,0.0672693392131727
-23.4760160000000013,0.0932095680800629
-26.3894979999999997,0.0772042429961992
-27.9618800000000007,0.0343091844982588
-28.5700129999999994,-0.0157624532336982
-28.4956209999999999,-0.0564843971147866
-27.9466630000000009,-0.0786500654976088
-27.0750670000000007,-0.0805428461194317
-25.9914440000000013,-0.0656940660281649
-24.7762589999999996,-0.0404444433632349
-23.4886879999999998,-0.0113107062703470
-22.1726530000000004,0.0164875063375227
-20.8608510000000003,0.0395980562533857
-19.5772189999999995,0.0562907019521433
-18.3388109999999998,0.0661513706412507
-17.1569189999999985,0.0694138443364238
-16.0383479999999992,0.0667560138127090
-14.9862129999999993,0.0588753719428006
-13.0815699999999993,0.0308234849753291
-11.4287949999999991,-0.0075792303987363
-10.0018229999999999,-0.0480907718298056
-8.7725700000000000,-0.0824434983596891
-7.7145599999999996,-0.1042370139423427
-6.8035870000000003,-0.1103864144362383
-6.0178219999999998,-0.1011881502225007
-5.3383349999999998,-0.0790355981106785
-4.7488979999999996,-0.0475369246780524
-4.2359770000000001,-0.0104660240079362
-3.7883399999999998,0.0287265493475108
-3.3967149999999999,0.0672330547820832
-3.0533419999999998,0.1028968068774176
-2.7515939999999999,0.1341231039969717
-2.4857930000000001,0.1598630923484938
-1.9486190000000001,0.1978741870219334
-1.5493570000000001,0.2007602841373035
-1.2479480000000001,0.1772164285428770
-1.0169630000000001,0.1375916590302579
-0.8374120000000000,0.0907030398725310
-0.6959160000000000,0.0427827468002034
-0.5831540000000000,-0.0021153465255621
-0.4923300000000000,-0.0418961519502135
-0.4184710000000000,-0.0757342497574880
-0.3579550000000000,-0.1035220206106492
-0.3079920000000000,-0.1256725962047141
-0.2663860000000000,-0.1428747655369724
-0.2022620000000000,-0.1649436912192110
-0.1562780000000000,-0.1748273292214142
-0.1226140000000000,-0.1765543696127674
-0.0975010000000000,-0.1730396077227160
-0.0785010000000000,-0.1662359520312564
-0.0638850000000000,-0.1575406680911633
-0.0525060000000000,-0.1478403193479340
-0.0435590000000000,-0.1377189346440617
-0.0363940000000000,-0.1276319868361280
-0.0306990000000000,-0.1177174561605234
-0.0017830000000000,-0.0103997424238504
0.0000440000000000,-0.0001260866727554
107427.6367699999973411,-35371702.5803836062550545
84648.7656290000013541,-22035443.3730106987059116
70120.9084200000070268,-13662979.1366036031395197
60178.6971590000030119,-8429592.3894777800887823
51876.2595589999982622,-5172769.1101047256961465
43810.6199689999994007,-3155242.2712013530544937
36007.3395919999966281,-1911770.7789649481419474
28908.3540749999992840,-1149795.0703028696589172
22801.7646610000010696,-685888.4808332970133051
17752.9971269999987271,-405473.8161167697398923
13689.3426159999999072,-237312.4754262207716238
10478.8380109999998240,-137350.0853660779539496
7975.6690810000000056,-78505.9540325525158551
6042.7629520000000412,-44243.3064305274892831
4560.7494180000003325,-24537.5471262898790883
3430.4050369999999930,-13361.0981395306189370
2571.5787239999999656,-7122.4891117233728437
1920.8881790000000365,-3703.6429173681940483
1428.9058449999999993,-1869.8405073219632868
1057.5268430000000990,-910.8594409604053226
777.6141340000000355,-424.4395572988153162
566.9927609999999731,-186.8168029964547827
408.8404639999999972,-76.1581178143496231
290.3904820000000200,-27.7989623974798974
201.9628910000000133,-8.4912373380037423
136.2071029999999894,-1.8047152965906150
87.5494690000000020,-0.0459422057387258
51.7625710000000012,0.1265138527173093
25.6600080000000013,-0.0166776249796001
6.8302899999999998,-0.0955849908736219
-6.5453289999999997,-0.0723428262422701
-15.8401139999999998,-0.0029758141688738
-22.0932250000000003,0.0583499934415705
-26.0919150000000002,0.0844196159123136
-28.4332150000000006,0.0731043191245497
-29.5690959999999983,0.0367687968955828
-29.8403330000000011,-0.0077613889275980
-29.5020120000000006,-0.0461768283188313
-28.7436390000000017,-0.0697188832680666
-27.7046920000000014,-0.0757686415077110
-26.4873350000000016,-0.0663134149954132
-25.1662129999999991,-0.0459541143659905
-23.7959020000000017,-0.0200165682185158
-22.4163089999999983,0.0067553012704522
-21.0563929999999999,0.0307932841239271
-19.7367300000000014,0.0497945982687220
-18.4713610000000017,0.0625559063589911
-17.2691690000000015,0.0686838334749851
-16.1350289999999994,0.0683573689706236
-15.0706460000000000,0.0620134923169822
-14.0755900000000000,0.0504341587724007
-12.2846630000000001,0.0155671044696515
-10.7375919999999994,-0.0270424618036600
-9.4052039999999995,-0.0676653565477086
-8.2590810000000001,-0.0981385989248729
-7.2731420000000000,-0.1134933962007292
-6.4237849999999996,-0.1125385603779474
-5.6903689999999996,-0.0968116106466450
-5.0551409999999999,-0.0695632962012063
-4.5032480000000001,-0.0345813772187471
-4.0223420000000001,0.0044332947523875
-3.6021630000000000,0.0442428520282689
-3.2341250000000001,0.0822233301014248
-2.9110410000000000,0.1164608926877313
-2.6267809999999998,0.1456336015638100
-2.3761000000000001,0.1689603608386978
-1.8683310000000000,0.2004561350510703
-1.4896620000000000,0.1977447866194542
-1.2028880000000000,0.1703817560153540
-0.9824790000000000,0.1287088870966931
-0.8105860000000000,0.0810441406234107
-0.6748450000000000,0.0333433843138520
-0.5664100000000000,-0.0108162705458242
-0.4789240000000000,-0.0495691851052811
-0.4076190000000000,-0.0823380451013375
-0.3491460000000000,-0.1090413880501798
-0.3006970000000000,-0.1303040119339074
-0.2604170000000000,-0.1465972423874066
-0.1980800000000000,-0.1673688976940814
-0.1533290000000000,-0.1762899104089475
-0.1204840000000000,-0.1773777445566026
-0.0959480000000000,-0.1734245151434602
-0.0773380000000000,-0.1663472577359646
-0.0630290000000000,-0.1574469875528539
-0.0518580000000000,-0.1476297244922268
-0.0430820000000000,-0.1374193078995647
-0.0360540000000000,-0.1272693623328707
-0.0304010000000000,-0.1173797307062522
-0.0017820000000000,-0.0103485608970134
0.0000250000000000,-0.0001067350763933
88851.4134550000017043,-14690062.5342218335717916
75166.4621889999980340,-9061109.5006770994514227
64598.4722229999970295,-5559470.1949703693389893
54867.2082829999999376,-3391085.1628392855636775
45302.2929149999981746,-2054741.1854311693459749
36389.9568220000001020,-1235765.5111250916961581
28637.9190070000004198,-737101.1402641902677715
22221.9488259999998263,-435670.5979084742721170
17076.4293639999996230,-254921.2011966998106800
13031.1177090000001044,-147494.1039413794060238
9892.0950119999997696,-84271.0117495117592625
7478.3142920000000231,-47469.9476771855624975
5634.1326669999998558,-26312.1281497775999014
4231.7775000000001455,-14317.4973361051143002
3169.0543980000002193,-7625.8099479770726248
2365.7730029999997896,-3961.1204909628768291
1759.7617430000000240,-1997.1322294067822440
1303.2506129999999303,-971.2125210846024856
959.8167969999999514,-451.6076865621366210
701.8005279999999857,-198.2680437218908196
508.2701890000000162,-80.5825613977992248
363.4083469999999920,-29.3132915901846900
255.2676260000000070,-8.9207668881708173
174.8130679999999870,-1.8886884236144397
115.2169729999999959,-0.0471745110868937
71.3156560000000042,0.1301033420561737
39.2107090000000014,-0.0185560183822489
15.9553519999999995,-0.0964941026446855
-0.6639470000000000,-0.0727844575295943
-12.3247970000000002,-0.0030611810178893
-20.2927029999999995,0.0581046756913501
-25.5232859999999988,0.0839430941025974
-28.7384090000000008,0.0730682605682063
-30.4818660000000001,0.0378140288845081
-31.1621869999999994,-0.0055310802921191
-31.0847990000000003,-0.0433920506170722
-30.4771819999999991,-0.0674760561087879
-29.5080449999999992,-0.0750252735765180
-28.3020959999999988,-0.0675883240268789
-26.9514730000000000,-0.0490977579733354
-25.5240380000000009,-0.0243842408240980
-24.0696000000000012,0.0020283862258665
-22.6243300000000005,0.0265133075533193
-21.2139389999999999,0.0465084788872723
-19.8561879999999995,0.0605963349401577
-18.5624119999999984,0.0680336116954905
-17.3392349999999986,0.0688188549249702
-16.1895920000000011,0.0633552071171195
-15.1136549999999996,0.0522638347001614
-14.1099209999999999,0.0365730009962295
-13.1754470000000001,0.0172391899766424
-11.5003940000000000,-0.0269984254142805
-10.0579549999999998,-0.0703311045809780
-8.8178280000000004,-0.1039300648180070
-7.7519819999999999,-0.1221529936439252
-6.8351189999999997,-0.1231431793622431
-6.0447810000000004,-0.1082716640664971
-5.3617020000000002,-0.0806982886452188
-4.7694109999999998,-0.0445550533204102
-4.2543059999999997,-0.0037885192187304
-3.8050389999999998,0.0380802160819638
-3.4121130000000002,0.0781691798936546
-3.0676739999999998,0.1144385539397539
-2.7649830000000000,0.1454153613528462
-2.4983620000000002,0.1702805487298584
-2.2629130000000002,0.1886567899519473
-1.7849120000000001,0.2073165022004539
-1.4272320000000001,0.1936935314139103
-1.1554640000000000,0.1586050503563583
-0.9458630000000000,0.1121923315273831
-0.7819720000000000,0.0622532397873388
-0.6522100000000000,0.0139422633098130
-0.5482970000000000,-0.0297963009317744
-0.4642810000000000,-0.0675461331344470
-0.3957950000000000,-0.0989129054877715
-0.3393900000000000,-0.1243025613623278
-0.2927170000000000,-0.1441322599444669
-0.2537440000000000,-0.1592106954261630
-0.1934250000000000,-0.1777619721261381
-0.1500070000000000,-0.1849397413418405
-0.1180590000000000,-0.1846740432227383
-0.0941750000000000,-0.1796239345168590
-0.0760210000000000,-0.1716763478930186
-0.0620170000000000,-0.1620918211528536
-0.0510800000000000,-0.1516957855661281
-0.0424850000000000,-0.1409918136961059
-0.0355820000000000,-0.1304338383368340
-0.0300600000000000,-0.1201570304849652
-0.0017920000000000,-0.0105385471903900
0.0000200000000000,-0.0001030825734386
88631.8673089999938384,-9011074.3539474792778492
76711.4862870000069961,-5530422.5545439589768648
64519.0534049999987474,-3374212.2018483374267817
52085.5372290000013891,-2044546.5097586831543595
40794.0810780000028899,-1229388.2944804979488254
31372.8429619999988063,-733053.9402396861696616
23870.7377559999986261,-433101.4335456567932852
18042.7887310000005527,-253301.1168261501297820
13577.5067149999995308,-146482.7606329489208292
10184.8978829999996378,-83647.6783430229843361
7621.1799179999998159,-47091.5147651519073406
5690.8450800000000527,-26086.4650937994047126
4241.0025930000001608,-14185.7855056410116958
3153.8051650000002155,-7550.8873223521659384
2339.3991299999997864,-3919.7820608293750411
1729.7536509999999907,-1975.1156844792351421
1273.6474860000000717,-959.9659258052986388
932.6204129999999850,-446.1256881047822844
677.8681870000000345,-195.7380127492458541
487.8090209999999729,-79.4847822013742871
346.2830920000000106,-28.8764828073497029
241.1584640000000093,-8.7686646711143510
163.3247910000000047,-1.8500789537250739
105.9374640000000056,-0.0452671746517410
63.8589920000000006,0.1254073335351222
33.2342749999999967,-0.0187260030253569
11.1736170000000001,-0.0950749935520214
-4.4949339999999998,-0.0667712083239786
-15.3938819999999996,0.0003684238819712
-22.7542709999999992,0.0565727762753028
-27.5019889999999982,0.0780848139459422
-30.3344950000000004,0.0656126159222659
-31.7752960000000009,0.0322153653149009
-32.2155819999999977,-0.0067171953178899
-31.9461939999999984,-0.0394360336318584
-31.1827739999999984,-0.0596219991131122
-30.0851539999999993,-0.0657707812382426
-28.7719220000000000,-0.0596426244190162
-27.3311789999999988,-0.0446028394029589
-25.8282850000000010,-0.0243689042284316
-24.3113320000000002,-0.0023173663950438
-22.8152329999999992,0.0189585882896175
-21.3643150000000013,0.0373644486191509
-19.9749459999999992,0.0515994563129460
-18.6569709999999986,0.0606715324957037
-17.4155230000000003,0.0641154109272790
-16.2521190000000004,0.0617706276271086
-15.1658080000000002,0.0538484357404219
-14.1540219999999994,0.0409083307113445
-13.2132249999999996,0.0238125055209739
-12.3393090000000001,0.0035824655834666
-10.7757780000000007,-0.0407832838356050
-9.4309659999999997,-0.0818889558055478
-8.2751680000000007,-0.1113155130363896
-7.2816400000000003,-0.1244175849815443
-6.4265939999999997,-0.1203519468191310
-5.6891990000000003,-0.1011175423260529
-5.0514659999999996,-0.0703976943511844
-4.4982699999999998,-0.0323143411540805
-4.0170070000000004,0.0092418619780288
-3.5970230000000001,0.0507999479487058
-3.2295870000000000,0.0898069787967080
-2.9072830000000001,0.1243565475964390
-2.6237810000000001,0.1531577053425406
-2.3737689999999998,0.1755712663745799
-2.1527630000000002,0.1914661637901185
-1.7030890000000001,0.2044316900573915
-1.3654510000000000,0.1866822338105307
-1.1080520000000000,0.1492777465968167
-0.9089870000000000,0.1021387256564686
-0.7529200000000000,0.0525410682985687
-0.6290740000000000,0.0052192200794635
-0.5297040000000000,-0.0372146396862086
-0.4492040000000000,-0.0735899753514448
-0.3834040000000000,-0.1037082986297180
-0.3292200000000000,-0.1278659957103272
-0.2842800000000000,-0.1466667902070510
-0.2467000000000000,-0.1608749293091912
-0.1884780000000000,-0.1780661594549736
-0.1463940000000000,-0.1844356528784314
-0.1154320000000000,-0.1836068679846216
-0.0922310000000000,-0.1782368122771344
-0.0745450000000000,-0.1701424693788441
-0.0609090000000000,-0.1604779351575882
-0.0502510000000000,-0.1500624975338873
-0.0418060000000000,-0.1394430554891131
-0.0350940000000000,-0.1289061574261315
-0.0296650000000000,-0.1187281957028321
-0.0017980000000000,-0.0103828393307719
0.0000090000000000,-0.0000910738498151
96602.2296400000050198,-5758951.8909819135442376
81205.9376789999951143,-3515721.3161940444260836
64814.7219160000022384,-2131097.9625347121618688
49898.6311809999970137,-1281556.7535569572355598
37763.8718070000031730,-764147.9168804733781144
28340.2432289999997010,-451445.2026788440416567
21166.3223529999995662,-264004.5260064380127005
15760.6137020000005577,-152651.7074057977588382
11711.7007109999995009,-87154.1012535690242657
8690.1763449999998556,-49053.3041183248133166
6440.4013109999996232,-27164.2948454209617921
4767.4504489999999350,-14765.5541036371923838
3524.2368879999999081,-7855.0521185823945416
2600.6043380000000980,-4074.6821212355944226
1914.3806079999999383,-2051.2380074142738522
1404.4704659999999876,-995.7894961737476933
1025.5267679999999473,-462.1005601566213272
743.9620119999999588,-202.3844931336337822
534.8767980000000080,-82.0004413816117790
379.8104050000000029,-29.7024017639431008
265.0309470000000260,-8.9799910977353647
180.3068680000000086,-1.8803757040737139
117.9978669999999994,-0.0439194308136450
72.3991129999999998,0.1236023626342160
39.2541930000000008,-0.0229833911821800
15.3848850000000006,-0.0924586384847252
-1.5726910000000001,-0.0626530499921754
-13.3949289999999994,0.0056431477502183
-21.4141720000000007,0.0584200287345134
-26.6329390000000004,0.0744149051984273
-29.8038430000000005,0.0575625009576868
-31.4893549999999998,0.0234023871051470
-32.1068449999999999,-0.0123504759236681
-31.9644049999999993,-0.0392623007916058
-31.2888780000000004,-0.0533637164065581
-30.2480469999999997,-0.0552609704085256
-28.9668370000000017,-0.0479673801080942
-27.5390769999999989,-0.0349181253735793
-26.0352810000000012,-0.0191404744864023
-24.5083340000000014,-0.0026632101384862
-22.9970660000000002,0.0131866635759614
-21.5290190000000017,0.0275079131427738
-20.1227090000000004,0.0396284050682674
-18.7892749999999999,0.0487325070973696
-17.5344540000000002,0.0541614727419457
-16.3597749999999991,0.0552219518566410
-15.2640150000000006,0.0515048884943941
-14.2442110000000000,0.0429766268078033
-13.2963719999999999,0.0299581837931626
-12.4160450000000004,0.0131208191741621
-11.5988249999999997,-0.0064364198478000
-10.1365960000000008,-0.0487145080514377
-8.8780020000000004,-0.0867769401828991
-7.7952800000000000,-0.1125879105433709
-6.8637519999999999,-0.1220631430990933
-6.0615610000000002,-0.1148189622524640
-5.3695510000000004,-0.0931185249905022
-4.7710980000000003,-0.0607388528672042
-4.2520800000000003,-0.0218388341043916
-3.8005580000000001,0.0196405905377195
-3.4065979999999998,0.0604637148858207
-3.0618660000000002,0.0981411724516503
-2.7592729999999999,0.1308516387961958
-2.4930029999999999,0.1576264742000149
-2.2579419999999999,0.1778569651649349
-2.0499689999999999,0.1916169521891420
-1.6259310000000000,0.1998805401558581
-1.3065659999999999,0.1789844888055236
-1.0624320000000000,0.1401123767813897
-0.8731440000000000,0.0928116315224677
-0.7244650000000000,0.0439775126824029
-0.6062210000000000,-0.0021388173249547
-0.5111900000000000,-0.0431634759861248
-0.4340800000000000,-0.0781274242021975
-0.3709860000000000,-0.1069074248149014
-0.3189580000000000,-0.1298862191671926
-0.2757110000000000,-0.1477212519275735
-0.2395480000000000,-0.1610787339190504
-0.1833270000000000,-0.1771214889354399
-0.1427010000000000,-0.1826843431264261
-0.1126750000000000,-0.1814640783514046
-0.0901540000000000,-0.1758900661981505
-0.0729930000000000,-0.1676953016393548
-0.0597000000000000,-0.1580696663830037
-0.0493090000000000,-0.1477319463887065
-0.0411020000000000,-0.1371861087647525
-0.0345200000000000,-0.1268010482823604
-0.0292080000000000,-0.1167610618784737
-0.0018320000000000,-0.0101498556802426
0.0000200000000000,-0.0001007331085242
104749.5633499999967171,-5733553.8483765404671431
81986.3898619999963557,-3499055.4164990037679672
63409.5703859999994165,-2121217.7568749440833926
48256.6197519999986980,-1276280.8688896961975843
36269.2167869999975665,-761513.5014535358641297
27073.3112880000007863,-450232.0226145384367555
20125.3319389999996929,-263514.3869431011844426
14921.1686520000002929,-152505.5209187174332328
11043.6078049999996438,-87155.1239362323249225
8163.6840130000000499,-49105.0563010613986989
6028.6850649999996676,-27223.3581386698933784
4447.4651670000002923,-14815.2680138917239674
3276.8380780000002233,-7891.3818512964207912
2410.1976679999997941,-4098.8306564152844658
1768.4762760000000981,-2066.0738598405100674
1293.1599000000001070,-1004.2238365237926701
941.0221950000000106,-466.5074478935949287
680.1536959999999681,-204.4570170452109323
486.9996659999999906,-82.8474247344088894
344.1498439999999732,-29.9800977671124542
238.7044539999999984,-9.0406887585854463
161.0817600000000027,-1.8838382782007272
104.1513769999999965,-0.0422055963296657
62.6172919999999991,0.1203172788982343
32.5356570000000005,-0.0249079491635058
10.9750019999999999,-0.0918757571023257
-4.2504759999999999,-0.0576821476281912
-14.7774830000000001,0.0110253818024262
-21.8370390000000008,0.0602844830024374
-26.3559540000000005,0.0708056051093777
-29.0300189999999994,0.0498387239954639
-30.3767029999999991,0.0148434545345246
-30.7770219999999988,-0.0180221287922855
-30.5087359999999990,-0.0397375008348710
-29.7741140000000009,-0.0481967940935348
-28.7211980000000011,-0.0459733485521774
-27.4599849999999996,-0.0371806667869983
-26.0734190000000012,-0.0254707103165472
-24.6244920000000000,-0.0132505505667524
-23.1610310000000013,-0.0014757040706499
-21.7184220000000003,0.0096237236268308
-20.3219330000000014,0.0201664545666134
-18.9882069999999992,0.0299338984256217
-17.7271360000000016,0.0384487500012831
-16.5432069999999989,0.0448279687032596
-15.4370060000000002,0.0480456840493488
-14.4065499999999993,0.0472416422208326
-13.4482730000000004,0.0418744892869629
-12.5579199999999993,0.0319505544872456
-11.7309090000000005,0.0178662788004225
-10.9628320000000006,0.0005143606912394
-9.5872469999999996,-0.0390654205577281
-8.4014340000000001,-0.0766690656871312
-7.3799210000000004,-0.1037680729362638
-6.5002930000000001,-0.1155476711974934
-5.7426029999999999,-0.1109650841564216
-5.0890789999999999,-0.0919038388419358
-4.5241369999999996,-0.0619090764509123
-4.0344410000000002,-0.0250137785645483
-3.6086200000000002,0.0148576574929891
-3.2371460000000001,0.0544034655791625
-2.9120520000000001,0.0910883503580395
-2.6266110000000000,0.1230858808176354
-2.3752610000000001,0.1493517442579813
-2.1532439999999999,0.1693358140274184
-1.9565650000000001,0.1829695385653312
-1.5549770000000001,0.1917906765369666
-1.2518050000000001,0.1723241839219520
-1.0195700000000001,0.1354276001762691
-0.8391850000000000,0.0903261626680542
-0.6972280000000000,0.0436194397391663
-0.5841980000000000,-0.0005102436071279
-0.4932450000000000,-0.0398024568373487
-0.4193760000000000,-0.0733019168461833
-0.3588030000000000,-0.1009675780475620
-0.3087950000000000,-0.1230890463129528
-0.2672020000000000,-0.1402679365380615
-0.2323610000000000,-0.1531862038377298
-0.1781870000000000,-0.1687162403206344
-0.1388880000000000,-0.1742778808753732
-0.1098560000000000,-0.1732400437330820
-0.0880410000000000,-0.1680159288149786
-0.0713690000000000,-0.1602844133945813
-0.0584330000000000,-0.1511622417019149
-0.0483290000000000,-0.1413156714724772
-0.0403190000000000,-0.1312767746189089
-0.0339180000000000,-0.1213476078415942
-0.0287170000000000,-0.1117728852608332
-0.0018300000000000,-0.0097020981768139
-0.0000010000000000,-0.0000767026663036
97879.0711060000030557,-5383761.6412625461816788
79200.7021180000010645,-3287701.1123979152180254
63029.2578199999989010,-1994829.8231245388742536
48475.8783059999987017,-1200919.9152086945250630
36694.1907340000034310,-716956.4855324951931834
27540.8876710000004095,-424151.3956370517844334
20559.7149089999984426,-248419.7501910667051561
15292.0190739999998186,-143878.7371251074364409
11344.6318640000008600,-82294.4017864355409984
8400.0706410000002506,-46410.1873919774370734
6210.1403250000003027,-25756.7067984948080266
4584.5858770000004370,-14034.0580272485749447
3379.3435429999999542,-7485.6711050266994789
2486.3027000000001863,-3894.4132092834770447
1824.7606060000000525,-1966.7936015115244572
1334.7420990000000529,-958.1518915107371868
971.7954670000000306,-446.3216599457171014
703.0466830000000300,-196.2514285869456216
504.1913129999999796,-79.8372296660369898
357.2396259999999870,-29.0309962501875134
248.8484149999999886,-8.8061272378863862
169.1096200000000067,-1.8476788112049576
110.6551029999999969,-0.0432241154595800
68.0056490000000053,0.1225183847100197
37.1017119999999991,-0.0234604267094980
14.9208440000000007,-0.0938709852045871
-0.7822810000000000,-0.0616288399594176
-11.6844180000000009,0.0087941042524236
-19.0429929999999992,0.0618634043429331
-23.8036990000000017,0.0757665607658460
-26.6763049999999993,0.0553509766853999
-28.1903970000000008,0.0179422811717380
-28.7370570000000001,-0.0190565645066343
-28.6021800000000006,-0.0445299695432873
-27.9933680000000003,-0.0549140057144548
-27.0615340000000018,-0.0521837596582095
-25.9173590000000011,-0.0409255192967883
-24.6432490000000008,-0.0257666426916714
-23.3011550000000014,-0.0101785126685847
-21.9377719999999989,0.0039209725751057
-20.5880149999999986,0.0160439954531775
-19.2768459999999990,0.0261685832697154
-18.0212369999999993,0.0344742985770985
-16.8314920000000008,0.0408515098561679
-15.7127470000000002,0.0449113665485772
-14.6662429999999997,0.0460327772292697
-13.6906029999999994,0.0436368987109397
-12.7827620000000000,0.0373071711221158
-11.9388229999999993,0.0270017993814040
-11.1546289999999999,0.0131252140736215
-10.4260490000000008,-0.0035651891500645
-9.1203599999999998,-0.0411558296264509
-7.9939270000000002,-0.0765812768305763
-7.0230730000000001,-0.1018313253552652
-6.1869610000000002,-0.1122974857016903
-5.4669610000000004,-0.1069394218398196
-4.8462740000000002,-0.0876161829801498
-4.3100490000000002,-0.0578134913802133
-3.8455080000000001,-0.0214884871364496
-3.4416490000000000,0.0174471143173247
-3.0893419999999998,0.0558115485389368
-2.7809590000000002,0.0911768525176191
-2.5100709999999999,0.1218093459632552
-2.2713040000000002,0.1466626468872128
-2.0603110000000000,0.1654172831141376
-1.8732549999999999,0.1779901725774096
-1.4908340000000000,0.1850768483219791
-1.2016220000000000,0.1651617668205003
-0.9798050000000000,0.1288819789667758
-0.8073930000000000,0.0851191249985820
-0.6715700000000000,0.0400355336735041
-0.5633520000000000,-0.0023943765519229
-0.4761320000000000,-0.0401553915517040
-0.4052310000000000,-0.0722994263497347
-0.3470530000000000,-0.0988011171777322
-0.2989760000000000,-0.1199736827783312
-0.2589320000000000,-0.1364207019547249
-0.2253910000000000,-0.1487440372861004
-0.1731320000000000,-0.1635539583432723
-0.1351670000000000,-0.1687943381555340
-0.1070580000000000,-0.1677243911233354
-0.0858950000000000,-0.1626449484493983
-0.0697110000000000,-0.1551428046393856
-0.0571430000000000,-0.1463004513720301
-0.0473320000000000,-0.1367465775567042
-0.0394920000000000,-0.1270674662144624
-0.0332360000000000,-0.1174726049515765
-0.0281870000000000,-0.1081795522940828
-0.0018010000000000,-0.0093926351699804
0.0000070000000000,-0.0000824221205024
91079.2674620000034338,-7171815.2241852367296815
78468.8844180000014603,-4402272.4182454943656921
64046.5702250000031199,-2685033.2090979726053774
50691.3650689999994938,-1626394.9685678749810904
39210.6702030000014929,-977644.5294170927954838
29895.4516739999999118,-582781.9351579255890101
22581.8872200000005250,-344228.2750112577923574
16947.6541450000004261,-201270.9614722942351364
12658.8380919999999605,-116362.2584116675570840
9420.8610800000005838,-66428.1390785285475431
6990.4159040000004097,-37385.3800183087441837
5173.7720490000001519,-20702.4197423260629876
3820.1203559999999015,-11253.5409698093171755
2813.7160439999997834,-5987.4937824406224536
2066.6994479999998475,-3106.7265624476290213
1512.8694439999999304,-1564.6541028744941286
1102.6558179999999538,-760.1118276560216600
799.0711549999999761,-353.1143709308859684
574.6346969999999601,-154.8995612937307556
408.9488820000000260,-62.9102763604748247
286.8829269999999951,-22.8695727058424723
197.1953809999999976,-6.9537809171672507
131.5294289999999933,-1.4706685486886215
83.6678239999999960,-0.0364229373494567
48.9891980000000018,0.1005485337782446
24.0608350000000009,-0.0143850764051159
6.3373679999999997,-0.0763284183139614
-6.0728609999999996,-0.0536341111395959
-14.5633510000000008,-0.0002786708347902
-20.1801740000000009,0.0448059780293875
-23.7001279999999994,0.0622894441974182
-25.7018640000000005,0.0525634163095781
-26.6150389999999994,0.0260302771069121
-26.7574700000000014,-0.0047771357245594
-26.3626509999999996,-0.0304748859763535
-25.6015279999999983,-0.0462010640262349
-24.5991029999999995,-0.0510607564483827
-23.4468850000000018,-0.0467399244790201
-22.2121600000000008,-0.0359157510787966
-20.9444240000000015,-0.0212561759116916
-19.6797110000000011,-0.0050470341069477
-18.4438250000000004,0.0110599066639878
-17.2544140000000006,0.0257988822362236
-16.1226279999999988,0.0380886234197213
-15.0546530000000001,0.0470503575526493
-14.0529419999999998,0.0519929988774379
-13.1171419999999994,0.0523172537651391
-12.2453400000000006,0.0479284466282248
-11.4344029999999997,0.0389071225688600
-10.6807789999999994,0.0257821515854761
-9.9807919999999992,0.0094190809332364
-8.7273660000000000,-0.0286550554585645
-7.6476090000000001,-0.0658459897855064
-6.7183020000000004,-0.0939762218506202
-5.9189420000000004,-0.1080787342561838
-5.2313039999999997,-0.1066245320234112
-4.6389630000000004,-0.0910844185968243
-4.1274920000000002,-0.0646201486703273
-3.6844299999999999,-0.0310831353132426
-3.2991950000000001,0.0057380202361430
-2.9629580000000000,0.0426123814549988
-2.6684299999999999,0.0770778111281354
-2.4094899999999999,0.1073367697174663
-2.1811739999999999,0.1323996677921522
-1.9791980000000000,0.1516863690794870
-1.8000090000000000,0.1651093184858790
-1.4334709999999999,0.1753965912369999
-1.1561550000000000,0.1593944060155238
-0.9434160000000000,0.1270026848753804
-0.7780120000000000,0.0867003339384987
-0.6477210000000000,0.0445695306328886
-0.5438180000000000,0.0044550258779258
-0.4600750000000000,-0.0314717312283265
-0.3918920000000000,-0.0623115835352107
-0.3359200000000000,-0.0878662617397246
-0.2896510000000000,-0.1083785355712707
-0.2510560000000000,-0.1244391335565478
-0.2187060000000000,-0.1365650801122175
-0.1682190000000000,-0.1514214081843975
-0.1315100000000000,-0.1570362647460146
-0.1043110000000000,-0.1565262971860357
-0.0837900000000000,-0.1521330152717557
-0.0680440000000000,-0.1453939375361893
-0.0558460000000000,-0.1372680966040703
-0.0462690000000000,-0.1284632455492368
-0.0386750000000000,-0.1194275753891869
-0.0325810000000000,-0.1104755010805336
-0.0276410000000000,-0.1018016451015727
-0.0018190000000000,-0.0088062864103408
0.0000100000000000,-0.0000815926166830
94730.8200050000014016,-6492823.4424484139308333
80198.1806059999944409,-3976998.7018133639357984
67868.3413419999997132,-2422589.9290183158591390
55774.9428170000028331,-1465948.7197418017312884
44627.8628959999987273,-880452.5446998876286671
34950.0304600000017672,-524396.8348893378861248
26938.6860799999994924,-309448.7650779702817090
20524.2271350000009988,-180742.8573219009558670
15501.4405769999993936,-104370.0617860942002153
11628.5814050000008137,-59503.2706225615256699
8675.4283649999997579,-33438.6437596026953543
6442.3632120000002033,-18486.2396445622216561
4764.6139880000000630,-10030.0229633647395531
3510.5027530000002116,-5325.1019615206369053
2576.8532260000001770,-2756.2392228891467312
1884.0724450000000161,-1384.2397927818240078
1371.4039510000000064,-670.3631318114346413
992.8525720000000092,-310.3915805282686051
713.8918999999999642,-135.7351852120830245
508.7274459999999863,-55.0027455137548031
358.1881799999999885,-19.9899752382052043
248.0461610000000121,-6.0999093509638840
167.7554910000000064,-1.3051005758035785
109.4907469999999989,-0.0355099998791530
67.4490480000000048,0.0946625620730970
37.3279229999999984,-0.0069838631552201
15.9463930000000005,-0.0694613974269398
0.9576360000000000,-0.0598394345269905
-9.3675709999999999,-0.0096441969322782
-16.2900440000000017,0.0375125373065757
-20.7426460000000006,0.0630281305398199
-23.4092020000000005,0.0617873684623902
-24.7935049999999997,0.0392700942851221
-25.2677839999999989,0.0060078240491741
-25.1070819999999983,-0.0271617063837688
-24.5140859999999989,-0.0519524126354973
-23.6372549999999997,-0.0638472274198669
-22.5842109999999998,-0.0621802022458837
-21.4321260000000002,-0.0491908222152446
-20.2356960000000008,-0.0287657813527176
-19.0332949999999990,-0.0051686675560809
-17.8515480000000011,0.0178878341619111
-16.7084679999999999,0.0375863993701095
-15.6156860000000002,0.0520478045460600
-14.5803139999999996,0.0604536347835385
-13.6058339999999998,0.0625391290414186
-12.6932480000000005,0.0586219235593290
-11.8417110000000001,0.0493393493073420
-11.0491299999999999,0.0355396403781150
-10.3127770000000005,0.0183444489391054
-9.6293910000000000,-0.0011683981552029
-8.4085520000000002,-0.0420901062308872
-7.3609600000000004,-0.0781217287813325
-6.4630479999999997,-0.1023936119659412
-5.6934740000000001,-0.1114912858128339
-5.0331910000000004,-0.1052075351467696
-4.4652409999999998,-0.0858759156184652
-3.9750510000000001,-0.0570109494597397
-3.5502509999999998,-0.0224998058067123
-3.1805819999999998,0.0141104950075310
-2.8575270000000002,0.0498398270646510
-2.5741239999999999,0.0824958602156292
-2.3247330000000002,0.1106998292732708
-2.1045850000000002,0.1335861228166526
-1.9097189999999999,0.1508174961312980
-1.7368319999999999,0.1624689272312814
-1.3829870000000000,0.1694335856565719
-1.1154649999999999,0.1520155993673004
-0.9104880000000000,0.1196845925906413
-0.7512529999999999,0.0803085876032275
-0.6258370000000000,0.0394811008910809
-0.5258550000000000,0.0008267730441189
-0.4452000000000000,-0.0337451719450778
-0.3795310000000000,-0.0633315099791197
-0.3255920000000000,-0.0878071153204321
-0.2809290000000000,-0.1074674460852342
-0.2436710000000000,-0.1228130452438379
-0.2124150000000000,-0.1343777752751096
-0.1636050000000000,-0.1484530493906918
-0.1280630000000000,-0.1536556009781714
-0.1016790000000000,-0.1529926410287806
-0.0817320000000000,-0.1486166302037279
-0.0664840000000000,-0.1419116962736026
-0.0546090000000000,-0.1339433036216958
-0.0452870000000000,-0.1253177912227535
-0.0378890000000000,-0.1164789836999105
-0.0319200000000000,-0.1077573334797277
-0.0271160000000000,-0.0992690591109109
-0.0018000000000000,-0.0085743051038877
-0.0000030000000000,-0.0000669015179423
114437.2053880000021309,-9836442.4631290119141340
92203.6096269999979995,-6057558.0988669665530324
78125.5347940000065137,-3712669.2545654242858291
66623.2144439999974566,-2263471.7128671742975712
55509.5454190000018571,-1371333.3301275291014463
45024.8909619999976712,-824902.5584742638748139
35681.7514169999994920,-492233.4236461023683660
27764.5128860000004352,-291110.7582865640870295
21301.0012949999982084,-170467.5804916861234233
16161.3044140000001789,-98727.2276250182039803
12151.3832050000000891,-56477.3144148169376422
9067.6010810000007041,-31862.3278846636821982
6722.4323750000003201,-17694.3565434069350886
4954.9491399999997157,-9650.7237569576100213
3632.5923309999998310,-5155.0846569441309839
2649.3013399999999820,-2687.4309769450323984
1921.8893049999999221,-1361.1488925015917175
1386.1479799999999614,-665.8216923928837332
993.0872940000000426,-311.9832196338694530
705.7161119999999528,-138.3614141908120700
496.3471890000000144,-56.9962031520945516
344.3686769999999910,-21.1060566002365135
234.5098409999999944,-6.5770431896081618
155.4733310000000017,-1.4386719310882370
98.9257429999999971,-0.0407136431971793
58.7310870000000023,0.1090002535340915
30.3931040000000010,-0.0079489045454650
10.6301100000000002,-0.0814562686050184
-2.9418869999999999,-0.0699801655556151
-12.0556429999999999,-0.0103390848304219
-17.9607840000000003,0.0461691491984375
-21.5737750000000013,0.0758795637216743
-23.5615169999999985,0.0729083929322734
-24.4106759999999987,0.0444100745116529
-24.4761580000000016,0.0034193809819847
-24.0157750000000014,-0.0368067525662994
-23.2155139999999989,-0.0660612329612498
-22.2079330000000006,-0.0786972915153505
-21.0856969999999997,-0.0738865429789399
-19.9119920000000015,-0.0547776647719722
-18.7290379999999992,-0.0266886640706474
-17.5641810000000014,0.0042111185956522
-16.4350720000000017,0.0326075085912301
-15.3529230000000005,0.0547116834332773
-14.3245140000000006,0.0682986561510148
-13.3541150000000002,0.0731040134934702
-12.4435169999999999,0.0696596598909967
-11.5929749999999991,0.0592961534701182
-10.8014410000000005,0.0436373407431230
-10.0668570000000006,0.0243190196865939
-9.3865079999999992,0.0029019689156335
-8.1758509999999998,-0.0407679558257410
-7.1433669999999996,-0.0780502610478830
-6.2638680000000004,-0.1025888248643305
-5.5144120000000001,-0.1113694289637905
-4.8743619999999996,-0.1046992992905720
-4.3256180000000004,-0.0852094238927306
-3.8526710000000000,-0.0567650474621528
-3.4427249999999998,-0.0233337589189508
-3.0855510000000002,0.0117164491753692
-2.7728429999999999,0.0456189882203271
-2.4980620000000000,0.0765077255470392
-2.2558120000000002,0.1030912267146507
-2.0417230000000002,0.1247166803660389
-1.8520900000000000,0.1411087445746300
-1.6838059999999999,0.1523506698173163
-1.3396040000000000,0.1599770524751629
-1.0798680000000001,0.1448008331875720
-0.8813120000000000,0.1153588776130953
-0.7273340000000000,0.0788568105226567
-0.6062210000000000,0.0406013278920393
-0.5096500000000000,0.0040019564675682
-0.4318150000000000,-0.0288830925531509
-0.3683750000000000,-0.0572335647263565
-0.3162360000000000,-0.0808078787971605
-0.2730240000000000,-0.0998469208624445
-0.2369850000000000,-0.1147488586244223
-0.2067270000000000,-0.1260453455280615
-0.1594040000000000,-0.1399770341684892
-0.1249130000000000,-0.1453381214829131
-0.0992530000000000,-0.1450435474617158
-0.0798930000000000,-0.1410682545622478
-0.0650180000000000,-0.1348837910948699
-0.0534770000000000,-0.1273897526262858
-0.0443510000000000,-0.1192996361912771
-0.0371240000000000,-0.1109516110096452
-0.0312980000000000,-0.1026857617875063
-0.0265850000000000,-0.0946483033441186
-0.0017870000000000,-0.0081644232918047
-0.0000080000000000,-0.0000590521627056
161356.7097089999879245,-14653945.3309540562331676
121963.4584759999997914,-9062269.2550957519561052
100480.6405439999944065,-5579405.7889187969267368
87571.3995520000025863,-3420378.1900219428353012
76478.5603609999961918,-2086725.0463752683717757
64750.5080139999990934,-1265502.3097145527135581
53060.0131990000008955,-762156.4012140464037657
42345.4666060000017751,-455451.6539234807714820
33112.8444359999994049,-269834.1579463371308520
25483.6183190000010654,-158347.7998509120079689
19360.7068719999988389,-91945.1994093053217512
14551.4663390000005165,-52760.7274483929140843
10836.3008100000006380,-29875.8140183058421826
8004.3325809999996636,-16664.5513024600331846
5869.2172110000001339,-9137.1401230566953018
4274.3049170000003869,-4911.7575506985795073
3092.3017420000001039,-2580.2047712230069010
2222.2775719999999637,-1318.9548394973078302
1585.7290499999999156,-652.3816057062198297
1122.5393420000000333,-309.7348524546522412
787.2645880000000034,-139.4909891755017952
545.8409799999999450,-58.4759989154810000
372.9302359999999794,-22.0834091484420583
249.7791239999999959,-7.0289072869457243
162.5932970000000068,-1.5730016133282732
101.2705349999999953,-0.0457321625501379
58.4602429999999984,0.1236332652531544
28.8466659999999990,-0.0097321727831208
8.6151160000000004,-0.0959344694881086
-4.9599799999999998,-0.0785252309868989
-13.8120030000000007,-0.0089204885339633
-19.3274539999999995,0.0586667088121828
-22.5017220000000009,0.0910569577437705
-24.0547679999999993,0.0819193507215097
-24.5078449999999997,0.0430507468141847
-24.2357510000000005,-0.0069479017323815
-23.5040529999999990,-0.0513358499438361
-22.4973300000000016,-0.0794096305767447
-21.3410410000000006,-0.0872130644289477
-20.1184539999999998,-0.0762045382131760
-18.8834839999999993,-0.0511696597875755
-17.6698699999999995,-0.0184833604536188
-16.4978340000000010,0.0153522697884725
-15.3788830000000001,0.0448273853232237
-14.3191500000000005,0.0661102477748532
-13.3216049999999999,0.0773091661004344
-12.3872409999999995,0.0782046152070404
-11.5159800000000008,0.0700578111818704
-10.7066370000000006,0.0547413108446300
-9.9574610000000003,0.0346474972341131
-9.2659109999999991,0.0119882494756816
-8.0427660000000003,-0.0339118239182792
-7.0086930000000001,-0.0723908222902514
-6.1345619999999998,-0.0978310599577554
-5.3940720000000004,-0.1079511568703637
-4.7645879999999998,-0.1030326503982426
-4.2268869999999996,-0.0853669502486056
-3.7646370000000000,-0.0586610952512978
-3.3644440000000002,-0.0268851178814553
-3.0156499999999999,0.0064694129488823
-2.7099709999999999,0.0387585269947848
-2.4409109999999998,0.0681252639313854
-2.2033309999999999,0.0934212493097433
-1.9931460000000001,0.1141241434006111
-1.8068850000000001,0.1300245399282380
-1.6415550000000001,0.1411553408572821
-1.3039320000000001,0.1502490749020549
-1.0499430000000001,0.1379798290595495
-0.8563960000000000,0.1118519295658081
-0.7067220000000000,0.0784897731876135
-0.5892360000000000,0.0429242190693242
-0.4956300000000000,0.0084435077980614
-0.4201530000000000,-0.0228928898659829
-0.3586650000000000,-0.0500803664897818
-0.3080870000000000,-0.0728642334396691
-0.2661540000000000,-0.0913736128905037
-0.2311230000000000,-0.1059923495199084
-0.2017340000000000,-0.1171175858958728
-0.1557210000000000,-0.1310487178436655
-0.1221220000000000,-0.1367119678081413
-0.0971360000000000,-0.1368276096923691
-0.0782180000000000,-0.1333927735898773
-0.0637120000000000,-0.1277288086576294
-0.0524120000000000,-0.1207988215043364
-0.0435250000000000,-0.1131982197795375
-0.0364350000000000,-0.1053724093978534
-0.0307490000000000,-0.0975630525178472
-0.0261250000000000,-0.0899763263973074
-0.0017860000000000,-0.0077441648487505
0.0000080000000000,-0.0000722137456434
249694.7424149999860674,-19904096.0507849752902985
177856.8253149999945890,-12310034.7887265570461750
141571.3377329999930225,-7579686.9919802611693740
124015.2991730000067037,-4649132.2663921574130654
113614.6215329999977257,-2842212.3248591623269022
101557.8988799999933690,-1729944.8661506578791887
86196.2387770000059390,-1046167.7236347307916731
70503.3018299999966985,-628117.0142674417002127
56171.2128620000003139,-374180.1362512910855003
43846.5793970000013360,-220989.1772053381719161
33661.6694760000027600,-129269.1033426334615797
25487.1456389999984822,-74812.1802278712857515
19071.6965119999986200,-42780.5329377329690033
14125.7657620000009047,-24135.7630034590911237
10367.7854060000008758,-13410.1775333306777611
7546.9595630000003439,-7321.8993811260106668
5451.4118010000001959,-3918.0729042159036908
3908.5459719999998924,-2047.9913940652709243
2781.5623430000000553,-1041.1863852524727463
1964.1587890000000698,-511.8817482978740827
1375.1437120000000505,-241.3976898346577400
953.3195230000000038,-107.8830678593760695
653.0884680000000344,-44.8277696092992528
440.7375349999999798,-16.7584685617657669
291.5207320000000095,-5.2803499063768982
187.3856560000000115,-1.1731467548607668
115.2662569999999960,-0.0357381464246629
65.7682929999999999,0.0934506179300882
32.1777519999999981,-0.0013542652156531
9.7253190000000007,-0.0700133264664817
-4.9720610000000001,-0.0666925655042814
-14.2970790000000001,-0.0174324753936368
-19.9204830000000008,0.0391915079024479
-23.0104809999999986,0.0736311541782548
-24.3869070000000008,0.0741967808482826
-24.6280080000000012,0.0456999095331696
-24.1422099999999986,0.0029739816749270
-23.2146679999999996,-0.0380216656086709
-22.0400820000000017,-0.0660744679500773
-20.7475319999999996,-0.0765872533794827
-19.4199170000000017,-0.0704481850581011
-18.1091489999999986,-0.0513589023759842
-16.8462350000000001,-0.0243315701440494
-15.6485669999999999,0.0056894961378564
-14.5241790000000002,0.0339731305379072
-13.4752100000000006,0.0565704848558592
-12.5003229999999999,0.0706711495194998
-11.5965830000000008,0.0749931710065184
-10.7604620000000004,0.0697052421855222
-9.9886630000000007,0.0564595632139202
-9.2778360000000006,0.0375311656504529
-8.0255899999999993,-0.0073768886213497
-6.9744500000000000,-0.0487611053783636
-6.0924050000000003,-0.0785055295739747
-5.3491220000000004,-0.0941959346456462
-4.7189139999999998,-0.0961330969349206
-4.1813859999999998,-0.0857053958409919
-3.7200440000000001,-0.0654637202177901
-3.3214530000000000,-0.0386652040447526
-2.9746640000000002,-0.0087356860295418
-2.6710769999999999,0.0214593466244213
-2.4039869999999999,0.0497888345039148
-2.1681900000000001,0.0748886363394501
-1.9595510000000000,0.0960002242065547
-1.7746990000000000,0.1128245211062431
-1.6107600000000000,0.1253388061145806
-1.2765839999999999,0.1390307364242152
-1.0263040000000001,0.1321151865510383
-0.8363800000000000,0.1109754760838501
-0.6900300000000000,0.0817763174083602
-0.5753580000000000,0.0493475634142833
-0.4841350000000000,0.0171610026337576
-0.4106060000000000,-0.0126087514710433
-0.3506850000000000,-0.0388011007237643
-0.3014000000000000,-0.0609773949766443
-0.2605040000000000,-0.0791947992352594
-0.2263640000000000,-0.0936911923557643
-0.1976520000000000,-0.1049086904445427
-0.1526810000000000,-0.1192872433384041
-0.1198300000000000,-0.1255880863346978
-0.0953650000000000,-0.1264508467591684
-0.0768520000000000,-0.1237638413000864
-0.0626160000000000,-0.1188750055665044
-0.0515460000000000,-0.1126614329562979
-0.0428050000000000,-0.1057714568013328
-0.0358830000000000,-0.0985528544388482
-0.0302640000000000,-0.0913779720481439
-0.0257440000000000,-0.0843219800154208
-0.0017450000000000,-0.0072897529997069
-0.0000070000000000,-0.0000538756868619
386298.0685129999765195,-35450620.8920739516615868
263588.7144429999752901,-22031363.7584222815930843
206737.1684269999968819,-13636754.4187982883304358
183928.6803960000106599,-8412155.1762453075498343
175768.0791310000058729,-5177014.9651992311701179
166853.0189109999919310,-3178906.3551558144390583
145937.6146770000050310,-1940601.0724138689693063
121993.9744840000057593,-1177725.6405011205933988
98608.9557709999935469,-710081.0356926694512367
77481.6566909999964992,-424832.8311483891448006
59556.4571399999986170,-251973.6871401867247187
45015.1743789999964065,-148026.8904281711729709
33578.3293390000035288,-86053.9513069419917883
24776.8393350000005739,-49450.2922324963146821
18112.5180379999983415,-28051.8038181075025932
13130.8108119999997143,-15683.9481384462960705
9446.4016129999999976,-8626.2094122112885088
6746.2644529999997758,-4656.2553482848443309
4783.4732050000002346,-2459.5780186685178705
3367.1759029999998347,-1266.9473770894683184
2352.1867699999997967,-633.6370182562131959
1629.3994310000000496,-305.9723355791923041
1117.7886579999999412,-141.5874600367999392
757.8039760000000342,-62.1146604825537452
506.0766689999999812,-25.4157347981527550
331.2242110000000253,-9.4315620977501453
210.6776969999999949,-2.9942618042831555
128.3018790000000138,-0.6886271176604026
72.6136379999999946,-0.0259415647134347
35.4709259999999986,0.0642246475043748
11.1210909999999998,0.0068021362689041
-4.4810179999999997,-0.0465588030922959
-14.1570140000000002,-0.0551087663588259
-19.8530629999999988,-0.0237219491373182
-22.8939149999999998,0.0227455137265693
-24.1756339999999987,0.0572796863312632
-24.3086009999999995,0.0646131861442640
-23.7143170000000012,0.0453171485173982
-22.6857119999999988,0.0109284936651051
-21.4232019999999999,-0.0250626267285163
-20.0601680000000009,-0.0524975356483424
-18.6818069999999992,-0.0665001009906838
-17.3405400000000007,-0.0660523865825127
-16.0669000000000004,-0.0524867880069451
-14.8765470000000004,-0.0287747885034229
-13.7746309999999994,0.0005748569966624
-12.7595130000000001,0.0303293389253447
-11.8253419999999991,0.0551006273306989
-10.9651770000000006,0.0710627385003839
-10.1724160000000001,0.0763869085241371
-9.4417890000000000,0.0715262733380282
-8.1509370000000008,0.0400085265894461
-7.0650839999999997,-0.0020470789316551
-6.1558440000000001,-0.0387681497048860
-5.3923490000000003,-0.0642619314236326
-4.7464240000000002,-0.0778577317711937
-4.1958529999999996,-0.0800427849099252
-3.7237220000000000,-0.0718171398670937
-3.3167480000000000,-0.0549809337884928
-2.9640599999999999,-0.0321120014254288
-2.6565840000000001,-0.0061755204332132
-2.3870960000000001,0.0202831613181362
-2.1498360000000001,0.0452819005053442
-1.9403729999999999,0.0676148311078888
-1.7551230000000000,0.0865831829951726
-1.5910970000000000,0.1018618933263080
-1.2578540000000000,0.1239389069472319
-1.0094479999999999,0.1255107147170016
-0.8218060000000000,0.1116887639613526
-0.6776960000000000,0.0881323990017210
-0.5650630000000000,0.0597699157846540
-0.4755720000000000,0.0303065295168511
-0.4035260000000000,0.0022861056799269
-0.3447570000000000,-0.0229669177885858
-0.2964050000000000,-0.0447232730457112
-0.2562930000000000,-0.0628471639181443
-0.2227790000000000,-0.0775040146129543
-0.1945950000000000,-0.0890235848668463
-0.1504280000000000,-0.1042708725428113
-0.1181240000000000,-0.1116192495381609
-0.0940550000000000,-0.1135594439396735
-0.0758220000000000,-0.1119371206551169
-0.0618260000000000,-0.1080292642915235
-0.0509140000000000,-0.1027640566022984
-0.0422910000000000,-0.0967577431811016
-0.0354440000000000,-0.0903706974626077
-0.0299260000000000,-0.0839151805453504
-0.0254560000000000,-0.0775515150131040
-0.0017380000000000,-0.0067173579555785
-0.0000020000000000,-0.0000549717537630
540096.4392150000203401,-28150492.4155685119330883
361539.5334530000109226,-17292627.2646789960563183
291592.2165640000021085,-10585879.6052547283470631
283159.8168670000159182,-6480008.3332112487405539
313850.3160739999730140,-4000033.8075135564431548
340538.8035210000234656,-2501731.4975337870419025
348293.6592909999890253,-1592671.3421130641363561
303908.1952210000017658,-1003836.9443659074604511
228956.5914350000093691,-610386.9684559674933553
160843.6796219999960158,-359438.6792442146688700
111503.8605799999932060,-207688.8777976372221019
77967.2128740000043763,-118683.3588337978289928
55137.2324329999973997,-67247.8449161589524010
39279.2535130000032950,-37765.6885368782095611
28054.9347060000000056,-20979.7385060381893709
20019.0267940000012459,-11497.9751882672208012
14239.7115670000002865,-6197.5292169649219431
10083.8791789999995672,-3274.1248648420032623
7103.8883569999998144,-1688.8002886117583330
4975.8540009999996983,-846.7128917569671103
3463.2132860000001529,-410.3460080286158700
2393.2569549999998344,-190.8502759691004940
1640.2814120000000457,-84.3647267080016263
1113.2329259999999067,-35.0013685358103430
746.4095810000000029,-13.4044141408860469
492.6316340000000196,-4.6225826339152718
318.2293189999999754,-1.3733737663753232
199.2968600000000094,-0.3086938265842605
118.9477150000000023,-0.0165358695483775
65.2957119999999946,0.0344590114685417
30.0013690000000004,0.0157327539095107
7.2275400000000003,-0.0180418041762831
-7.0917349999999999,-0.0409902424215485
-15.7640790000000006,-0.0372829973213378
-20.7012159999999987,-0.0065075006971220
-23.1839350000000017,0.0339710236913611
-24.0646249999999995,0.0609095247246074
-23.9166869999999996,0.0607432629608091
-23.1333149999999996,0.0355740386868568
-21.9857580000000006,-0.0022197771678236
-20.6578680000000006,-0.0387285726980124
-19.2695940000000014,-0.0642734265479064
-17.8957240000000013,-0.0743470520027785
-16.5802839999999989,-0.0684276262346053
-15.3471089999999997,-0.0482775876839536
-14.2059090000000001,-0.0178453995100121
-13.1569059999999993,0.0173392110959991
-12.1938619999999993,0.0504534295320838
-11.3080379999999998,0.0754674218880709
-10.4907740000000000,0.0884374940343502
-9.7351039999999998,0.0882348684666763
-8.3910040000000006,0.0562652301837101
-7.2517459999999998,0.0059872245052421
-6.2958220000000003,-0.0387545677385521
-5.4953230000000000,-0.0683780226851809
-4.8208380000000002,-0.0829239493337885
-4.2477330000000002,-0.0848407705732690
-3.7576399999999999,-0.0761179336677906
-3.3367130000000000,-0.0586234803325958
-2.9736850000000001,-0.0348142637574242
-2.6589299999999998,-0.0076902190787314
-2.3845149999999999,0.0199888988181431
-2.1440269999999999,0.0460416447919854
-1.9324889999999999,0.0691173792778108
-1.7458899999999999,0.0884339294371561
-1.5810360000000001,0.1037471823556291
-1.2472310000000000,0.1251711303356013
-0.9994900000000000,0.1258551965851771
-0.8130390000000000,0.1114009533290913
-0.6702129999999999,0.0875162578586265
-0.5587640000000000,0.0590667030556766
-0.4703420000000000,0.0297245074277774
-0.3991080000000000,0.0018262501715021
-0.3410740000000000,-0.0231923723492097
-0.2933390000000000,-0.0446999491796070
-0.2537330000000000,-0.0625959091972965
-0.2205860000000000,-0.0771031997117505
-0.1927240000000000,-0.0884774666576691
-0.1490420000000000,-0.1035186308465460
-0.1170730000000000,-0.1107539806827644
-0.0932610000000000,-0.1126264521720725
-0.0751890000000000,-0.1110100459163435
-0.0613070000000000,-0.1071376023865230
-0.0505160000000000,-0.1018859885009652
-0.0419710000000000,-0.0959232386468256
-0.0351770000000000,-0.0895931063153942
-0.0297080000000000,-0.0831880129714684
-0.0252810000000000,-0.0768712984975229
-0.0017270000000000,-0.0066581578731706
0.0000010000000000,-0.0000574987493284
616441.5507099999813363,-53426429.8266582116484642
460409.4627440000185743,-33359450.4132821448147297
380120.9144599999999627,-20753552.6179498434066772
396796.2456269999966025,-12928872.6020042002201080
523612.1265799999819137,-8173389.9053824413567781
1080256.3391789998859167,-5708641.6780494730919600
765932.0613959999755025,-1721126.2301140569616109
336179.8431950000231154,-882489.9102674620226026
180484.6491730000125244,-485516.2759953102795407
109179.3640290000039386,-274052.4098741380148567
71116.0544620000000577,-156160.6667147487460170
48366.6707800000003772,-89097.5001493980380474
33647.8119460000016261,-50629.5414192767857458
23642.6745459999983723,-28537.3509614706345019
16658.3780899999983376,-15900.3077334134541161
11723.8541509999995469,-8730.2682999932676466
8224.0798309999991034,-4709.0381726267423801
5742.8053209999998217,-2486.7638951521894342
3987.9885239999998703,-1280.4045717809462985
2751.4246130000001358,-639.4137340378797489
1883.8727449999998953,-307.5678108993495243
1278.2538070000000516,-141.2365022825449614
857.7391079999999874,-61.1794179939636251
567.3789259999999786,-24.5652484941938383
368.1026929999999879,-8.8871609309073278
232.2867190000000051,-2.7413097561298230
140.4950819999999965,-0.6171009938042289
79.1165570000000002,-0.0247350504806576
38.6510450000000034,0.0590880750702425
12.4723970000000008,0.0110173484807223
-4.0391310000000002,-0.0412143234974147
-14.0885239999999996,-0.0565736781900430
-19.8714340000000007,-0.0308475934883994
-22.8651820000000008,0.0169339327090086
-24.0500760000000007,0.0579296168417649
-24.0784480000000016,0.0713503046984592
-23.3914760000000008,0.0539084726887182
-22.2906869999999984,0.0165118119970700
-20.9798200000000001,-0.0251650105877346
-19.5919230000000013,-0.0582784771927614
-18.2095669999999998,-0.0758102590979419
-16.8811719999999994,-0.0756285359298801
-15.6325369999999992,-0.0590956589460774
-14.4745559999999998,-0.0300079193429088
-13.4080049999999993,0.0058230163923660
-12.4271870000000000,0.0413391177529387
-11.5234830000000006,0.0698816509862574
-10.6882000000000001,0.0867658855033060
-9.9143899999999991,0.0902410549765875
-8.5341559999999994,0.0633457041821863
-7.3612349999999998,0.0150106215456480
-6.3768729999999998,-0.0295285836527217
-5.5542800000000003,-0.0595976348063827
-4.8632039999999996,-0.0752670034489098
-4.2775749999999997,-0.0792216090545947
-3.7778689999999999,-0.0733438197148750
-3.3496410000000001,-0.0589668004828314
-2.9811939999999999,-0.0380603373173733
-2.6626340000000002,-0.0132093355551883
-2.3856099999999998,0.0128799783667315
-2.1434310000000001,0.0380481982310199
-1.9307369999999999,0.0607336604193811
-1.7434110000000000,0.0801313395700631
-1.5781170000000000,0.0958812698891005
-1.2438520000000000,0.1192530951214810
-0.9962100000000000,0.1224173198110179
-0.8100980000000000,0.1103169153607104
-0.6676910000000000,0.0883631425728824
-0.5566390000000000,0.0613350075896626
-0.4685580000000000,0.0329570049634936
-0.3976360000000000,0.0056945968567573
-0.3398640000000000,-0.0189468984355322
-0.2922900000000000,-0.0403163849866884
-0.2528480000000000,-0.0581582447558314
-0.2198380000000000,-0.0726903896440284
-0.1920690000000000,-0.0841622843602158
-0.1485520000000000,-0.0994519702621767
-0.1167120000000000,-0.1069694320125724
-0.0929670000000000,-0.1091609777748514
-0.0749840000000000,-0.1078101999965022
-0.0611630000000000,-0.1041996105441692
-0.0503570000000000,-0.0992558586272795
-0.0418540000000000,-0.0935163716302021
-0.0350740000000000,-0.0874123588142571
-0.0296350000000000,-0.0811945713551500
-0.0252060000000000,-0.0750764969153594
-0.0016940000000000,-0.0065376747692202
-0.0000000000000000,-0.0000554645883087
