R	Gamma	E
1.00	0	-224.468806282353
1.00	10	-225.745704866325
1.00	20	-227.735584803886
1.00	30	-229.065002385432
1.00	40	-229.737218676533
1.00	50	-230.030467031536
1.00	60	-230.134354493125
1.00	70	-230.14731289251
1.00	80	-230.11804311793
1.00	90	-230.02323727027
1.00	100	-230.095744174781
1.00	110	-230.128847350104
1.00	120	-230.110611206609
1.00	130	-230.006190073342
1.00	140	-229.758267671186
1.00	150	-229.288423614618
1.00	160	-228.55004982477
1.00	170	-227.690605378116
1.00	180	-227.204339945761
1.10	0	-227.069745159216
1.10	10	-227.685036844024
1.10	20	-228.727262558798
1.10	30	-229.509805467126
1.10	40	-229.939665122866
1.10	50	-230.136093403311
1.10	60	-230.207691895367
1.10	70	-230.217338708976
1.10	80	-230.197875294089
1.10	90	-230.1680277996
1.10	100	-230.178330215647
1.10	110	-230.199914762379
1.10	120	-230.186570358386
1.10	130	-230.111495679043
1.10	140	-229.935830458124
1.10	150	-229.611100104653
1.10	160	-229.117127633918
1.10	170	-228.563370410736
1.10	180	-228.282979653383
1.20	0	-228.238061885586
1.20	10	-228.591269238937
1.20	20	-229.240211096439
1.20	30	-229.758312988131
1.20	40	-230.059319200598
1.20	50	-230.20557984994
1.20	60	-230.265232360963
1.20	70	-230.280018336854
1.20	80	-230.272909141379
1.20	90	-230.258442978169
1.20	100	-230.259478350837
1.20	110	-230.265233596277
1.20	120	-230.246756263014
1.20	130	-230.180318974442
1.20	140	-230.035179800529
1.20	150	-229.774830480584
1.20	160	-229.380324213213
1.20	170	-228.927163327413
1.20	180	-228.695772373667
1.30	0	-228.692134093499
1.30	10	-228.969606442725
1.30	20	-229.482265707821
1.30	30	-229.886540879091
1.30	40	-230.128273537831
1.30	50	-230.254963109608
1.30	60	-230.314220564657
1.30	70	-230.336008583548
1.30	80	-230.338444173316
1.30	90	-230.333016417418
1.30	100	-230.329847018038
1.30	110	-230.324573850134
1.30	120	-230.299207589698
1.30	130	-230.232137682475
1.30	140	-230.096440527762
1.30	150	-229.862548685068
1.30	160	-229.500274121568
1.30	170	-228.996819167213
1.30	180	-228.668633492707
1.40	0	-228.686805414337
1.40	10	-229.042786942009
1.40	20	-229.585477764506
1.40	30	-229.952558105752
1.40	40	-230.17191740905
1.40	50	-230.295063515949
1.40	60	-230.357756888575
1.40	70	-230.38467164182
1.40	80	-230.392432319682
1.40	90	-230.391311263372
1.40	100	-230.386831503663
1.40	110	-230.37605044834
1.40	120	-230.346368722344
1.40	130	-230.277602081718
1.40	140	-230.144400918909
1.40	150	-229.925266371889
1.40	160	-229.563389784759
1.40	170	-228.845732072636
1.40	180	-228.190666951826
1.50	0	-228.223958706138
1.50	10	-228.894752058175
1.50	20	-229.629917974775
1.50	30	-229.995377929551
1.50	40	-230.207117941077
1.50	50	-230.331761724628
1.50	60	-230.396454989956
1.50	70	-230.425267883386
1.50	80	-230.435275923081
1.50	90	-230.435946193051
1.50	100	-230.431282859537
1.50	110	-230.418768763349
1.50	120	-230.388314590453
1.50	130	-230.320455555047
1.50	140	-230.190637373412
1.50	150	-229.986216728592
1.50	160	-229.603734844323
1.50	170	-228.459419091246
1.50	180	-227.004353372025
1.60	0	-227.054956554773
1.60	10	-228.546019621454
1.60	20	-229.661239143537
1.60	30	-230.036748869989
1.60	40	-230.242358367006
1.60	50	-230.366719577811
1.60	60	-230.430113407668
1.60	70	-230.45803919357
1.60	80	-230.468286004853
1.60	90	-230.469746635385
1.60	100	-230.465229084455
1.60	110	-230.453126351927
1.60	120	-230.424503256999
1.60	130	-230.360656254368
1.60	140	-230.23743940335
1.60	150	-230.048515138927
1.60	160	-229.63019100004
1.60	170	-227.770002625247
1.60	180	-224.389109407319
1.70	0	-224.493441156824
1.70	10	-227.949581370179
1.70	20	-229.693512043296
1.70	30	-230.083066785661
1.70	40	-230.279397062944
1.70	50	-230.399336442322
1.70	60	-230.458487528703
1.70	70	-230.483896377148
1.70	80	-230.493357168249
1.70	90	-230.494792316959
1.70	100	-230.490984054472
1.70	110	-230.480149995005
1.70	120	-230.454737206215
1.70	130	-230.397010175478
1.70	140	-230.282799697135
1.70	150	-230.107713786312
1.70	160	-229.653899627731
1.70	170	-226.800312448309
1.70	180	-218.248912518553
1.80	0	-218.454713943012
1.80	10	-227.12494506794
1.80	20	-229.727574203918
1.80	30	-230.130883138722
1.80	40	-230.316321529589
1.80	50	-230.428531195067
1.80	60	-230.481737613804
1.80	70	-230.504030169765
1.80	80	-230.512023787666
1.80	90	-230.513266681372
1.80	100	-230.510168583322
1.80	110	-230.501166169489
1.80	120	-230.47934433593
1.80	130	-230.428598844541
1.80	140	-230.324262788887
1.80	150	-230.159900412124
1.80	160	-229.69097703551
1.80	170	-225.854442339085
1.80	180	-199.911390341957
1.90	0	-200.38096853434
1.90	10	-226.338754803154
1.90	20	-229.769331075689
1.90	30	-230.174999204687
1.90	40	-230.350699938684
1.90	50	-230.453673110433
1.90	60	-230.500471177024
1.90	70	-230.519298273924
1.90	80	-230.525832959994
1.90	90	-230.52683726599
1.90	100	-230.524360180704
1.90	110	-230.517112256415
1.90	120	-230.499072038486
1.90	130	-230.455205606166
1.90	140	-230.360472552143
1.90	150	-230.203316953317
1.90	160	-229.750535121188
1.90	170	-225.514064674895
2.00	10	-226.064668784215
2.00	20	-229.823088536417
2.00	30	-230.212549170654
2.00	40	-230.381144854968
2.00	50	-230.474779435199
2.00	60	-230.515179855011
2.00	70	-230.530744866393
2.00	80	-230.535981954825
2.00	90	-230.536752037705
2.00	100	-230.534809911197
2.00	110	-230.529085596633
2.00	120	-230.514440236432
2.00	130	-230.477232501439
2.00	140	-230.391240217677
2.00	150	-230.237748975736
2.00	160	-229.826665913584
2.00	170	-226.067721194133
2.10	10	-226.528954700853
2.10	20	-229.884843386094
2.10	30	-230.242994466562
2.10	40	-230.407440083048
2.10	50	-230.492085544174
2.10	60	-230.526507412313
2.10	70	-230.539264881997
2.10	80	-230.543389918061
2.10	90	-230.543957223751
2.10	100	-230.542458166108
2.10	110	-230.538017393813
2.10	120	-230.526254579134
2.10	130	-230.494938284899
2.10	140	-230.417122909135
2.10	150	-230.264078592303
2.10	160	-229.90274250071
2.10	170	-227.10576238365
2.10	180	-213.885642331566
2.20	0	-213.836465178363
2.20	10	-227.410779246882
2.20	20	-229.943306568072
2.20	30	-230.267382749602
2.20	40	-230.429896711212
2.20	50	-230.505964109469
2.20	60	-230.53518169625
2.20	70	-230.54555590891
2.20	80	-230.548762679399
2.20	90	-230.549164076875
2.20	100	-230.54802231598
2.20	110	-230.544628486489
2.20	120	-230.535269677754
2.20	130	-230.50899008141
2.20	140	-230.438615739472
2.20	150	-230.283941368315
2.20	160	-229.962119015316
2.20	170	-228.075302520672
2.20	180	-222.632663406495
2.30	0	-222.757613643012
2.30	10	-228.259497479712
2.30	20	-229.987430894818
2.30	30	-230.287516967466
2.30	40	-230.44891823257
2.30	50	-230.51707786954
2.30	60	-230.541778311537
2.30	70	-230.550164736732
2.30	80	-230.552630806803
2.30	90	-230.552903062223
2.30	100	-230.552044306499
2.30	110	-230.54948715202
2.30	120	-230.542096483709
2.30	130	-230.520102623247
2.30	140	-230.456606554979
2.30	150	-230.299412457908
2.30	160	-229.995526295067
2.30	170	-228.742875138461
2.30	180	-226.164921798846
2.40	0	-226.354693385033
2.40	10	-228.871674104203
2.40	20	-230.011862954749
2.40	30	-230.305612945882
2.40	40	-230.465222375278
2.40	50	-230.525964903654
2.40	60	-230.54676793975
2.40	70	-230.553516042991
2.40	80	-230.555393815646
2.40	90	-230.555568405313
2.40	100	-230.554930732432
2.40	110	-230.553030317386
2.40	120	-230.54723152583
2.40	130	-230.528873656395
2.40	140	-230.471863757301
2.40	150	-230.313198632305
2.40	160	-230.003256646502
2.40	170	-229.119668932419
2.40	180	-227.709960151686
2.50	0	-227.935981625271
2.50	10	-229.251921924722
2.50	20	-230.020319407362
2.50	30	-230.324120827225
2.50	40	-230.479364472711
2.50	50	-230.533071919842
2.50	60	-230.550526378883
2.50	70	-230.555933914629
2.50	80	-230.557349796597
2.50	90	-230.557452466448
2.50	100	-230.556985286547
2.50	110	-230.555593491969
2.50	120	-230.551070818037
2.50	130	-230.535792351879
2.50	140	-230.484993530574
2.50	150	-230.327691125534
2.50	160	-229.992670273769
2.50	170	-229.29689348158
2.50	180	-228.275006239691
2.60	0	-228.552383692118
2.60	10	-229.46463376731
2.60	20	-230.038183453945
2.60	30	-230.344687964505
2.60	40	-230.491755636608
2.60	50	-230.538762113853
2.60	60	-230.553347454848
2.60	70	-230.557663353595
2.60	80	-230.558720314401
2.60	90	-230.558771444235
2.60	100	-230.558434088602
2.60	110	-230.557431133495
2.60	120	-230.553924909901
2.60	130	-230.541251573548
2.60	140	-230.496459860726
2.60	150	-230.344482545187
2.60	160	-229.974978923479
2.60	170	-229.363339005308
2.60	180	-228.183167879391
2.70	0	-228.570530902983
2.70	10	-229.56726926145
2.70	20	-230.083307084365
2.70	30	-230.367496691047
2.70	40	-230.502556405824
2.70	50	-230.543324136802
2.70	60	-230.55545798855
2.70	70	-230.55888846329
2.70	80	-230.55966912453
2.70	90	-230.559684523577
2.70	100	-230.559444705575
2.70	110	-230.558735263017
2.70	120	-230.556034094609
2.70	130	-230.545562200765
2.70	140	-230.506432589835
2.70	150	-230.364004682076
2.70	160	-229.976511241915
2.70	170	-229.368786747168
2.70	180	-227.380108624216
2.80	0	-228.01267993638
2.80	10	-229.598872168539
2.80	20	-230.134137617398
2.80	30	-230.391229394879
2.80	40	-230.5119230369
2.80	50	-230.546984799167
2.80	60	-230.557031648471
2.80	70	-230.559746728796
2.80	80	-230.560316646346
2.80	90	-230.560308256654
2.80	100	-230.560140734764
2.80	110	-230.559649944692
2.80	120	-230.557582836792
2.80	130	-230.548968690988
2.80	140	-230.515087089957
2.80	150	-230.385537891604
2.80	160	-230.038407673955
2.80	170	-229.325734588199
2.80	180	-225.387351465316
2.90	0	-226.573840739976
2.90	10	-229.578578579844
2.90	20	-230.185476853274
2.90	30	-230.414245278756
2.90	40	-230.520024390143
2.90	50	-230.549925424683
2.90	60	-230.558200915424
2.90	70	-230.560340242306
2.90	80	-230.560750825165
2.90	90	-230.560727368027
2.90	100	-230.560612716732
2.90	110	-230.560282603335
2.90	120	-230.558712092352
2.90	130	-230.551661964689
2.90	140	-230.52260359386
2.90	150	-230.407715855976
2.90	160	-230.107471559287
2.90	170	-229.250658234897
2.90	180	-220.805736569321
3.00	0	-223.330675945978
3.00	10	-229.521205251515
3.00	20	-230.233619540456
3.00	30	-230.435497430341
3.00	40	-230.526990611752
3.00	50	-230.552286955761
3.00	60	-230.559066448529
3.00	70	-230.560744284782
3.00	80	-230.561035375677
3.00	90	-230.561003066588
3.00	100	-230.560926579304
3.00	110	-230.56071281734
3.00	120	-230.559528937534
3.00	130	-230.553790899653
3.00	140	-230.529101693127
3.00	150	-230.429260270639
3.00	160	-230.170305008168
3.00	170	-229.186678599367
3.00	180	-208.434050475636
3.10	0	-215.436464558212
3.10	10	-229.457422208212
3.10	20	-230.276241575792
3.10	30	-230.454546118088
3.10	40	-230.532934165259
3.10	50	-230.554181087536
3.10	60	-230.559704548484
3.10	70	-230.561013977218
3.10	80	-230.561216123595
3.10	90	-230.561179213889
3.10	100	-230.561129898303
3.10	110	-230.560999107451
3.10	120	-230.560114388001
3.10	130	-230.555472041283
3.10	140	-230.534680932028
3.10	150	-230.449189066089
3.10	160	-230.224268866154
3.10	170	-229.188958560816
3.20	10	-229.433021306637
3.20	20	-230.312521601674
3.20	30	-230.471109737877
3.20	40	-230.537967026148
3.20	50	-230.555697545635
3.20	60	-230.5601728016
3.20	70	-230.561189330262
3.20	80	-230.561325700744
3.20	90	-230.561286994629
3.20	100	-230.561256765426
3.20	110	-230.561184152316
3.20	120	-230.560529421189
3.20	130	-230.556796908534
3.20	140	-230.539437280458
3.20	150	-230.466926358067
3.20	160	-230.269511767354
3.20	170	-229.285668205158
3.30	10	-229.483838008171
3.30	20	-230.342702373168
3.30	30	-230.485308897137
3.30	40	-230.542199643469
3.30	50	-230.556908681588
3.30	60	-230.560514573377
3.30	70	-230.561299112035
3.30	80	-230.561387043636
3.30	90	-230.561348365819
3.30	100	-230.561331333393
3.30	110	-230.561298769711
3.30	120	-230.560819750575
3.30	130	-230.557838007714
3.30	140	-230.543459816723
3.30	150	-230.4824100803
3.30	160	-230.307189466269
3.30	170	-229.454728046733
3.30	180	-208.721115092268
3.40	0	-196.178324649582
3.40	10	-229.609949071392
3.40	20	-230.367666439865
3.40	30	-230.497405161258
3.40	40	-230.545736946364
3.40	50	-230.557873022639
3.40	60	-230.560762422464
3.40	70	-230.561363777882
3.40	80	-230.561416196997
3.40	90	-230.561378638894
3.40	100	-230.561370556338
3.40	110	-230.561365003217
3.40	120	-230.561019426989
3.40	130	-230.558653050047
3.40	140	-230.546835833244
3.40	150	-230.49573320534
3.40	160	-230.33868654255
3.40	170	-229.64310802493
3.40	180	-220.959147886973
3.50	0	-217.86853529602
3.50	10	-229.777244824121
3.50	20	-230.388379652292
3.50	30	-230.507674409188
3.50	40	-230.548676361846
3.50	50	-230.558638256991
3.50	60	-230.560940683855
3.50	70	-230.561397764893
3.50	80	-230.561424226165
3.50	90	-230.561388404811
3.50	100	-230.561386244675
3.50	110	-230.561398446981
3.50	120	-230.561153665506
3.50	130	-230.559288283976
3.50	140	-230.549647957177
3.50	150	-230.507083040475
3.50	160	-230.365279254484
3.50	170	-229.803893102658
3.50	180	-225.679684767233
3.60	0	-224.618923718492
3.60	10	-229.94329719563
3.60	20	-230.40587263688
3.60	30	-230.516386565563
3.60	40	-230.551106225463
3.60	50	-230.559243177468
3.60	60	-230.561067506502
3.60	70	-230.561411113651
3.60	80	-230.561418706721
3.60	90	-230.561384970388
3.60	100	-230.561386570397
3.60	110	-230.561409995487
3.60	120	-230.561241023866
3.60	130	-230.559780777595
3.60	140	-230.551973079666
3.60	150	-230.516692023157
3.60	160	-230.388393067285
3.60	170	-229.915250289929
3.60	180	-227.582662784205
3.70	0	-227.540274734621
3.70	10	-230.079543399371
3.70	20	-230.421297597809
3.70	30	-230.523783947621
3.70	40	-230.55310526311
3.70	50	-230.559719382975
3.70	60	-230.561156326199
3.70	70	-230.561410841339
3.70	80	-230.561404850163
3.70	90	-230.561373296026
3.70	100	-230.561377169068
3.70	110	-230.561407255566
3.70	120	-230.561295035246
3.70	130	-230.560160302739
3.70	140	-230.553881712495
3.70	150	-230.524788426795
3.70	160	-230.40914253798
3.70	170	-229.978246502004
3.70	180	-228.493349489661
3.80	0	-228.92350486752
3.80	10	-230.176404096924
3.80	20	-230.435577575877
3.80	30	-230.53007170721
3.80	40	-230.554742447417
3.80	50	-230.560092561569
3.80	60	-230.561217103086
3.80	70	-230.561401800118
3.80	80	-230.561386184709
3.80	90	-230.561356831178
3.80	100	-230.561361907735
3.80	110	-230.561395472217
3.80	120	-230.561325540446
3.80	130	-230.560450704104
3.80	140	-230.555437366375
3.80	150	-230.531580787766
3.80	160	-230.428272829843
3.80	170	-230.007558047753
3.80	180	-228.79568037451
3.90	0	-229.602020630869
3.90	10	-230.237697863782
3.90	20	-230.449338313081
3.90	30	-230.535417908342
3.90	40	-230.556077473483
3.90	50	-230.56038348537
3.90	60	-230.561257213142
3.90	70	-230.561387341219
3.90	80	-230.561365115483
3.90	90	-230.561337880471
3.90	100	-230.561343446938
3.90	110	-230.561378299672
3.90	120	-230.561339623907
3.90	130	-230.560671084574
3.90	140	-230.556696445945
3.90	150	-230.537253788477
3.90	160	-230.44615850746
3.90	170	-230.023287356657
3.90	180	-228.607350667939
4.00	0	-229.935458980786
4.00	10	-230.273183643944
4.00	20	-230.462853685463
4.00	30	-230.539958815562
4.00	40	-230.557161446613
4.00	50	-230.560608973353
4.00	60	-230.561282088844
4.00	70	-230.561369780128
4.00	80	-230.561343232629
4.00	90	-230.56131800297
4.00	100	-230.561323584655
4.00	110	-230.561358207111
4.00	120	-230.561342376115
4.00	130	-230.560836698038
4.00	140	-230.557708315345
4.00	150	-230.541968997064
4.00	160	-230.462874572399
4.00	170	-230.045178445405
4.00	180	-227.600518452246
4.10	0	-230.093166303526
4.10	10	-230.294111028756
4.10	20	-230.476090584793
4.10	30	-230.543805808089
4.10	40	-230.558037732626
4.10	50	-230.560782538147
4.10	60	-230.561295803351
4.10	70	-230.561350737983
4.10	80	-230.561321555767
4.10	90	-230.561298197911
4.10	100	-230.561303494298
4.10	110	-230.561336911796
4.10	120	-230.561337477874
4.10	130	-230.560959676472
4.10	140	-230.55851572107
4.10	150	-230.545865726139
4.10	160	-230.478332830638
4.10	170	-230.085341613214
4.10	180	-223.863219436709
4.20	0	-230.160093795309
4.20	10	-230.311299170712
4.20	20	-230.488894636242
4.20	30	-230.547051901401
4.20	40	-230.558742829289
4.20	50	-230.560915055535
4.20	60	-230.561301359581
4.20	70	-230.561331271629
4.20	80	-230.561300709735
4.20	90	-230.561279086538
4.20	100	-230.561283922385
4.20	110	-230.561315520904
4.20	120	-230.561327540515
4.20	130	-230.561049627876
4.20	140	-230.559155182322
4.20	150	-230.5490690471
4.20	160	-230.492432528061
4.20	170	-230.142466854097
4.30	0	-230.180791066772
4.30	10	-230.333583863353
4.30	20	-230.500955716343
4.30	30	-230.549775555195
4.30	40	-230.559307333249
4.30	50	-230.561015162098
4.30	60	-230.561301040874
4.30	70	-230.561312086329
4.30	80	-230.561281038555
4.30	90	-230.561261002078
4.30	100	-230.561265317767
4.30	110	-230.561294748242
4.30	120	-230.561314463135
4.30	130	-230.561114147038
4.30	140	-230.559657669695
4.30	150	-230.55168296781
4.30	160	-230.50495350369
4.30	170	-230.207147599939
4.40	0	-230.17922989161
4.40	10	-230.363943748069
4.40	20	-230.511646959996
4.40	30	-230.552047780102
4.40	40	-230.559756810311
4.40	50	-230.561089759695
4.40	60	-230.561296565586
4.40	70	-230.561293624673
4.40	80	-230.561262700605
4.40	90	-230.56124412018
4.40	100	-230.561247876299
4.40	110	-230.561275020119
4.40	120	-230.56129959011
4.40	130	-230.561159152128
4.40	140	-230.560049262632
4.40	150	-230.553801065992
4.40	160	-230.515802581923
4.40	170	-230.271025386236
4.40	180	-227.819185793634
4.50	0	-230.168331084693
4.50	10	-230.398217890054
4.50	20	-230.520957021201
4.50	30	-230.553929766403
4.50	40	-230.560112575947
4.50	50	-230.561144312713
4.50	60	-230.561289233144
4.50	70	-230.561276107972
4.50	80	-230.56124574228
4.50	90	-230.561228482182
4.50	100	-230.561231686273
4.50	110	-230.561256555189
4.50	120	-230.561283892884
4.50	130	-230.561189289057
4.50	140	-230.560351731868
4.50	150	-230.555502857527
4.50	160	-230.525049248692
4.50	170	-230.329274480471
4.50	180	-229.269309577145
4.60	0	-230.154857777065
4.60	10	-230.43103419369
4.60	20	-230.528934557853
4.60	30	-230.555475609066
4.60	40	-230.56039230299
4.60	50	-230.561183182724
4.60	60	-230.561280035479
4.60	70	-230.561259647396
4.60	80	-230.561230122787
4.60	90	-230.561214092001
4.60	100	-230.561216755751
4.60	110	-230.561239424945
4.60	120	-230.561268020538
4.60	130	-230.561208132658
4.60	140	-230.560583098534
4.60	150	-230.556858057622
4.60	160	-230.532790324797
4.60	170	-230.379714709815
4.60	180	-229.839424024704
4.70	0	-230.374941391472
4.70	10	-230.459659064394
4.70	20	-230.53563771633
4.70	30	-230.556734558729
4.70	40	-230.560610605631
4.70	50	-230.561209824449
4.70	60	-230.561269694076
4.70	70	-230.561244277323
4.70	80	-230.561215798216
4.70	90	-230.561200897244
4.70	100	-230.561203052121
4.70	110	-230.561223629428
4.70	120	-230.561252452852
4.70	130	-230.561218509017
4.70	140	-230.560758201117
4.70	150	-230.557926991452
4.70	160	-230.539160296976
4.70	170	-230.421803366141
4.70	180	-230.114459297359
4.80	0	-230.42262159191
4.80	10	-230.483453094383
4.80	20	-230.54116981957
4.80	30	-230.557750752347
4.80	40	-230.560779513703
4.80	50	-230.5612269993
4.80	60	-230.561258740725
4.80	70	-230.561229971455
4.80	80	-230.561202676772
4.80	90	-230.561188827375
4.80	100	-230.561190507223
4.80	110	-230.561209119736
4.80	120	-230.561237480795
4.80	130	-230.561222598687
4.80	140	-230.560889077216
4.80	150	-230.558761618043
4.80	160	-230.54431773714
4.80	170	-230.455753818279
4.80	180	-230.267206218796
4.90	0	-230.458870408973
4.90	10	-230.502155711142
4.90	20	-230.545663243449
4.90	30	-230.558563546188
4.90	40	-230.560908886475
4.90	50	-230.56123692659
4.90	60	-230.56124754106
4.90	70	-230.561216701067
4.90	80	-230.561190691912
4.90	90	-230.561177810227
4.90	100	-230.561179059517
4.90	110	-230.561195831307
4.90	120	-230.561223258123
4.90	130	-230.56122210286
4.90	140	-230.560985441417
4.90	150	-230.559406291877
4.90	160	-230.548432272338
4.90	170	-230.48252987833
4.90	180	-230.360998362519
5.00	0	-230.485987275534
5.00	10	-230.51669544764
5.00	20	-230.549264573721
5.00	30	-230.559207608843
5.00	40	-230.561006731344
5.00	50	-230.561241344894
5.00	60	-230.561236355273
5.00	70	-230.561204408933
5.00	80	-230.561179766463
5.00	90	-230.561167777941
5.00	100	-230.561168634463
5.00	110	-230.561183665683
5.00	120	-230.561209872385
5.00	130	-230.561218349892
5.00	140	-230.561055084862
5.00	150	-230.559898578739
5.00	160	-230.551667937822
5.00	170	-230.503246966802
5.00	180	-230.422556812501
5.10	0	-230.505968515426
5.10	10	-230.527897948698
5.10	20	-230.55211645787
5.10	30	-230.559713151824
5.10	40	-230.561079551106
5.10	50	-230.561241666209
5.10	60	-230.561225355266
5.10	70	-230.561193048957
5.10	80	-230.561169802438
5.10	90	-230.561158645414
5.10	100	-230.561159146431
5.10	110	-230.561172563026
5.10	120	-230.561197366731
5.10	130	-230.561212345827
5.10	140	-230.561104184158
5.10	150	-230.560269937627
5.10	160	-230.554176987226
5.10	170	-230.519007584067
5.10	180	-230.464611882276
5.20	0	-230.520766640307
5.20	10	-230.536445058734
5.20	20	-230.554350696846
5.20	30	-230.56010616845
5.20	40	-230.561132622492
5.20	50	-230.56123897809
5.20	60	-230.561214663082
5.20	70	-230.561182572434
5.20	80	-230.561160729507
5.20	90	-230.561150317548
5.20	100	-230.561150505819
5.20	110	-230.561162434356
5.20	120	-230.561185704809
5.20	130	-230.561204900917
5.20	140	-230.561137610039
5.20	150	-230.56054638116
5.20	160	-230.556096398185
5.20	170	-230.530820849987
5.20	180	-230.493924029091
5.30	0	-230.531706120381
5.30	10	-230.54291209847
5.30	20	-230.556083638917
5.30	30	-230.560408666992
5.30	40	-230.561170191354
5.30	50	-230.561234131437
5.30	60	-230.561204342114
5.30	70	-230.561172913902
5.30	80	-230.561152446198
5.30	90	-230.561142733764
5.30	100	-230.561142652117
5.30	110	-230.561153207202
5.30	120	-230.561174870418
5.30	130	-230.56119657755
5.30	140	-230.561159194193
5.30	150	-230.560749194139
5.30	160	-230.5575451384
5.30	170	-230.539562632461
5.30	180	-230.51451178321
5.40	0	-230.539767642373
5.40	10	-230.547772015001
5.40	20	-230.557415150282
5.40	30	-230.560639065124
5.40	40	-230.561195707016
5.40	50	-230.561227800779
5.40	60	-230.561194449599
5.40	70	-230.561164031298
5.40	80	-230.561144894627
5.40	90	-230.561135797506
5.40	100	-230.561135494007
5.40	110	-230.561144807082
5.40	120	-230.56116481921
5.40	130	-230.561187826703
5.40	140	-230.56117195427
5.40	150	-230.560895527324
5.40	160	-230.558623961896
5.40	170	-230.545957256737
5.40	180	-230.528977875022
5.50	0	-230.545690318352
5.50	10	-230.551402421412
5.50	20	-230.558429007659
5.50	30	-230.560812508945
5.50	40	-230.561211930805
5.50	50	-230.561220467603
5.50	60	-230.56118503575
5.50	70	-230.561155859675
5.50	80	-230.56113798448
5.50	90	-230.561129443989
5.50	100	-230.561128953996
5.50	110	-230.561137153579
5.50	120	-230.561155512778
5.50	130	-230.561178952736
5.50	140	-230.561178196542
5.50	150	-230.560999046523
5.50	160	-230.559416278182
5.50	170	-230.550583423691
5.50	180	-230.539110065187
5.60	0	-230.550028706494
5.60	10	-230.554099091021
5.60	20	-230.559194189365
5.60	30	-230.560941361174
5.60	40	-230.561221070546
5.60	50	-230.561212518364
5.60	60	-230.561176111178
5.60	70	-230.561148338437
5.60	80	-230.561131655245
5.60	90	-230.56112360906
5.60	100	-230.561122966139
5.60	110	-230.561130171353
5.60	120	-230.561146915544
5.60	130	-230.561170150969
5.60	140	-230.561179739118
5.60	150	-230.561070465224
5.60	160	-230.559989754619
5.60	170	-230.553894382293
5.60	180	-230.546173380375
5.70	0	-230.553196400558
5.70	10	-230.556091004374
5.70	20	-230.559766658157
5.70	30	-230.561035570495
5.70	40	-230.561224892667
5.70	50	-230.561204228801
5.70	60	-230.561167683169
5.70	70	-230.561141416588
5.70	80	-230.561125809354
5.70	90	-230.561118236593
5.70	100	-230.561117464629
5.70	110	-230.561123802784
5.70	120	-230.561138987373
5.70	130	-230.561161584857
5.70	140	-230.561177973486
5.70	150	-230.561118107123
5.70	160	-230.560398289994
5.70	170	-230.556239212869
5.70	180	-230.551071975252
5.80	0	-230.555500927605
5.80	10	-230.557553919282
5.80	20	-230.560191155262
5.80	30	-230.561103060754
5.80	40	-230.56122479928
5.80	50	-230.561195806403
5.80	60	-230.561159767322
5.80	70	-230.561135020781
5.80	80	-230.561120422616
5.80	90	-230.561113259317
5.80	100	-230.561112392204
5.80	110	-230.561117965931
5.80	120	-230.561131680172
5.80	130	-230.561153320889
5.80	140	-230.561173920199
5.80	150	-230.561148328323
5.80	160	-230.56068415048
5.80	170	-230.557882402672
5.80	180	-230.554446698974
5.90	0	-230.557170696293
5.90	10	-230.558622013253
5.90	20	-230.560503017091
5.90	30	-230.561150104262
5.90	40	-230.561221853246
5.90	50	-230.561187410672
5.90	60	-230.561152342561
5.90	70	-230.561129100639
5.90	80	-230.561115431482
5.90	90	-230.561108662781
5.90	100	-230.561107697862
5.90	110	-230.561112610907
5.90	120	-230.561124952964
5.90	130	-230.561145431943
5.90	140	-230.56116838016
5.90	150	-230.561165996034
5.90	160	-230.560879947377
5.90	170	-230.559021330576
5.90	180	-230.55675424229
6.00	0	-230.558375123084
6.00	10	-230.559397045346
6.00	20	-230.560729819022
6.00	30	-230.561181648083
6.00	40	-230.561216913047
6.00	50	-230.561179162776
6.00	60	-230.561145402036
6.00	70	-230.56112362485
6.00	80	-230.561110789298
6.00	90	-230.561104379577
6.00	100	-230.561103345915
6.00	110	-230.561107689864
6.00	120	-230.561118778668
6.00	130	-230.561137942731
6.00	140	-230.56116192888
6.00	150	-230.561174708384
6.00	160	-230.561010496528
6.00	170	-230.559801271537
6.00	180	-230.558319159486
6.20	0	-230.559856724001
6.20	10	-230.560355652798
6.20	20	-230.561008258475
6.20	30	-230.561212736183
6.20	40	-230.561203393279
6.20	50	-230.561163424463
6.20	60	-230.561132882438
6.20	70	-230.561113764824
6.20	80	-230.561102429494
6.20	90	-230.561096669813
6.20	100	-230.561095538222
6.20	110	-230.561098929227
6.20	120	-230.561107886321
6.20	130	-230.561124249568
6.20	140	-230.561147857522
6.20	150	-230.561175426446
6.20	160	-230.561145811121
6.20	170	-230.560676997976
6.20	180	-230.560068677421
6.40	0	-230.56060275304
6.40	10	-230.560839071728
6.40	20	-230.561142589246
6.40	30	-230.561217850503
6.40	40	-230.561187668611
6.40	50	-230.561149016551
6.40	60	-230.561121966003
6.40	70	-230.561105161494
6.40	80	-230.5610951055
6.40	90	-230.561089926435
6.40	100	-230.561088715918
6.40	110	-230.561091379252
6.40	120	-230.561098651131
6.40	130	-230.561112280527
6.40	140	-230.561133775841
6.40	150	-230.561164633843
6.40	160	-230.561188233147
6.40	170	-230.561044663894
6.40	180	-230.560818237399
6.60	0	-230.560965675379
6.60	10	-230.56107163232
6.60	20	-230.5611989995
6.60	30	-230.561209669715
6.60	40	-230.561171635935
6.60	50	-230.561136106644
6.60	60	-230.561112414509
6.60	70	-230.561097589186
6.60	80	-230.561088636031
6.60	90	-230.561083959444
6.60	100	-230.561082719281
6.60	110	-230.561084816273
6.60	120	-230.561090757231
6.60	130	-230.561101968417
6.60	140	-230.561120674007
6.60	150	-230.561149727842
6.60	160	-230.561189242631
6.60	170	-230.56117524722
6.60	180	-230.561108765438
6.80	0	-230.561131585211
6.80	10	-230.561173864688
6.80	20	-230.561214669183
6.80	30	-230.561195492351
6.80	40	-230.561156358423
6.80	50	-230.561124670909
6.80	60	-230.561103985016
6.80	70	-230.56109086815
6.80	80	-230.56108288946
6.80	90	-230.561078654697
6.80	100	-230.561077409684
6.80	110	-230.56107904682
6.80	120	-230.561083941569
6.80	130	-230.56109311612
6.80	140	-230.561108916807
6.80	150	-230.561134326624
6.80	160	-230.561174140352
6.80	170	-230.561203156976
6.80	180	-230.561197424648
7.00	0	-230.561197903247
7.00	10	-230.561209930419
7.00	20	-230.561210191596
7.00	30	-230.561179286242
7.00	40	-230.561142318192
7.00	50	-230.561114575315
7.00	60	-230.561096500213
7.00	70	-230.561084883309
7.00	80	-230.561077755496
7.00	90	-230.561073907072
7.00	100	-230.561072666254
7.00	110	-230.561073942515
7.00	120	-230.561077981472
7.00	130	-230.561085507621
7.00	140	-230.561098596203
7.00	150	-230.561120043939
7.00	160	-230.561154635512
7.00	170	-230.561192060904
7.00	180	-230.561205050045
7.20	0	-230.561215412269
7.20	10	-230.561213778749
7.20	20	-230.561196781687
7.20	30	-230.56116310098
7.20	40	-230.561129706354
7.20	50	-230.561105650455
7.20	60	-230.561089826012
7.20	70	-230.561079520207
7.20	80	-230.561073128166
7.20	90	-230.561069628353
7.20	100	-230.561068410102
7.20	110	-230.561069386401
7.20	120	-230.561072726304
7.20	130	-230.56107892899
7.20	140	-230.561089647866
7.20	150	-230.561107381606
7.20	160	-230.561135659841
7.20	170	-230.561169459269
7.20	180	-230.561185352309
7.40	0	-230.561210251548
7.40	10	-230.561203081077
7.40	20	-230.561180232746
7.40	30	-230.56114787048
7.40	40	-230.561118529763
7.40	50	-230.561097731915
7.40	60	-230.561083839761
7.40	70	-230.561074687839
7.40	80	-230.56106895309
7.40	90	-230.561065750691
7.40	100	-230.561064563239
7.40	110	-230.561065297708
7.40	120	-230.561068055264
7.40	130	-230.561073197288
7.40	140	-230.561081919935
7.40	150	-230.561096411436
7.40	160	-230.561118906445
7.40	170	-230.561146029024
7.40	180	-230.561159818836
7.60	0	-230.561195544724
7.60	10	-230.561186746895
7.60	20	-230.561163361698
7.60	30	-230.561134047685
7.60	40	-230.561108669735
7.60	50	-230.561090681121
7.60	60	-230.561078470934
7.60	70	-230.561070327368
7.60	80	-230.561065149662
7.60	90	-230.5610622249
7.60	100	-230.561061076093
7.60	110	-230.561061610563
7.60	120	-230.561063884709
7.60	130	-230.561068138924
7.60	140	-230.561075256981
7.60	150	-230.561086998913
7.60	160	-230.561104689115
7.60	170	-230.561125463738
7.60	180	-230.561136102492
7.80	0	-230.561177730032
7.80	10	-230.561169071768
7.80	20	-230.561147423154
7.80	30	-230.561121726745
7.80	40	-230.561099994034
7.80	50	-230.561084388149
7.80	60	-230.5610736276
7.80	70	-230.56106636683
7.80	80	-230.561061696936
7.80	90	-230.561059000437
7.80	100	-230.56105789074
7.80	110	-230.561058260795
7.80	120	-230.561060131347
7.80	130	-230.561063667014
7.80	140	-230.561069491806
7.80	150	-230.561078952204
7.80	160	-230.561092847805
7.80	170	-230.561108487822
7.80	180	-230.561116365891
8.00	0	-230.561159826839
8.00	10	-230.56115203498
8.00	20	-230.56113297319
8.00	30	-230.561110905038
8.00	40	-230.561092329224
8.00	50	-230.561078756723
8.00	60	-230.56106926566
8.00	70	-230.561062754335
8.00	80	-230.561058514596
8.00	90	-230.561056037239
8.00	100	-230.561054967538
8.00	110	-230.561055207865
8.00	120	-230.561056742273
8.00	130	-230.561059689409
8.00	140	-230.561064467035
8.00	150	-230.561072089247
8.00	160	-230.561083027309
8.00	170	-230.561094811051
8.00	180	-230.561100592061
8.20	0	-230.561143202916
8.20	10	-230.561136507217
8.20	20	-230.561120164745
8.20	30	-230.561101439864
8.20	40	-230.56108554208
8.20	50	-230.561073722968
8.20	60	-230.561065287939
8.20	70	-230.561059452345
8.20	80	-230.561055599792
8.20	90	-230.561053315454
8.20	100	-230.561052276477
8.20	110	-230.561052409891
8.20	120	-230.561053669956
8.20	130	-230.561056122092
8.20	140	-230.561060052898
8.20	150	-230.561066214077
8.20	160	-230.561074869205
8.20	170	-230.561083864911
8.20	180	-230.561088127731
8.40	0	-230.56112842554
8.40	10	-230.561122785546
8.40	20	-230.561109013506
8.40	30	-230.561093169134
8.40	40	-230.56107953769
8.40	50	-230.561069183223
8.40	60	-230.561061694994
8.40	70	-230.561056422473
8.40	80	-230.561052910554
8.40	90	-230.561050775284
8.40	100	-230.561049790021
8.40	110	-230.561049829862
8.40	120	-230.561050869811
8.40	130	-230.561052908301
8.40	140	-230.561056175862
8.40	150	-230.561061159916
8.40	160	-230.56106803222
8.40	170	-230.561075008689
8.40	180	-230.561078210327
8.60	0	-230.56111560127
8.60	10	-230.561110894942
8.60	20	-230.561099345118
8.60	30	-230.561085929421
8.60	40	-230.561074177467
8.60	50	-230.561065092357
8.60	60	-230.561058397067
8.60	70	-230.5610536299
8.60	80	-230.561050421164
8.60	90	-230.561048441996
8.60	100	-230.561047481474
8.60	110	-230.561047453916
8.60	120	-230.561048290723
8.60	130	-230.561050007122
8.60	140	-230.561052716622
8.60	150	-230.561056778943
8.60	160	-230.561062256285
8.60	170	-230.561067723329
8.60	180	-230.561070166872
8.80	0	-230.561104593374
8.80	10	-230.561100670345
8.80	20	-230.561090966384
8.80	30	-230.561079559802
8.80	40	-230.561069390912
8.80	50	-230.56106137972
8.80	60	-230.561055375362
8.80	70	-230.56105106087
8.80	80	-230.561048106999
8.80	90	-230.561046253891
8.80	100	-230.56104534269
8.80	110	-230.56104525127
8.80	120	-230.561045928636
8.80	130	-230.561047371899
8.80	140	-230.561049629316
8.80	150	-230.561052947238
8.80	160	-230.561057343278
8.80	170	-230.561061629518
8.80	180	-230.561063513059
9.00	0	-230.561095154665
9.00	10	-230.561091868398
9.00	20	-230.561083682929
9.00	30	-230.561073940515
9.00	40	-230.561065108946
9.00	50	-230.561057993584
9.00	60	-230.561052595593
9.00	70	-230.561048665122
9.00	80	-230.561045946691
9.00	90	-230.561044219045
9.00	100	-230.561043338404
9.00	110	-230.561043204239
9.00	120	-230.561043749632
9.00	130	-230.561044959684
9.00	140	-230.561046853052
9.00	150	-230.561049577174
9.00	160	-230.561053117225
9.00	170	-230.561056503985
9.00	180	-230.561057960623
9.50	0	-230.561076812836
9.50	10	-230.561074653464
9.50	20	-230.56106919374
9.50	30	-230.561062487231
9.50	40	-230.561056110491
9.50	50	-230.561050745461
9.50	60	-230.561046531887
9.50	70	-230.561043395027
9.50	80	-230.561041139319
9.50	90	-230.561039672648
9.50	100	-230.561038871107
9.50	110	-230.561038657068
9.50	120	-230.561038958032
9.50	130	-230.561039752166
9.50	140	-230.561040996918
9.50	150	-230.561042712462
9.50	160	-230.561044803523
9.50	170	-230.561046755468
9.50	180	-230.561047582766
10.00	0	-230.561063744286
10.00	10	-230.561062283772
10.00	20	-230.56105852493
10.00	30	-230.561053728773
10.00	40	-230.561048980556
10.00	50	-230.561044831054
10.00	60	-230.561041496642
10.00	70	-230.561038925355
10.00	80	-230.56103704609
10.00	90	-230.561035775123
10.00	100	-230.561035041164
10.00	110	-230.561034780286
10.00	120	-230.561034929751
10.00	130	-230.561035439768
10.00	140	-230.561036271337
10.00	150	-230.561037393473
10.00	160	-230.561038669397
10.00	170	-230.561039830934
10.00	180	-230.561040322993
10.50	0	-230.561054099541
10.50	10	-230.56105307631
10.50	20	-230.561050366936
10.50	30	-230.561046816004
10.50	40	-230.561043187447
10.50	50	-230.561039932066
10.50	60	-230.5610372151
10.50	70	-230.56103507836
10.50	80	-230.561033488455
10.50	90	-230.561032380259
10.50	100	-230.561031714508
10.50	110	-230.561031430556
10.50	120	-230.561031477445
10.50	130	-230.561031795708
10.50	140	-230.56103235025
10.50	150	-230.561033098084
10.50	160	-230.561033918693
10.50	170	-230.561034619133
10.50	180	-230.561034905817
11.00	0	-230.561046679903
11.00	10	-230.561045932982
11.00	20	-230.56104392426
11.00	30	-230.561041223428
11.00	40	-230.561038383447
11.00	50	-230.561035770286
11.00	60	-230.561033539175
11.00	70	-230.561031739639
11.00	80	-230.561030359822
11.00	90	-230.561029395815
11.00	100	-230.561028774219
11.00	110	-230.561028496943
11.00	120	-230.561028474296
11.00	130	-230.56102867012
11.00	140	-230.561029036555
11.00	150	-230.561029525978
11.00	160	-230.561030068805
11.00	170	-230.561030515242
11.00	180	-230.56103069357
11.50	0	-230.561040801001
11.50	10	-230.561040238449
11.50	20	-230.561038706291
11.50	30	-230.561036607182
11.50	40	-230.561034342843
11.50	50	-230.561032205374
11.50	60	-230.561030326803
11.50	70	-230.561028794596
11.50	80	-230.561027601689
11.50	90	-230.561026736938
11.50	100	-230.561026184192
11.50	110	-230.561025893522
11.50	120	-230.561025828392
11.50	130	-230.561025939399
11.50	140	-230.561026179594
11.50	150	-230.561026509066
11.50	160	-230.561026871212
11.50	170	-230.561027157091
11.50	180	-230.561027265773
12.00	0	-230.561036029499
12.00	10	-230.561035590251
12.00	20	-230.561034394327
12.00	30	-230.561032723341
12.00	40	-230.561030877567
12.00	50	-230.561029101777
12.00	60	-230.561027508644
12.00	70	-230.561026182627
12.00	80	-230.561025134018
12.00	90	-230.56102436674
12.00	100	-230.561023856071
12.00	110	-230.5610235674
12.00	120	-230.561023471955
12.00	130	-230.561023522936
12.00	140	-230.561023685735
12.00	150	-230.561023911379
12.00	160	-230.561024141409
12.00	170	-230.561024325608
12.00	180	-230.561024404456
12.50	0	-230.561032070816
12.50	10	-230.561031724213
12.50	20	-230.561030764588
12.50	30	-230.561029400447
12.50	40	-230.561027868419
12.50	50	-230.561026365847
12.50	60	-230.561024999598
12.50	70	-230.561023844497
12.50	80	-230.561022915484
12.50	90	-230.561022219545
12.50	100	-230.561021751557
12.50	110	-230.561021477251
12.50	120	-230.56102136263
12.50	130	-230.561021373901
12.50	140	-230.561021470181
12.50	150	-230.561021614989
12.50	160	-230.56102177547
12.50	170	-230.561021897527
12.50	180	-230.561021946435
13.00	0	-230.56102871079
13.00	10	-230.561028428421
13.00	20	-230.561027642762
13.00	30	-230.561026517034
13.00	40	-230.56102522992
13.00	50	-230.561023940659
13.00	60	-230.561022754525
13.00	70	-230.561021738637
13.00	80	-230.561020911938
13.00	90	-230.561020287194
13.00	100	-230.561019842628
13.00	110	-230.561019580868
13.00	120	-230.561019454748
13.00	130	-230.561019443346
13.00	140	-230.561019496615
13.00	150	-230.561019585827
13.00	160	-230.561019692556
13.00	170	-230.561019778397
13.00	180	-230.561019800824
13.50	0	-230.561025819931
13.50	10	-230.561025584905
13.50	20	-230.561024923419
13.50	30	-230.561023979945
13.50	40	-230.56102288627
13.50	50	-230.561021765569
13.50	60	-230.561020724526
13.50	70	-230.561019827119
13.50	80	-230.561019088021
13.50	90	-230.561018511227
13.50	100	-230.561018110781
13.50	110	-230.561017848396
13.50	120	-230.561017721011
13.50	130	-230.561017682189
13.50	140	-230.561017709685
13.50	150	-230.561017764708
13.50	160	-230.561017838127
13.50	170	-230.56101789048
13.50	180	-230.561017903495
14.00	0	-230.561023290391
14.00	10	-230.561023096744
14.00	20	-230.561022543327
14.00	30	-230.561021724951
14.00	40	-230.561020776862
14.00	50	-230.561019807245
14.00	60	-230.561018887043
14.00	70	-230.561018084034
14.00	80	-230.561017412344
14.00	90	-230.56101689626
14.00	100	-230.561016514857
14.00	110	-230.561016270629
14.00	120	-230.561016129742
14.00	130	-230.561016081411
14.00	140	-230.561016084432
14.00	150	-230.561016116179
14.00	160	-230.561016162715
14.00	170	-230.561016196237
14.00	180	-230.561016206702
14.50	0	-230.561021053955
14.50	10	-230.561020890929
14.50	20	-230.561020413912
14.50	30	-230.561019704993
14.50	40	-230.561018884898
14.50	50	-230.561018022364
14.50	60	-230.561017212807
14.50	70	-230.561016487673
14.50	80	-230.561015874669
14.50	90	-230.561015397442
14.50	100	-230.561015055727
14.50	110	-230.561014807192
14.50	120	-230.561014673754
14.50	130	-230.56101461354
14.50	140	-230.561014601399
14.50	150	-230.561014619778
14.50	160	-230.561014649419
14.50	170	-230.561014663945
14.50	180	-230.561014670946
15.00	0	-230.561019060936
15.00	10	-230.561018916938
15.00	20	-230.561018503547
15.00	30	-230.561017899364
15.00	40	-230.561017168952
15.00	50	-230.561016405938
15.00	60	-230.56101567394
15.00	70	-230.561015017987
15.00	80	-230.56101446335
15.00	90	-230.561014019394
15.00	100	-230.561013695596
15.00	110	-230.561013468028
15.00	120	-230.561013326861
15.00	130	-230.561013260646
15.00	140	-230.561013237462
15.00	150	-230.561013238963
15.00	160	-230.561013247189
15.00	170	-230.561013272271
15.00	180	-230.561013270427
16.00	0	-230.561015639183
16.00	10	-230.561015533853
16.00	20	-230.561015206745
16.00	30	-230.561014733721
16.00	40	-230.561014151329
16.00	50	-230.561013545848
16.00	60	-230.561012946822
16.00	70	-230.561012407812
16.00	80	-230.561011936254
16.00	90	-230.561011554477
16.00	100	-230.561011268045
16.00	110	-230.561011062993
16.00	120	-230.561010927216
16.00	130	-230.561010850085
16.00	140	-230.5610108157
16.00	150	-230.561010802001
16.00	160	-230.561010797157
16.00	170	-230.561010798168
16.00	180	-230.561010793808
17.00	0	-230.561012798651
17.00	10	-230.561012712359
17.00	20	-230.561012458116
17.00	30	-230.561012070901
17.00	40	-230.561011598744
17.00	50	-230.561011098955
17.00	60	-230.56101060806
17.00	70	-230.561010142851
17.00	80	-230.561009740489
17.00	90	-230.561009412865
17.00	100	-230.561009156411
17.00	110	-230.561008972178
17.00	120	-230.561008841004
17.00	130	-230.561008763211
17.00	140	-230.561008707874
17.00	150	-230.561008687884
17.00	160	-230.561008675226
17.00	170	-230.561008674999
17.00	180	-230.561008669262
18.00	0	-230.561010384705
18.00	10	-230.561010311774
18.00	20	-230.561010114689
18.00	30	-230.561009795612
18.00	40	-230.561009400852
18.00	50	-230.561008984307
18.00	60	-230.561008559682
18.00	70	-230.56100816783
18.00	80	-230.561007817783
18.00	90	-230.561007539557
18.00	100	-230.561007296685
18.00	110	-230.5610071251
18.00	120	-230.561007009396
18.00	130	-230.561006924984
18.00	140	-230.561006873148
18.00	150	-230.561006844676
18.00	160	-230.561006830497
18.00	170	-230.561006823515
18.00	180	-230.56100681447
19.00	0	-230.561008306372
19.00	10	-230.561008246327
19.00	20	-230.561008080143
19.00	30	-230.56100781076
19.00	40	-230.561007491003
19.00	50	-230.561007128209
19.00	60	-230.561006759593
19.00	70	-230.561006430363
19.00	80	-230.561006120218
19.00	90	-230.561005863585
19.00	100	-230.561005652575
19.00	110	-230.56100549953
19.00	120	-230.561005386044
19.00	130	-230.561005303099
19.00	140	-230.561005249671
19.00	150	-230.561005221193
19.00	160	-230.561005201347
19.00	170	-230.561005194549
19.00	180	-230.561005183164
20.00	0	-230.561006489755
20.00	10	-230.561006444464
20.00	20	-230.56100629486
20.00	30	-230.561006066512
20.00	40	-230.56100579013
20.00	50	-230.561005479237
20.00	60	-230.561005168653
20.00	70	-230.561004877524
20.00	80	-230.561004603611
20.00	90	-230.561004371682
20.00	100	-230.5610041792
20.00	110	-230.56100404137
20.00	120	-230.561003937118
20.00	130	-230.56100385416
20.00	140	-230.561003799022
20.00	150	-230.561003772106
20.00	160	-230.561003748413
20.00	170	-230.561003735517
20.00	180	-230.561003728622
21.00	0	-230.561004889352
21.00	10	-230.56100485053
21.00	20	-230.561004723649
21.00	30	-230.561004522212
21.00	40	-230.56100428385
21.00	50	-230.561004018926
21.00	60	-230.561003746981
21.00	70	-230.561003481693
21.00	80	-230.561003239952
21.00	90	-230.561003038114
21.00	100	-230.561002858577
21.00	110	-230.561002723991
21.00	120	-230.561002627024
21.00	130	-230.561002555889
21.00	140	-230.561002504264
21.00	150	-230.561002464701
21.00	160	-230.561002440561
21.00	170	-230.56100243421
21.00	180	-230.561002422291
22.00	0	-230.561003464043
22.00	10	-230.561003429665
22.00	20	-230.561003316321
22.00	30	-230.561003147837
22.00	40	-230.561002937928
22.00	50	-230.561002703237
22.00	60	-230.56100246397
22.00	70	-230.561002229244
22.00	80	-230.561002013219
22.00	90	-230.561001826017
22.00	100	-230.561001670875
22.00	110	-230.561001542687
22.00	120	-230.561001448347
22.00	130	-230.561001368872
22.00	140	-230.561001318995
22.00	150	-230.561001288395
22.00	160	-230.561001266379
22.00	170	-230.561001249493
22.00	180	-230.561001247717
23.00	0	-230.561002180625
23.00	10	-230.5610021476
23.00	20	-230.561002056815
23.00	30	-230.561001910025
23.00	40	-230.561001720098
23.00	50	-230.561001512371
23.00	60	-230.561001301135
23.00	70	-230.561001086448
23.00	80	-230.561000896357
23.00	90	-230.561000721809
23.00	100	-230.561000574216
23.00	110	-230.561000460713
23.00	120	-230.561000366248
23.00	130	-230.561000305859
23.00	140	-230.561000249647
23.00	150	-230.561000221268
23.00	160	-230.561000199792
23.00	170	-230.561000190002
23.00	180	-230.56100017564
24.00	0	-230.56100102783
24.00	10	-230.56100099938
24.00	20	-230.561000918358
24.00	30	-230.561000783176
24.00	40	-230.561000621153
24.00	50	-230.561000434369
24.00	60	-230.561000232497
24.00	70	-230.561000051669
24.00	80	-230.560999870487
24.00	90	-230.560999720367
24.00	100	-230.560999591654
24.00	110	-230.560999474388
24.00	120	-230.560999390283
24.00	130	-230.560999324376
24.00	140	-230.560999275512
24.00	150	-230.560999245672
24.00	160	-230.56099922152
24.00	170	-230.560999208715
24.00	180	-230.560999204345
25.00	0	-230.560999980934
25.00	10	-230.560999953055
25.00	20	-230.560999882936
25.00	30	-230.560999759749
25.00	40	-230.560999614098
25.00	50	-230.560999443359
25.00	60	-230.560999268272
25.00	70	-230.560999097307
25.00	80	-230.560998934714
25.00	90	-230.560998794689
25.00	100	-230.560998668818
25.00	110	-230.560998570785
25.00	120	-230.560998488599
25.00	130	-230.560998433292
25.00	140	-230.560998382845
25.00	150	-230.560998352085
25.00	160	-230.560998326962
25.00	170	-230.560998321398
25.00	180	-230.560998305796
50.00	0	-230.560988146288
50.00	10	-230.560988148821
50.00	20	-230.560988139059
50.00	30	-230.560988112803
50.00	40	-230.560988088987
50.00	50	-230.560988055731
50.00	60	-230.560988018513
50.00	70	-230.56098798056
50.00	80	-230.560987945635
50.00	90	-230.56098790708
50.00	100	-230.560987883785
50.00	110	-230.560987854587
50.00	120	-230.560987823624
50.00	130	-230.560987806066
50.00	140	-230.560987788768
50.00	150	-230.560987776073
50.00	160	-230.560987764931
50.00	170	-230.560987755218
50.00	180	-230.560987750443
100.00	0	-230.560982607376
100.00	10	-230.560982602084
100.00	20	-230.560982606323
100.00	30	-230.560982599945
100.00	40	-230.560982593088
100.00	50	-230.560982590217
100.00	60	-230.560982577981
100.00	70	-230.560982574844
100.00	80	-230.560982567013
100.00	90	-230.560982555933
100.00	100	-230.560982546514
100.00	110	-230.560982541342
100.00	120	-230.560982533559
100.00	130	-230.5609825227
100.00	140	-230.560982521394
100.00	150	-230.560982518385
100.00	160	-230.560982515843
100.00	170	-230.560982511643
100.00	180	-230.560982507457
