2.5,0.0,403904.557126
2.6,0.0,374577.623495
2.7,0.0,452604.267833
2.8,0.0,676791.834475
2.9,0.0,1178837.447014
3.0,0.0,2329783.354208
3.1,0.0,5619747.695884
3.4,0.0,4070261.759172
3.5,0.0,1769012.307121
3.6,0.0,858024.969526
3.7,0.0,438841.34097
3.8,0.0,235386.709735
3.9,0.0,134926.114846
4.0,0.0,86193.115579
4.1,0.0,64105.867463
4.2,0.0,60866.743325
4.3,0.0,59183.088242
4.4,0.0,61600.164906
4.5,0.0,24625.082964
4.6,0.0,17490.676036
4.7,0.0,12264.436664
4.8,0.0,8405.029744
4.9,0.0,5519.418323
5.0,0.0,3452.269885
5.1,0.0,1954.463817
5.8,0.0,749.614241
5.9,0.0,509.530761
6.0,0.0,341.75307
6.2,0.0,145.06726
6.4,0.0,53.148593
6.6,0.0,12.041466
6.8,0.0,-4.974909
7.0,0.0,-10.923748
7.2,0.0,-12.05296
7.4,0.0,-11.264809
7.6,0.0,-9.839803
7.8,0.0,-8.315265
8.0,0.0,-6.904381
8.2,0.0,-5.688509
8.4,0.0,-4.69006
8.6,0.0,-3.894381
8.8,0.0,-3.270388
9.0,0.0,-2.778174
9.5,0.0,-1.926046
10.0,0.0,-1.409677
10.5,0.0,-1.082563
11.0,0.0,-0.859838
11.5,0.0,-0.706399
12.0,0.0,-0.599783
12.5,0.0,-0.524914
13.0,0.0,-0.46953
13.5,0.0,-0.4269
14.0,0.0,-0.392888
14.5,0.0,-0.365268
15.0,0.0,-0.341892
16.0,0.0,-0.305045
17.0,0.0,-0.27723
18.0,0.0,-0.253654
19.0,0.0,-0.234803
20.0,0.0,-0.218458
21.0,0.0,-0.204028
22.0,0.0,-0.19107
23.0,0.0,-0.180246
24.0,0.0,-0.169445
25.0,0.0,-0.160619
50.0,0.0,-0.053264
100.0,0.0,0.000227
2.5,5.0,339189.929281
2.6,5.0,307824.313016
2.7,5.0,339409.111336
2.8,5.0,438181.394078
2.9,5.0,629557.255756
3.0,5.0,934995.35628
3.1,5.0,1306775.926878
3.2,5.0,1543784.808026
3.3,5.0,1429119.076596
3.4,5.0,1060332.700301
3.5,5.0,685335.683977
3.6,5.0,414012.157637
3.7,5.0,244573.830034
3.8,5.0,146548.972563
3.9,5.0,93029.221161
4.0,5.0,65737.257566
4.1,5.0,53168.43767
4.2,5.0,51903.897271
4.3,5.0,46844.295975
4.7,5.0,10790.547591
5.2,5.0,12068.438375
5.3,5.0,11203.250878
5.4,5.0,10566.044845
5.5,5.0,10101.202802
5.6,5.0,9765.670306
5.7,5.0,967.399543
5.8,5.0,664.493489
5.9,5.0,451.270531
6.0,5.0,302.430674
6.2,5.0,127.063491
6.4,5.0,45.243068
6.6,5.0,8.791929
6.8,5.0,-6.138038
7.0,5.0,-11.191587
7.2,5.0,-11.962526
7.4,5.0,-11.05376
7.6,5.0,-9.611911
7.8,5.0,-8.110135
8.0,5.0,-6.736193
8.2,5.0,-5.555298
8.4,5.0,-4.586238
8.6,5.0,-3.815492
8.8,5.0,-3.208939
9.0,5.0,-2.729622
9.5,5.0,-1.896215
10.0,5.0,-1.392858
10.5,5.0,-1.071561
11.0,5.0,-0.852457
11.5,5.0,-0.701851
12.0,5.0,-0.59736
12.5,5.0,-0.523706
13.0,5.0,-0.468211
13.5,5.0,-0.42679
14.0,5.0,-0.392388
14.5,5.0,-0.365016
15.0,5.0,-0.34187
16.0,5.0,-0.304863
17.0,5.0,-0.277251
18.0,5.0,-0.254114
19.0,5.0,-0.235502
20.0,5.0,-0.219171
21.0,5.0,-0.204772
22.0,5.0,-0.1912
23.0,5.0,-0.18096
24.0,5.0,-0.170797
25.0,5.0,-0.16131
50.0,5.0,-0.054432
100.0,5.0,-0.000219
2.5,10.0,219132.660864
2.6,10.0,194676.418181
2.7,10.0,187042.824897
2.8,10.0,191647.452345
2.9,10.0,206244.313922
3.0,10.0,225587.333549
3.1,10.0,239636.321355
3.2,10.0,237684.537063
3.3,10.0,215557.481093
3.4,10.0,178662.444938
3.5,10.0,137488.420707
3.6,10.0,100952.180035
3.7,10.0,73369.640936
3.8,10.0,55068.18536
3.9,10.0,44298.306458
4.0,10.0,43531.99239
4.1,10.0,39763.203889
4.2,10.0,36368.639107
4.3,10.0,32449.675532
4.4,10.0,28381.63721
4.5,10.0,24356.863832
4.6,10.0,20947.946172
4.7,10.0,18111.342553
4.8,10.0,15862.084042
4.9,10.0,14134.009496
5.0,10.0,12800.97784
5.1,10.0,11782.702491
5.2,10.0,11013.448853
5.3,10.0,10439.535317
5.4,10.0,10016.39834
5.5,10.0,1390.279619
5.6,10.0,975.205214
5.7,10.0,676.855548
5.8,10.0,463.998147
5.9,10.0,313.584854
6.0,10.0,208.07551
6.2,10.0,84.223434
6.4,10.0,26.447214
6.6,10.0,1.105053
6.8,10.0,-8.833071
7.0,10.0,-11.740478
7.2,10.0,-11.658674
7.4,10.0,-10.47193
7.6,10.0,-8.997035
7.8,10.0,-7.560935
8.0,10.0,-6.278571
8.2,10.0,-5.192514
8.4,10.0,-4.303577
8.6,10.0,-3.595553
8.8,10.0,-3.0361
9.0,10.0,-2.591058
9.5,10.0,-1.815536
10.0,10.0,-1.343062
10.5,10.0,-1.040137
11.0,10.0,-0.832322
11.5,10.0,-0.688647
12.0,10.0,-0.587911
12.5,10.0,-0.517984
13.0,10.0,-0.463515
13.5,10.0,-0.423352
14.0,10.0,-0.3906
14.5,10.0,-0.363279
15.0,10.0,-0.341092
16.0,10.0,-0.304582
17.0,10.0,-0.276976
18.0,10.0,-0.2534
19.0,10.0,-0.235025
20.0,10.0,-0.218568
21.0,10.0,-0.204041
22.0,10.0,-0.191254
23.0,10.0,-0.180837
24.0,10.0,-0.170249
25.0,10.0,-0.161399
50.0,10.0,-0.053859
100.0,10.0,0.00051
2.5,15.0,131716.813394
2.6,15.0,118721.725832
2.7,15.0,106754.898702
2.8,15.0,95648.407764
2.9,15.0,85513.761577
3.0,15.0,76424.728796
3.1,15.0,68002.811798
3.2,15.0,59795.940725
3.3,15.0,51704.740372
3.4,15.0,44057.619716
3.5,15.0,37378.254599
3.6,15.0,32116.993496
3.7,15.0,34017.733973
3.8,15.0,31133.302062
3.9,15.0,28909.941706
4.0,15.0,26819.944067
4.1,15.0,24517.118289
4.2,15.0,21924.529447
4.3,15.0,19141.755016
4.4,15.0,16310.578722
4.5,15.0,17360.498745
4.6,15.0,15457.012496
4.7,15.0,13947.285333
4.8,15.0,12745.257526
4.9,15.0,11798.446578
5.0,15.0,11063.715303
5.1,15.0,2888.671121
5.2,15.0,2115.856819
5.3,15.0,1533.045994
5.4,15.0,1098.928638
5.5,15.0,779.544234
5.6,15.0,545.191236
5.7,15.0,376.290814
5.8,15.0,255.415257
5.9,15.0,169.731012
6.0,15.0,109.929526
6.2,15.0,39.213166
6.4,15.0,6.880309
6.6,15.0,-6.656612
6.8,15.0,-11.289267
7.0,15.0,-11.941445
7.2,15.0,-11.002703
7.4,15.0,-9.574347
7.6,15.0,-8.113957
7.8,15.0,-6.785496
8.0,15.0,-5.633812
8.2,15.0,-4.675308
8.4,15.0,-3.896881
8.6,15.0,-3.277573
8.8,15.0,-2.784263
9.0,15.0,-2.389565
9.5,15.0,-1.695284
10.0,15.0,-1.271274
10.5,15.0,-0.993692
11.0,15.0,-0.800857
11.5,15.0,-0.668547
12.0,15.0,-0.575248
12.5,15.0,-0.508054
13.0,15.0,-0.458173
13.5,15.0,-0.418204
14.0,15.0,-0.38659
14.5,15.0,-0.360373
15.0,15.0,-0.338032
16.0,15.0,-0.303172
17.0,15.0,-0.275367
18.0,15.0,-0.253727
19.0,15.0,-0.234632
20.0,15.0,-0.218816
21.0,15.0,-0.204121
22.0,15.0,-0.190991
23.0,15.0,-0.181117
24.0,15.0,-0.170517
25.0,15.0,-0.160628
50.0,15.0,-0.054018
100.0,15.0,-0.000239
2.5,20.0,88239.607692
2.6,20.0,78929.908377
2.7,20.0,69447.617785
2.8,20.0,59873.487966
2.9,20.0,50785.86538
3.0,20.0,42667.956753
3.1,20.0,35740.102325
3.2,20.0,36328.258309
3.3,20.0,31514.426864
3.4,20.0,27644.849054
3.5,20.0,24580.300188
3.6,20.0,22108.360037
3.7,20.0,20023.416217
3.8,20.0,18150.013199
3.9,20.0,16364.136494
4.0,20.0,14601.410905
4.1,20.0,12842.127778
4.2,20.0,11078.821419
4.3,20.0,9381.239351
4.4,20.0,7824.590421
4.5,20.0,6406.109051
4.6,20.0,5142.253962
4.7,20.0,4049.340884
4.8,20.0,3134.112519
4.9,20.0,2388.804792
5.0,20.0,1795.477531
5.1,20.0,1332.096171
5.2,20.0,977.24964
5.3,20.0,705.521774
5.4,20.0,502.884397
5.5,20.0,353.074948
5.6,20.0,243.492935
5.7,20.0,164.251774
5.8,20.0,107.915807
5.9,20.0,67.80059
6.0,20.0,39.732908
6.2,20.0,7.505712
6.4,20.0,-6.418446
6.6,20.0,-11.396568
6.8,20.0,-12.237013
7.0,20.0,-11.355867
7.2,20.0,-9.917637
7.4,20.0,-8.428059
7.6,20.0,-7.067861
7.8,20.0,-5.889326
8.0,20.0,-4.898468
8.2,20.0,-4.085285
8.4,20.0,-3.431574
8.6,20.0,-2.909279
8.8,20.0,-2.490586
9.0,20.0,-2.151833
9.5,20.0,-1.554871
10.0,20.0,-1.183225
10.5,20.0,-0.935795
11.0,20.0,-0.763068
11.5,20.0,-0.643605
12.0,20.0,-0.559431
12.5,20.0,-0.496488
13.0,20.0,-0.449793
13.5,20.0,-0.412605
14.0,20.0,-0.382503
14.5,20.0,-0.356532
15.0,20.0,-0.336067
16.0,20.0,-0.300937
17.0,20.0,-0.274376
18.0,20.0,-0.252371
19.0,20.0,-0.233739
20.0,20.0,-0.217966
21.0,20.0,-0.203934
22.0,20.0,-0.19011
23.0,20.0,-0.179352
24.0,20.0,-0.169937
25.0,20.0,-0.161246
50.0,20.0,-0.053932
100.0,20.0,9.4e-05
2.5,25.0,67197.869775
2.6,25.0,59379.500961
2.7,25.0,51760.930271
2.8,25.0,44555.696906
2.9,25.0,37985.323948
3.0,25.0,32195.299059
3.1,25.0,27234.700702
3.2,25.0,23060.090001
3.3,25.0,19615.22592
3.4,25.0,16799.477301
3.5,25.0,14482.024374
3.6,25.0,12545.513725
3.7,25.0,10883.865754
3.8,25.0,9412.648333
3.9,25.0,8112.586212
4.0,25.0,6960.485389
4.1,25.0,5918.309058
4.2,25.0,4969.932914
4.3,25.0,4112.287947
4.4,25.0,3349.515503
4.5,25.0,2685.079859
4.6,25.0,2119.395717
4.7,25.0,1648.019338
4.8,25.0,1262.616677
4.9,25.0,953.366797
5.0,25.0,709.746379
5.1,25.0,520.68745
5.2,25.0,375.924957
5.3,25.0,266.559861
5.4,25.0,185.012992
5.5,25.0,125.021562
5.6,25.0,81.768807
5.7,25.0,50.472316
5.8,25.0,28.311702
5.9,25.0,12.977001
6.0,25.0,2.594469
6.2,25.0,-8.524368
6.4,25.0,-12.324414
6.6,25.0,-12.680366
6.8,25.0,-11.596562
7.0,25.0,-10.06463
7.2,25.0,-8.530207
7.4,25.0,-7.151522
7.6,25.0,-5.965532
7.8,25.0,-4.969859
8.0,25.0,-4.152461
8.2,25.0,-3.490734
8.4,25.0,-2.959769
8.6,25.0,-2.533189
8.8,25.0,-2.187446
9.0,25.0,-1.906646
9.5,25.0,-1.40708
10.0,25.0,-1.090718
10.5,25.0,-0.873716
11.0,25.0,-0.723062
11.5,25.0,-0.615098
12.0,25.0,-0.54067
12.5,25.0,-0.483622
13.0,25.0,-0.440518
13.5,25.0,-0.405082
14.0,25.0,-0.37645
14.5,25.0,-0.353413
15.0,25.0,-0.332165
16.0,25.0,-0.299034
17.0,25.0,-0.272556
18.0,25.0,-0.251791
19.0,25.0,-0.23345
20.0,25.0,-0.217606
21.0,25.0,-0.203733
22.0,25.0,-0.191024
23.0,25.0,-0.18011
24.0,25.0,-0.170091
25.0,25.0,-0.160327
50.0,25.0,-0.054476
100.0,25.0,-0.000545
2.5,30.0,36966.635868
2.6,30.0,33915.138104
2.7,30.0,30653.711242
2.8,30.0,26710.576103
2.9,30.0,22627.34655
3.0,30.0,18968.343241
3.1,30.0,15810.984658
3.2,30.0,13163.97357
3.3,30.0,10966.968966
3.4,30.0,9153.320293
3.5,30.0,7655.699094
3.6,30.0,6412.354486
3.7,30.0,5370.632773
3.8,30.0,4488.25644
3.9,30.0,3733.885947
4.0,30.0,3085.117579
4.1,30.0,2526.689041
4.2,30.0,2047.975032
4.3,30.0,1642.510461
4.4,30.0,1299.554606
4.5,30.0,1014.928881
4.6,30.0,781.997601
4.7,30.0,594.031592
4.8,30.0,444.354269
4.9,30.0,326.838328
5.0,30.0,235.829848
5.1,30.0,166.309899
5.2,30.0,113.96444
5.3,30.0,75.458281
5.4,30.0,46.897862
5.5,30.0,26.253173
5.6,30.0,11.696405
5.7,30.0,1.668697
5.8,30.0,-5.030047
5.9,30.0,-9.311482
6.0,30.0,-11.86089
6.2,30.0,-13.673728
6.4,30.0,-13.146428
6.6,30.0,-11.694272
6.8,30.0,-10.023522
7.0,30.0,-8.445134
7.2,30.0,-7.060515
7.4,30.0,-5.886826
7.6,30.0,-4.909972
7.8,30.0,-4.111012
8.0,30.0,-3.464535
8.2,30.0,-2.944605
8.4,30.0,-2.524433
8.6,30.0,-2.184058
8.8,30.0,-1.904338
9.0,30.0,-1.677522
9.5,30.0,-1.267232
10.0,30.0,-0.998242
10.5,30.0,-0.812636
11.0,30.0,-0.681563
11.5,30.0,-0.589082
12.0,30.0,-0.521443
12.5,30.0,-0.470789
13.0,30.0,-0.430322
13.5,30.0,-0.397812
14.0,30.0,-0.371228
14.5,30.0,-0.349179
15.0,30.0,-0.329357
16.0,30.0,-0.297981
17.0,30.0,-0.27233
18.0,30.0,-0.251144
19.0,30.0,-0.232638
20.0,30.0,-0.216637
21.0,30.0,-0.203058
22.0,30.0,-0.191133
23.0,30.0,-0.180164
24.0,30.0,-0.170634
25.0,30.0,-0.161602
50.0,30.0,-0.054333
100.0,30.0,-0.000277
2.5,35.0,23676.325628
2.6,35.0,20519.364196
2.7,35.0,17616.539361
2.8,35.0,14928.003399
2.9,35.0,12491.942636
3.0,35.0,10362.993504
3.1,35.0,8539.716984
3.2,35.0,7003.074343
3.3,35.0,5723.056167
3.4,35.0,4664.146191
3.5,35.0,3791.378288
3.6,35.0,3073.070419
3.7,35.0,2481.948627
3.8,35.0,1995.298646
3.9,35.0,1594.951648
4.0,35.0,1265.868887
4.1,35.0,996.249748
4.2,35.0,778.678926
4.3,35.0,599.765225
4.4,35.0,456.19513
4.5,35.0,341.875714
4.6,35.0,251.834583
4.7,35.0,181.682817
4.8,35.0,127.661551
4.9,35.0,86.618441
5.0,35.0,56.234172
5.1,35.0,33.289553
5.2,35.0,16.659297
5.3,35.0,4.862118
5.4,35.0,-3.283209
5.5,35.0,-8.697027
5.6,35.0,-12.098825
5.7,35.0,-14.042136
5.8,35.0,-14.946491
5.9,35.0,-15.130125
6.0,35.0,-14.83022
6.2,35.0,-13.42516
6.4,35.0,-11.612774
6.6,35.0,-9.818064
6.8,35.0,-8.212146
7.0,35.0,-6.842432
7.2,35.0,-5.699241
7.4,35.0,-4.758317
7.6,35.0,-3.995112
7.8,35.0,-3.378425
8.0,35.0,-2.881743
8.2,35.0,-2.479074
8.4,35.0,-2.149718
8.6,35.0,-1.879606
8.8,35.0,-1.65893
9.0,35.0,-1.475241
9.5,35.0,-1.13964
10.0,35.0,-0.91355
10.5,35.0,-0.754875
11.0,35.0,-0.643346
11.5,35.0,-0.563034
12.0,35.0,-0.503439
12.5,35.0,-0.457305
13.0,35.0,-0.420806
13.5,35.0,-0.391409
14.0,35.0,-0.365735
14.5,35.0,-0.344511
15.0,35.0,-0.325614
16.0,35.0,-0.29512
17.0,35.0,-0.270408
18.0,35.0,-0.249542
19.0,35.0,-0.232556
20.0,35.0,-0.216793
21.0,35.0,-0.202614
22.0,35.0,-0.190681
23.0,35.0,-0.180143
24.0,35.0,-0.169682
25.0,35.0,-0.161159
50.0,35.0,-0.054586
100.0,35.0,-0.000312
2.5,40.0,15114.675584
2.6,40.0,12500.678316
2.7,40.0,10292.136993
2.8,40.0,8431.78657
2.9,40.0,6866.79384
3.0,40.0,5558.293667
3.1,40.0,4472.631251
3.2,40.0,3578.839454
3.3,40.0,2848.060943
3.4,40.0,2254.158542
3.5,40.0,1774.130483
3.6,40.0,1387.958929
3.7,40.0,1078.650319
3.8,40.0,831.976206
3.9,40.0,638.344861
4.0,40.0,483.003371
4.1,40.0,360.965568
4.2,40.0,265.652569
4.3,40.0,191.834409
4.4,40.0,135.13438
4.5,40.0,92.442853
4.6,40.0,59.907405
4.7,40.0,35.639503
4.8,40.0,17.888028
4.9,40.0,5.151158
5.0,40.0,-3.761617
5.1,40.0,-9.780906
5.2,40.0,-13.63808
5.3,40.0,-15.897136
5.4,40.0,-16.997378
5.5,40.0,-17.278314
5.6,40.0,-16.996481
5.7,40.0,-16.345466
5.8,40.0,-15.470511
5.9,40.0,-14.472563
6.0,40.0,-13.427675
6.2,40.0,-11.368904
6.4,40.0,-9.504159
6.6,40.0,-7.902026
6.8,40.0,-6.562694
7.0,40.0,-5.460923
7.2,40.0,-4.565486
7.4,40.0,-3.845128
7.6,40.0,-3.264994
7.8,40.0,-2.795978
8.0,40.0,-2.413888
8.2,40.0,-2.100157
8.4,40.0,-1.841424
8.6,40.0,-1.629249
8.8,40.0,-1.453064
9.0,40.0,-1.305253
9.5,40.0,-1.028585
10.0,40.0,-0.838559
10.5,40.0,-0.703643
11.0,40.0,-0.6095
11.5,40.0,-0.539825
12.0,40.0,-0.485967
12.5,40.0,-0.446128
13.0,40.0,-0.412128
13.5,40.0,-0.383714
14.0,40.0,-0.36091
14.5,40.0,-0.339807
15.0,40.0,-0.322435
16.0,40.0,-0.292867
17.0,40.0,-0.268761
18.0,40.0,-0.249035
19.0,40.0,-0.232305
20.0,40.0,-0.216177
21.0,40.0,-0.203161
22.0,40.0,-0.190508
23.0,40.0,-0.180517
24.0,40.0,-0.170189
25.0,40.0,-0.161174
50.0,40.0,-0.054489
100.0,40.0,0.000389
2.5,45.0,9617.703831
2.6,45.0,7672.747968
2.7,45.0,6101.303307
2.8,45.0,4832.108081
2.9,45.0,3808.849624
3.0,45.0,2986.241271
3.1,45.0,2327.421166
3.2,45.0,1802.170576
3.3,45.0,1385.544022
3.4,45.0,1056.889403
3.5,45.0,799.138801
3.6,45.0,599.599088
3.7,45.0,443.797251
3.8,45.0,324.248981
3.9,45.0,232.316148
4.0,45.0,162.501371
4.1,45.0,110.003753
4.2,45.0,70.905972
4.3,45.0,42.114392
4.4,45.0,21.200404
4.5,45.0,6.267207
4.6,45.0,-4.152994
4.7,45.0,-11.190436
4.8,45.0,-15.714685
4.9,45.0,-18.388253
5.0,45.0,-19.718174
5.1,45.0,-20.090012
5.2,45.0,-19.797677
5.3,45.0,-19.062121
5.4,45.0,-18.050979
5.5,45.0,-16.889285
5.6,45.0,-15.663136
5.7,45.0,-14.433728
5.8,45.0,-13.241903
5.9,45.0,-12.109884
6.0,45.0,-11.049489
6.2,45.0,-9.164688
6.4,45.0,-7.583894
6.6,45.0,-6.283263
6.8,45.0,-5.227848
7.0,45.0,-4.378333
7.2,45.0,-3.698255
7.4,45.0,-3.15099
7.6,45.0,-2.70851
7.8,45.0,-2.345836
8.0,45.0,-2.048422
8.2,45.0,-1.802477
8.4,45.0,-1.597484
8.6,45.0,-1.42836
8.8,45.0,-1.285673
9.0,45.0,-1.164962
9.5,45.0,-0.934712
10.0,45.0,-0.773852
10.5,45.0,-0.660901
11.0,45.0,-0.579978
11.5,45.0,-0.518935
12.0,45.0,-0.472593
12.5,45.0,-0.434437
13.0,45.0,-0.404141
13.5,45.0,-0.377952
14.0,45.0,-0.355832
14.5,45.0,-0.336428
15.0,45.0,-0.319752
16.0,45.0,-0.291547
17.0,45.0,-0.268304
18.0,45.0,-0.248375
19.0,45.0,-0.230798
20.0,45.0,-0.214902
21.0,45.0,-0.202372
22.0,45.0,-0.190796
23.0,45.0,-0.179706
24.0,45.0,-0.169813
25.0,45.0,-0.160964
50.0,45.0,-0.054536
100.0,45.0,-0.00019
2.5,50.0,6123.552157
2.6,50.0,4730.5439
2.7,50.0,3639.309438
2.8,50.0,2786.3578
2.9,50.0,2121.264939
3.0,50.0,1604.321194
3.1,50.0,1207.286383
3.2,50.0,897.825922
3.3,50.0,660.643447
3.4,50.0,479.940467
3.5,50.0,343.170577
3.6,50.0,240.40616
3.7,50.0,163.812688
3.8,50.0,107.245313
3.9,50.0,65.907451
4.0,50.0,36.07349
4.1,50.0,14.873958
4.2,50.0,0.112102
4.3,50.0,-9.88709
4.4,50.0,-16.382799
4.5,50.0,-20.327848
4.6,50.0,-22.432843
4.7,50.0,-23.233612
4.8,50.0,-23.125389
4.9,50.0,-22.40934
5.0,50.0,-21.306703
5.1,50.0,-19.978521
5.2,50.0,-18.545732
5.3,50.0,-17.088702
5.4,50.0,-15.664426
5.5,50.0,-14.304648
5.6,50.0,-13.032539
5.7,50.0,-11.852738
5.8,50.0,-10.76931
5.9,50.0,-9.777815
6.0,50.0,-8.876147
6.2,50.0,-7.317599
6.4,50.0,-6.052674
6.6,50.0,-5.037641
6.8,50.0,-4.226076
7.0,50.0,-3.57802
7.2,50.0,-3.057588
7.4,50.0,-2.634629
7.6,50.0,-2.28877
7.8,50.0,-2.003794
8.0,50.0,-1.76698
8.2,50.0,-1.571554
8.4,50.0,-1.407754
8.6,50.0,-1.269739
8.8,50.0,-1.152043
9.0,50.0,-1.051678
9.5,50.0,-0.856185
10.0,50.0,-0.7215
10.5,50.0,-0.626236
11.0,50.0,-0.555634
11.5,50.0,-0.50244
12.0,50.0,-0.459786
12.5,50.0,-0.426073
13.0,50.0,-0.397318
13.5,50.0,-0.372505
14.0,50.0,-0.35182
14.5,50.0,-0.332758
15.0,50.0,-0.316752
16.0,50.0,-0.288792
17.0,50.0,-0.266761
18.0,50.0,-0.247454
19.0,50.0,-0.230192
20.0,50.0,-0.215753
21.0,50.0,-0.202039
22.0,50.0,-0.190365
23.0,50.0,-0.179054
24.0,50.0,-0.169303
25.0,50.0,-0.161127
50.0,50.0,-0.054085
100.0,50.0,-0.00012
2.5,55.0,3895.012334
2.6,55.0,2923.069695
2.7,55.0,2179.067191
2.8,55.0,1612.3775
2.9,55.0,1182.838091
3.0,55.0,858.919915
3.1,55.0,616.014552
3.2,55.0,434.985576
3.3,55.0,301.01828
3.4,55.0,202.660838
3.5,55.0,131.104237
3.6,55.0,79.597622
3.7,55.0,42.992172
3.8,55.0,17.387121
3.9,55.0,-0.153678
4.0,55.0,-11.824478
4.1,55.0,-19.254611
4.2,55.0,-23.643379
4.3,55.0,-25.878681
4.4,55.0,-26.609126
4.5,55.0,-26.314273
4.6,55.0,-25.346725
4.7,55.0,-23.963801
4.8,55.0,-22.354232
4.9,55.0,-20.64977
5.0,55.0,-18.944062
5.1,55.0,-17.294436
5.2,55.0,-15.735653
5.3,55.0,-14.285322
5.4,55.0,-12.950991
5.5,55.0,-11.732379
5.6,55.0,-10.621812
5.7,55.0,-9.615599
5.8,55.0,-8.706556
5.9,55.0,-7.888161
6.0,55.0,-7.15287
6.2,55.0,-5.90446
6.4,55.0,-4.912109
6.6,55.0,-4.124727
6.8,55.0,-3.497785
7.0,55.0,-2.994976
7.2,55.0,-2.585587
7.4,55.0,-2.249846
7.6,55.0,-1.973515
7.8,55.0,-1.744779
8.0,55.0,-1.553978
8.2,55.0,-1.392779
8.4,55.0,-1.25785
8.6,55.0,-1.14321
8.8,55.0,-1.043871
9.0,55.0,-0.959253
9.5,55.0,-0.795008
10.0,55.0,-0.68027
10.5,55.0,-0.597742
11.0,55.0,-0.536315
11.5,55.0,-0.487827
12.0,55.0,-0.448982
12.5,55.0,-0.417096
13.0,55.0,-0.390227
13.5,55.0,-0.367763
14.0,55.0,-0.347673
14.5,55.0,-0.330594
15.0,55.0,-0.315383
16.0,55.0,-0.287979
17.0,55.0,-0.265519
18.0,55.0,-0.245881
19.0,55.0,-0.229516
20.0,55.0,-0.215379
21.0,55.0,-0.20141
22.0,55.0,-0.190288
23.0,55.0,-0.179309
24.0,55.0,-0.169968
25.0,55.0,-0.161044
50.0,55.0,-0.053803
100.0,55.0,-7.6e-05
2.5,60.0,2513.028331
2.6,60.0,1831.354976
2.7,60.0,1320.995227
2.8,60.0,941.66686
2.9,60.0,661.768114
3.0,60.0,456.80862
3.1,60.0,307.951607
3.2,60.0,200.82851
3.3,60.0,124.544054
3.4,60.0,70.890383
3.5,60.0,33.718698
3.6,60.0,8.456637
3.7,60.0,-8.266755
3.8,60.0,-18.9181
3.9,60.0,-25.286346
4.0,60.0,-28.666093
4.1,60.0,-29.987048
4.2,60.0,-29.918033
4.3,60.0,-28.940161
4.4,60.0,-27.401505
4.5,60.0,-25.549639
4.6,60.0,-23.564159
4.7,60.0,-21.562911
4.8,60.0,-19.625252
4.9,60.0,-17.797013
5.0,60.0,-16.10244
5.1,60.0,-14.549088
5.2,60.0,-13.135131
5.3,60.0,-11.852231
5.4,60.0,-10.696074
5.5,60.0,-9.652751
5.6,60.0,-8.716594
5.7,60.0,-7.877654
5.8,60.0,-7.129404
5.9,60.0,-6.462374
6.0,60.0,-5.869122
6.2,60.0,-4.875884
6.4,60.0,-4.092756
6.6,60.0,-3.471274
6.8,60.0,-2.971927
7.0,60.0,-2.568018
7.2,60.0,-2.236385
7.4,60.0,-1.963581
7.6,60.0,-1.737044
7.8,60.0,-1.54791
8.0,60.0,-1.38921
8.2,60.0,-1.255862
8.4,60.0,-1.140619
8.6,60.0,-1.04277
8.8,60.0,-0.959624
9.0,60.0,-0.887918
9.5,60.0,-0.74742
10.0,60.0,-0.648046
10.5,60.0,-0.575329
11.0,60.0,-0.520036
11.5,60.0,-0.476134
12.0,60.0,-0.439985
12.5,60.0,-0.410446
13.0,60.0,-0.384879
13.5,60.0,-0.363461
14.0,60.0,-0.344487
14.5,60.0,-0.32762
15.0,60.0,-0.312229
16.0,60.0,-0.285943
17.0,60.0,-0.263534
18.0,60.0,-0.245055
19.0,60.0,-0.22951
20.0,60.0,-0.21426
21.0,60.0,-0.202312
22.0,60.0,-0.190343
23.0,60.0,-0.179833
24.0,60.0,-0.169473
25.0,60.0,-0.160746
50.0,60.0,-0.054519
100.0,60.0,-0.000562
2.5,65.0,1679.340328
2.6,65.0,1185.458073
2.7,65.0,824.156961
2.8,65.0,562.264687
2.9,65.0,374.260912
3.0,65.0,240.711295
3.1,65.0,146.959097
3.2,65.0,82.049491
3.3,65.0,37.858884
3.4,65.0,8.413273
3.5,65.0,-10.637807
3.6,65.0,-22.437327
3.7,65.0,-29.227318
3.8,65.0,-32.598979
3.9,65.0,-33.672411
4.0,65.0,-33.238986
4.1,65.0,-31.855049
4.2,65.0,-29.911745
4.3,65.0,-27.681137
4.4,65.0,-25.354905
4.5,65.0,-23.055671
4.6,65.0,-20.86364
4.7,65.0,-18.819979
4.8,65.0,-16.947198
4.9,65.0,-15.242308
5.0,65.0,-13.70289
5.1,65.0,-12.317871
5.2,65.0,-11.073631
5.3,65.0,-9.959225
5.4,65.0,-8.964982
5.5,65.0,-8.079996
5.6,65.0,-7.293323
5.7,65.0,-6.596725
5.8,65.0,-5.979987
5.9,65.0,-5.434686
6.0,65.0,-4.952291
6.2,65.0,-4.147637
6.4,65.0,-3.511843
6.6,65.0,-3.001648
6.8,65.0,-2.591116
7.0,65.0,-2.255881
7.2,65.0,-1.979176
7.4,65.0,-1.750169
7.6,65.0,-1.558533
7.8,65.0,-1.398899
8.0,65.0,-1.263466
8.2,65.0,-1.149455
8.4,65.0,-1.051307
8.6,65.0,-0.967407
8.8,65.0,-0.894942
9.0,65.0,-0.832738
9.5,65.0,-0.710857
10.0,65.0,-0.623985
10.5,65.0,-0.557493
11.0,65.0,-0.506907
11.5,65.0,-0.467032
12.0,65.0,-0.432834
12.5,65.0,-0.404767
13.0,65.0,-0.381237
13.5,65.0,-0.360386
14.0,65.0,-0.341137
14.5,65.0,-0.325963
15.0,65.0,-0.310849
16.0,65.0,-0.285053
17.0,65.0,-0.26371
18.0,65.0,-0.245097
19.0,65.0,-0.229165
20.0,65.0,-0.213987
21.0,65.0,-0.201041
22.0,65.0,-0.190278
23.0,65.0,-0.178667
24.0,65.0,-0.169708
25.0,65.0,-0.160261
50.0,65.0,-0.05413
100.0,65.0,4e-05
2.5,70.0,1180.012791
2.6,70.0,805.214584
2.7,70.0,537.244109
2.8,70.0,347.780412
2.9,70.0,215.469068
3.0,70.0,124.371073
3.1,70.0,62.693643
3.2,70.0,21.806582
3.3,70.0,-4.553243
3.4,70.0,-20.872959
3.5,70.0,-30.341308
3.6,70.0,-35.193251
3.7,70.0,-36.984153
3.8,70.0,-36.792497
3.9,70.0,-35.362678
4.0,70.0,-33.20975
4.1,70.0,-30.686366
4.2,70.0,-28.030487
4.3,70.0,-25.402973
4.4,70.0,-22.898115
4.5,70.0,-20.570164
4.6,70.0,-18.44257
4.7,70.0,-16.517533
4.8,70.0,-14.786146
4.9,70.0,-13.23644
5.0,70.0,-11.8522
5.1,70.0,-10.619664
5.2,70.0,-9.52519
5.3,70.0,-8.555577
5.4,70.0,-7.698878
5.5,70.0,-6.943075
5.6,70.0,-6.277631
5.7,70.0,-5.69105
5.8,70.0,-5.175651
5.9,70.0,-4.71963
6.0,70.0,-4.316704
6.2,70.0,-3.639341
6.4,70.0,-3.100707
6.6,70.0,-2.666722
6.8,70.0,-2.314732
7.0,70.0,-2.026779
7.2,70.0,-1.788662
7.4,70.0,-1.591059
7.6,70.0,-1.425663
7.8,70.0,-1.286926
8.0,70.0,-1.168225
8.2,70.0,-1.068449
8.4,70.0,-0.982985
8.6,70.0,-0.909954
8.8,70.0,-0.847256
9.0,70.0,-0.792
9.5,70.0,-0.684023
10.0,70.0,-0.604429
10.5,70.0,-0.545283
11.0,70.0,-0.497025
11.5,70.0,-0.458922
12.0,70.0,-0.427659
12.5,70.0,-0.400746
13.0,70.0,-0.377473
13.5,70.0,-0.357854
14.0,70.0,-0.340338
14.5,70.0,-0.323531
15.0,70.0,-0.309619
16.0,70.0,-0.28406
17.0,70.0,-0.262914
18.0,70.0,-0.245261
19.0,70.0,-0.228158
20.0,70.0,-0.213491
21.0,70.0,-0.20114
22.0,70.0,-0.190005
23.0,70.0,-0.179689
24.0,70.0,-0.169426
25.0,70.0,-0.160516
50.0,70.0,-0.054533
100.0,70.0,-0.000912
2.5,75.0,884.32839
2.6,75.0,583.466383
2.7,75.0,372.786164
2.8,75.0,227.206158
2.9,75.0,128.140158
3.0,75.0,61.964623
3.1,75.0,18.777604
3.2,75.0,-8.533852
3.3,75.0,-25.022279
3.4,75.0,-34.233672
3.5,75.0,-38.626407
3.6,75.0,-39.885539
3.7,75.0,-39.165809
3.8,75.0,-37.251946
3.9,75.0,-34.673739
4.0,75.0,-31.793373
4.1,75.0,-28.845123
4.2,75.0,-25.982885
4.3,75.0,-23.29256
4.4,75.0,-20.820246
4.5,75.0,-18.581295
4.6,75.0,-16.570715
4.7,75.0,-14.774493
4.8,75.0,-13.176714
4.9,75.0,-11.759479
5.0,75.0,-10.506634
5.1,75.0,-9.398996
5.2,75.0,-8.425754
5.3,75.0,-7.569962
5.4,75.0,-6.820404
5.5,75.0,-6.162601
5.6,75.0,-5.58462
5.7,75.0,-5.07869
5.8,75.0,-4.631387
5.9,75.0,-4.234333
6.0,75.0,-3.883166
6.2,75.0,-3.290372
6.4,75.0,-2.81527
6.6,75.0,-2.431731
6.8,75.0,-2.119942
7.0,75.0,-1.863795
7.2,75.0,-1.65201
7.4,75.0,-1.476573
7.6,75.0,-1.329351
7.8,75.0,-1.20493
8.0,75.0,-1.099664
8.2,75.0,-1.011354
8.4,75.0,-0.935303
8.6,75.0,-0.869482
8.8,75.0,-0.812765
9.0,75.0,-0.762778
9.5,75.0,-0.664324
10.0,75.0,-0.590782
10.5,75.0,-0.535538
11.0,75.0,-0.489934
11.5,75.0,-0.453964
12.0,75.0,-0.42375
12.5,75.0,-0.397499
13.0,75.0,-0.375195
13.5,75.0,-0.354891
14.0,75.0,-0.338143
14.5,75.0,-0.322543
15.0,75.0,-0.307287
16.0,75.0,-0.283629
17.0,75.0,-0.262578
18.0,75.0,-0.244562
19.0,75.0,-0.228505
20.0,75.0,-0.213836
21.0,75.0,-0.201502
22.0,75.0,-0.190373
23.0,75.0,-0.179596
24.0,75.0,-0.169333
25.0,75.0,-0.16073
50.0,75.0,-0.053893
100.0,75.0,-0.000273
2.5,80.0,714.980612
2.6,80.0,458.096915
2.7,80.0,281.178899
2.8,80.0,161.173998
2.9,80.0,81.245664
3.0,80.0,29.218449
3.1,80.0,-3.625035
3.2,80.0,-23.460709
3.3,80.0,-34.60359
3.4,80.0,-40.031649
3.5,80.0,-41.776491
3.6,80.0,-41.211199
3.7,80.0,-39.261004
3.8,80.0,-36.543623
3.9,80.0,-33.471381
4.0,80.0,-30.314601
4.1,80.0,-27.243751
4.2,80.0,-24.3583
4.3,80.0,-21.711285
4.4,80.0,-19.317737
4.5,80.0,-17.174456
4.6,80.0,-15.267498
4.7,80.0,-13.57619
4.8,80.0,-12.08321
4.9,80.0,-10.767819
5.0,80.0,-9.61032
5.1,80.0,-8.598073
5.2,80.0,-7.710291
5.3,80.0,-6.936281
5.4,80.0,-6.256821
5.5,80.0,-5.664323
5.6,80.0,-5.142695
5.7,80.0,-4.684291
5.8,80.0,-4.278597
5.9,80.0,-3.919345
6.0,80.0,-3.599832
6.2,80.0,-3.059336
6.4,80.0,-2.625878
6.6,80.0,-2.274458
6.8,80.0,-1.987899
7.0,80.0,-1.753206
7.2,80.0,-1.559324
7.4,80.0,-1.398409
7.6,80.0,-1.262094
7.8,80.0,-1.149479
8.0,80.0,-1.05293
8.2,80.0,-0.971518
8.4,80.0,-0.902025
8.6,80.0,-0.840701
8.8,80.0,-0.789023
9.0,80.0,-0.742658
9.5,80.0,-0.650597
10.0,80.0,-0.581626
10.5,80.0,-0.527807
11.0,80.0,-0.48516
11.5,80.0,-0.45021
12.0,80.0,-0.420787
12.5,80.0,-0.395421
13.0,80.0,-0.374011
13.5,80.0,-0.35404
14.0,80.0,-0.337552
14.5,80.0,-0.321836
15.0,80.0,-0.307598
16.0,80.0,-0.283794
17.0,80.0,-0.261518
18.0,80.0,-0.243999
19.0,80.0,-0.227399
20.0,80.0,-0.213581
21.0,80.0,-0.200992
22.0,80.0,-0.189913
23.0,80.0,-0.179958
24.0,80.0,-0.169525
25.0,80.0,-0.161076
50.0,80.0,-0.054821
100.0,80.0,-0.000173
2.5,85.0,628.108984
2.6,85.0,394.411181
2.7,85.0,235.164171
2.8,85.0,128.43622
2.9,85.0,58.349041
3.0,85.0,13.527543
3.1,85.0,-14.105821
3.2,85.0,-30.212618
3.3,85.0,-38.720844
3.4,85.0,-42.30906
3.5,85.0,-42.78824
3.6,85.0,-41.371988
3.7,85.0,-38.866724
3.8,85.0,-35.807399
3.9,85.0,-32.542321
4.0,85.0,-29.295794
4.1,85.0,-26.203299
4.2,85.0,-23.343227
4.3,85.0,-20.746122
4.4,85.0,-18.416272
4.5,85.0,-16.34285
4.6,85.0,-14.506991
4.7,85.0,-12.885724
4.8,85.0,-11.458266
4.9,85.0,-10.206662
5.0,85.0,-9.110833
5.1,85.0,-8.15287
5.2,85.0,-7.314977
5.3,85.0,-6.583862
5.4,85.0,-5.946086
5.5,85.0,-5.387952
5.6,85.0,-4.895566
5.7,85.0,-4.462666
5.8,85.0,-4.079595
5.9,85.0,-3.739744
6.0,85.0,-3.437468
6.2,85.0,-2.926342
6.4,85.0,-2.516193
6.6,85.0,-2.184307
6.8,85.0,-1.913499
7.0,85.0,-1.69076
7.2,85.0,-1.505827
7.4,85.0,-1.351891
7.6,85.0,-1.22449
7.8,85.0,-1.116287
8.0,85.0,-1.025627
8.2,85.0,-0.949098
8.4,85.0,-0.882518
8.6,85.0,-0.82532
8.8,85.0,-0.775194
9.0,85.0,-0.731439
9.5,85.0,-0.642751
10.0,85.0,-0.576289
10.5,85.0,-0.524143
11.0,85.0,-0.482299
11.5,85.0,-0.4483
12.0,85.0,-0.419019
12.5,85.0,-0.394026
13.0,85.0,-0.372095
13.5,85.0,-0.354283
14.0,85.0,-0.336241
14.5,85.0,-0.321444
15.0,85.0,-0.306888
16.0,85.0,-0.283319
17.0,85.0,-0.261882
18.0,85.0,-0.244016
19.0,85.0,-0.228245
20.0,85.0,-0.213988
21.0,85.0,-0.200927
22.0,85.0,-0.190324
23.0,85.0,-0.178985
24.0,85.0,-0.169368
25.0,85.0,-0.16062
50.0,85.0,-0.053378
100.0,85.0,0.00029
2.5,90.0,601.425649
2.6,90.0,374.953682
2.7,90.0,221.193488
2.8,90.0,118.566351
2.9,90.0,51.50566
3.0,90.0,8.88725
3.1,90.0,-17.159181
3.2,90.0,-32.13868
3.3,90.0,-39.855002
3.4,90.0,-42.892204
3.5,90.0,-42.997774
3.6,90.0,-41.334397
3.7,90.0,-38.672008
3.8,90.0,-35.517636
3.9,90.0,-32.201918
4.0,90.0,-28.937025
4.1,90.0,-25.84622
4.2,90.0,-22.99924
4.3,90.0,-20.421401
4.4,90.0,-18.116556
4.5,90.0,-16.06732
4.6,90.0,-14.257167
4.7,90.0,-12.660543
4.8,90.0,-11.257404
4.9,90.0,-10.027043
5.0,90.0,-8.951292
5.1,90.0,-8.011634
5.2,90.0,-7.190559
5.3,90.0,-6.473038
5.4,90.0,-5.847343
5.5,90.0,-5.298015
5.6,90.0,-4.815858
5.7,90.0,-4.3907
5.8,90.0,-4.013912
5.9,90.0,-3.680946
6.0,90.0,-3.383661
6.2,90.0,-2.882469
6.4,90.0,-2.479979
6.6,90.0,-2.154696
6.8,90.0,-1.888069
7.0,90.0,-1.670305
7.2,90.0,-1.489761
7.4,90.0,-1.337458
7.6,90.0,-1.211692
7.8,90.0,-1.106672
8.0,90.0,-1.016339
8.2,90.0,-0.941197
8.4,90.0,-0.875907
8.6,90.0,-0.818628
8.8,90.0,-0.770189
9.0,90.0,-0.727158
9.5,90.0,-0.640445
10.0,90.0,-0.574472
10.5,90.0,-0.523441
11.0,90.0,-0.481302
11.5,90.0,-0.447012
12.0,90.0,-0.418426
12.5,90.0,-0.393446
13.0,90.0,-0.372434
13.5,90.0,-0.352922
14.0,90.0,-0.336691
14.5,90.0,-0.32088
15.0,90.0,-0.307313
16.0,90.0,-0.282489
17.0,90.0,-0.26191
18.0,90.0,-0.243633
19.0,90.0,-0.227727
20.0,90.0,-0.213395
21.0,90.0,-0.200818
22.0,90.0,-0.189795
23.0,90.0,-0.179195
24.0,90.0,-0.168625
25.0,90.0,-0.160026
50.0,90.0,-0.054214
100.0,90.0,0.0
