2D 
0
-10443789591338.81,2001947174572.221,-59793709635.28473,230154352.191396,38935135.73081867,-1404425.691736098,-2218.580516268534,-6.796935278535615
5
-5631373556450.702,1082206794453.832,-29576564.50926208,-1838582305.195647,77595797.99300894,-1747160.16158426,-693.3156343341623,-6.819960530062795
10
3627403222062.59,-730294795691.2224,116682255074.1393,-5882765721.35133,153054786.8715274,-2399913.423988449,2416.425002796954,-6.83464695672879
15
5360154026593.436,-1261396675708.707,146367478146.9619,-6988499108.034915,176099712.0105172,-2575505.869880008,4258.722886556832,-6.788856154714176
20
2270062007879.245,-726384274961.6311,94275050942.85773,-4922609766.409286,134632203.9092649,-2105088.581472959,3815.334844882302,-6.653337655485978
25
1723410889292.013,-536522805769.6594,65954703602.97754,-3560140159.665406,102669351.0174978,-1690376.534807006,3492.790780258434,-6.493964236985744
30
-28308862721.05774,-50344251208.89143,11908608025.53157,-829486419.7038863,30667012.85351562,-697919.8303346374,-275.7884351161271,-6.154182873635185
35
16267174291.37936,-21889774754.27521,4649936384.395787,-338262261.0560021,13900365.63790095,-381923.1383282571,-1073.837459612935,-5.90091019450457
40
61234497349.39047,-25734901430.62012,4151174910.116543,-306172238.6029557,12692516.66763296,-332976.6739490558,-386.4695706491711,-5.739485725019176
45
14115971239.72906,-6776537424.980703,1257826399.474706,-105264346.7051671,5042415.511882402,-166519.5873880547,-883.3213391095079,-5.473344052943854
50
4005323609.39733,-2246047418.119739,494812601.438211,-49056868.33092144,2753059.444298364,-107927.441557297,-748.4158441878621,-5.279408757655108
55
2018032737.168259,-1276721399.943568,323340742.8261006,-38091135.51102892,2447681.361373808,-100301.2850832745,-261.3377270161093,-5.170705948492343
60
623765867.6725105,-448277293.4459387,132163341.2682537,-17635259.37598018,1260882.469259648,-61196.85471246587,-359.8891418713288,-4.959582853297242
65
378922681.8244287,-291426982.3513054,94183785.20767224,-14089329.98601032,1107278.253686104,-56434.13795800446,-106.3850821208627,-4.871948552773716
70
159383174.9631526,-132955590.0707467,49050232.48708347,-8148406.47964909,691378.3707431303,-39966.48297070032,-150.2551194150494,-4.713170905262162
75
106003080.4455086,-91040396.27053902,35865954.48142279,-6361071.549190634,563104.1296316592,-34048.51061861809,-110.1120897693557,-4.604942660033199
80
115011998.0320811,-98619252.48967393,38312643.02908193,-6955052.786078681,633255.6987837022,-37140.26615069878,42.98972366508524,-4.573206388627049
85
68957818.52661908,-59742503.08021264,25184295.1309218,-4815968.798972494,450405.9882021765,-28869.79836303269,-53.64546813779459,-4.479546639657964
90
70972725.21947399,-61618201.70109757,25880245.15033478,-4985304.139503126,471849.4864249086,-30029.68620124671,-10.83737004945423,-4.479231592745258
