R	Gamma	E
1.00	0	-202.634596364817
1.00	10	-204.85094304961
1.00	20	-207.263953041665
1.00	30	-208.266478775568
1.00	40	-208.610190574186
1.00	50	-208.754078687982
1.00	60	-208.852614916642
1.00	70	-208.925102011894
1.00	80	-208.964784560663
1.00	90	-208.973085576578
1.00	100	-208.955012724498
1.00	110	-208.908248352714
1.00	120	-208.828932120699
1.00	130	-208.722225022952
1.00	140	-208.57241085275
1.00	150	-208.231657393686
1.00	160	-207.244637271797
1.00	170	-204.957551869321
1.00	180	-202.918194387462
1.10	0	-195.642712558256
1.10	10	-202.371163900801
1.10	20	-206.973366598573
1.10	30	-208.332793333654
1.10	40	-208.709447501322
1.10	50	-208.845659562578
1.10	60	-208.935726677351
1.10	70	-209.002113406193
1.10	80	-209.039788786222
1.10	90	-209.04964141237
1.10	100	-209.032573974819
1.10	110	-208.987131793528
1.10	120	-208.911370453222
1.10	130	-208.811615983324
1.10	140	-208.671964014781
1.10	150	-208.303217773448
1.10	160	-206.979815862868
1.10	170	-202.590151447824
1.10	180	-196.409958692484
1.20	0	-172.524634137807
1.20	10	-199.429767974868
1.20	20	-206.83181239562
1.20	30	-208.41960545149
1.20	40	-208.798244730202
1.20	50	-208.926690615757
1.20	60	-209.010785737008
1.20	70	-209.07097788095
1.20	80	-209.104805645358
1.20	90	-209.11380160073
1.20	100	-209.098531078403
1.20	110	-209.057100158145
1.20	120	-208.986756502551
1.20	130	-208.892310891314
1.20	140	-208.76173541837
1.20	150	-208.365787477066
1.20	160	-206.839409464807
1.20	170	-199.683491433182
1.20	180	-175.817969326852
1.30	10	-198.278419468339
1.30	20	-206.953069353822
1.30	30	-208.52487503208
1.30	40	-208.874703085416
1.30	50	-208.995921502212
1.30	60	-209.075182255476
1.30	70	-209.129186689815
1.30	80	-209.158686272001
1.30	90	-209.166336630711
1.30	100	-209.153195456963
1.30	110	-209.116633655617
1.30	120	-209.052379485367
1.30	130	-208.962306538634
1.30	140	-208.839239828972
1.30	150	-208.492707319505
1.30	160	-206.951125054814
1.30	170	-198.347887395657
1.40	10	-200.319749779435
1.40	20	-207.295667669022
1.40	30	-208.633697257977
1.40	40	-208.937728590706
1.40	50	-209.053676196083
1.40	60	-209.128782230553
1.40	70	-209.176843404492
1.40	80	-209.202005150838
1.40	90	-209.20833826601
1.40	100	-209.197322666386
1.40	110	-209.165914523078
1.40	120	-209.10809213543
1.40	130	-209.0212502589
1.40	140	-208.902876298117
1.40	150	-208.608094771685
1.40	160	-207.287457026171
1.40	170	-200.196285249965
1.50	0	-194.542626123196
1.50	10	-203.294127524827
1.50	20	-207.706501492873
1.50	30	-208.728535837397
1.50	40	-208.987724616616
1.50	50	-209.101426614517
1.50	60	-209.172731715943
1.50	70	-209.215069804205
1.50	80	-209.236078550574
1.50	90	-209.241223226074
1.50	100	-209.232173841194
1.50	110	-209.205864152722
1.50	120	-209.154931640075
1.50	130	-209.070724425498
1.50	140	-208.952807907107
1.50	150	-208.712078901846
1.50	160	-207.704734946165
1.50	170	-203.173555152205
1.50	180	-193.637937692159
1.60	0	-202.085629059064
1.60	10	-205.456723860216
1.60	20	-208.053818812124
1.60	30	-208.798225677411
1.60	40	-209.026748605316
1.60	50	-209.141192031398
1.60	60	-209.20850329559
1.60	70	-209.245239341967
1.60	80	-209.262443594559
1.60	90	-209.266550842143
1.60	100	-209.259243583437
1.60	110	-209.237696828978
1.60	120	-209.193824308155
1.60	130	-209.113859320864
1.60	140	-208.975383920545
1.60	150	-208.794337083185
1.60	160	-208.071002195418
1.60	170	-205.444506484277
1.60	180	-201.832665817744
1.70	10	-206.742303188067
1.70	20	-208.284960569882
1.70	30	-208.806853566562
1.70	40	-209.058041205463
1.70	50	-209.175038134115
1.70	60	-209.23746270742
1.70	70	-209.268736229527
1.70	80	-209.282644726344
1.70	90	-209.285879752173
1.70	100	-209.280067888933
1.70	110	-209.262683125798
1.70	120	-209.225675517616
1.70	130	-209.15307706343
1.70	140	-209.018661456634
1.70	150	-208.853206232011
1.70	160	-208.330289569517
1.70	170	-206.794395659689
1.70	180	-205.111475321635
1.80	0	-206.485641732788
1.80	10	-207.391866612154
1.80	20	-208.431008021502
1.80	30	-208.871094067451
1.80	40	-209.085291134195
1.80	50	-209.204232139453
1.80	60	-209.260539468692
1.80	70	-209.286646221091
1.80	80	-209.297754173411
1.80	90	-209.300276109609
1.80	100	-209.295716955521
1.80	110	-209.281858581532
1.80	120	-209.25119719548
1.80	130	-209.187415935954
1.80	140	-209.061074186129
1.80	150	-208.893310410231
1.80	160	-208.486149567562
1.80	170	-207.496669873937
1.90	0	-206.838502411616
1.90	10	-207.660279623303
1.90	20	-208.50620937226
1.90	30	-208.902516649089
1.90	40	-209.114474282562
1.90	50	-209.229415545358
1.90	60	-209.27878243572
1.90	70	-209.300187699302
1.90	80	-209.30895177066
1.90	90	-209.310893722196
1.90	100	-209.307353202771
1.90	110	-209.29641839992
1.90	120	-209.27141519894
1.90	130	-209.216417721656
1.90	140	-209.100704539047
1.90	150	-208.922420111956
1.90	160	-208.568338206684
1.90	170	-207.806849448922
1.90	180	-207.124489642174
2.00	0	-206.393155388795
2.00	10	-207.693235373226
2.00	20	-208.546998751633
2.00	30	-208.932151242529
2.00	40	-209.146734200876
2.00	50	-209.250771232957
2.00	60	-209.293006193538
2.00	70	-209.310345801363
2.00	80	-209.317184814784
2.00	90	-209.318663889021
2.00	100	-209.315940571473
2.00	110	-209.307391945793
2.00	120	-209.287197822404
2.00	130	-209.240460574624
2.00	140	-209.135893933625
2.00	150	-208.948184449148
2.00	160	-208.61119972886
2.00	170	-207.884798091207
2.00	180	-207.04997067749
2.10	0	-204.904714505986
2.10	10	-207.546230507888
2.10	20	-208.583491444037
2.10	30	-208.966213378707
2.10	40	-209.176868891983
2.10	50	-209.268605122101
2.10	60	-209.304021012532
2.10	70	-209.317904119939
2.10	80	-209.323185957274
2.10	90	-209.324300316639
2.10	100	-209.322224265098
2.10	110	-209.315597086885
2.10	120	-209.299410647861
2.10	130	-209.260191497248
2.10	140	-209.167093375008
2.10	150	-208.976043845241
2.10	160	-208.643630073413
2.10	170	-207.817737705763
2.10	180	-206.314671651409
2.20	0	-201.177363552544
2.20	10	-207.246894684979
2.20	20	-208.637684364964
2.20	30	-209.004896451924
2.20	40	-209.203776131968
2.20	50	-209.28328741345
2.20	60	-209.312492764401
2.20	70	-209.323485126924
2.20	80	-209.327523734493
2.20	90	-209.328353845991
2.20	100	-209.326785100176
2.20	110	-209.321688067886
2.20	120	-209.308813288638
2.20	130	-209.276316724194
2.20	140	-209.194579356352
2.20	150	-209.008519639359
2.20	160	-208.689906866238
2.20	170	-207.624443557563
2.20	180	-204.540359876897
2.30	0	-191.387351374546
2.30	10	-206.885106726748
2.30	20	-208.70382368814
2.30	30	-209.045002269955
2.30	40	-209.227288177826
2.30	50	-209.295140925218
2.30	60	-209.318960484644
2.30	70	-209.327575092124
2.30	80	-209.330632175174
2.30	90	-209.331243202659
2.30	100	-209.330068202346
2.30	110	-209.326178757572
2.30	120	-209.316011779951
2.30	130	-209.28929795302
2.30	140	-209.218571712782
2.30	150	-209.044716569078
2.30	160	-208.754321795139
2.30	170	-207.327327833377
2.30	180	-200.377357495083
2.40	10	-206.6500088645
2.40	20	-208.769083950939
2.40	30	-209.084237711052
2.40	40	-209.247571233557
2.40	50	-209.304642843182
2.40	60	-209.32386332621
2.40	70	-209.330548835664
2.40	80	-209.332839025192
2.40	90	-209.333283007137
2.40	100	-209.332410843433
2.40	110	-209.329466647967
2.40	120	-209.321493784109
2.40	130	-209.29969032433
2.40	140	-209.239340545461
2.40	150	-209.081915112435
2.40	160	-208.818577877362
2.40	170	-207.024714837239
2.40	180	-189.551265204579
2.50	10	-206.725188908972
2.50	20	-208.829635598962
2.50	30	-209.121114217953
2.50	40	-209.264767481299
2.50	50	-209.312200857449
2.50	60	-209.327554301687
2.50	70	-209.332692808833
2.50	80	-209.334389782159
2.50	90	-209.334707798499
2.50	100	-209.334066423077
2.50	110	-209.331856342882
2.50	120	-209.325647687091
2.50	130	-209.307985635921
2.50	140	-209.257140786798
2.50	150	-209.117737722424
2.50	160	-208.877066991841
2.50	170	-206.879579200699
2.60	0	-172.599691346366
2.60	10	-207.110687875724
2.60	20	-208.884360535072
2.60	30	-209.154805743875
2.60	40	-209.27912133008
2.60	50	-209.31816489619
2.60	60	-209.330313592417
2.60	70	-209.334224333503
2.60	80	-209.335467123093
2.60	90	-209.335691153282
2.60	100	-209.335224127173
2.60	110	-209.333579565197
2.60	120	-209.328779540136
2.60	130	-209.314577300635
2.60	140	-209.272111290357
2.60	150	-209.150671295464
2.60	160	-208.928662680356
2.60	170	-207.007015938264
2.70	0	-195.89741212722
2.70	10	-207.628110894438
2.70	20	-208.933158383157
2.70	30	-209.184908374868
2.70	40	-209.291009429165
2.70	50	-209.322836124357
2.70	60	-209.332361282047
2.70	70	-209.335307259974
2.70	80	-209.336205875927
2.70	90	-209.33636059891
2.70	100	-209.33602409825
2.70	110	-209.334811624839
2.70	120	-209.331128507968
2.70	130	-209.319790886467
2.70	140	-209.284619828883
2.70	150	-209.180049521475
2.70	160	-208.972967565993
2.70	170	-207.361920302211
2.70	180	-184.73679481734
2.80	0	-203.261106843863
2.80	10	-208.098661804864
2.80	20	-208.977174711515
2.80	30	-209.211247424471
2.80	40	-209.300765472408
2.80	50	-209.326468805822
2.80	60	-209.333868761415
2.80	70	-209.336064209882
2.80	80	-209.336704775467
2.80	90	-209.336809039155
2.80	100	-209.336569375774
2.80	110	-209.335684248122
2.80	120	-209.332880250157
2.80	130	-209.323895453812
2.80	140	-209.294997615081
2.80	150	-209.205560254691
2.80	160	-209.010046338876
2.80	170	-207.788542115882
2.80	180	-199.041915258124
2.90	0	-206.308887259784
2.90	10	-208.443624847401
2.90	20	-209.018795068447
2.90	30	-209.234044003575
2.90	40	-209.308702851093
2.90	50	-209.32927355533
2.90	60	-209.334968853828
2.90	70	-209.336586294806
2.90	80	-209.33703550583
2.90	90	-209.337103543543
2.90	100	-209.336935074861
2.90	110	-209.33629577901
2.90	120	-209.334178547544
2.90	130	-209.327111275349
2.90	140	-209.303546831336
2.90	150	-209.227469955951
2.90	160	-209.040813453318
2.90	170	-208.154879748125
2.90	180	-204.167738600779
3.00	0	-207.680590094176
3.00	10	-208.663168911783
3.00	20	-209.061029063242
3.00	30	-209.25353937852
3.00	40	-209.315108014399
3.00	50	-209.331422725953
3.00	60	-209.335763814426
3.00	70	-209.336940679771
3.00	80	-209.337249640959
3.00	90	-209.337292098684
3.00	100	-209.337175466154
3.00	110	-209.336719133537
3.00	120	-209.335134196882
3.00	130	-209.329617573576
3.00	140	-209.310543238542
3.00	150	-209.246191709293
3.00	160	-209.067155641684
3.00	170	-208.408438768614
3.00	180	-206.398596679441
3.10	10	-208.789616181341
3.10	20	-209.103415229014
3.10	30	-209.270005624482
3.10	40	-209.320235504208
3.10	50	-209.333056421639
3.10	60	-209.33633201543
3.10	70	-209.337176549143
3.10	80	-209.337383942511
3.10	90	-209.33740867458
3.10	100	-209.337329387222
3.10	110	-209.337007988067
3.10	120	-209.335832377932
3.10	130	-209.33155993469
3.10	140	-209.316232973566
3.10	150	-209.262142713006
3.10	160	-209.09183255892
3.10	170	-208.554301036718
3.10	180	-207.198648780487
3.20	10	-208.86167067898
3.20	20	-209.143325429157
3.20	30	-209.283860980665
3.20	40	-209.32430686529
3.20	50	-209.334287613049
3.20	60	-209.33673305334
3.20	70	-209.337329573529
3.20	80	-209.33746436345
3.20	90	-209.33747702527
3.20	100	-209.337424371173
3.20	110	-209.33720159985
3.20	120	-209.336338197113
3.20	130	-209.3330560915
3.20	140	-209.320831641423
3.20	150	-209.275725843341
3.20	160	-209.116869356068
3.20	170	-208.622260281647
3.20	180	-207.573544750227
3.30	10	-208.92059058399
3.30	20	-209.179545105215
3.30	30	-209.295401467578
3.30	40	-209.327512656554
3.30	50	-209.335206929275
3.30	60	-209.337011979901
3.30	70	-209.337425408711
3.30	80	-209.337508974761
3.30	90	-209.337513588733
3.30	100	-209.337479724003
3.30	110	-209.337328412844
3.30	120	-209.336701200591
3.30	130	-209.334201111399
3.30	140	-209.324525836057
3.30	150	-209.287257787389
3.30	160	-209.14271480332
3.30	170	-208.648511418642
3.30	180	-207.428013081973
3.40	0	-208.755208212318
3.40	10	-208.9911407064
3.40	20	-209.211517678197
3.40	30	-209.30485211301
3.40	40	-209.330014811342
3.40	50	-209.335886466649
3.40	60	-209.337202509182
3.40	70	-209.337482281961
3.40	80	-209.337530210157
3.40	90	-209.337529555051
3.40	100	-209.337508806256
3.40	110	-209.337408858271
3.40	120	-209.336958851958
3.40	130	-209.335071307521
3.40	140	-209.327474846236
3.40	150	-209.296938618208
3.40	160	-209.168756630576
3.40	170	-208.675887204111
3.40	180	-206.715231336223
3.50	0	-208.751549858837
3.50	10	-209.057120643594
3.50	20	-209.238926381358
3.50	30	-209.312469341141
3.50	40	-209.331949886562
3.50	50	-209.33638322818
3.50	60	-209.337329698774
3.50	70	-209.337513024464
3.50	80	-209.337536518514
3.50	90	-209.337532497466
3.50	100	-209.337520781116
3.50	110	-209.337457447504
3.50	120	-209.337139327666
3.50	130	-209.335727696234
3.50	140	-209.329813626265
3.50	150	-209.305022488914
3.50	160	-209.194080005967
3.50	170	-208.736914286912
3.50	180	-203.450590834833
3.60	0	-208.990610265707
3.60	10	-209.11730621324
3.60	20	-209.261658972431
3.60	30	-209.318523255729
3.60	40	-209.333431878631
3.60	50	-209.336741885057
3.60	60	-209.337411950815
3.60	70	-209.337526529505
3.60	80	-209.337533573785
3.60	90	-209.337527484412
3.60	100	-209.337521885908
3.60	110	-209.337484393624
3.60	120	-209.337263687415
3.60	130	-209.336218749574
3.60	140	-209.331655542103
3.60	150	-209.311732146585
3.60	160	-209.217845399838
3.60	170	-208.809932950249
3.70	0	-209.03573044226
3.70	10	-209.170629889179
3.70	20	-209.280013720067
3.70	30	-209.323273804767
3.70	40	-209.334555155322
3.70	50	-209.336997206535
3.70	60	-209.337462684407
3.70	70	-209.337528927069
3.70	80	-209.337525148615
3.70	90	-209.337517882345
3.70	100	-209.33751632387
3.70	110	-209.337496841015
3.70	120	-209.337347555837
3.70	130	-209.336582769642
3.70	140	-209.333095324356
3.70	150	-209.317253664802
3.70	160	-209.239440901384
3.70	170	-208.889677377866
3.80	0	-209.0660071608
3.80	10	-209.214437545677
3.80	20	-209.294628194185
3.80	30	-209.32695634241
3.80	40	-209.335397014034
3.80	50	-209.337175967147
3.80	60	-209.337491598547
3.80	70	-209.337524400954
3.80	80	-209.337513757263
3.80	90	-209.337505913378
3.80	100	-209.337506922759
3.80	110	-209.337499765658
3.80	120	-209.337402438287
3.80	130	-209.336849877691
3.80	140	-209.334211622459
3.80	150	-209.321753336639
3.80	160	-209.258553428321
3.80	170	-208.970208498845
3.80	180	-206.333758195986
3.90	0	-209.201594100856
3.90	10	-209.248275866771
3.90	20	-209.305955238486
3.90	30	-209.329776780705
3.90	40	-209.33602033721
3.90	50	-209.33729857182
3.90	60	-209.337505642089
3.90	70	-209.337515773994
3.90	80	-209.337501041909
3.90	90	-209.337493038224
3.90	100	-209.337495579246
3.90	110	-209.337496621801
3.90	120	-209.337436727638
3.90	130	-209.337043570141
3.90	140	-209.335069479103
3.90	150	-209.325382442523
3.90	160	-209.274951693913
3.90	170	-209.045252680795
3.90	180	-207.965656101636
4.00	0	-209.242115863885
4.00	10	-209.273516646055
4.00	20	-209.314552350325
4.00	30	-209.331911131129
4.00	40	-209.336475851638
4.00	50	-209.337380406344
4.00	60	-209.337509771791
4.00	70	-209.33750497585
4.00	80	-209.337488060385
4.00	90	-209.3374801725
4.00	100	-209.337483533385
4.00	110	-209.337489794301
4.00	120	-209.337456549046
4.00	130	-209.3371821184
4.00	140	-209.335722420524
4.00	150	-209.328277880733
4.00	160	-209.288658665117
4.00	170	-209.110698345544
4.00	180	-208.58776017296
4.10	0	-209.270808182955
4.10	10	-209.292152056456
4.10	20	-209.320981758173
4.10	30	-209.333506788439
4.10	40	-209.336804081632
4.10	50	-209.33743296434
4.10	60	-209.337507493838
4.10	70	-209.337493264328
4.10	80	-209.337475472103
4.10	90	-209.337467872031
4.10	100	-209.337471587936
4.10	110	-209.337480944388
4.10	120	-209.337466321397
4.10	130	-209.337279558032
4.10	140	-209.336214234726
4.10	150	-209.330562022239
4.10	160	-209.299902274854
4.10	170	-209.165077258272
4.10	180	-208.881420594732
4.20	0	-209.291199783028
4.20	10	-209.305643092653
4.20	20	-209.325733102036
4.20	30	-209.334685035331
4.20	40	-209.337036953154
4.20	50	-209.337464725136
4.20	60	-209.337501270536
4.20	70	-209.337481461395
4.20	80	-209.337463653724
4.20	90	-209.337456446166
4.20	100	-209.337460210637
4.20	110	-209.3374711906
4.20	120	-209.337469238086
4.20	130	-209.337346618919
4.20	140	-209.336580470129
4.20	150	-209.332342907854
4.20	160	-209.308952670432
4.20	170	-209.2085998366
4.20	180	-209.041392272022
4.30	0	-209.305536761511
4.30	10	-209.315283820937
4.30	20	-209.329206514443
4.30	30	-209.335543933709
4.30	40	-209.337199240501
4.30	50	-209.337481946599
4.30	60	-209.337492821739
4.30	70	-209.337470078468
4.30	80	-209.337452801947
4.30	90	-209.337446029973
4.30	100	-209.337449667185
4.30	110	-209.337461280962
4.30	120	-209.337467600297
4.30	130	-209.337391424781
4.30	140	-209.336849763059
4.30	150	-209.333714576004
4.30	160	-209.316111197861
4.30	170	-209.242465338893
4.30	180	-209.138006049054
4.40	0	-209.315545911701
4.40	10	-209.322119679785
4.40	20	-209.331719225319
4.40	30	-209.336161679386
4.40	40	-209.337309851905
4.40	50	-209.337489210845
4.40	60	-209.337483302659
4.40	70	-209.33745939367
4.40	80	-209.337442974494
4.40	90	-209.33743666104
4.40	100	-209.33744005768
4.40	110	-209.33745167715
4.40	120	-209.337463085057
4.40	130	-209.337420074689
4.40	140	-209.337044961485
4.40	150	-209.334757770477
4.40	160	-209.321682455592
4.40	170	-209.268308984509
4.40	180	-209.200542463101
4.50	0	-209.322506601397
4.50	10	-209.326935663941
4.50	20	-209.33351792314
4.50	30	-209.336599717587
4.50	40	-209.337383052799
4.50	50	-209.337489846337
4.50	60	-209.337473486852
4.50	70	-209.337449560232
4.50	80	-209.337434174963
4.50	90	-209.337428305426
4.50	100	-209.337431400398
4.50	110	-209.337442629217
4.50	120	-209.337456867969
4.50	130	-209.33743712054
4.50	140	-209.337184147636
4.50	150	-209.335540748714
4.50	160	-209.325953050016
4.50	170	-209.287704351973
4.50	180	-209.242795527424
4.60	0	-209.327329019688
4.60	10	-209.330306497581
4.60	20	-209.334791588806
4.60	30	-209.336905619527
4.60	40	-209.337429454351
4.60	50	-209.337486260644
4.60	60	-209.337463851809
4.60	70	-209.337440617152
4.60	80	-209.337426349155
4.60	90	-209.337420901552
4.60	100	-209.337423647739
4.60	110	-209.337434259883
4.60	120	-209.337449794141
4.60	130	-209.337445949988
4.60	140	-209.337281434688
4.60	150	-209.336120335732
4.60	160	-209.329179808931
4.60	170	-209.302051441407
4.60	180	-209.271983827393
4.70	0	-209.330654524208
4.70	10	-209.332649193005
4.70	20	-209.33568308775
4.70	30	-209.337115615294
4.70	40	-209.337456957106
4.70	50	-209.337480161807
4.70	60	-209.337454677418
4.70	70	-209.337432561559
4.70	80	-209.337419425127
4.70	90	-209.337414374233
4.70	100	-209.337416760398
4.70	110	-209.337426616771
4.70	120	-209.337442428009
4.70	130	-209.337449066631
4.70	140	-209.337347770203
4.70	150	-209.336543078039
4.70	160	-209.331584298713
4.70	170	-209.312527973624
4.70	180	-209.292328141444
4.80	0	-209.332934821365
4.80	10	-209.334264569703
4.80	20	-209.336299374573
4.80	30	-209.337256840384
4.80	40	-209.337471390485
4.80	50	-209.33747273768
4.80	60	-209.337446114424
4.80	70	-209.337425349019
4.80	80	-209.337413326848
4.80	90	-209.337408647557
4.80	100	-209.337410657617
4.80	110	-209.337419684502
4.80	120	-209.337435145713
4.80	130	-209.337448326764
4.80	140	-209.337391500478
4.80	150	-209.336846509815
4.80	160	-209.33335194594
4.80	170	-209.320091414456
4.80	180	-209.306525107329
4.90	0	-209.334487725828
4.90	10	-209.335368395622
4.90	20	-209.33671972305
4.90	30	-209.33734931104
4.90	40	-209.33747702265
4.90	50	-209.337464764588
4.90	60	-209.337438219644
4.90	70	-209.337418919449
4.90	80	-209.337407970897
4.90	90	-209.337403640748
4.90	100	-209.337405284277
4.90	110	-209.337413430772
4.90	120	-209.337428175602
4.90	130	-209.337445075701
4.90	140	-209.337418958882
4.90	150	-209.337060438288
4.90	160	-209.334633954765
4.90	170	-209.325493755307
4.90	180	-209.316402741853
5.00	0	-209.335536507975
5.00	10	-209.336114922795
5.00	20	-209.337002200413
5.00	30	-209.33740764227
5.00	40	-209.337476953671
5.00	50	-209.337456739302
5.00	60	-209.337431010361
5.00	70	-209.337413225332
5.00	80	-209.337403285754
5.00	90	-209.337399277899
5.00	100	-209.337400561965
5.00	110	-209.337407816764
5.00	120	-209.337421638993
5.00	130	-209.337440309758
5.00	140	-209.337434874508
5.00	150	-209.337208173852
5.00	160	-209.335551015379
5.00	170	-209.329312130521
5.00	180	-209.323242918839
5.10	0	-209.336237884871
5.10	10	-209.336613957866
5.10	20	-209.337188725895
5.10	30	-209.337442439244
5.10	40	-209.337473374353
5.10	50	-209.337448948266
5.10	60	-209.337424462788
5.10	70	-209.337408188281
5.10	80	-209.337399192257
5.10	90	-209.337395482416
5.10	100	-209.337396444242
5.10	110	-209.337402809995
5.10	120	-209.337415583559
5.10	130	-209.337434727045
5.10	140	-209.337442751288
5.10	150	-209.337307668155
5.10	160	-209.336197586324
5.10	170	-209.33198284266
5.10	180	-209.327952774511
5.20	0	-209.336701592291
5.20	10	-209.336943134622
5.20	20	-209.337309127874
5.20	30	-209.337461319637
5.20	40	-209.337467781661
5.20	50	-209.337441560605
5.20	60	-209.337418566883
5.20	70	-209.337403753375
5.20	80	-209.337395619423
5.20	90	-209.337392188354
5.20	100	-209.337392848994
5.20	110	-209.337398361415
5.20	120	-209.337410036278
5.20	130	-209.337428814612
5.20	140	-209.337445154292
5.20	150	-209.3373725593
5.20	160	-209.336646342766
5.20	170	-209.333831308481
5.20	180	-209.331172986502
5.30	0	-209.337004044754
5.30	10	-209.337156791851
5.30	20	-209.337384423797
5.30	30	-209.337469700532
5.30	40	-209.337461170927
5.30	50	-209.337434647244
5.30	60	-209.337413282914
5.30	70	-209.33739985676
5.30	80	-209.337392509691
5.30	90	-209.337389327376
5.30	100	-209.337389722782
5.30	110	-209.337394435049
5.30	120	-209.337404987409
5.30	130	-209.337422907123
5.30	140	-209.337443945414
5.30	150	-209.337413008364
5.30	160	-209.336952296629
5.30	170	-209.33509700517
5.30	180	-209.333357148577
5.40	0	-209.337197991978
5.40	10	-209.337292538291
5.40	20	-209.33742934424
5.40	30	-209.337471374498
5.40	40	-209.337454156874
5.40	50	-209.337428245941
5.40	60	-209.337408570965
5.40	70	-209.337396438087
5.40	80	-209.337389789238
5.40	90	-209.337386839603
5.40	100	-209.337387007724
5.40	110	-209.337390983256
5.40	120	-209.337400418977
5.40	130	-209.33741720172
5.40	140	-209.337440464247
5.40	150	-209.337436488553
5.40	160	-209.337156502655
5.40	170	-209.335953696624
5.40	180	-209.334825639739
5.50	0	-209.33731950339
5.50	10	-209.337376226347
5.50	20	-209.337454139533
5.50	30	-209.337468934701
5.50	40	-209.337447124003
5.50	50	-209.337422374034
5.50	60	-209.337404387966
5.50	70	-209.337393445794
5.50	80	-209.337387424723
5.50	90	-209.337384666709
5.50	100	-209.33738464124
5.50	110	-209.337387960924
5.50	120	-209.337396309441
5.50	130	-209.337411820349
5.50	140	-209.337435642467
5.50	150	-209.337448417999
5.50	160	-209.33728917944
5.50	170	-209.336525943198
5.50	180	-209.335803237098
5.60	0	-209.337393124279
5.60	10	-209.337425526304
5.60	20	-209.337465899518
5.60	30	-209.337464113103
5.60	40	-209.337440298153
5.60	50	-209.337417034836
5.60	60	-209.337400685465
5.60	70	-209.337390823151
5.60	80	-209.337385352863
5.60	90	-209.337382764484
5.60	100	-209.337382583897
5.60	110	-209.337385326722
5.60	120	-209.337392640764
5.60	130	-209.337406832384
5.60	140	-209.33743014123
5.60	150	-209.337452662301
5.60	160	-209.337372308924
5.60	170	-209.336902103629
5.60	180	-209.336446399057
5.70	0	-209.337435469756
5.70	10	-209.337452473889
5.70	20	-209.337469442678
5.70	30	-209.337458031358
5.70	40	-209.337433815523
5.70	50	-209.337412209871
5.70	60	-209.337397422704
5.70	70	-209.337388523215
5.70	80	-209.337383537092
5.70	90	-209.337381096272
5.70	100	-209.337380781379
5.70	110	-209.337383030246
5.70	120	-209.337389382137
5.70	130	-209.337402243486
5.70	140	-209.337424402546
5.70	150	-209.337451950741
5.70	160	-209.337421710555
5.70	170	-209.337144262395
5.70	180	-209.336863280463
5.80	0	-209.337457745443
5.80	10	-209.337465203865
5.80	20	-209.337467988439
5.80	30	-209.337451400723
5.80	40	-209.337427754735
5.80	50	-209.337407884563
5.80	60	-209.337394549769
5.80	70	-209.337386501968
5.80	80	-209.337381939687
5.80	90	-209.337379630112
5.80	100	-209.337379201616
5.80	110	-209.337381036679
5.80	120	-209.337386501165
5.80	130	-209.337398069052
5.80	140	-209.337418716022
5.80	150	-209.337448197882
5.80	160	-209.337448637202
5.80	170	-209.337295743483
5.80	180	-209.337128179126
5.90	0	-209.337467444265
5.90	10	-209.337469137077
5.90	20	-209.337463649992
5.90	30	-209.337444667801
5.90	40	-209.337422164062
5.90	50	-209.337404027145
5.90	60	-209.337392016009
5.90	70	-209.337384721949
5.90	80	-209.337380527706
5.90	90	-209.337378331087
5.90	100	-209.337377817319
5.90	110	-209.337379297978
5.90	120	-209.337383967246
5.90	130	-209.337394295373
5.90	140	-209.337413265445
5.90	150	-209.33744271566
5.90	160	-209.337460961576
5.90	170	-209.337386634714
5.90	180	-209.337291822173
6.00	0	-209.337469497095
6.00	10	-209.337467818093
6.00	20	-209.337457788851
6.00	30	-209.337438115772
6.00	40	-209.33741705833
6.00	50	-209.33740060948
6.00	60	-209.337389775861
6.00	70	-209.337383147374
6.00	80	-209.337379273093
6.00	90	-209.337377183523
6.00	100	-209.337376592212
6.00	110	-209.33737777938
6.00	120	-209.337381749895
6.00	130	-209.337390896366
6.00	140	-209.337408163597
6.00	150	-209.337436399891
6.00	160	-209.33746409149
6.00	170	-209.337437721498
6.00	180	-209.337388720952
6.20	0	-209.33746216062
6.20	10	-209.337457663594
6.20	20	-209.337444570119
6.20	30	-209.33742611911
6.20	40	-209.337408301883
6.20	50	-209.337394897988
6.20	60	-209.337386024688
6.20	70	-209.337380506011
6.20	80	-209.3373771749
6.20	90	-209.337375264836
6.20	100	-209.337374556473
6.20	110	-209.337375285085
6.20	120	-209.337378125019
6.20	130	-209.337385151283
6.20	140	-209.33739916985
6.20	150	-209.337423359499
6.20	160	-209.337456097656
6.20	170	-209.337472972451
6.20	180	-209.337468503123
6.40	0	-209.337449317043
6.40	10	-209.337444443536
6.40	20	-209.33743189742
6.40	30	-209.337415984824
6.40	40	-209.337401334256
6.40	50	-209.337390402965
6.40	60	-209.337383042644
6.40	70	-209.337378393496
6.40	80	-209.337375494932
6.40	90	-209.337373734084
6.40	100	-209.337372959303
6.40	110	-209.337373340928
6.40	120	-209.337375358612
6.40	130	-209.337380623436
6.40	140	-209.337391792436
6.40	150	-209.337411525028
6.40	160	-209.337441111265
6.40	170	-209.337468194194
6.40	180	-209.337477412013
6.60	0	-209.337436092423
6.60	10	-209.337431740413
6.60	20	-209.337420930566
6.60	30	-209.337407752648
6.60	40	-209.337395840494
6.60	50	-209.337386814484
6.60	60	-209.33738064174
6.60	70	-209.33737668498
6.60	80	-209.337374137216
6.60	90	-209.33737251017
6.60	100	-209.337371689482
6.60	110	-209.33737181454
6.60	120	-209.337373222463
6.60	130	-209.337377103831
6.60	140	-209.337385855404
6.60	150	-209.337401612255
6.60	160	-209.337425870581
6.60	170	-209.337451517017
6.60	180	-209.337462974093
6.80	0	-209.337424301235
6.80	10	-209.33742072751
6.80	20	-209.337411879956
6.80	30	-209.337401196594
6.80	40	-209.337391454219
6.80	50	-209.33738391056
6.80	60	-209.337378691229
6.80	70	-209.337375291012
6.80	80	-209.337373032004
6.80	90	-209.337371512023
6.80	100	-209.337370669777
6.80	110	-209.337370598849
6.80	120	-209.337371551077
6.80	130	-209.337374377979
6.80	140	-209.337381130985
6.80	150	-209.337393601602
6.80	160	-209.337412717217
6.80	170	-209.337433621053
6.80	180	-209.337443665221
7.00	0	-209.337414464144
7.00	10	-209.337411658776
7.00	20	-209.33740460552
7.00	30	-209.337395962853
7.00	40	-209.337387895882
7.00	50	-209.33738153123
7.00	60	-209.337377094078
7.00	70	-209.337374144748
7.00	80	-209.337372117708
7.00	90	-209.337370692412
7.00	100	-209.33736983924
7.00	110	-209.337369626635
7.00	120	-209.33737022311
7.00	130	-209.337372266205
7.00	140	-209.337377404307
7.00	150	-209.337387232061
7.00	160	-209.337402059413
7.00	170	-209.337418117919
7.00	180	-209.337425929149
7.20	0	-209.337406572125
7.20	10	-209.337404388072
7.20	20	-209.337398781531
7.20	30	-209.337391710636
7.20	40	-209.337384955229
7.20	50	-209.337379574009
7.20	60	-209.337375779161
7.20	70	-209.337373191812
7.20	80	-209.337371348537
7.20	90	-209.337370012004
7.20	100	-209.337369153994
7.20	110	-209.337368834341
7.20	120	-209.337369159574
7.20	130	-209.337370610073
7.20	140	-209.337374489378
7.20	150	-209.337382195269
7.20	160	-209.337393670323
7.20	170	-209.337405759347
7.20	180	-209.337411559036
7.40	0	-209.337400319433
7.40	10	-209.337398598132
7.40	20	-209.337394061287
7.40	30	-209.337388195029
7.40	40	-209.337382516694
7.40	50	-209.337377960928
7.40	60	-209.337374686764
7.40	70	-209.337372390465
7.40	80	-209.337370701767
7.40	90	-209.337369437617
7.40	100	-209.33736858231
7.40	110	-209.337368183734
7.40	120	-209.337368299621
7.40	130	-209.337369302836
7.40	140	-209.337372211722
7.40	150	-209.337378219562
7.40	160	-209.337387140087
7.40	170	-209.33739623522
7.40	180	-209.337400501227
7.60	0	-209.337395296051
7.60	10	-209.337393896941
7.60	20	-209.337390160316
7.60	30	-209.337385262189
7.60	40	-209.337380487335
7.60	50	-209.337376612098
7.60	60	-209.337373764865
7.60	70	-209.337371706033
7.60	80	-209.33737014989
7.60	90	-209.337368954734
7.60	100	-209.337368107291
7.60	110	-209.33736764665
7.60	120	-209.337367600765
7.60	130	-209.337368261868
7.60	140	-209.337370427737
7.60	150	-209.337375095749
7.60	160	-209.337382064481
7.60	170	-209.337388995144
7.60	180	-209.337392143466
7.80	0	-209.337391168517
7.80	10	-209.337390010237
7.80	20	-209.337386901654
7.80	30	-209.337382816232
7.80	40	-209.337378794627
7.80	50	-209.337375475012
7.80	60	-209.337372983052
7.80	70	-209.337371114259
7.80	80	-209.337369669015
7.80	90	-209.337368539221
7.80	100	-209.337367706262
7.80	110	-209.337367197359
7.80	120	-209.337367031496
7.80	130	-209.337367430264
7.80	140	-209.337369024045
7.80	150	-209.337372634466
7.80	160	-209.337378083237
7.80	170	-209.337383456309
7.80	180	-209.337385820551
8.00	0	-209.33738773686
8.00	10	-209.337386775393
8.00	20	-209.337384196623
8.00	30	-209.337380776428
8.00	40	-209.337377373161
8.00	50	-209.33737450664
8.00	60	-209.33737229778
8.00	70	-209.337370598713
8.00	80	-209.337369255213
8.00	90	-209.337368182329
8.00	100	-209.337367364783
8.00	110	-209.337366821674
8.00	120	-209.337366563759
8.00	130	-209.33736676053
8.00	140	-209.337367917195
8.00	150	-209.337370695259
8.00	160	-209.33737493904
8.00	170	-209.337379133839
8.00	180	-209.337380952986
8.20	0	-209.33738489261
8.20	10	-209.33738409033
8.20	20	-209.337381939827
8.20	30	-209.337379072579
8.20	40	-209.337376167919
8.20	50	-209.337373679289
8.20	60	-209.337371705455
8.20	70	-209.337370147667
8.20	80	-209.337368891527
8.20	90	-209.337367870359
8.20	100	-209.337367075233
8.20	110	-209.33736650334
8.20	120	-209.337366169772
8.20	130	-209.33736622403
8.20	140	-209.33736704507
8.20	150	-209.337369161822
8.20	160	-209.337372465986
8.20	170	-209.337375728171
8.20	180	-209.337377137051
8.40	0	-209.337382542956
8.40	10	-209.337381875844
8.40	20	-209.337380069285
8.40	30	-209.337377637294
8.40	40	-209.337375139729
8.40	50	-209.337372958328
8.40	60	-209.33737118015
8.40	70	-209.3373697499
8.40	80	-209.337368572851
8.40	90	-209.337367602988
8.40	100	-209.337366824236
8.40	110	-209.33736623145
8.40	120	-209.337365844319
8.40	130	-209.337365785888
8.40	140	-209.337366349952
8.40	150	-209.337367945571
8.40	160	-209.337370517306
8.40	170	-209.337373051738
8.40	180	-209.33737413881
8.60	0	-209.337380602803
8.60	10	-209.337380036107
8.60	20	-209.337378501903
8.60	30	-209.337376419062
8.60	40	-209.337374250865
8.60	50	-209.337372321781
8.60	60	-209.337370717042
8.60	70	-209.337369390521
8.60	80	-209.337368288593
8.60	90	-209.337367365798
8.60	100	-209.33736660876
8.60	110	-209.337366001811
8.60	120	-209.337365578647
8.60	130	-209.337365428804
8.60	140	-209.337365798791
8.60	150	-209.33736698196
8.60	160	-209.337368975
8.60	170	-209.337370966136
8.60	180	-209.337371812029
8.80	0	-209.337378981883
8.80	10	-209.337378494697
8.80	20	-209.337377174042
8.80	30	-209.337375369917
8.80	40	-209.337373483211
8.80	50	-209.337371765372
8.80	60	-209.337370305231
8.80	70	-209.337369077143
8.80	80	-209.337368037239
8.80	90	-209.337367156988
8.80	100	-209.337366419639
8.80	110	-209.337365808118
8.80	120	-209.337365351831
8.80	130	-209.337365139461
8.80	140	-209.337365353053
8.80	150	-209.337366223244
8.80	160	-209.337367756553
8.80	170	-209.337369326462
8.80	180	-209.337370000762
9.00	0	-209.337377606152
9.00	10	-209.33737718458
9.00	20	-209.337376038297
9.00	30	-209.337374473628
9.00	40	-209.337372811031
9.00	50	-209.337371273766
9.00	60	-209.337369935266
9.00	70	-209.337368788401
9.00	80	-209.337367810138
9.00	90	-209.337366974158
9.00	100	-209.337366252976
9.00	110	-209.337365644318
9.00	120	-209.337365166061
9.00	130	-209.337364898004
9.00	140	-209.337364993223
9.00	150	-209.337365616884
9.00	160	-209.337366783247
9.00	170	-209.337368026396
9.00	180	-209.33736857057
9.50	0	-209.337374959196
9.50	10	-209.337374656758
9.50	20	-209.337373836265
9.50	30	-209.337372700256
9.50	40	-209.3373714611
9.50	50	-209.337370260708
9.50	60	-209.337369167131
9.50	70	-209.337368201431
9.50	80	-209.337367349213
9.50	90	-209.337366595725
9.50	100	-209.337365919803
9.50	110	-209.337365327455
9.50	120	-209.337364824451
9.50	130	-209.337364465858
9.50	140	-209.337364358595
9.50	150	-209.33736458858
9.50	160	-209.337365137086
9.50	170	-209.337365790457
9.50	180	-209.337366092387
10.00	0	-209.337373103686
10.00	10	-209.337372886012
10.00	20	-209.337372278995
10.00	30	-209.337371416036
10.00	40	-209.337370451373
10.00	50	-209.33736948014
10.00	60	-209.337368570663
10.00	70	-209.337367739342
10.00	80	-209.337366987588
10.00	90	-209.337366303568
10.00	100	-209.337365683107
10.00	110	-209.337365113033
10.00	120	-209.337364606102
10.00	130	-209.337364207414
10.00	140	-209.337363977183
10.00	150	-209.33736398088
10.00	160	-209.33736421064
10.00	170	-209.337364513285
10.00	180	-209.337364659607
10.50	0	-209.337371766049
10.50	10	-209.337371600391
10.50	20	-209.337371131845
10.50	30	-209.337370456478
10.50	40	-209.337369672559
10.50	50	-209.337368866636
10.50	60	-209.337368093848
10.50	70	-209.33736736705
10.50	80	-209.337366696427
10.50	90	-209.337366073021
10.50	100	-209.337365493498
10.50	110	-209.337364957348
10.50	120	-209.337364467575
10.50	130	-209.337364049995
10.50	140	-209.337363758006
10.50	150	-209.337363631426
10.50	160	-209.337363671578
10.50	170	-209.337363797844
10.50	180	-209.33736385783
11.00	0	-209.337370763594
11.00	10	-209.337370629397
11.00	20	-209.337370257922
11.00	30	-209.337369706122
11.00	40	-209.337369056658
11.00	50	-209.337368374429
11.00	60	-209.337367702748
11.00	70	-209.337367059786
11.00	80	-209.337366452847
11.00	90	-209.337365885562
11.00	100	-209.337365349615
11.00	110	-209.337364845795
11.00	120	-209.337364372539
11.00	130	-209.337363961383
11.00	140	-209.337363636839
11.00	150	-209.337363433691
11.00	160	-209.337363365268
11.00	170	-209.33736338204
11.00	180	-209.337363400544
11.50	0	-209.33736997773
11.50	10	-209.337369869771
11.50	20	-209.337369558867
11.50	30	-209.337369106846
11.50	40	-209.337368554313
11.50	50	-209.337367965206
11.50	60	-209.337367374441
11.50	70	-209.337366800902
11.50	80	-209.337366249057
11.50	90	-209.337365728268
11.50	100	-209.337365228119
11.50	110	-209.337364756378
11.50	120	-209.337364312098
11.50	130	-209.337363911231
11.50	140	-209.337363577844
11.50	150	-209.337363337464
11.50	160	-209.337363207722
11.50	170	-209.337363159652
11.50	180	-209.337363152284
12.00	0	-209.337369348808
12.00	10	-209.337369256575
12.00	20	-209.337368997722
12.00	30	-209.337368606692
12.00	40	-209.337368133776
12.00	50	-209.337367619869
12.00	60	-209.337367093831
12.00	70	-209.337366576088
12.00	80	-209.337366074421
12.00	90	-209.337365590288
12.00	100	-209.337365128461
12.00	110	-209.337364686755
12.00	120	-209.337364266459
12.00	130	-209.337363882121
12.00	140	-209.337363553655
12.00	150	-209.337363299037
12.00	160	-209.337363134419
12.00	170	-209.337363051011
12.00	180	-209.337363026299
12.50	0	-209.337368828936
12.50	10	-209.337368749442
12.50	20	-209.337368528742
12.50	30	-209.337368194797
12.50	40	-209.337367780574
12.50	50	-209.337367321026
12.50	60	-209.337366847735
12.50	70	-209.337366381769
12.50	80	-209.337365922698
12.50	90	-209.337365473434
12.50	100	-209.33736504474
12.50	110	-209.337364629819
12.50	120	-209.337364233085
12.50	130	-209.337363868661
12.50	140	-209.337363547892
12.50	150	-209.337363294086
12.50	160	-209.337363112826
12.50	170	-209.337363012143
12.50	180	-209.337362979511
13.00	0	-209.337368390342
13.00	10	-209.337368323266
13.00	20	-209.337368134771
13.00	30	-209.337367838112
13.00	40	-209.337367475098
13.00	50	-209.337367064083
13.00	60	-209.33736663651
13.00	70	-209.337366208011
13.00	80	-209.337365783937
13.00	90	-209.337365372197
13.00	100	-209.337364969236
13.00	110	-209.337364579453
13.00	120	-209.337364207944
13.00	130	-209.337363863296
13.00	140	-209.337363555496
13.00	150	-209.337363306695
13.00	160	-209.33736312472
13.00	170	-209.337363015994
13.00	180	-209.3373629779
13.50	0	-209.337368020653
13.50	10	-209.337367962422
13.50	20	-209.337367793421
13.50	30	-209.337367529109
13.50	40	-209.337367204947
13.50	50	-209.33736683496
13.50	60	-209.337366448967
13.50	70	-209.337366054897
13.50	80	-209.337365660293
13.50	90	-209.337365276336
13.50	100	-209.337364900182
13.50	110	-209.337364535884
13.50	120	-209.33736418902
13.50	130	-209.337363865527
13.50	140	-209.337363572352
13.50	150	-209.337363329351
13.50	160	-209.33736315141
13.50	170	-209.337363040605
13.50	180	-209.337363004886
14.00	0	-209.337367697761
14.00	10	-209.337367648509
14.00	20	-209.337367497417
14.00	30	-209.337367264278
14.00	40	-209.337366970496
14.00	50	-209.33736663666
14.00	60	-209.337366278887
14.00	70	-209.33736591306
14.00	80	-209.337365551809
14.00	90	-209.337365193366
14.00	100	-209.337364842095
14.00	110	-209.33736449945
14.00	120	-209.337364173156
14.00	130	-209.33736386694
14.00	140	-209.337363592903
14.00	150	-209.337363360488
14.00	160	-209.337363184244
14.00	170	-209.337363078723
14.00	180	-209.337363044639
14.50	0	-209.337367416601
14.50	10	-209.337367372465
14.50	20	-209.337367236094
14.50	30	-209.337367024335
14.50	40	-209.337366758766
14.50	50	-209.337366452852
14.50	60	-209.337366126312
14.50	70	-209.337365790412
14.50	80	-209.337365454623
14.50	90	-209.337365117425
14.50	100	-209.337364784334
14.50	110	-209.337364464723
14.50	120	-209.337364158619
14.50	130	-209.337363869583
14.50	140	-209.337363612581
14.50	150	-209.337363393014
14.50	160	-209.337363226063
14.50	170	-209.337363123287
14.50	180	-209.337363088968
15.00	0	-209.337367169572
15.00	10	-209.337367125388
15.00	20	-209.337367007056
15.00	30	-209.337366816515
15.00	40	-209.337366572888
15.00	50	-209.337366289255
15.00	60	-209.337365989633
15.00	70	-209.33736567478
15.00	80	-209.337365361466
15.00	90	-209.337365045446
15.00	100	-209.337364734448
15.00	110	-209.337364435801
15.00	120	-209.337364144508
15.00	130	-209.337363874127
15.00	140	-209.337363629445
15.00	150	-209.337363423541
15.00	160	-209.337363266147
15.00	170	-209.337363169499
15.00	180	-209.337363133413
16.00	0	-209.337366751302
16.00	10	-209.337366715504
16.00	20	-209.337366614151
16.00	30	-209.337366455581
16.00	40	-209.337366251604
16.00	50	-209.337366010972
16.00	60	-209.337365749451
16.00	70	-209.337365480005
16.00	80	-209.337365202976
16.00	90	-209.337364923909
16.00	100	-209.337364650199
16.00	110	-209.337364382389
16.00	120	-209.337364123233
16.00	130	-209.337363880976
16.00	140	-209.337363664207
16.00	150	-209.337363480803
16.00	160	-209.337363343732
16.00	170	-209.337363257023
16.00	180	-209.337363224619
17.00	0	-209.337366410254
17.00	10	-209.337366382492
17.00	20	-209.337366296114
17.00	30	-209.337366158967
17.00	40	-209.337365981245
17.00	50	-209.337365775501
17.00	60	-209.337365549074
17.00	70	-209.337365309432
17.00	80	-209.33736506214
17.00	90	-209.337364815646
17.00	100	-209.337364573341
17.00	110	-209.337364334109
17.00	120	-209.337364104021
17.00	130	-209.337363887063
17.00	140	-209.337363695092
17.00	150	-209.337363530367
17.00	160	-209.337363407057
17.00	170	-209.337363331029
17.00	180	-209.337363302278
18.00	0	-209.33736612856
18.00	10	-209.337366103321
18.00	20	-209.337366026034
18.00	30	-209.337365912333
18.00	40	-209.337365759213
18.00	50	-209.337365576159
18.00	60	-209.337365374374
18.00	70	-209.337365163007
18.00	80	-209.337364942072
18.00	90	-209.337364721269
18.00	100	-209.337364500296
18.00	110	-209.337364288242
18.00	120	-209.337364084361
18.00	130	-209.337363890982
18.00	140	-209.337363716949
18.00	150	-209.337363572558
18.00	160	-209.337363462908
18.00	170	-209.337363390901
18.00	180	-209.337363370238
19.00	0	-209.337365885896
19.00	10	-209.337365865756
19.00	20	-209.337365800711
19.00	30	-209.337365698178
19.00	40	-209.337365564179
19.00	50	-209.337365401747
19.00	60	-209.337365224274
19.00	70	-209.33736503577
19.00	80	-209.337364837062
19.00	90	-209.337364638993
19.00	100	-209.337364442358
19.00	110	-209.337364248303
19.00	120	-209.33736406044
19.00	130	-209.337363888741
19.00	140	-209.337363737044
19.00	150	-209.337363605618
19.00	160	-209.337363505158
19.00	170	-209.337363441475
19.00	180	-209.337363421024
20.00	0	-209.337365680333
20.00	10	-209.337365661995
20.00	20	-209.337365604728
20.00	30	-209.337365515191
20.00	40	-209.337365396341
20.00	50	-209.337365252455
20.00	60	-209.337365092107
20.00	70	-209.337364922619
20.00	80	-209.337364745066
20.00	90	-209.337364565051
20.00	100	-209.337364384135
20.00	110	-209.337364210972
20.00	120	-209.337364043454
20.00	130	-209.337363889033
20.00	140	-209.337363749769
20.00	150	-209.337363631501
20.00	160	-209.337363540325
20.00	170	-209.337363485254
20.00	180	-209.337363466992
21.00	0	-209.337365503862
21.00	10	-209.337365491626
21.00	20	-209.337365438069
21.00	30	-209.337365355765
21.00	40	-209.337365247183
21.00	50	-209.337365120734
21.00	60	-209.337364979048
21.00	70	-209.337364823879
21.00	80	-209.337364664332
21.00	90	-209.337364498189
21.00	100	-209.337364338829
21.00	110	-209.337364177016
21.00	120	-209.337364022421
21.00	130	-209.337363881518
21.00	140	-209.337363756051
21.00	150	-209.337363646869
21.00	160	-209.337363569783
21.00	170	-209.337363520178
21.00	180	-209.337363500255
22.00	0	-209.337365348839
22.00	10	-209.337365336515
22.00	20	-209.337365290819
22.00	30	-209.337365218226
22.00	40	-209.337365120083
22.00	50	-209.337365005686
22.00	60	-209.337364874794
22.00	70	-209.337364736403
22.00	80	-209.337364589396
22.00	90	-209.337364438091
22.00	100	-209.337364289537
22.00	110	-209.337364145416
22.00	120	-209.33736400422
22.00	130	-209.337363873143
22.00	140	-209.33736376118
22.00	150	-209.337363665679
22.00	160	-209.337363589958
22.00	170	-209.337363546753
22.00	180	-209.337363528114
23.00	0	-209.337365212648
23.00	10	-209.337365200466
23.00	20	-209.337365159553
23.00	30	-209.337365094254
23.00	40	-209.337365006203
23.00	50	-209.337364901933
23.00	60	-209.337364781229
23.00	70	-209.337364656674
23.00	80	-209.337364521205
23.00	90	-209.337364385013
23.00	100	-209.337364250846
23.00	110	-209.337364113752
23.00	120	-209.337363984417
23.00	130	-209.337363867322
23.00	140	-209.337363764277
23.00	150	-209.337363673763
23.00	160	-209.337363606985
23.00	170	-209.33736356776
23.00	180	-209.337363550157
24.00	0	-209.337365091497
24.00	10	-209.337365083102
24.00	20	-209.337365042431
24.00	30	-209.33736498084
24.00	40	-209.337364904325
24.00	50	-209.337364807862
24.00	60	-209.337364702888
24.00	70	-209.337364581329
24.00	80	-209.337364457997
24.00	90	-209.33736433251
24.00	100	-209.337364208979
24.00	110	-209.337364083902
24.00	120	-209.337363969639
24.00	130	-209.3373638577
24.00	140	-209.337363761186
24.00	150	-209.337363682129
24.00	160	-209.337363619484
24.00	170	-209.337363583327
24.00	180	-209.337363567132
25.00	0	-209.337364984202
25.00	10	-209.337364976203
25.00	20	-209.337364937596
25.00	30	-209.337364884708
25.00	40	-209.337364812769
25.00	50	-209.33736472508
25.00	60	-209.337364628352
25.00	70	-209.337364517467
25.00	80	-209.337364404442
25.00	90	-209.337364288201
25.00	100	-209.337364170349
25.00	110	-209.337364059497
25.00	120	-209.337363949726
25.00	130	-209.337363850197
25.00	140	-209.337363759567
25.00	150	-209.337363687306
25.00	160	-209.337363631783
25.00	170	-209.337363597628
25.00	180	-209.337363583797
50.00	0	-209.337363897716
50.00	10	-209.337363898461
50.00	20	-209.337363888986
50.00	30	-209.337363881202
50.00	40	-209.337363862537
50.00	50	-209.337363841207
50.00	60	-209.337363815837
50.00	70	-209.337363789743
50.00	80	-209.337363761228
50.00	90	-209.337363731305
50.00	100	-209.337363701977
50.00	110	-209.33736367307
50.00	120	-209.337363647122
50.00	130	-209.337363621646
50.00	140	-209.337363601447
50.00	150	-209.337363583963
50.00	160	-209.337363569837
50.00	170	-209.337363564167
50.00	180	-209.337363559816
100.00	0	-209.337363493492
100.00	10	-209.337363494151
100.00	20	-209.337363492095
100.00	30	-209.337363491072
100.00	40	-209.337363485647
100.00	50	-209.337363479299
100.00	60	-209.337363473154
100.00	70	-209.337363467112
100.00	80	-209.337363458896
100.00	90	-209.337363455577
100.00	100	-209.337363444292
100.00	110	-209.337363438987
100.00	120	-209.337363432032
100.00	130	-209.337363428043
100.00	140	-209.337363419775
100.00	150	-209.337363416431
100.00	160	-209.337363414822
100.00	170	-209.337363412896
100.00	180	-209.337363405884
