2035819.0679790000431240,-658201308.2429066896438599
1057116.4325850000604987,-421512368.1480742692947388
635008.1306389999808744,-269057699.0237616896629333
472188.9010600000037812,-171125896.8133758008480072
468579.7922460000263527,-108456676.0874491184949875
618824.7825850000372157,-68588994.4128424674272537
1008414.5921869999729097,-43529005.9422257617115974
1903925.7080320001114160,-28315344.3530649319291115
4235211.4796660002321005,-20504009.2750641629099846
5405632.1155500002205372,-8953999.0908803138881922
2201913.6686990000307560,-4267972.4603319317102432
1049469.0910529999528080,-2222180.4737487006932497
532774.0784119999734685,-1175156.6713924016803503
284664.5447120000026189,-618247.1362402562517673
162326.8408610000042245,-320661.1106464925687760
102406.4246949999942444,-164796.0518333973304834
74486.7307350000046426,-87117.8339016565732891
63107.6809280000015860,-52193.0979400204014382
60098.2809150000030058,-39986.1047619594173739
41367.3654039999964880,-19493.3462927379441680
30266.5507880000004661,-10142.3110949150068336
22122.1379320000014559,-5111.1169695675525873
16144.0701530000005732,-2496.6770228081895766
11733.7043090000006487,-1175.2429981797959044
8423.0382250000002387,-475.6845854709608830
6020.0536050000000614,-169.7232603481916158
4279.4386800000002040,-54.5023045585539876
3010.5314920000000711,-12.2204125420289529
2091.4465839999998025,0.7965260077266976
1432.0780339999998887,2.9200772077217607
963.9158469999999852,1.9748355031714482
635.2445780000000468,0.8443725934913573
407.4212949999999864,0.2165829260376881
251.7873810000000105,0.0047261268960028
147.2407780000000059,-0.0151659997251841
78.3808910000000054,0.0061091828994506
34.0923039999999986,0.0128716103230389
6.4604179999999998,0.0041223220299402
-10.0650469999999999,-0.0066984546358704
-19.3166949999999993,-0.0111719581380427
-23.9031270000000013,-0.0081469134895968
-25.5749260000000014,-0.0008086448472397
-25.4898169999999986,0.0065395527508159
-24.4011080000000007,0.0103884828468672
-22.7898040000000002,0.0089210689810066
-20.9574150000000010,0.0035942225102339
-19.0865210000000012,-0.0029817319278784
-17.2816040000000015,-0.0087700233724064
-15.5988500000000005,-0.0110333924592130
-12.6749840000000003,-0.0051980230413253
-10.3251369999999998,0.0086642941177093
-8.4532010000000000,0.0165121964839372
-6.9548759999999996,0.0099952495092603
-5.7514909999999997,-0.0062008552902295
-4.7893340000000002,-0.0197582295327257
-4.0264899999999999,-0.0217448883178974
-3.4228250000000000,-0.0131802222878723
-2.9418959999999998,-0.0001194300094882
-2.5536059999999998,0.0112340910802819
-2.2359939999999998,0.0178923375785764
-1.9745410000000001,0.0204954549879397
-1.7583670000000000,0.0203078536621200
-1.5782470000000000,0.0178337459505804
-1.4261349999999999,0.0128079029896713
-1.1333660000000001,-0.0082840442731120
-0.9267930000000000,-0.0318610795534502
-0.7807050000000000,-0.0463598856321054
-0.6758280000000000,-0.0505000874823591
-0.5978730000000000,-0.0472087273887583
-0.5375220000000001,-0.0394289631574709
-0.4889960000000000,-0.0292605935689573
-0.4493870000000000,-0.0173974077645856
-0.4158730000000000,-0.0052548240373546
-0.3874010000000000,0.0070649942803200
-0.3627840000000000,0.0190601150224664
-0.3412450000000000,0.0304768774540580
-0.3054740000000000,0.0512569721716732
-0.2762250000000000,0.0681674726773462
-0.2521310000000000,0.0818159376366496
-0.2314800000000000,0.0920480045955869
-0.2135210000000000,0.0993674549583982
-0.1977470000000000,0.1042873432640760
-0.1841600000000000,0.1076422041613861
-0.1722890000000000,0.1096417107509996
-0.1616510000000000,0.1103598050781428
-0.1519890000000000,0.1099953461282615
-0.0496180000000000,0.0493350491220407
-0.0068160000000000,0.0068159871540500
1489848.7796469999011606,-644070683.7571666240692139
839719.6405220000306144,-413179717.1122469902038574
527548.5469629999715835,-264213161.6002916097640991
392071.6919989999732934,-168368486.2178620398044586
359468.0052750000031665,-106905634.0955240726470947
400434.1879610000178218,-67653597.2337498962879181
509585.6666599999880418,-42725925.7740890607237816
684580.0579320000251755,-27016560.2526400461792946
887679.1395900000352412,-17191004.7756372764706612
1016671.1978260000469163,-11023438.4890924207866192
969276.5206649999599904,-7047875.7360867224633694
770208.9946299999719486,-4416307.6048302343115211
535567.7011100000236183,-2688459.2372541781514883
344627.0686020000139251,-1590433.4559668130241334
214796.6449150000116788,-916546.3955935793928802
135091.5224189999862574,-515670.1916097908979282
89618.4914459999999963,-284438.8448667212505825
65390.4730340000023716,-155673.3742931289307307
53213.3700289999978850,-86900.4667023988004075
46579.3804779999991297,-51390.0434128492706805
40177.4886770000011893,-31700.3236988394346554
23517.5928520000015851,-9610.0197450726645911
17534.7432240000016463,-5018.4189116157012904
12968.3385629999993398,-2548.5473187956758920
9473.6855610000002343,-1217.5319020652732434
6845.9151959999999235,-529.9452947598010724
4927.6489250000004176,-225.4817292282959897
3512.4379159999998592,-89.8958115049113076
2473.7303059999999277,-31.9889194967663570
1718.8014419999999518,-9.4924332671507727
1175.9167620000000625,-2.0251693825139228
789.8060669999999845,-0.1418592793622793
518.4946410000000014,0.0640699117548138
330.3608259999999746,0.0063678715257538
201.9033719999999903,-0.0175046449801641
115.7280269999999973,0.0002729746496897
59.1098500000000016,0.0165497971671726
22.8488170000000004,0.0140080543486540
0.3852410000000000,-0.0010713638116118
-12.8884629999999998,-0.0150542181083058
-20.1577449999999985,-0.0191470694686977
-23.5902430000000010,-0.0123384915669291
-24.6380279999999985,0.0008330759041328
-24.2577469999999984,0.0130399479578571
-23.0707069999999987,0.0190193471565649
-21.4738429999999987,0.0171656798304056
-19.7151889999999987,0.0089073920090392
-17.9453309999999995,-0.0021226953188673
-16.2506449999999987,-0.0123182957016965
-14.6766850000000009,-0.0184546899215654
-11.9498560000000005,-0.0152394914389458
-9.7603419999999996,0.0015285666700269
-8.0133580000000002,0.0144383103959616
-6.6102200000000000,0.0119771096719292
-5.4797700000000003,-0.0014634221502146
-4.5744020000000001,-0.0132082041061521
-3.8555150000000000,-0.0149421278011390
-3.2857609999999999,-0.0075385037977709
-2.8304010000000002,0.0028395255252822
-2.4617810000000002,0.0111252131492243
-2.1601819999999998,0.0155732545961218
-1.9119539999999999,0.0168881101984795
-1.7063170000000001,0.0157641796239136
-1.5347960000000000,0.0128892417814808
-1.3895200000000001,0.0076933892453597
-1.1082609999999999,-0.0131639833065578
-0.9096010000000000,-0.0345901739807790
-0.7684890000000000,-0.0470687323885071
-0.6668260000000000,-0.0496123892341068
-0.5908220000000000,-0.0453882219597481
-0.5318210000000000,-0.0370225018138119
-0.4844510000000000,-0.0263556988071069
-0.4451670000000000,-0.0147744162234546
-0.4126190000000000,-0.0022387892488528
-0.3842990000000000,0.0096918313335754
-0.3603060000000000,0.0218033293232317
-0.3386930000000000,0.0326738863888531
-0.3037220000000000,0.0534175394465762
-0.2747480000000000,0.0699034405143646
-0.2507860000000000,0.0831051826255420
-0.2301550000000000,0.0928811323955677
-0.2122460000000000,0.0998598995034342
-0.1968210000000000,0.1048085970429718
-0.1833020000000000,0.1079691865547371
-0.1714970000000000,0.1098199185608026
-0.1609380000000000,0.1104411537362829
-0.1515350000000000,0.1101917073712824
-0.0494970000000000,0.0492184312412618
-0.0066340000000000,0.0066339873529979
751802.0869439999805763,-312593571.1678984761238098
480237.0066409999853931,-200445919.7220377027988434
328391.6204409999772906,-128087494.8882733732461929
250421.2366280000132974,-81542880.6873454749584198
211802.1123359999910463,-51699182.6495958417654037
191925.5511730000143871,-32630859.9986801445484161
180307.1717530000023544,-20494968.0327907353639603
171229.2933710000070278,-12804346.9573000874370337
160550.0530870000075083,-7952387.5325199030339718
145465.3508209999999963,-4904446.8113371226936579
125711.5577950000006240,-2997995.7895757886581123
103592.8096709999954328,-1811806.8329121284186840
82409.3113049999956274,-1079418.2522334936074913
64705.3229229999997187,-632339.0238079773262143
51511.7513659999967786,-363724.3428440210991539
42575.1911229999968782,-205688.3869120397430379
36810.9023000000015600,-115039.1099655594298383
32890.1599480000004405,-64446.3588185046683066
29645.0954449999990175,-36842.7777868395060068
26412.8491670000003069,-21958.2934408968867501
7246.6062949999995908,-803.3971689585741842
5353.9368569999996907,-360.2960016083070514
3913.4368970000000445,-152.4343973022764658
2825.7858959999998660,-58.6706832301906616
2014.0683739999999489,-19.4715029848327958
1415.4402680000000601,-4.9834307351047755
979.0487289999999803,-0.6187700996676995
664.6670789999999442,0.2126205453878356
441.0162000000000262,0.1379686499117838
284.0740569999999821,0.0110275793291521
175.6266430000000014,-0.0307014104328118
101.9512650000000065,0.0018511731346535
52.9123769999999993,0.0275088853874408
21.0647610000000007,0.0232952090798619
1.0225919999999999,-0.0010811750976245
-11.0518040000000006,-0.0244559769393362
-17.8465300000000013,-0.0324736498092761
-21.2136679999999984,-0.0218962150525570
-22.4059379999999990,-0.0013637531683237
-22.2617669999999990,0.0193405213930724
-21.3337310000000002,0.0315914477297277
-19.9816620000000000,0.0309543654499684
-18.4391829999999999,0.0201826372989053
-16.8524029999999989,0.0036186243312457
-15.3093039999999991,-0.0139388460976857
-13.8613300000000006,-0.0264226974314425
-12.5316510000000001,-0.0321987643993378
-10.2501689999999996,-0.0198881252241545
-8.4222780000000004,0.0056753092968460
-6.9533040000000002,0.0192210858983843
-5.7646949999999997,0.0142110222255409
-4.8057530000000002,0.0017361052318128
-4.0383730000000000,-0.0066867291974049
-3.4278810000000002,-0.0067437617496671
-2.9413900000000002,-0.0007803080642121
-2.5489280000000001,0.0052632706653357
-2.2294900000000002,0.0094050596558914
-1.9673970000000001,0.0110980270586825
-1.7517680000000000,0.0115324938096413
-1.5721270000000001,0.0098711441963601
-1.4212100000000001,0.0065420381808095
-1.2922089999999999,0.0008666267741642
-1.0407580000000001,-0.0188520094590985
-0.8620440000000000,-0.0372141908296099
-0.7341960000000000,-0.0468320734121112
-0.6413170000000000,-0.0473526929783938
-0.5709660000000000,-0.0421223056613056
-0.5158140000000000,-0.0332802095531728
-0.4707390000000000,-0.0228909158306686
-0.4339800000000000,-0.0108322682900223
-0.4026230000000000,0.0012071138497901
-0.3759420000000000,0.0133486790670415
-0.3525760000000000,0.0248541140207535
-0.3320400000000000,0.0357214943371219
-0.2977590000000000,0.0553471702231142
-0.2697520000000000,0.0713512032809304
-0.2466660000000000,0.0842542128410091
-0.2267930000000000,0.0938305953955420
-0.2089370000000000,0.1000799244814125
-0.1942130000000000,0.1050895864496152
-0.1809130000000000,0.1079453689587392
-0.1694270000000000,0.1096863212294925
-0.1587400000000000,0.1098285296338909
-0.1496200000000000,0.1095746972975759
-0.0488130000000000,0.0485431769951845
-0.0064670000000000,0.0064669877500545
349184.2072509999852628,-61647294.4006016179919243
244366.5511209999967832,-39474075.7204924076795578
181289.5268510000023525,-25163983.4198383614420891
147077.1080929999880027,-15966011.8835467379540205
128845.2618430000002263,-10078369.5310204233974218
114735.9405350000015460,-6323039.1580862328410149
99588.2279759999946691,-3936541.0688415034674108
84717.4184550000063609,-2428445.8943559713661671
71058.1989780000003520,-1481804.2183273124974221
59150.7761489999975311,-892389.7144707640400156
49166.4976759999990463,-529004.1100981868803501
41050.0792369999981020,-307700.8195421203272417
34600.7168670000028214,-174993.7562113546300679
29513.7410449999988487,-96944.7796358143968973
25498.0859769999988202,-52190.5126853657566244
22229.5583890000016254,-27321.3734290162901743
19453.7746609999994689,-14045.0067429268874548
17016.0622619999994640,-7335.5389326531349070
14839.4339849999996659,-4214.4867616147403169
14956.2659739999999147,-5025.0182084727857728
12865.7254799999991519,-4313.5050666348470259
11226.1077299999997194,-4225.3814884634903137
9944.7068440000002738,-4412.1842247930844678
8931.1233740000006947,-4673.5334417484573351
3238.0670669999999518,-31.2305938473068636
2374.9189299999998184,-3.6869538460232434
1720.2428879999999936,3.8697039483654407
1229.2959550000000490,4.0764327899289583
865.2146249999999554,2.4840970574415451
598.3097800000000461,1.0852792782346796
405.0191330000000107,0.3052578944003699
266.8689759999999751,0.0106793746624021
169.5308400000000120,-0.0276757464590958
102.0491159999999979,-0.0044555802046631
56.0807199999999995,0.0290111032376501
25.4443190000000001,0.0261525206118769
5.5641439999999998,0.0015381685583380
-6.8822169999999998,-0.0235376090023101
-14.2723510000000005,-0.0337567918095445
-18.2816490000000016,-0.0253471010076680
-20.0724319999999992,-0.0053629047530528
-20.4427060000000012,0.0161376327817493
-19.9346929999999993,0.0305334550638641
-18.9142180000000018,0.0340165942607484
-17.6239190000000008,0.0258755242766462
-16.2242980000000010,0.0102512996550566
-14.8178459999999994,-0.0075730329367758
-13.4678159999999991,-0.0219208007352876
-12.2088239999999999,-0.0296682288099994
-11.0579769999999993,-0.0284121998295408
-10.0177899999999998,-0.0198514957144624
-8.2435419999999997,0.0051379203145778
-6.8123959999999997,0.0205161463503796
-5.6530259999999997,0.0178283599780871
-4.7162600000000001,0.0060590664004110
-3.9658609999999999,-0.0027577896047721
-3.3677809999999999,-0.0042872664651363
-2.8895200000000001,-0.0009521322406947
-2.5043950000000001,0.0041059447953846
-2.1904710000000001,0.0074633366846202
-1.9334840000000000,0.0095018537802272
-1.7212980000000000,0.0097354843047466
-1.5449219999999999,0.0084743879316616
-1.3966300000000000,0.0054321510519406
-1.2701780000000000,0.0003169525018947
-1.1610900000000000,-0.0065893148400047
-0.9467260000000000,-0.0262480990297371
-0.7946820000000000,-0.0405631363091781
-0.6852460000000000,-0.0461892058831155
-0.6040400000000000,-0.0446552000051412
-0.5413249999999999,-0.0385090474235691
-0.4915070000000000,-0.0292479289125807
-0.4507270000000000,-0.0183168608817663
-0.4161850000000000,-0.0070205085361787
-0.3875300000000000,0.0052767310503741
-0.3626200000000000,0.0171301680813179
-0.3407570000000000,0.0283679164051091
-0.3213810000000000,0.0388492826146231
-0.2889190000000000,0.0577150254160311
-0.2620160000000000,0.0727619961816579
-0.2398780000000000,0.0849441338634497
-0.2208900000000000,0.0940460079056245
-0.2038590000000000,0.1000097877428220
-0.1895430000000000,0.1045191374147766
-0.1766090000000000,0.1069975984526120
-0.1653140000000000,0.1083210963289223
-0.1553710000000000,0.1087091906787114
-0.1463010000000000,0.1080975540708740
-0.0479370000000000,0.0476795872740265
-0.0062960000000000,0.0062959883134803
172853.9010650000127498,-1402815.9203531907405704
129757.0440269999962766,-936161.6401449191616848
103392.1316619999997783,-611572.2923193217720836
88795.3641979999956675,-392785.9851470758439973
81126.0627050000039162,-249351.6971533191972412
86672.4338299999944866,-167600.2873022928251885
70482.5684369999944465,-97576.8433402764785569
58017.7161550000018906,-53786.0524645970290294
47315.0690979999999399,-26463.0481701348253409
38401.6580029999968247,-10208.9399600447104604
31134.9595179999996617,-1196.4041409747733269
25293.3737450000007811,3235.2300527916631836
20625.0500409999986005,4905.0634842468061834
16942.4910259999996924,4970.8727957586816046
14028.8551189999998314,4220.3048023537448898
11691.1288779999995313,3156.6977410498802783
14664.2872709999992367,-2809.2185142952184833
12470.6422449999990931,-3153.9272205762081285
10798.0930189999999129,-3576.6408812879499237
9521.9466599999996106,-3993.6636169378070917
8550.1094040000007226,-4366.5246736457529551
3078.3671279999998660,52.8629450126468328
2285.5552170000000842,32.6366313396761143
1678.8708180000000993,18.4161063324963834
1218.8229619999999613,9.3532194290685311
873.1998210000000427,4.1553734792945534
616.0973480000000109,1.5107999993557542
426.8439750000000004,0.3754503068226995
289.1076120000000174,0.0112403461106396
190.0922840000000065,-0.0328339799676769
119.8695369999999940,0.0081046686317450
70.8334569999999957,0.0224359438166175
37.1695920000000015,0.0206648558328126
14.5564830000000001,-0.0006722252345774
-0.2201040000000000,-0.0213977050725408
-9.5109449999999995,-0.0286253421735641
-15.0140530000000005,-0.0199976915918967
-17.9401249999999983,-0.0029531130925271
-19.1476560000000013,0.0148660317989560
-19.2381039999999999,0.0260233262217469
-18.6312530000000010,0.0277557092220277
-17.6161150000000006,0.0202832332918881
-16.3902539999999988,0.0074447729621312
-15.0845990000000008,-0.0067108960648277
-13.7842210000000005,-0.0175588794831327
-12.5397289999999995,-0.0231317462082323
-11.3800299999999996,-0.0217452904405491
-10.3164110000000004,-0.0152126468276848
-9.3507739999999995,-0.0056750283054772
-8.4787479999999995,0.0040403765903569
-7.6932349999999996,0.0116275309365905
-6.3501659999999998,0.0155202456638035
-5.2663399999999996,0.0077533089843174
-4.3982659999999996,-0.0012780301689821
-3.7074959999999999,-0.0046790786038136
-3.1579169999999999,-0.0022621536795664
-2.7184210000000002,0.0033426300600135
-2.3626250000000000,0.0079745032676266
-2.0723609999999999,0.0108439253664692
-1.8337730000000001,0.0117568533001917
-1.6363490000000001,0.0110026724555370
-1.4710520000000000,0.0081243430979270
-1.3318859999999999,0.0039627877725794
-1.2127310000000000,-0.0021454028797758
-1.1097470000000000,-0.0096842131461181
-1.0207700000000000,-0.0173427613717445
-0.8448099999999999,-0.0350104140246433
-0.7200750000000000,-0.0440604370130919
-0.6288040000000000,-0.0454914177595802
-0.5598300000000000,-0.0411106889201301
-0.5054450000000000,-0.0333556080834445
-0.4612890000000000,-0.0235473401045234
-0.4249650000000000,-0.0122574332188836
-0.3940330000000000,-0.0007641908875035
-0.3677890000000000,0.0110203218162996
-0.3448890000000000,0.0223313034250280
-0.3252020000000000,0.0334886303483585
-0.3071060000000000,0.0432389382983460
-0.2767550000000000,0.0607938634309885
-0.2515840000000000,0.0747961143579622
-0.2308060000000000,0.0860736142748156
-0.2127940000000000,0.0943004910753658
-0.1969170000000000,0.0999039349793953
-0.1831770000000000,0.1037498634773593
-0.1710080000000000,0.1059787229548970
-0.1602500000000000,0.1070085905417928
-0.1508000000000000,0.1072096425910518
-0.1420330000000000,0.1063442418813967
-0.0470220000000000,0.0467815310834394
-0.0061530000000000,0.0061529890827281
102086.0824549999961164,2478579.4666462093591690
81033.6207049999939045,1566322.4579442678950727
67386.1388379999989411,988237.6598971366183832
58480.9328230000028270,621574.7122886367142200
52025.2097030000004452,389142.7919368823058903
46397.5025519999981043,242287.2160400499124080
40663.7834250000014435,150193.8304615484667011
34317.0894229999976233,93346.5664251978159882
28010.4891400000014983,58472.5776859140314627
22556.9899279999990540,36803.9522867125924677
18081.5396619999992254,23195.2831447033277072
14498.3262699999995675,14555.7140282587115507
18221.5360919999984617,2452.4272960547568800
15227.9549810000007710,-382.2097165518298425
12886.5432189999992261,-2149.7149590463850473
11077.9709550000006857,-3273.6612416636899070
9694.9444149999999354,-4005.5192970024791066
3797.0888049999998657,354.3522820655030046
2840.1298780000001898,185.9851215529924957
2105.7783300000000963,93.6784258370007592
1546.3962440000000242,44.6300155760607140
1123.5081600000000890,19.6777764947473770
806.3545540000000074,7.7337933854771563
570.5014889999999923,2.5217296053017435
396.7103000000000179,0.5601246669818352
269.9154219999999782,0.0122489939873276
178.4159940000000120,-0.0358531030491633
113.1963339999999931,0.0053406467095698
67.3175150000000002,0.0350414756449169
35.5649579999999972,0.0208768496992917
14.0132399999999997,-0.0098164770778695
-0.2476380000000000,-0.0305351291196756
-9.3498000000000001,-0.0308576743857323
-14.8410110000000000,-0.0144612059292317
-17.8370710000000017,0.0081768475706490
-19.1367249999999984,0.0249589882928909
-19.3128120000000010,0.0305779235857031
-18.7723219999999991,0.0244327651119356
-17.8019150000000010,0.0096989934221732
-16.6030459999999991,-0.0060775195660341
-15.3106480000000005,-0.0178128523429919
-14.0120740000000001,-0.0226708581158572
-12.7604819999999997,-0.0203234599170621
-11.5847379999999998,-0.0129096358319885
-10.4984920000000006,-0.0030232468497200
-9.5045809999999999,0.0056813747377173
-8.6012609999999992,0.0112111507236694
-7.7839010000000002,0.0125014388552902
-7.0472070000000002,0.0099897151520167
-6.3851860000000000,0.0044802557535872
-5.7927070000000001,-0.0020075833136808
-4.7940600000000000,-0.0123540377969711
-4.0069650000000001,-0.0138984494928511
-3.3881910000000000,-0.0068959979730492
-2.8976670000000002,0.0029587813590575
-2.5041699999999998,0.0114019798346319
-2.1848790000000000,0.0166019083766415
-1.9226669999999999,0.0177650930800224
-1.7067699999999999,0.0168739275321392
-1.5268640000000000,0.0135911646487850
-1.3758379999999999,0.0086608169972693
-1.2471859999999999,0.0017746394760694
-1.1370270000000000,-0.0060475062135330
-1.0422119999999999,-0.0140743261036089
-0.9597420000000000,-0.0222309096473404
-0.8879820000000000,-0.0297170683757835
-0.7474600000000000,-0.0417876313665975
-0.6466450000000000,-0.0451910906635128
-0.5711710000000000,-0.0426995710230321
-0.5126770000000000,-0.0361454752374056
-0.4663020000000000,-0.0266403963462663
-0.4280780000000000,-0.0159238317388955
-0.3960190000000000,-0.0045898739170944
-0.3686440000000000,0.0068052899951727
-0.3453640000000000,0.0183296759175342
-0.3247160000000000,0.0290176050182705
-0.3063160000000000,0.0388821080461935
-0.2901480000000000,0.0482372708141930
-0.2622080000000000,0.0642133117541235
-0.2393110000000000,0.0772297815249514
-0.2198330000000000,0.0871404445745631
-0.2031280000000000,0.0944915447535787
-0.1882990000000000,0.0993560951848140
-0.1755160000000000,0.1026961119036965
-0.1639830000000000,0.1043632661017541
-0.1538180000000000,0.1050055446818743
-0.1445410000000000,0.1045767616561324
-0.1365340000000000,0.1038140563816771
-0.0455120000000000,0.0452915347944023
-0.0055780000000000,0.0055779899908951
76421.7697080000070855,436983.7725761369802058
62283.8147889999963809,285604.7780454416060820
51862.0616369999988819,185944.7881970384914894
43761.4672050000008312,120271.2113186374190263
37088.0310590000008233,77081.4538001443143003
31273.5343949999987672,48884.1922355520218844
25997.8898770000014338,30737.7495600534966798
21264.5416030000014871,19185.2068959816861025
24196.1680149999992864,4822.4757465002039680
15543.9502019999999902,5379.6040253700266476
11945.2708490000004531,3199.1859044554184948
9116.4057690000008733,1873.1605052769900794
6906.9630370000004405,1077.8103216650624745
5194.7770760000003065,606.8350102710764986
3877.6486390000000029,332.3957516889995532
2871.4002160000000003,175.8781505042097706
2107.9276979999999639,89.0638843351694049
1532.7361490000000686,42.6095060881070822
1102.6026819999999589,18.8631337454355617
783.4235670000000482,7.4584896211906653
548.5052530000000388,2.4497397079622942
377.0954810000000066,0.5517679650889704
253.2041519999999934,0.0143425880611119
164.6068720000000098,-0.0440886473041360
101.9856840000000062,0.0126663123394337
58.3413060000000030,0.0387742720955941
28.4247030000000009,0.0200011248624783
8.3390249999999995,-0.0135008843218642
-4.7728489999999999,-0.0354852666063517
-12.9869769999999995,-0.0336091441604456
-17.7947099999999985,-0.0133013030366875
-20.2626150000000003,0.0129842737847632
-21.1494479999999996,0.0317233797036671
-20.9958640000000010,0.0355658295652397
-20.1875549999999997,0.0253714182590592
-18.9963939999999987,0.0062224224497633
-17.6129609999999985,-0.0132627313104834
-16.1657140000000012,-0.0260956198275686
-14.7367530000000002,-0.0289012221241087
-13.3740450000000006,-0.0225638978552869
-12.1025440000000000,-0.0103836555966712
-10.9322199999999992,0.0033150341288781
-9.8639430000000008,0.0143566889072151
-8.8935030000000008,0.0194244881172043
-8.0169549999999994,0.0191061564184354
-7.2276590000000001,0.0133601824965854
-6.5207160000000002,0.0048943052207706
-5.8899720000000002,-0.0045238198530599
-5.3299399999999997,-0.0125837626491609
-4.8347780000000000,-0.0177182950840855
-4.3979080000000002,-0.0196295643115016
-3.6741239999999999,-0.0142121428104662
-3.1105160000000001,-0.0014538268319133
-2.6664270000000001,0.0120053829506417
-2.3100230000000002,0.0208301258157588
-2.0207839999999999,0.0249803772544861
-1.7826880000000001,0.0242194193550458
-1.5852679999999999,0.0202504736610705
-1.4199440000000001,0.0138947596028025
-1.2802000000000000,0.0059183006345787
-1.1613929999999999,-0.0026644951725712
-1.0592440000000001,-0.0117243381783343
-0.9710940000000000,-0.0204755952816212
-0.8953850000000000,-0.0277775479080798
-0.8295129999999999,-0.0341146077296022
-0.7725890000000000,-0.0387070167322658
-0.6596990000000000,-0.0443015001002913
-0.5778799999999999,-0.0421730844013405
-0.5153860000000000,-0.0360280107535375
-0.4661000000000000,-0.0273189625265320
-0.4261700000000000,-0.0171033462461847
-0.3932350000000000,-0.0059972124430786
-0.3650810000000000,0.0049303943769444
-0.3411890000000000,0.0159541506953915
-0.3205900000000000,0.0266866328603882
-0.3020110000000000,0.0363033694122020
-0.2858960000000000,0.0456095851490896
-0.2712420000000000,0.0539032839534367
-0.2461460000000000,0.0682778633993691
-0.2251540000000000,0.0795547037664385
-0.2070290000000000,0.0878321732780121
-0.1917780000000000,0.0941914797314391
-0.1782160000000000,0.0983202309729526
-0.1663660000000000,0.1009533602693511
-0.1556950000000000,0.1021398378733733
-0.1461630000000000,0.1023158070991900
-0.1378590000000000,0.1019599787564339
-0.1297650000000000,0.1003733761371649
-0.0437520000000000,0.0435539608447586
-0.0051240000000000,0.0051239910090363
69379.8476260000024922,117612.6637191494228318
56458.1371090000029653,78691.2387767329637427
46039.3686040000029607,51799.5113668767735362
37508.7243860000016866,33401.9694032433326356
30445.0160770000002231,20983.9411528461714624
29419.4959490000001097,7887.4385818733826454
21073.3122399999992922,5981.4084438574645901
16025.9957520000007207,3578.0935709444911481
12058.6121039999998175,2127.6231066569416726
9004.5586060000005091,1241.4143212263606983
6674.5982229999999618,706.5990938302020368
4909.1089849999998478,390.8364039330799642
3581.3714439999998831,208.4192300142426575
2589.8863089999999829,106.0398681764831963
1854.6379159999999047,50.7639191162916177
1313.3335440000000744,22.4105695820337587
917.9083640000000059,8.8027164914834657
631.4253860000000032,2.8757656055671532
425.7428449999999884,0.6455643066711900
279.5207050000000208,0.0155333072570443
176.7145470000000103,-0.0472219991591771
105.3454009999999954,0.0123651835951364
56.5454319999999981,0.0416462171739980
23.7984860000000005,0.0233707357760267
2.3576120000000000,-0.0136414181837687
-11.2036929999999995,-0.0381455344005506
-19.3313309999999987,-0.0373166389338557
-23.7554119999999998,-0.0159118774972917
-25.6920180000000009,0.0125446699028693
-25.9914109999999994,0.0331540728101345
-25.2497180000000014,0.0387527156604222
-23.8820720000000009,0.0285019433849349
-22.1776060000000008,0.0088404629400145
-20.3333089999999999,-0.0117141492062700
-18.4791840000000001,-0.0255308706467474
-16.6946510000000004,-0.0296303570644092
-15.0241140000000009,-0.0245111000171843
-13.4883240000000004,-0.0129996011646778
-12.0916700000000006,-0.0001571686065862
-10.8309490000000004,0.0104591370833518
-9.6980889999999995,0.0160386962035357
-8.6850369999999995,0.0170276950467620
-7.7813639999999999,0.0131367544038170
-6.9788750000000004,0.0069013901754484
-6.2685690000000003,-0.0000262990110382
-5.6412839999999997,-0.0066385613964988
-5.0895690000000000,-0.0109278363975465
-4.6049730000000002,-0.0127069096792436
-4.1793500000000003,-0.0123358971007113
-3.8061950000000002,-0.0093697984564636
-3.4780620000000000,-0.0050952780700784
-2.9334690000000001,0.0050413714334510
-2.5062709999999999,0.0146713868324451
-2.1660040000000000,0.0207611775309724
-1.8918100000000000,0.0233121930887521
-1.6675240000000000,0.0220033076523418
-1.4821640000000000,0.0179007074779762
-1.3268549999999999,0.0113152093108957
-1.1957650000000000,0.0034427533658066
-1.0841559999999999,-0.0050563227432738
-0.9886320000000000,-0.0134140179251634
-0.9063890000000000,-0.0212087308961679
-0.8352260000000000,-0.0281321526693744
-0.7741530000000000,-0.0332139861831411
-0.7211800000000000,-0.0369064468359104
-0.6748800000000000,-0.0394251917709607
-0.5830240000000000,-0.0400734856842876
-0.5147810000000000,-0.0356281377053200
-0.4622990000000000,-0.0279417488100969
-0.4203440000000000,-0.0186781817854889
-0.3861750000000000,-0.0083750395832479
-0.3576090000000000,0.0022030694811426
-0.3332150000000000,0.0125823141536671
-0.3123470000000000,0.0227957511119031
-0.2940210000000000,0.0323655650221308
-0.2777550000000000,0.0412045880628637
-0.2630590000000000,0.0491429366457104
-0.2505080000000000,0.0570232974785336
-0.2281760000000000,0.0698320819301104
-0.2090820000000000,0.0794658280452043
-0.1927420000000000,0.0866303699943077
-0.1787680000000000,0.0918944920259400
-0.1665840000000000,0.0954592170739611
-0.1561370000000000,0.0979054049453780
-0.1463920000000000,0.0987161685454870
-0.1376160000000000,0.0985823917406356
-0.1295730000000000,0.0976150069995096
-0.1224110000000000,0.0962460165947893
-0.0417160000000000,0.0415397017740530
-0.0050070000000000,0.0050069919960729
69411.8699789999955101,57564.7221319230739027
55988.3342770000017481,37503.8899441582761938
48697.2701119999983348,19750.8788861528737471
37572.6816850000031991,12281.1784324544132687
28591.0552459999998973,7544.4941121724732511
21484.2417500000010477,4586.6639070788478421
15972.6541330000000016,2751.0460488173521298
11753.8255210000006628,1630.9251598537939572
8580.4658789999994042,941.2608087923272251
6210.8375159999995958,527.2373241110999516
4455.6837629999999990,284.6082433604751714
3165.8135889999998653,146.5434429929696307
2225.1142530000001898,70.9398505483782174
1544.4042059999999310,31.6055093595064136
1055.9142090000000280,12.5094423123050547
708.5510779999999613,4.0986345771440256
464.0277280000000246,0.9200721667052107
293.8523959999999988,0.0215839030091161
176.9611749999999972,-0.0651494834966968
97.9024150000000049,0.0170860596136464
45.4303039999999996,0.0561085979656042
11.4374769999999994,0.0306639938218378
-9.8628769999999992,-0.0170953176326538
-22.5520679999999984,-0.0483875300888350
-29.4768019999999993,-0.0472915312095488
-32.6003189999999989,-0.0213829706585145
-33.2682500000000019,0.0124251230264818
-32.3976200000000034,0.0372517435443669
-30.6126639999999988,0.0441952180096834
-28.3376249999999992,0.0343590127058491
-25.8559850000000004,0.0138345487945060
-23.3555610000000016,-0.0065292619294866
-20.9509270000000001,-0.0205632181239714
-18.7072129999999994,-0.0252759895262962
-16.6545829999999988,-0.0219015709556487
-14.8011450000000000,-0.0137327503974412
-13.1409230000000008,-0.0055265227661661
-11.6631429999999998,0.0007650745207091
-10.3525880000000008,0.0029813129649323
-9.1958179999999992,0.0027488245197951
-8.1772139999999993,0.0000915017319585
-7.2839799999999997,-0.0024610468063226
-6.5024649999999999,-0.0040789608343017
-5.8198230000000004,-0.0042550714482168
-5.2241220000000004,-0.0028185455757042
-4.7037339999999999,-0.0005651842122596
-4.2493090000000002,0.0027590980644181
-3.8517890000000001,0.0065509570674749
-3.5022829999999998,0.0093217619803139
-3.1948989999999999,0.0116336804975643
-2.9241990000000002,0.0136584353747495
-2.4723660000000001,0.0151652219892746
-2.1167229999999999,0.0153461539762030
-1.8329810000000000,0.0134884276759983
-1.6043780000000001,0.0104222702873449
-1.4174110000000000,0.0057891618502990
-1.2630129999999999,0.0003732000632468
-1.1338910000000000,-0.0057037424136914
-1.0251999999999999,-0.0116759684598415
-0.9330430000000000,-0.0171695430991917
-0.8542729999999999,-0.0220594014892017
-0.7864100000000001,-0.0263018940573070
-0.7278630000000000,-0.0295283229014578
-0.6770720000000000,-0.0317665781166383
-0.6324620000000000,-0.0333858571945894
-0.5934739999999999,-0.0339900281634832
-0.5155680000000000,-0.0314586878795982
-0.4567650000000000,-0.0258828806514762
-0.4115760000000000,-0.0177684801963256
-0.3758200000000000,-0.0082357616392756
-0.3463930000000000,0.0015557103300683
-0.3212750000000000,0.0108661258404244
-0.3001530000000000,0.0202586555211363
-0.2819290000000000,0.0292603362381114
-0.2660320000000000,0.0377653592954704
-0.2517010000000000,0.0453733412785644
-0.2393000000000000,0.0527382412009410
-0.2279310000000000,0.0592024834311297
-0.2083340000000000,0.0702636469160003
-0.1913090000000000,0.0782933489826335
-0.1774890000000000,0.0849694643354953
-0.1648890000000000,0.0891440350486427
-0.1541060000000000,0.0920926009012700
-0.1443690000000000,0.0935972134398836
-0.1359730000000000,0.0944047573494275
-0.1280790000000000,0.0940458677524509
-0.1209430000000000,0.0930790524181564
-0.1144660000000000,0.0916529381934730
-0.0397260000000000,0.0395722868480367
-0.0041190000000000,0.0041189930214337
71859.8084720000042580,7526.6420795791491400
60692.2708730000013020,3121.1764785803898121
46153.4845819999973173,3685.8655828226255835
35361.2003289999993285,2732.1691032064263709
26704.9650860000001558,1918.6087013904070773
19886.2747820000004140,1321.8689596760268614
14626.9987579999997251,899.0039493983622378
10665.8736009999993257,579.2951864695714903
7707.8095800000000963,356.3748514178341793
5519.0862189999998009,208.6536753282316567
3913.5208959999999934,115.3455476405188165
2745.3964799999998831,59.3764474898412118
1902.2839630000000852,27.9444942265122336
1298.9006389999999556,11.6317641041098341
871.0428279999999859,4.0037082080800701
570.7268719999999576,0.9470758761375464
362.3331180000000131,0.0260741775086331
219.6107010000000059,-0.0760309390201428
123.3637970000000053,0.0143014104802006
59.6670409999999976,0.0658211142240575
18.5103679999999997,0.0425290442637660
-7.2336349999999996,-0.0133649488626837
-22.5778050000000015,-0.0552465227597025
-31.0032759999999996,-0.0606942605661729
-34.8983300000000014,-0.0336044205560384
-35.8849990000000005,0.0063866876331033
-35.0595830000000035,0.0392234973682761
-33.1605569999999972,0.0526972008721032
-30.6846539999999983,0.0459106636073123
-27.9623279999999994,0.0256659849201952
-25.2092379999999991,0.0026803977710017
-22.5580889999999989,-0.0150206015006304
-20.0836679999999994,-0.0236820598568208
-17.8205889999999982,-0.0243985050413542
-15.7786709999999992,-0.0202737419184587
-13.9527059999999992,-0.0151684634262157
-12.3305360000000004,-0.0113543013177910
-10.8970900000000004,-0.0092886193143702
-9.6356710000000003,-0.0088230157858060
-8.5301670000000005,-0.0085903265299514
-7.5650269999999997,-0.0070190369654286
-6.7236799999999999,-0.0044970965557400
-5.9920949999999999,-0.0001245713680893
-5.3555640000000002,0.0049328366010801
-4.8015160000000003,0.0102334168839811
-4.3180149999999999,0.0146019764192546
-3.8954830000000000,0.0179372913003464
-3.5252390000000000,0.0198563084085772
-3.2000910000000000,0.0203996185804645
-2.9139050000000002,0.0197142804118493
-2.6616740000000001,0.0182321558009004
-2.2416700000000001,0.0136187991955010
-1.9116470000000001,0.0084532791076095
-1.6492020000000001,0.0027912735575846
-1.4383880000000000,-0.0027170202560525
-1.2666980000000001,-0.0083098670824606
-1.1251320000000000,-0.0138966165571954
-1.0078900000000000,-0.0185126508110904
-0.9103180000000000,-0.0217481740366968
-0.8275050000000000,-0.0246954575750119
-0.7576860000000000,-0.0262150193121375
-0.6974080000000000,-0.0275300039920249
-0.6452310000000000,-0.0283516468565735
-0.5998150000000000,-0.0286663674940033
-0.5601490000000000,-0.0284150789274327
-0.5251570000000000,-0.0278200397468881
-0.4549230000000000,-0.0238361274110565
-0.4030430000000000,-0.0169210546057453
-0.3632000000000000,-0.0086692724914317
-0.3313930000000000,-0.0000941539622499
-0.3059130000000000,0.0090354812928828
-0.2843390000000000,0.0175906625109669
-0.2663000000000000,0.0260846302425674
-0.2504300000000000,0.0337756418475203
-0.2368120000000000,0.0412029331219365
-0.2247850000000000,0.0480513203937606
-0.2137330000000000,0.0539764667441613
-0.2041980000000000,0.0597408533137283
-0.1873390000000000,0.0691562566118341
-0.1729240000000000,0.0761969039067450
-0.1606060000000000,0.0814246215959658
-0.1498170000000000,0.0849932155358154
-0.1403150000000000,0.0872434104829580
-0.1322100000000000,0.0887592597732134
-0.1248160000000000,0.0892417643333387
-0.1174680000000000,0.0883423607771170
-0.1114080000000000,0.0875619734628192
-0.1055120000000000,0.0859885357714224
-0.0375980000000000,0.0374664519934680
-0.0035890000000000,0.0035889940277297
80558.4885360000043875,19396.5807673998497194
63391.6019880000021658,14483.1313243896656786
48198.2156370000011520,11439.4268178021447966
37721.7531539999981760,7326.8886918085481739
29017.6681519999983720,4627.0152283065981464
22004.4916960000009567,2881.2209804148842522
16481.2691679999988992,1769.7911311383613793
12194.9398829999990994,1087.2347843617972103
8947.1949210000002495,648.9137580450951646
6510.0012299999998504,374.0638732040006289
4695.8176610000000437,207.3418582026461081
3356.6250700000000506,109.2518268827998327
2375.6266430000000582,53.9066835697753959
1662.4122740000000249,24.4023820131790217
1147.9967610000001059,9.7826606037435795
780.1196629999999459,3.2368272997318854
519.4673810000000458,0.7317468125628466
336.6760800000000131,0.0169657208298872
209.9587899999999934,-0.0519348119423171
123.2760150000000010,0.0146783023299406
64.9110569999999996,0.0455784707809670
26.3808299999999996,0.0235607155391442
1.5999049999999999,-0.0163473948375144
-13.7511200000000002,-0.0411887090700134
-22.7071219999999983,-0.0376842870615697
-27.3784269999999985,-0.0137410384146719
-29.2253660000000011,0.0153972285028594
-29.2527320000000017,0.0343026850131487
-28.1531289999999998,0.0366282172073440
-26.4017659999999985,0.0242457866861123
-24.3223009999999995,0.0050808687586468
-22.1289020000000001,-0.0130141372228714
-19.9596990000000005,-0.0228278956245980
-17.8956400000000002,-0.0228581241573700
-15.9786819999999992,-0.0158709675588451
-14.2264529999999993,-0.0059070987388559
-12.6413689999999992,0.0027569056249668
-11.2187629999999992,0.0081864506285143
-9.9485240000000008,0.0086496291186062
-8.8209490000000006,0.0059293441505748
-7.8246570000000002,0.0015582564290533
-6.9476769999999997,-0.0031775250378097
-6.1785980000000000,-0.0067649609440705
-5.5061989999999996,-0.0082337216288551
-4.9189780000000001,-0.0078412575657953
-4.4070499999999999,-0.0052666786147411
-3.9596309999999999,-0.0021401687309397
-3.5691150000000000,0.0020691272863682
-3.2267670000000002,0.0058094553646630
-2.9261750000000002,0.0089764755414068
-2.6617340000000000,0.0114810541264658
-2.2230289999999999,0.0148312165597857
-1.8791910000000001,0.0157770267923159
-1.6067020000000001,0.0143850519705138
-1.3890490000000000,0.0118093176605705
-1.2125729999999999,0.0076146626457030
-1.0678390000000000,0.0022760735464973
-0.9480960000000000,-0.0035102788481939
-0.8486180000000000,-0.0088514393377862
-0.7649810000000000,-0.0139105752184349
-0.6947759999999999,-0.0178470483618922
-0.6343410000000000,-0.0218287761136147
-0.5828780000000000,-0.0247268098085437
-0.5383710000000000,-0.0270582089919492
-0.5001560000000000,-0.0283129974529431
-0.4663740000000000,-0.0294245230902909
-0.4004360000000000,-0.0279888754932188
-0.3519660000000000,-0.0236602427354754
-0.3162480000000000,-0.0164177243723356
-0.2879480000000000,-0.0087137605351336
-0.2655000000000000,-0.0003048830767211
-0.2467260000000000,0.0078046699344724
-0.2311490000000000,0.0159264489694102
-0.2180110000000000,0.0238528801126676
-0.2065110000000000,0.0311831178609966
-0.1965740000000000,0.0381452306850056
-0.1873300000000000,0.0441077873086270
-0.1794130000000000,0.0498990704705003
-0.1649980000000000,0.0590332802054915
-0.1534190000000000,0.0666890307235862
-0.1432630000000000,0.0722642950976260
-0.1343360000000000,0.0762107778697340
-0.1260200000000000,0.0784324178815989
-0.1190990000000000,0.0801380704185201
-0.1127490000000000,0.0808506680760196
-0.1069350000000000,0.0808189206405410
-0.1013510000000000,0.0799689869434925
-0.0963420000000000,0.0788358972745044
-0.0351950000000000,0.0350770448567529
-0.0030160000000000,0.0030159946448448
77012.3849250000057509,575.3901766415801831
65667.9278029999986757,5059.2073140502034221
56457.2261690000013914,4038.5587813960300991
50370.5867700000017066,-677.0293600932709523
36621.2736779999977443,3069.7658936859079404
28810.0803760000017064,2242.5848532750933373
22310.1095319999985804,1598.6515495497951633
17066.8961329999983718,1106.1267408694802725
12903.9606789999998000,762.0102153804382397
9677.9237489999995887,504.1657796726976812
7205.7853770000001532,318.1231813103058812
5325.1519109999999273,192.0539750108100634
3905.5787310000000616,110.2715118489354609
2841.6083509999998569,59.6959224130009716
2049.5517939999999726,30.1191555070818140
1463.9611019999999826,13.9174497733531553
1034.1370779999999741,5.7006309177386356
721.0290800000000218,1.9352030628285775
494.7664130000000000,0.4503145543075107
332.6555589999999825,0.0113082563748890
217.5953079999999886,-0.0349487889160969
136.7883930000000134,0.0096175698716365
80.7321890000000053,0.0319769684216311
42.4157190000000028,0.0176156021300855
16.7077090000000013,-0.0123616526903945
-0.1186610000000000,-0.0318350314922685
-10.7427180000000000,-0.0294549798445480
-17.0739230000000006,-0.0100761600154691
-20.4672410000000013,0.0148808145678245
-21.8783540000000016,0.0315976970786984
-21.9834649999999989,0.0331784707648524
-21.2609619999999993,0.0207718477829815
-20.0470660000000009,0.0006929316535960
-18.5752330000000008,-0.0185717482813885
-17.0040019999999998,-0.0291332360782128
-15.4338149999999992,-0.0289183799700403
-13.9249580000000002,-0.0195362764611282
-12.5100750000000005,-0.0050579236822550
-11.2032070000000008,0.0089906769315569
-10.0088039999999996,0.0189588773555709
-8.9254090000000001,0.0227627800140464
-7.9489120000000000,0.0203565228607268
-7.0738519999999996,0.0131150602850267
-6.2948599999999999,0.0039715570467562
-5.6047050000000000,-0.0054084566105024
-4.9970270000000001,-0.0124612889820206
-4.4638390000000001,-0.0165780798325166
-3.9974150000000002,-0.0174255204368992
-3.5902110000000000,-0.0151341450637368
-3.2343030000000002,-0.0109033032157551
-2.9230950000000000,-0.0052930640321600
-2.4104990000000002,0.0066632538302778
-2.0115789999999998,0.0157633297707678
-1.6976800000000001,0.0209943080089579
-1.4474309999999999,0.0220526003102881
-1.2453860000000001,0.0194501999545262
-1.0812510000000000,0.0149476305852891
-0.9461980000000000,0.0088205024059003
-0.8343210000000000,0.0020492087870672
-0.7410650000000000,-0.0046959180389569
-0.6629480000000000,-0.0109152781562664
-0.5968070000000000,-0.0167227460046513
-0.5412110000000000,-0.0212012441790007
-0.4934230000000000,-0.0252688152613469
-0.4532250000000000,-0.0277257681500664
-0.4186310000000000,-0.0294463656460257
-0.3518590000000000,-0.0300101966189905
-0.3052270000000000,-0.0263508314838951
-0.2708530000000000,-0.0208447386041004
-0.2449350000000000,-0.0140078873585571
-0.2250460000000000,-0.0062465187593701
-0.2088420000000000,0.0013760066415844
-0.1956040000000000,0.0089789776038255
-0.1848260000000000,0.0166251730089645
-0.1753920000000000,0.0236000035807674
-0.1671330000000000,0.0300297294439285
-0.1602170000000000,0.0363085935863818
-0.1536230000000000,0.0415956104167330
-0.1423760000000000,0.0507377984908867
-0.1331770000000000,0.0581801630302439
-0.1250380000000000,0.0636468816422706
-0.1178540000000000,0.0675952856959131
-0.1114760000000000,0.0703291466320325
-0.1057800000000000,0.0720923581487704
-0.1005460000000000,0.0729650948253044
-0.0957720000000000,0.0731907394901702
-0.0910660000000000,0.0725780550776248
-0.0866020000000000,0.0714653610475572
-0.0327170000000000,0.0326150101846149
-0.0025090000000000,0.0025089953696695
86487.3023910000047181,202092.4728139494836796
72730.7940629999939119,143684.0065547293634154
62901.9701050000003306,99172.4206950483057881
55114.5187329999971553,66100.4395837298943661
48305.8542260000031092,42227.6534175030028564
41988.1018429999967339,25536.1125729146006051
35564.1424299999998766,14725.7753042775657377
33937.4261849999966216,3459.4394827394426102
23102.7492549999988114,-2528.7247773774433881
12784.7209129999992001,2431.1415947182649688
9750.0016169999998965,1477.8411362790193380
7383.7999440000003233,880.1397668314129987
5553.5147770000003220,511.1470314721264003
4147.7183100000002014,287.8902003219172911
3075.1283229999999094,156.1591030302033687
2262.0732480000001487,80.8442359461773776
1649.8045219999999063,39.4428548555636098
1191.8866359999999531,17.7647210376028397
851.8112009999999827,7.1314780726837625
601.1066419999999653,2.3743200643772298
417.7105720000000133,0.5426343589314797
284.6739660000000072,0.0127799852161843
189.0510319999999922,-0.0391020201525123
121.0263340000000056,0.0110048765955923
73.2000599999999935,0.0342784834758589
40.0356189999999970,0.0177956889956548
17.4261629999999990,-0.0121117874799239
2.3550990000000001,-0.0306474346218231
-7.3731119999999999,-0.0285487398848261
-13.3446540000000002,-0.0110615702550128
-16.7011970000000005,0.0103689687757793
-18.2635840000000016,0.0256371355058143
-18.6203220000000016,0.0284136772992376
-18.1955840000000002,0.0204990608092999
-17.2901850000000010,0.0058131507973798
-16.1171529999999983,-0.0086432439132729
-14.8219670000000008,-0.0179786079267359
-13.5003139999999995,-0.0202815785490102
-12.2125179999999993,-0.0157915052949154
-10.9921129999999998,-0.0082142737375541
-9.8582310000000000,0.0005091515914462
-8.8179479999999995,0.0073988206643243
-7.8719359999999998,0.0104071946574438
-7.0183999999999997,0.0097476472002258
-6.2533909999999997,0.0063780430071647
-5.5711449999999996,0.0010737113914630
-4.9662990000000002,-0.0042175196633316
-4.4327660000000000,-0.0080721075537120
-3.9636110000000002,-0.0100819010362865
-3.5523739999999999,-0.0097549328556941
-2.8772310000000001,-0.0033435471707586
-2.3573849999999998,0.0057621803655179
-1.9533119999999999,0.0135812678143310
-1.6350020000000001,0.0177153946821063
-1.3804609999999999,0.0172858229855086
-1.1757010000000001,0.0143109525461775
-1.0095580000000000,0.0097126085247476
-0.8734350000000000,0.0040151098363660
-0.7616530000000000,-0.0015620134308042
-0.6688750000000000,-0.0071173658348453
-0.5916880000000000,-0.0120647464336181
-0.5267849999999999,-0.0166387684278160
-0.4717470000000000,-0.0208819467434189
-0.4256230000000000,-0.0238941315652804
-0.3867160000000000,-0.0259202940113823
-0.3136220000000000,-0.0271138257994580
-0.2639490000000000,-0.0248343161333334
-0.2293100000000000,-0.0202290394248281
-0.2046900000000000,-0.0139888607587205
-0.1859270000000000,-0.0076308524798539
-0.1718770000000000,-0.0006458925441397
-0.1608880000000000,0.0063704792947305
-0.1517010000000000,0.0128516613429342
-0.1443630000000000,0.0193121244728308
-0.1380880000000000,0.0252925468340698
-0.1327010000000000,0.0308550946296954
-0.1280190000000000,0.0359958918796935
-0.1196770000000000,0.0444549111177942
-0.1130570000000000,0.0515145618697838
-0.1071650000000000,0.0567945807535779
-0.1016670000000000,0.0604331748903882
-0.0968610000000000,0.0631038018922242
-0.0923590000000000,0.0647217541411178
-0.0884800000000000,0.0658528350228524
-0.0847950000000000,0.0662695538614191
-0.0809030000000000,0.0657356878830191
-0.0777190000000000,0.0653010699728781
-0.0306050000000000,0.0305213287272545
-0.0019250000000000,0.0019249962013301
115374.2168010000023060,-1847394.2332371217198670
93864.0241970000060974,-1126786.9307388986926526
80743.8182550000055926,-682332.9101134409429505
72025.1686749999935273,-410907.8525017049396411
65019.6360169999970822,-246538.9669948289520107
58338.7475140000024112,-147659.1251840488403104
51577.7563539999973727,-88518.1795489768264815
44687.2753930000035325,-53201.1357916817432852
37620.0151340000011260,-31821.8525010967496200
30940.9623959999989893,-18914.3624210128909908
25107.7279459999990650,-11293.6066811909367971
21068.3347880000001169,-9282.3776471283745195
11465.9311440000001312,-1558.4102623227499862
8808.2866780000003928,-762.4137248533397724
6722.8577390000000378,-350.9644147776616592
5097.0982299999996030,-148.1470035411966819
3837.6209629999998469,-54.4613331929140259
2867.8627580000002126,-15.0911120037903856
2125.8066899999998896,-0.9656731077243421
1561.6722319999998945,2.5562073781024992
1135.7252060000000711,2.3781193027998597
816.4810159999999541,1.3893182435316476
579.0919930000000022,0.5930560628296462
404.0852320000000191,0.1626730957985387
276.2676690000000121,0.0058040572635605
183.8714319999999987,-0.0161571624507246
117.8394969999999944,0.0015595328710560
71.2583970000000022,0.0139503647774575
38.8975349999999978,0.0103552197961818
16.8332319999999989,-0.0008925059101834
2.1536559999999998,-0.0108438051610085
-7.2842279999999997,-0.0133946100186852
-13.0417179999999995,-0.0093498005902770
-16.2497879999999988,-0.0015098510842115
-17.7212020000000017,0.0062011416935093
-18.0363550000000004,0.0107777085731335
-17.6072120000000005,0.0113826257492278
-16.7232440000000011,0.0086750368176780
-15.5848770000000005,0.0038045353806826
-14.3294119999999996,-0.0010026216631385
-13.0471710000000005,-0.0048267642561335
-11.7960910000000005,-0.0069411208308505
-10.6117179999999998,-0.0065704571787677
-9.5121760000000002,-0.0049355105078188
-8.5060699999999994,-0.0023598378260203
-7.5936040000000000,-0.0007029428085845
-6.7725140000000001,0.0000785038044278
-6.0376209999999997,-0.0002487469558616
-5.3826140000000002,-0.0015979725236139
-4.8015189999999999,-0.0028912095617590
-3.8337260000000000,-0.0041158440117051
-3.0828229999999999,-0.0013677194186212
-2.5010159999999999,0.0039597273509497
-2.0474009999999998,0.0086542874017046
-1.6908230000000000,0.0112238625191428
-1.4078230000000000,0.0111323466044615
-1.1823410000000001,0.0098566122275516
-1.0011760000000001,0.0075485287714530
-0.8546260000000000,0.0046621346173746
-0.7343620000000000,0.0006044599203041
-0.6359420000000000,-0.0031543863875190
-0.5539080000000000,-0.0075336509134581
-0.4858700000000000,-0.0114202727074287
-0.4284550000000000,-0.0154678699153323
-0.3803630000000000,-0.0188528165022150
-0.2911560000000000,-0.0240755579531392
-0.2332800000000000,-0.0246435625677108
-0.1951940000000000,-0.0218372763966282
-0.1692590000000000,-0.0172824945629649
-0.1508010000000000,-0.0120508117871728
-0.1376670000000000,-0.0060958269810316
-0.1280330000000000,0.0001260046951569
-0.1202320000000000,0.0058150265961588
-0.1145480000000000,0.0118183276751606
-0.1101400000000000,0.0176709157868410
-0.1062720000000000,0.0228963932638045
-0.1030320000000000,0.0277688765440301
-0.0979370000000000,0.0364801677749238
-0.0936730000000000,0.0434165180133598
-0.0898260000000000,0.0487015897732584
-0.0862440000000000,0.0525823174722027
-0.0828890000000000,0.0553321387822816
-0.0797790000000000,0.0572184515209155
-0.0767360000000000,0.0582653902893480
-0.0740610000000000,0.0589386928439946
-0.0713450000000000,0.0589639569037196
-0.0688110000000000,0.0586742794327199
-0.0285170000000000,0.0284486994249714
-0.0016120000000000,0.0016119968991587
181033.0724010000121780,-19460901.9838610738515854
140085.5510979999962728,-12382349.8634550962597132
117493.5648749999963911,-7844897.5362129490822554
105361.5713720000057947,-4948892.5132280793040991
98046.5912439999956405,-3108700.0688555524684489
91738.7652609999931883,-1944249.7066963012330234
62769.1742620000004536,-457224.9434718174161389
52146.4559809999991558,-276816.8620718847378157
43222.3984259999997448,-166088.9903413521533366
35632.8880690000005416,-98667.7735288493859116
29243.6841500000009546,-58056.3592350474718842
23953.2744830000010552,-33938.7460004108652356
19116.9169419999998354,-19352.8704372600805073
15091.1875810000001366,-10792.7086594722168229
11827.1598749999993743,-5881.3185250869491938
9210.0340109999997367,-3126.6031824206866077
7121.1931649999996807,-1615.1594374557826086
5462.2773020000004180,-805.8355103379299180
4153.9834510000000591,-385.4768830408474969
3130.1032420000001366,-175.1322348102903561
2335.2791019999999662,-74.5989796969975032
1723.4858890000000429,-29.2155632925041573
1256.8190640000000258,-10.2007927155780180
904.2514750000000276,-3.0035435438168179
640.5981540000000223,-0.6652200418676557
445.5670420000000149,-0.0773809047238387
302.9733519999999771,0.0027651032922336
200.0303189999999915,-0.0055221798473042
126.7417250000000024,-0.0046035996884086
75.3783240000000063,0.0051693686156682
40.0325020000000009,0.0101898152673954
16.2436229999999995,0.0056638182315716
0.6841620000000000,-0.0037431097053614
-9.0970990000000000,-0.0102362006221721
-14.8793290000000002,-0.0116955714897156
-17.9421010000000010,-0.0072567701569852
-19.1921420000000005,-0.0004610341223525
-19.2679410000000004,0.0065132165979769
-18.6126870000000011,0.0115629770015850
-17.5298119999999997,0.0130856966243869
-16.2240520000000004,0.0105166308276416
-14.8316020000000002,0.0049607068796007
-13.4408560000000001,-0.0013912861635799
-12.1052890000000009,-0.0076525377792542
-10.8573430000000002,-0.0111981967389827
-9.7122489999999999,-0.0114740922299266
-8.6737819999999992,-0.0095587547140141
-7.7406119999999996,-0.0054762471789500
-6.9063070000000000,-0.0006849895245713
-5.5007789999999996,0.0063108547893709
-4.3900649999999999,0.0070441806871209
-3.5168509999999999,0.0049308517238615
-2.8326410000000002,0.0033867473166187
-2.2958620000000001,0.0027459745217597
-1.8733700000000000,0.0027396419584844
-1.5385970000000000,0.0022322592251713
-1.2729569999999999,0.0022016013934489
-1.0613150000000000,0.0025493384204174
-0.8912630000000000,0.0024468936385174
-0.7542630000000000,0.0023038010145441
-0.6423930000000000,0.0011402637143523
-0.5501020000000000,-0.0011852825301173
-0.4737890000000000,-0.0040410416617395
-0.4106740000000000,-0.0068817978729658
-0.2937890000000000,-0.0148690250739376
-0.2193330000000000,-0.0196784302109597
-0.1718470000000000,-0.0207885861626827
-0.1416500000000000,-0.0187012246560594
-0.1211050000000000,-0.0157057634844088
-0.1077350000000000,-0.0111205887221157
-0.0981420000000000,-0.0064506076647368
-0.0922530000000000,-0.0006153229231765
-0.0873930000000000,0.0044270380878989
-0.0841330000000000,0.0097036518104643
-0.0819360000000000,0.0149764287149159
-0.0801670000000000,0.0198131307020787
-0.0774800000000000,0.0282796784985655
-0.0755420000000000,0.0353382982403309
-0.0737530000000000,0.0408656547938457
-0.0717680000000000,0.0448526464404825
-0.0699350000000000,0.0479024413658299
-0.0682700000000000,0.0502326891879868
-0.0662060000000000,0.0514388220614613
-0.0646030000000000,0.0525128496912764
-0.0624810000000000,0.0525824929057430
-0.0607900000000000,0.0526858138661690
-0.0265570000000000,0.0265023945664822
-0.0008640000000000,0.0008639975209172
312361.9873069999739528,-139238386.0502176880836487
228194.2166380000126082,-89476584.3882253021001816
183914.8308060000126716,-57302842.0677933692932129
161411.2674610000103712,-36561810.8037192076444626
147801.7187879999983124,-23232184.7878766581416130
133766.6233479999937117,-14691671.5384015906602144
116788.6802630000020145,-9238052.3092135824263096
100098.8040979999932460,-5771518.8559477617964149
85270.6560219999955734,-3579675.7215387658216059
72719.5052080000023125,-2202140.4619688163511455
62426.1241549999976996,-1342455.5147920567542315
54125.1758239999981015,-810345.8235652395524085
47368.9248759999973117,-484073.4839621314313263
41707.6023249999998370,-286128.1550453873933293
36717.5413629999966361,-167390.6195621687220410
32126.1586739999984275,-97009.6748545965238009
27817.9600329999993846,-55809.0130359167087590
23754.2528610000008484,-31972.5709657366096508
19337.5676820000007865,-17702.8442829802988854
15521.2082269999991695,-9608.9117049490596401
12277.1788949999991019,-5084.9386797772485806
9591.9266119999992952,-2620.7013266014000692
7402.0044129999996585,-1309.3431971960962983
5641.3334169999998267,-629.6838337625076747
4246.4050450000004275,-289.0464610628300761
3156.4603919999999562,-125.1825411738263938
2316.0022079999998823,-50.2744234945921562
1676.1793860000000222,-18.1994390278764513
1195.2378830000000107,-5.6410422735029897
838.2916099999999915,-1.3380207718757902
576.7666379999999435,-0.1615514371840163
387.6978550000000041,0.0245053626519507
252.9234639999999956,0.0039189260344870
158.3162250000000029,-0.0110099678652489
93.0377170000000007,0.0000587872489461
48.8918090000000021,0.0113291295382396
19.7567619999999984,0.0097712519596875
1.1234880000000000,-0.0016109776608348
-10.2823810000000009,-0.0121441017943464
-16.8010809999999999,-0.0147205340896015
-20.0812530000000002,-0.0074662031280504
-21.2648399999999995,0.0042337769641030
-21.1330629999999999,0.0132217402161778
-20.2152920000000016,0.0154443839512730
-18.8655340000000002,0.0104741927354404
-17.3175470000000011,0.0017901775350069
-15.7210219999999996,-0.0061785648643209
-14.1668819999999993,-0.0103878542103626
-12.7049789999999998,-0.0107805087180814
-11.3598979999999994,-0.0078076834917589
-10.1388940000000005,-0.0035797515719835
-8.0586839999999995,0.0044926226112505
-6.4065839999999996,0.0085871442047978
-5.1038340000000000,0.0077839957690431
-4.0775199999999998,0.0032900707498991
-3.2687700000000000,-0.0019824544218885
-2.6320790000000001,-0.0047968862444043
-2.1303670000000001,-0.0046326730764830
-1.7330260000000000,-0.0032692676660950
-1.4172659999999999,-0.0013461717304186
-1.1659310000000001,0.0011003159481882
-0.9648710000000000,0.0032434621970391
-0.8035570000000000,0.0049901715749464
-0.6734760000000000,0.0060453490356533
-0.5677520000000000,0.0060303294684867
-0.4807920000000000,0.0045035784811327
-0.3238750000000000,-0.0027020509302302
-0.2248260000000000,-0.0111516678177266
-0.1629110000000000,-0.0165098868655656
-0.1241290000000000,-0.0185694551016446
-0.0997770000000000,-0.0179499134678040
-0.0839660000000000,-0.0159107218500561
-0.0743650000000000,-0.0121052462154487
-0.0683900000000000,-0.0075482582896356
-0.0647400000000000,-0.0026055429820871
-0.0625190000000000,0.0023960589591409
-0.0614460000000000,0.0075310005758952
-0.0605790000000000,0.0120863530637484
-0.0600310000000000,0.0205927121082649
-0.0602660000000000,0.0280726753502342
-0.0599530000000000,0.0336303968779710
-0.0600520000000000,0.0385137155302020
-0.0591520000000000,0.0415226547307559
-0.0582070000000000,0.0437750428840244
-0.0571810000000000,0.0453657486661585
-0.0562180000000000,0.0465447241239662
-0.0551900000000000,0.0472702775152557
-0.0539520000000000,0.0474679112608145
-0.0253750000000000,0.0253313107275216
-0.0005600000000000,0.0005599980165101
539073.2050809999927878,-858479186.6075406074523926
371717.7748119999887422,-553470172.1425759792327881
291400.2416780000203289,-355795446.8975900411605835
255933.8523299999942537,-227996535.4844872057437897
239572.3688860000111163,-145592405.7188260555267334
230444.6280010000045877,-92614556.5489636212587357
223010.1051739999966230,-58665405.8994256705045700
212006.8980919999885373,-36985417.7466658428311348
193921.2421730000060052,-23190898.3870940618216991
169352.2023960000078660,-14448792.8868034463375807
142457.9162690000084694,-8935007.5143986474722624
118057.7884639999974752,-5478283.5764332627877593
99155.2915099999954691,-3327567.5649013752117753
86321.4623670000000857,-2001734.8116497257724404
78378.0771280000044499,-1193167.7110857726074755
73242.7362100000027567,-705747.0842369857709855
68803.4590029999963008,-415150.9376891624415293
63541.4382059999988996,-243359.9334540531854145
56919.8553699999974924,-142290.2110950575734023
49296.5983659999983502,-82995.1722950884868624
40601.4318199999979697,-47523.9365259643454920
32642.1757340000003751,-26906.7527697133955371
25724.0739670000002661,-15050.9255998811113386
19907.5061229999992065,-8292.3407476469510584
15175.4118440000002010,-4501.5556780550687108
11405.3670669999992242,-2401.1730233850521472
8457.6640850000003411,-1254.0784503037821196
6191.5599750000001222,-638.4584872847062798
4475.6782460000003994,-314.8636497163179229
3194.3591320000000451,-149.0375887686736860
2249.9435690000000250,-66.7895771736120878
1562.4541719999999714,-27.7336416031807858
1068.0173910000000888,-10.2873459544296111
716.6686320000000023,-3.1649821364327408
470.0514259999999922,-0.6590954773345743
299.1881650000000263,-0.0105049051030619
182.4869700000000137,0.0360795172910287
104.0792519999999968,-0.0185302358519692
52.4491420000000019,-0.0312323947195523
19.3307520000000004,-0.0053181278258592
-1.1581379999999999,0.0219372778216227
-13.1723009999999991,0.0285128221400388
-19.6172870000000010,0.0135765579053100
-22.5027849999999994,-0.0073575470138110
-23.1914969999999983,-0.0197666814607196
-22.5844920000000009,-0.0192774485865428
-21.2619359999999986,-0.0109708529129264
-19.5898530000000015,-0.0020903077895298
-17.7956639999999986,0.0037329207638841
-16.0174710000000005,0.0074360627418244
-14.3327310000000008,0.0101394196631492
-11.3720970000000001,0.0133887808819786
-8.9821120000000008,0.0083009677734207
-7.0980439999999998,-0.0012001214539961
-5.6297829999999998,-0.0057877997002125
-4.4849189999999997,-0.0065623639254628
-3.5855980000000001,-0.0079102327942078
-2.8761860000000001,-0.0091935417163893
-2.3169149999999998,-0.0076955633784630
-1.8758509999999999,-0.0032003456859651
-1.5259849999999999,0.0018470627188922
-1.2472589999999999,0.0063718582915517
-1.0235479999999999,0.0090704301113238
-0.8432780000000000,0.0100320508121383
-0.6980270000000000,0.0100617933699048
-0.5807120000000000,0.0093996769204397
-0.3737850000000000,0.0041899802901724
-0.2458900000000000,-0.0047428756389137
-0.1659650000000000,-0.0129067276157332
-0.1168550000000000,-0.0174153285338011
-0.0863890000000000,-0.0191128345648037
-0.0681120000000000,-0.0180125028918990
-0.0573540000000000,-0.0150866772910579
-0.0507680000000000,-0.0115349392903281
-0.0478010000000000,-0.0066458967564573
-0.0459190000000000,-0.0021970607211521
-0.0455230000000000,0.0026738070813084
-0.0456110000000000,0.0072523782803229
-0.0467500000000000,0.0157190281706995
-0.0481930000000000,0.0229232635991645
-0.0494560000000000,0.0288166945011030
-0.0502500000000000,0.0333702147386415
-0.0504420000000000,0.0366286977112780
-0.0505340000000000,0.0392270846504550
-0.0500760000000000,0.0408195848612126
-0.0499480000000000,0.0423698207097919
-0.0495430000000000,0.0433386338225913
-0.0489740000000000,0.0438943395750013
-0.0244140000000000,0.0243797737644716
-0.0003890000000000,0.0003889984461313
828829.3084190000081435,-1844703609.9894177913665771
542922.6305749999592081,-1186594613.0969178676605225
427419.0442189999739639,-760841434.0079162120819092
412638.9963659999775700,-486154375.7620168924331665
476008.7260670000105165,-309487300.0590813159942627
619405.4723280000034720,-196289382.8992703855037689
841535.3203429999994114,-124087911.6508425176143646
1085442.3944699999410659,-78243389.0155161768198013
1208794.6260500000789762,-49172918.0956462994217873
1102277.7996509999502450,-30671543.7597143240272999
843503.9397739999694750,-18892452.3367017284035683
582941.1688929999945685,-11467695.6197812333703041
393237.9999120000284165,-6859613.4456471130251884
277500.8414389999816194,-4045833.3084052163176239
216304.9571749999886379,-2356877.7146814679726958
189706.1783979999891017,-1362886.5216980646364391
182033.0237889999989420,-791253.6260951876174659
180397.3430679999873973,-469169.9569283780874684
172642.0065590000012890,-285759.1697296431520954
155385.0342909999890253,-177298.5896128993481398
132441.0524570000125095,-111161.2683802025276236
107437.0393099999928381,-69293.2545672116393689
87861.7304219999932684,-46529.6822141887751059
62450.0599010000005364,-24407.1107133435070864
46492.0497969999996712,-14264.9652915928163566
34147.0259799999985262,-8208.8912438784354890
24812.6127779999987979,-4662.8682140768069075
17849.9734979999993811,-2607.7513028035191383
12717.2941539999992528,-1430.2447867228547693
8973.9627029999992374,-764.9274800692601275
6271.7881690000003800,-396.2790412282020043
4339.9820780000000013,-197.1608625003882480
2971.2076170000000275,-92.7251009360206808
2010.0827589999998963,-40.1968417291411697
1341.4357649999999467,-15.4188042679941191
880.6652569999999969,-4.8489957056614230
566.2347800000000007,-1.0207033837816653
353.9109599999999887,-0.0159217266032101
212.2444500000000005,0.0558793019907853
119.1006229999999988,-0.0304850154831655
59.0186410000000024,-0.0492718870122459
21.2687929999999987,-0.0061780349676148
-1.5645880000000001,0.0379040616381778
-14.5909589999999998,0.0461025385552034
-21.3119729999999983,0.0204082970491903
-24.0996759999999988,-0.0162333095120104
-24.5338309999999993,-0.0381547025972822
-23.6352459999999986,-0.0355358764012159
-22.0401200000000017,-0.0165712208404081
-20.1359710000000014,0.0060924916799365
-18.1519200000000005,0.0217271653149176
-14.4211630000000000,0.0285507718561337
-11.3112940000000002,0.0172936607768204
-8.8559909999999995,-0.0003986966886291
-6.9610859999999999,-0.0119051377718256
-5.5108199999999998,-0.0098506882449039
-4.3896300000000004,-0.0053375316225361
-3.5090610000000000,-0.0067933385618324
-2.8147600000000002,-0.0094763811357153
-2.2694770000000002,-0.0072791224624704
-1.8411409999999999,-0.0001749398250699
-1.5010810000000001,0.0073002202022336
-1.2271129999999999,0.0114139341129320
-1.0040579999999999,0.0112990502605950
-0.8235120000000000,0.0097757325940019
-0.6773190000000000,0.0075579169606288
-0.4231180000000000,0.0027262190398098
-0.2701590000000000,-0.0033279643742473
-0.1749420000000000,-0.0106178573323371
-0.1162950000000000,-0.0155355220252938
-0.0809440000000000,-0.0171870396645013
-0.0592520000000000,-0.0170600826813311
-0.0468960000000000,-0.0147517234119416
-0.0398820000000000,-0.0114890929888162
-0.0367900000000000,-0.0070553620437317
-0.0354180000000000,-0.0026732502557770
-0.0351760000000000,0.0016605330872288
-0.0359660000000000,0.0062127463063716
-0.0380990000000000,0.0142604604602605
-0.0407010000000000,0.0213741432500487
-0.0426130000000000,0.0268592930933828
-0.0443040000000000,0.0314315631621355
-0.0449980000000000,0.0344683460673092
-0.0455640000000000,0.0369465055385605
-0.0459960000000000,0.0389418633203001
-0.0460140000000000,0.0402390287964079
-0.0459430000000000,0.0412150254004091
-0.0457160000000000,0.0418451250344506
-0.0236190000000000,0.0235929185972889
-0.0003200000000000,0.0003199988159061
993525.3346450000535697,-1866794920.0535762310028076
632739.8050590000348166,-1193889597.7897045612335205
501691.5593849999713711,-760521629.3249268531799316
525342.4998540000524372,-482363478.3808583617210388
717949.5403380000498146,-304578932.7564532160758972
1195844.4970360000152141,-191651102.9746216237545013
2305261.9481779998168349,-120831341.4771882593631744
5436173.6727649997919798,-78579687.0763748884201050
4277272.4747829996049404,-20295652.4207043945789337
1898471.7825629999861121,-11226838.7401199117302895
1011037.8889940000372007,-6299447.9353005541488528
602064.8795430000172928,-3488034.8104724423028529
421201.9988809999777004,-1906561.5400505824945867
366304.3115969999926165,-1056559.1268295187037438
418931.1271790000027977,-674519.1225858535617590
664448.6818660000571981,-695756.5588113092817366
1613901.6277040001004934,-1540542.2602517839986831
569486.9385420000180602,-462398.4288714162539691
266760.4583700000075623,-176349.8961350027238950
149686.1222300000081304,-76840.6401540679362370
92620.6466340000042692,-35807.5076296011611703
60771.0234899999995832,-17529.4887648513249587
41201.5542579999964801,-8920.1094998152839253
28382.0914699999993900,-4667.2297446867196413
19657.5763630000001285,-2477.2568165040138410
13605.8346600000004400,-1315.1112511839437502
9378.3963860000003478,-688.7740578804314282
6424.8816090000000258,-351.4497398984840402
4368.6316829999996116,-172.8514768008190003
2943.8662399999998343,-80.6080328433113209
1962.3755140000000665,-34.6541185396233686
1291.0185719999999492,-13.1608445554409172
835.4217099999999618,-4.0862187503423684
528.9116860000000315,-0.8446555858749889
324.7223389999999767,-0.0105910733217911
190.2999649999999860,0.0407704624382461
103.1313739999999939,-0.0293079422145155
47.7406450000000007,-0.0355126112128161
13.5466909999999991,0.0058586676866241
-6.6658450000000000,0.0370874382409374
-17.8110759999999999,0.0319492619050408
-23.2187200000000011,0.0017512406162723
-25.1167100000000012,-0.0267285356838975
-24.9629009999999987,-0.0345856666795044
-23.6828609999999991,-0.0205692728868598
-21.8450519999999990,0.0030098198795478
-19.7901430000000005,0.0224404764176711
-15.7447940000000006,0.0285525043176271
-12.2944540000000000,0.0098438778847640
-9.5705220000000004,-0.0079760988910085
-7.4844530000000002,-0.0154184072858525
-5.9033230000000003,-0.0083374549197659
-4.6935260000000003,0.0011252437961424
-3.7494860000000001,0.0013682934005135
-3.0056150000000001,-0.0041983173184388
-2.4220839999999999,-0.0055254288310160
-1.9646939999999999,-0.0006097470317046
-1.6028549999999999,0.0066114185709638
-1.3108089999999999,0.0103614441143984
-1.0724540000000000,0.0097884420911341
-0.8772480000000000,0.0061686696338399
-0.7187530000000000,0.0023317508378889
-0.4442120000000000,-0.0026330449395365
-0.2806570000000000,-0.0060575613844842
-0.1793280000000000,-0.0110806772969134
-0.1170840000000000,-0.0144960824109051
-0.0791850000000000,-0.0157486107568109
-0.0565380000000000,-0.0150023995007155
-0.0436030000000000,-0.0125509036427585
-0.0367710000000000,-0.0088980637568762
-0.0334010000000000,-0.0048331904411005
-0.0320600000000000,-0.0006760651742134
-0.0319550000000000,0.0034555996578104
-0.0328900000000000,0.0077797752127673
-0.0352680000000000,0.0153273054183244
-0.0379440000000000,0.0218442100887487
-0.0404990000000000,0.0274006217024237
-0.0423880000000000,0.0316944441675955
-0.0433370000000000,0.0345930621908443
-0.0439550000000000,0.0368001888881398
-0.0443470000000000,0.0384906510986389
-0.0447440000000000,0.0399497842628658
-0.0446730000000000,0.0407480330972704
-0.0446710000000000,0.0414575842856453
-0.0232010000000000,0.0231793485897123
0.0000000000000000,-0.0000000009829725
