R	0	30	60	90	120	150	180
2.5		-4728.09185	2437.422647	1934.206833	2795.166216	3716.829306	
2.6	682.270037	2100.569941	1670.505353	1320.934357	1998.060531	2627.605118	682.270048
2.7	746.639318	1439.50164	1122.21575	879.341354	1415.217618	1908.974898	746.639315
2.8	717.256714	1002.207205	732.258265	564.744522	990.09538	1400.790118	717.256716
2.9	627.59144	693.175198	457.129436	343.525439	681.34239	1027.076602	627.59144
3.0	513.147396	468.218517	265.055619	190.443375	458.589361	747.261252	513.147397
3.1	397.559828	303.327652	132.979589	86.609663	299.30338	536.887502	397.559825
3.2	293.671126	183.297347	44.071356	17.967775	186.721584	379.445316	293.671118
3.3	206.851889	97.369149	-14.007893	-25.84764	108.432674	262.594598	206.851887
3.4	138.055934	37.37102	-50.304043	-52.704056	55.048729	177.18756	138.055936
3.5	85.887985	-3.115659	-71.427083	-67.232779	19.552281	115.703038	85.887989
3.6	47.902307	-29.171936	-82.177276	-73.993799	-3.527717	72.328792	47.902314
3.7	21.358504	-44.788939	-86.167619	-75.601517	-17.460597	42.399519	21.358496
3.8	3.636184	-53.286485	-85.456962	-73.940047	-25.443486	22.272734	3.636182
3.9	-7.556504	-56.537646	-82.09305	-70.333744	-29.37509	9.152937	-7.556509
4.0	-14.100688	-56.162595	-77.187803	-65.681435	-30.642762	0.633734	-14.100695
4.1	-17.461909	-54.012499	-71.51397	-60.568116	-30.234289	-4.104304	-17.461911
4.2	-18.731505	-50.687059	-65.585012	-55.358701	-28.832488	-6.677714	-18.731512
4.3	-18.691197	-46.793408	-59.723801	-50.272596	-26.892733	-7.845119	-18.691201
4.4	-17.881672	-42.731154	-54.120413	-45.437317	-24.708341	-8.141481	-17.881679
4.5	-16.971835	-38.746466	-48.877367	-40.923253	-22.462604	-7.928255	-16.971829
4.6	-15.518856	-35.320163	-44.042767	-36.764972	-20.268361	-7.438893	-15.518859
4.7	-14.046925	-31.79229	-39.631541	-32.974588	-18.190897	-6.818654	-14.046919
4.8	-12.635855	-28.575987	-35.639154	-29.550085	-16.269491	-6.155672	-12.63586
4.9	-11.327654	-25.673653	-32.049172	-26.480682	-14.522691	-5.502425	-11.327654
5.0	-10.140618	-23.073163	-28.838395	-23.749537	-12.95551	-4.888937	-10.140626
5.1	-9.078617	-20.754231	-25.979693	-21.334995	-11.564505	-4.327262	-9.078612
5.2	-8.137054	-18.692463	-23.443769	-19.21102	-10.340694	-3.832425	-8.137051
5.3	-7.306564	-16.86211	-21.200279	-17.348387	-9.271458	-3.394026	-7.306566
5.4	-6.576128	-15.238231	-19.218567	-15.716135	-8.341926	-3.011498	-6.576133
5.5	-5.932442	-13.797742	-17.468463	-14.283683	-7.536038	-2.679786	-5.932439
5.6	-5.365366	-12.520004	-15.921165	-13.022612	-6.83739	-2.393661	-5.365377
5.7	-4.864615	-11.386556	-14.549996	-11.908046	-6.230316	-2.148079	-4.864623
5.8	-4.421356	-10.375404	-13.331225	-10.919005	-5.700537	-1.938133	-4.421353
5.9	-4.028073	-9.484747	-12.244158	-10.038204	-5.235738	-1.758929	-4.028073
6.0	-3.678427	-8.687228	-11.271384	-9.251494	-4.825741	-1.605734	-3.678425
6.2	-3.088898	-7.337012	-9.611931	-7.914167	-4.138467	-1.36053	-3.088889
6.4	-2.617241	-6.247282	-8.259742	-6.828108	-3.588625	-1.174534	-2.617249
6.6	-2.23657	-5.358325	-7.145343	-5.931038	-3.140279	-1.029331	-2.236568
6.8	-1.926607	-4.62678	-6.216149	-5.176446	-2.766776	-0.913504	-1.926602
7.0	-1.672433	-4.020116	-5.427782	-4.533589	-2.449415	-0.819364	-1.67243
7.2	-1.463081	-3.513403	-4.766863	-3.984202	-2.177111	-0.741639	-1.463075
7.4	-1.290257	-3.087515	-4.205118	-3.516622	-1.943765	-0.6767	-1.290258
7.6	-1.147494	-2.727883	-3.728262	-3.121033	-1.745711	-0.622368	-1.147485
7.8	-1.029566	-2.423348	-3.323916	-2.787313	-1.579216	-0.577355	-1.029568
8.0	-0.932168	-2.165046	-2.980647	-2.505195	-1.440078	-0.540688	-0.932162
8.2	-0.851632	-1.945561	-2.688082	-2.265138	-1.323639	-0.511339	-0.851623
8.4	-0.784848	-1.758486	-2.437241	-2.059151	-1.225391	-0.488147	-0.784842
8.6	-0.729144	-1.598421	-2.220783	-1.880997	-1.141663	-0.469828	-0.729138
8.8	-0.682207	-1.460672	-2.032904	-1.726006	-1.069541	-0.455167	-0.682216
9.0	-0.642274	-1.341379	-1.86908	-1.590652	-1.006958	-0.443179	-0.642277
9.5	-0.564549	-1.105501	-1.542879	-1.320974	-0.882995	-0.420804	-0.564555
10.0	-0.509174	-0.934854	-1.305566	-1.1248	-0.793609	-0.405613	-0.509172
10.5	-0.469539	-0.809564	-1.129831	-0.978941	-0.727743	-0.395331	-0.469529
11.0	-0.440733	-0.711266	-0.996776	-0.862393	-0.677524	-0.388063	-0.440735
11.5	-0.418799	-0.64104	-0.893687	-0.776833	-0.637563	-0.381916	-0.418796
12.0	-0.400893	-0.585475	-0.811998	-0.708126	-0.604574	-0.375756	-0.400897
12.5	-0.379899	-0.540313	-0.745968	-0.651889	-0.571117	-0.369101	-0.379893
13.0	-0.36747	-0.502764	-0.691745	-0.605111	-0.548384	-0.356515	-0.367475
13.5	-0.355587	-0.470962	-0.646486	-0.565665	-0.528053	-0.350308	-0.35559
14.0	-0.344169	-0.443579	-0.608192	-0.531905	-0.509661	-0.343308	-0.344172
14.5	-0.333153	-0.419696	-0.575421	-0.502715	-0.49288	-0.335807	-0.333158
15.0	-0.322493	-0.398603	-0.547012	-0.477206	-0.477477	-0.327989	-0.322494
16.0	-0.302316	-0.362837	-0.500266	-0.434619	-0.450023	-0.311918	-0.302317
17.0	-0.283623	-0.333449	-0.463205	-0.400366	-0.42619	-0.295989	-0.28362
18.0	-0.266346	-0.308657	-0.432987	-0.372061	-0.405219	-0.280602	-0.266347
19.0	-0.250422	-0.287356	-0.407753	-0.348189	-0.386584	-0.26598	-0.250416
20.0	-0.235732	-0.268762	-0.386291	-0.327664	-0.369907	-0.252264	-0.235737
21.0	-0.220663	-0.251227	-0.367335	-0.309183	-0.354572	-0.238339	-0.22066
22.0	-0.208163	-0.236451	-0.350867	-0.293809	-0.340717	-0.226229	-0.208169
23.0	-0.197016	-0.223557	-0.336574	-0.279837	-0.328455	-0.215395	-0.197015
24.0	-0.186617	-0.211834	-0.323768	-0.267277	-0.317223	-0.205221	-0.186617
25.0	-0.176937	-0.201128	-0.312237	-0.255925	-0.306864	-0.195734	-0.176944
50.0	-0.057016	-0.076809	-0.184343	-0.128868	-0.184172	-0.076623	-0.057016
100.0	0.002613	-0.017045	-0.124483	-0.069018	-0.124472	-0.017036	0.002615
