R,phi,E
2.6,0,682.270037
2.6,30,682.270037
2.6,60,682.270037
2.6,90,682.270037
2.7,0,746.639318
2.7,30,746.639318
2.7,60,746.639318
2.7,90,746.639318
2.8,0,717.256714
2.8,30,717.256714
2.8,60,717.256714
2.8,90,717.256714
2.9,0,627.59144
2.9,30,627.59144
2.9,60,627.59144
2.9,90,627.59144
3.0,0,513.147396
3.0,30,513.147396
3.0,60,513.147397
3.0,90,513.147396
3.1,0,397.559828
3.1,30,397.559828
3.1,60,397.559828
3.1,90,397.559828
3.2,0,293.671126
3.2,30,293.671126
3.2,60,293.671126
3.2,90,293.671126
3.3,0,206.851889
3.3,30,206.851889
3.3,60,206.851889
3.3,90,206.851889
3.4,0,138.055934
3.4,30,138.055934
3.4,60,138.055934
3.4,90,138.055934
3.5,0,85.887985
3.5,30,85.887985
3.5,60,85.887985
3.5,90,85.887985
3.6,0,47.902307
3.6,30,47.902307
3.6,60,47.902307
3.6,90,47.902306
3.7,0,21.358504
3.7,30,21.358504
3.7,60,21.358504
3.7,90,21.358504
3.8,0,3.636184
3.8,30,3.636184
3.8,60,3.636184
3.8,90,3.636184
3.9,0,-7.556504
3.9,30,-7.556504
3.9,60,-7.556504
3.9,90,-7.556504
4.0,0,-14.100688
4.0,30,-14.100688
4.0,60,-14.100688
4.0,90,-14.100688
4.1,0,-17.461909
4.1,30,-17.461909
4.1,60,-17.461909
4.1,90,-17.461909
4.2,0,-18.731505
4.2,30,-18.731505
4.2,60,-18.731505
4.2,90,-18.731505
4.3,0,-18.691197
4.3,30,-18.691197
4.3,60,-18.691197
4.3,90,-18.691198
4.4,0,-17.881672
4.4,30,-17.881672
4.4,60,-17.881672
4.4,90,-17.881672
4.5,0,-16.971835
4.5,30,-16.971835
4.5,60,-16.971835
4.5,90,-16.971835
4.6,0,-15.518856
4.6,30,-15.518856
4.6,60,-15.518856
4.6,90,-15.518856
4.7,0,-14.046925
4.7,30,-14.046925
4.7,60,-14.046925
4.7,90,-14.046925
4.8,0,-12.635855
4.8,30,-12.635855
4.8,60,-12.635855
4.8,90,-12.635855
4.9,0,-11.327654
4.9,30,-11.327654
4.9,60,-11.327654
4.9,90,-11.327654
5.0,0,-10.140618
5.0,30,-10.140618
5.0,60,-10.140618
5.0,90,-10.140618
5.1,0,-9.078617
5.1,30,-9.078617
5.1,60,-9.078617
5.1,90,-9.078617
5.2,0,-8.137054
5.2,30,-8.137054
5.2,60,-8.137054
5.2,90,-8.137054
5.3,0,-7.306564
5.3,30,-7.306564
5.3,60,-7.306563
5.3,90,-7.306564
5.4,0,-6.576128
5.4,30,-6.576128
5.4,60,-6.576128
5.4,90,-6.576128
5.5,0,-5.932442
5.5,30,-5.932442
5.5,60,-5.932442
5.5,90,-5.932442
5.6,0,-5.365366
5.6,30,-5.365366
5.6,60,-5.365366
5.6,90,-5.365366
5.7,0,-4.864615
5.7,30,-4.864615
5.7,60,-4.864615
5.7,90,-4.864615
5.8,0,-4.421356
5.8,30,-4.421356
5.8,60,-4.421356
5.8,90,-4.421356
5.9,0,-4.028073
5.9,30,-4.028073
5.9,60,-4.028073
5.9,90,-4.028073
6.0,0,-3.678427
6.0,30,-3.678427
6.0,60,-3.678427
6.0,90,-3.678427
6.2,0,-3.088898
6.2,30,-3.088898
6.2,60,-3.088898
6.2,90,-3.088898
6.4,0,-2.617241
6.4,30,-2.617241
6.4,60,-2.617241
6.4,90,-2.617241
6.6,0,-2.23657
6.6,30,-2.23657
6.6,60,-2.23657
6.6,90,-2.23657
6.8,0,-1.926607
6.8,30,-1.926607
6.8,60,-1.926607
6.8,90,-1.926607
7.0,0,-1.672433
7.0,30,-1.672433
7.0,60,-1.672433
7.0,90,-1.672433
7.2,0,-1.463081
7.2,30,-1.463081
7.2,60,-1.463081
7.2,90,-1.463081
7.4,0,-1.290257
7.4,30,-1.290257
7.4,60,-1.290257
7.4,90,-1.290257
7.6,0,-1.147495
7.6,30,-1.147494
7.6,60,-1.147494
7.6,90,-1.147495
7.8,0,-1.029566
7.8,30,-1.029566
7.8,60,-1.029566
7.8,90,-1.029566
8.0,0,-0.932168
8.0,30,-0.932168
8.0,60,-0.932168
8.0,90,-0.932168
8.2,0,-0.851632
8.2,30,-0.851632
8.2,60,-0.851632
8.2,90,-0.851632
8.4,0,-0.784847
8.4,30,-0.784848
8.4,60,-0.784847
8.4,90,-0.784848
8.6,0,-0.729144
8.6,30,-0.729144
8.6,60,-0.729144
8.6,90,-0.729145
8.8,0,-0.682207
8.8,30,-0.682207
8.8,60,-0.682207
8.8,90,-0.682207
9.0,0,-0.642274
9.0,30,-0.642274
9.0,60,-0.642274
9.0,90,-0.642274
9.5,0,-0.564549
9.5,30,-0.564549
9.5,60,-0.564549
9.5,90,-0.564549
10.0,0,-0.509174
10.0,30,-0.509174
10.0,60,-0.509174
10.0,90,-0.509174
10.5,0,-0.469539
10.5,30,-0.469539
10.5,60,-0.469539
10.5,90,-0.469539
11.0,0,-0.440733
11.0,30,-0.440733
11.0,60,-0.440733
11.0,90,-0.440733
11.5,0,-0.418799
11.5,30,-0.418799
11.5,60,-0.418799
11.5,90,-0.418799
12.0,0,-0.400893
12.0,30,-0.400893
12.0,60,-0.400893
12.0,90,-0.400893
12.5,0,-0.379899
12.5,30,-0.379899
12.5,60,-0.379899
12.5,90,-0.379899
13.0,0,-0.36747
13.0,30,-0.36747
13.0,60,-0.36747
13.0,90,-0.36747
13.5,0,-0.355587
13.5,30,-0.355587
13.5,60,-0.355587
13.5,90,-0.355587
14.0,0,-0.344169
14.0,30,-0.344169
14.0,60,-0.344169
14.0,90,-0.344169
14.5,0,-0.333153
14.5,30,-0.333153
14.5,60,-0.333153
14.5,90,-0.333153
15.0,0,-0.322493
15.0,30,-0.322493
15.0,60,-0.322493
15.0,90,-0.322493
16.0,0,-0.302316
16.0,30,-0.302316
16.0,60,-0.302316
16.0,90,-0.302316
17.0,0,-0.283623
17.0,30,-0.283623
17.0,60,-0.283623
17.0,90,-0.283623
18.0,0,-0.266346
18.0,30,-0.266346
18.0,60,-0.266346
18.0,90,-0.266346
19.0,0,-0.250422
19.0,30,-0.250422
19.0,60,-0.250422
19.0,90,-0.250422
20.0,0,-0.235732
20.0,30,-0.235732
20.0,60,-0.235732
20.0,90,-0.235732
21.0,0,-0.220663
21.0,30,-0.220663
21.0,60,-0.220663
21.0,90,-0.220663
22.0,0,-0.208163
22.0,30,-0.208163
22.0,60,-0.208163
22.0,90,-0.208163
23.0,0,-0.197016
23.0,30,-0.197016
23.0,60,-0.197016
23.0,90,-0.197016
24.0,0,-0.186617
24.0,30,-0.186617
24.0,60,-0.186617
24.0,90,-0.186617
25.0,0,-0.176937
25.0,30,-0.176937
25.0,60,-0.176937
25.0,90,-0.176937
50.0,0,-0.057016
50.0,30,-0.057016
50.0,60,-0.057016
50.0,90,-0.057016
100.0,0,0.002613
100.0,30,0.002613
100.0,60,0.002613
100.0,90,0.002613
