T	2->0	4->0	6->0	8->0	10->0	4->2	6->2	8->2	10->2	6->4	8->4	10->4	8->6	10->6	10->8	
1.000000000000000000e+00 8.513516935837589624e-12 6.788362399846674054e-13 3.112108330990190466e-13 5.861427913328907678e-15 9.429982243896370811e-15 9.758356801495991886e-12 3.190458794045197687e-12 1.940630735029540891e-13 7.447631118043896013e-14 1.005926460834231269e-11 1.860388917436921555e-13 1.877982438904081670e-13 8.215644892002449605e-13 2.047464227611652095e-13 6.172196466495944620e-13
2.000000000000000000e+00 7.106758400301083027e-12 8.228997155309725207e-13 3.808399440088643034e-13 1.407619918353529867e-14 8.085748973778330047e-15 8.452643033517173773e-12 3.285414830549505647e-12 3.242250594568007594e-13 9.394201268419353304e-14 9.529895958716006658e-12 3.825589274383221283e-13 2.561625530068916449e-13 1.273852295498523480e-12 2.744124534200769344e-13 8.674935014902165355e-13
3.000000000000000000e+00 6.747572228377881865e-12 9.628981413199352168e-13 4.897255778424099263e-13 1.852029734748236432e-14 7.760310587324454356e-15 8.190504458792319251e-12 3.398855138646637058e-12 3.408889406921982454e-13 9.196188204620593932e-14 9.422276795161766359e-12 5.041529572873310550e-13 2.942781894162618319e-13 1.404442850317884187e-12 3.169674093601075989e-13 9.759355725460496137e-13
4.000000000000000000e+00 6.714991500759373920e-12 1.065006469773181527e-12 5.662074416094337907e-13 2.112952358908317598e-14 8.886247269288995804e-15 8.262638410865263224e-12 3.539670820299493333e-12 3.367937230433574253e-13 9.137711860053943485e-14 9.461174369960974707e-12 5.718118263241300727e-13 3.149190161896848843e-13 1.419810747601981204e-12 3.466251399778263188e-13 1.036460607889057934e-12
5.000000000000000000e+00 6.770357235768658736e-12 1.142509871755813263e-12 6.173515569877994454e-13 2.333881977389194714e-14 1.063399925151294270e-14 8.462711750005157555e-12 3.675044507967392586e-12 3.290339673914116639e-13 9.329368244478310876e-14 9.562345803445374406e-12 6.093258503062100218e-13 3.273288033976105333e-13 1.400997449857223426e-12 3.708794646904537021e-13 1.072251953349426476e-12
6.000000000000000000e+00 6.836267029706579541e-12 1.206522651702154238e-12 6.505738675364772056e-13 2.553785233834365656e-14 1.254840514666875163e-14 8.712092730240509316e-12 3.785862978906982733e-12 3.216524948572692725e-13 9.674518295049806374e-14 9.665183175665012454e-12 6.306189224944098230e-13 3.363119226147839185e-13 1.377040289966064232e-12 3.929716209335379719e-13 1.095205876356873853e-12
7.000000000000000000e+00 6.890063400298625298e-12 1.262900745936503745e-12 6.704342350374588043e-13 2.775774657019470674e-14 1.445505481481628099e-14 8.978549096816393698e-12 3.863839725189143314e-12 3.157986094790839308e-13 1.010063225954379759e-13 9.733427572509827969e-12 6.433307211489358144e-13 3.441105976498289515e-13 1.357477589550496938e-12 4.142402303226929630e-13 1.112102846268562313e-12
8.000000000000000000e+00 6.928162492251739895e-12 1.314468946029556437e-12 6.801456103119996176e-13 2.995527675641047234e-14 1.629839992828885967e-14 9.248766218161429509e-12 3.908180020785872256e-12 3.117356491372903601e-13 1.056716234592809506e-13 9.752456597056923575e-12 6.516626600662663080e-13 3.517181805771396646e-13 1.344805348275157921e-12 4.352716312864425009e-13 1.126750199387892137e-12
9.000000000000000000e+00 6.953084745433295388e-12 1.362563860381529473e-12 6.822219282909987481e-13 3.209158679909697858e-14 1.806597451257737854e-14 9.517089736765289579e-12 3.922241000376312883e-12 3.094251029398135527e-13 1.105357430887788272e-13 9.721321439446118937e-12 6.579414450929059614e-13 3.595427032712970656e-13 1.339051329815956590e-12 4.563396557733874125e-13 1.141229545270525496e-12
1.000000000000000000e+01 6.968655279369493146e-12 1.407789139184697619e-12 6.786762185958965450e-13 3.414521593678912612e-14 1.975967799915430681e-14 9.780691405732798661e-12 3.911080517506755242e-12 3.087286137992838447e-13 1.155032329969808765e-13 9.645870428714824729e-12 6.634599955845953974e-13 3.677216910689323845e-13 1.339454282863100301e-12 4.775688490315537573e-13 1.156631593120213642e-12
1.100000000000000000e+01 6.978344382672578023e-12 1.450369420213035194e-12 6.711017773502996701e-13 3.610871578888204794e-14 2.138575731617073775e-14 1.003757800096524968e-11 3.880011259846987080e-12 3.094796519216986986e-13 1.205350255770491674e-13 9.534422012738954657e-12 6.689342226411446109e-13 3.762701010107538497e-13 1.345078831162921562e-12 4.990021558128814207e-13 1.173479759457451617e-12
1.200000000000000000e+01 6.984816647893569024e-12 1.490331037753676629e-12 6.607356604819863578e-13 3.798324496752456768e-14 2.295143674366694681e-14 1.028589941232968166e-11 3.833889763231945587e-12 3.115084332802606970e-13 1.256189743376066376e-13 9.395470736717997032e-12 6.747536894735752275e-13 3.851502854427559683e-13 1.355033059161118258e-12 5.206358959493827188e-13 1.191973404085073827e-12
1.300000000000000000e+01 6.989922113106352242e-12 1.527606248440389170e-12 6.485209314441988036e-13 3.977447337683345848e-14 2.446377792593980282e-14 1.052382069824691982e-11 3.776845434686058176e-12 3.146506766389223848e-13 1.307544355906950712e-13 9.236649369198483824e-12 6.811206831942410962e-13 3.943053328078436202e-13 1.368535947721573642e-12 5.424413376767914015e-13 1.212128555058240926e-12
1.400000000000000000e+01 6.994827947530113837e-12 1.562097503093830327e-12 6.351651914842549236e-13 4.149002566853750101e-14 2.592928092709400187e-14 1.074959890648902787e-11 3.712240231819703557e-12 3.187511858605937690e-13 1.359446172575905453e-13 9.064373452385073565e-12 6.881284913402839917e-13 4.036749208306541333e-13 1.384928298946320195e-12 5.643786277319205620e-13 1.233860272734118156e-12
1.500000000000000000e+01 7.000176404182402193e-12 1.593716423747119200e-12 6.211918714484424580e-13 4.313803266822982975e-14 2.735375052123052353e-14 1.096169860866957664e-11 3.642733885570557592e-12 3.236658282111779301e-13 1.411930439456252536e-13 8.883820912879841627e-12 6.958062942613447601e-13 4.132026405230934144e-13 1.403663389252735371e-12 5.864053558280475839e-13 1.257031364823793007e-12
1.600000000000000000e+01 7.006228963909370292e-12 1.622405218730307828e-12 6.069828383451596000e-13 4.472636663008593071e-14 2.874227392358078482e-14 1.115888046595278079e-11 3.570387241961314741e-12 3.292628435424789215e-13 1.465021105792143852e-13 8.699056277321794362e-12 7.041454978718804807e-13 4.228390699647379145e-13 1.424291564994179441e-12 6.084812781320898819e-13 1.281481359325056330e-12
1.700000000000000000e+01 7.012985282621243606e-12 1.648145957359533634e-12 5.928125205563296268e-13 4.626226927365987282e-14 3.009925223329735944e-14 1.134024621120598347e-11 3.496770494231920691e-12 3.354236282045818257e-13 1.518726415918476889e-13 8.513202255777641909e-12 7.131155590012838544e-13 4.325426966144158266e-13 1.446444313026344868e-12 6.305704647931904014e-13 1.307043678146395882e-12
1.800000000000000000e+01 7.020276230787546762e-12 1.670961911519106646e-12 5.788745825866042713e-13 4.775219721051458865e-14 3.142845747334629744e-14 1.150524445766385635e-11 3.423061737617251186e-12 3.420429945313031746e-13 1.573038991898937461e-13 8.328612693697430542e-12 7.226737170118233416e-13 4.422797514745681539e-13 1.469819832150994562e-12 6.526418774810875607e-13 1.333555638730257415e-12
1.900000000000000000e+01 7.027833978764494754e-12 1.690914163655172964e-12 5.653024391601283845e-13 4.920178525057807096e-14 3.273309897945132232e-14 1.165364845125950127e-11 3.350130825741453576e-12 3.490289426263689674e-13 1.627937671382496186e-13 8.147027604158584795e-12 7.327710883708551213e-13 4.520235135371688066e-13 1.494170694713986997e-12 6.746691026411866633e-13 1.360864039988629850e-12
2.000000000000000000e+01 7.035343045432373213e-12 1.708095775700115640e-12 5.521848590701023106e-13 5.061587248487593799e-14 3.401588976673470579e-14 1.178551706399352344e-11 3.278608054405193556e-12 3.563020327017525810e-13 1.683389832873558555e-13 7.969704230798641788e-12 7.433565224612074982e-13 4.617533877704491480e-13 1.519293604994345428e-12 6.966297144860699070e-13 1.388828011322498214e-12
2.100000000000000000e+01 7.042476164960919578e-12 1.722625055790974007e-12 5.395777449953969700e-13 5.199856062145678914e-14 3.527910812872074235e-14 1.190114808410021310e-11 3.208939133778243171e-12 3.637944715584544428e-13 1.739353671996594545e-13 7.797524224359152821e-12 7.543790378958223943e-13 4.714539249218159017e-13 1.545021040496478942e-12 7.185045470885954799e-13 1.417320167883128006e-12
2.200000000000000000e+01 7.048918392464145617e-12 1.734638875884788133e-12 5.275129792349082030e-13 5.335328737441846764e-14 3.652465269068419987e-14 1.200103015329323613e-11 3.141428545755134719e-12 3.714490261317637108e-13 1.795780238145089941e-13 7.631079531178920392e-12 7.657893358970289181e-13 4.811138762423888002e-13 1.571214497651490554e-12 7.402770204225530873e-13 1.446226730648168871e-12
2.300000000000000000e+01 7.054382328022471718e-12 1.744286574871575236e-12 5.160050398721390252e-13 5.468290497976036719e-14 3.775409081113184852e-14 1.208579733364217961e-11 3.076273413166121245e-12 3.792178606955946557e-13 1.852615192080240299e-13 7.470740343034162147e-12 7.775407026348766441e-13 4.907253323125556041e-13 1.597759065228849165e-12 7.619325807078203088e-13 1.475447031433571534e-12
2.400000000000000000e+01 7.058616800867281745e-12 1.751724700233133887e-12 5.050559333760680826e-13 5.598975801070628377e-14 3.896870099418963293e-14 1.215618848843896355e-11 3.013589785825915853e-12 3.870613718701395596e-13 1.909800302627905876e-13 7.316708402985454891e-12 7.895895031244472541e-13 5.002829685849080602e-13 1.624559076929363607e-12 7.834582672851943876e-13 1.504892671957438252e-12
2.500000000000000000e+01 7.061410868345140120e-12 1.757112663382466705e-12 4.946588611589071627e-13 5.727575708842672282e-14 4.016951019982106799e-14 1.221301241530141442e-11 2.953432948428708584e-12 3.949470731591666741e-13 1.967274716347376469e-13 7.169058583292671165e-12 8.018954020450974522e-13 5.097834040099408014e-13 1.651534630985046516e-12 8.048423941025724076e-13 1.534486508877576031e-12
2.600000000000000000e+01 7.062594565293312903e-12 1.760609279315727698e-12 4.848009366413775881e-13 5.854244659070614920e-14 4.135732688621888242e-14 1.225711887074683917e-11 2.895813056642708342e-12 4.028485614654502699e-13 2.024976033256498890e-13 7.027771181779009192e-12 8.144214038046783952e-13 5.192246693444926989e-13 1.678618800949770844e-12 8.260743243048602189e-13 1.564161573496447747e-12
2.700000000000000000e+01 7.062037491822124350e-12 1.762370105974976131e-12 4.754651915271160302e-13 5.979106543420718684e-14 4.253277046043924979e-14 1.228937515511880034e-11 2.840707142720766474e-12 4.107445829582449877e-13 2.082841216014600992e-13 6.892756927361848689e-12 8.271337756020147077e-13 5.286057762102450976e-13 1.705755394774167698e-12 8.471443149004190966e-13 1.593859993489204284e-12
2.800000000000000000e+01 7.059646046947465499e-12 1.762545474929850005e-12 4.666320506805588846e-13 6.102260064510014382e-14 4.369629764282923713e-14 1.231064768228865080e-11 2.788068309926696538e-12 4.186182047155502894e-13 2.140807354143194741e-13 6.763876285174338017e-12 8.400018977105872593e-13 5.379263752340853870e-13 1.732897147538354914e-12 8.680434109074536184e-13 1.623531956992258656e-12
2.900000000000000000e+01 7.055359894250699208e-12 1.761279100186176454e-12 4.582804101614826359e-13 6.223783384915417579e-14 4.484822610953745472e-14 1.232178786066588544e-11 2.737832755106688197e-12 4.264560911338498144e-13 2.198812300422247191e-13 6.640954317559060412e-12 8.529980715747647377e-13 5.471864906932235260e-13 1.760004256766903273e-12 8.887633723306076576e-13 1.653134741823138861e-12
3.000000000000000000e+01 7.049148074711159080e-12 1.758707157796030715e-12 4.503884192248807934e-13 6.343738107393744971e-14 4.598875567681384588e-14 1.232362160370721274e-11 2.689925115730095495e-12 4.342478794314229571e-13 2.256795193669589289e-13 6.523792086351255354e-12 8.660973066782973747e-13 5.563863193286928207e-13 1.787043188459113546e-12 9.092966214572048673e-13 1.682631821295151653e-12
3.100000000000000000e+01 7.041005052070471923e-12 1.754957740134217985e-12 4.429340417721840677e-13 6.462172640807472821e-14 4.711798722749325561e-14 1.231694183035960416e-11 2.644262525502008287e-12 4.419856459439223210e-13 2.314696880341462195e-13 6.412175366166179581e-12 8.792771003075131851e-13 5.655260819065144045e-13 1.813985697406828735e-12 9.296362016551656790e-13 1.711992050923597470e-12
3.200000000000000000e+01 7.030946879335118142e-12 1.750150601934555847e-12 4.358954537663281045e-13 6.579125013802800737e-14 4.823593954504824940e-14 1.230250338325452304e-11 2.600757675276098376e-12 4.496634537114556543e-13 2.372460246351964380e-13 6.305881268505238055e-12 8.925172194855108128e-13 5.746059173681419560e-13 1.840808017648487417e-12 9.497757418590196659e-13 1.741188935877869706e-12
3.300000000000000000e+01 7.019007604187044701e-12 1.744397128528636449e-12 4.292513189166437916e-13 6.694625200548233162e-14 4.934256420429878083e-14 1.228101986908772823e-11 2.559321108300417641e-12 4.572769716062707235e-13 2.430030469842133534e-13 6.204683243572901991e-12 9.057994909418529335e-13 5.836258108010112238e-13 1.867490188590833790e-12 9.697094232184910438e-13 1.770199976369144923e-12
3.400000000000000000e+01 7.005235980209269110e-12 1.737800469165092999e-12 4.229809743036753198e-13 6.808697021582395617e-14 5.043775866223719732e-14 1.225316200206638705e-11 2.519862926530943899e-12 4.648231555939778559e-13 2.487355205092626573e-13 6.108354823117102541e-12 9.191076026070878379e-13 5.925855478358233500e-13 1.894015489918909424e-12 9.894319460302906393e-13 1.799006086646186018e-12
3.500000000000000000e+01 6.989692515120335831e-12 1.730455789322962153e-12 4.170645496494099111e-13 6.921359679336011219e-14 5.152137769161589700e-14 1.221955710243648193e-11 2.482294044407465638e-12 4.722999834063611104e-13 2.544384707227524020e-13 6.016672387064285252e-12 9.324269184936436164e-13 6.014846893566399616e-13 1.920369964334124580e-12 1.008938496191388721e-12 1.827591082485185742e-12
3.600000000000000000e+01 6.972446862817603880e-12 1.722450605411892710e-12 4.114830379714558574e-13 7.032628983120634737e-14 5.259324330017732296e-14 1.218078946547594051e-11 2.446527095388994382e-12 4.797062347575175471e-13 2.601071906737365924e-13 5.929417174148494681e-12 9.457443077320510105e-13 6.103225615500327796e-13 1.946542011758906205e-12 1.028224711119669342e-12 1.855941231731031345e-12
3.700000000000000000e+01 6.953575549967707037e-12 1.713865173204112623e-12 4.062183308868286904e-13 7.142518312973373673e-14 5.365315327755119032e-14 1.213740137115296184e-11 2.412477072572812333e-12 4.870413101440689140e-13 2.657372442144307744e-13 5.846376708123324063e-12 9.590479878181089929e-13 6.190982573042545756e-13 1.972522042208079932e-12 1.047286645492553860e-12 1.884044862400524763e-12
3.800000000000000000e+01 6.933160017859112067e-12 1.704772907894569431e-12 4.012532284761558680e-13 7.251039366162182880e-14 5.470088850895736172e-14 1.208989455105522487e-11 2.380061766232163866e-12 4.943050821639418109e-13 2.713244658356719585e-13 5.767345773360402860e-12 9.723273816784654822e-13 6.278106457995559471e-13 1.998302177278774061e-12 1.066120737345409846e-12 1.911892022980898374e-12
3.900000000000000000e+01 6.911284954509516918e-12 1.695240819004800732e-12 3.965714311014413748e-13 7.358202724685587808e-14 5.573621918974349245e-14 1.203873196784737921e-11 2.349202046837373578e-12 5.014977741256824737e-13 2.768649577443209891e-13 5.692127044239585516e-12 9.855729878962258929e-13 6.364583878171604282e-13 2.023875992332308522e-12 1.084723775120006423e-12 1.939474189778545746e-12
4.000000000000000000e+01 6.888036889300635294e-12 1.685329947611538216e-12 3.921575186803389106e-13 7.464018276928292051e-14 5.675891006771020021e-14 1.198433979429342928e-11 2.319822031101310918e-12 5.086198614804001619e-13 2.823550847728510143e-13 5.620531449835506282e-12 9.987762632952325532e-13 6.450399548529675962e-13 2.049238293075238608e-12 1.103092866212520011e-12 1.966784016449913966e-12
4.100000000000000000e+01 6.863503021734773715e-12 1.675095796763795804e-12 3.879969215003761437e-13 7.568495521865270128e-14 5.776872483158790167e-14 1.192710950473122084e-11 2.291849160065608361e-12 5.156719922830600118e-13 2.877914676304545287e-13 5.552378337542506567e-12 1.011929517019353412e-12 6.535536505705289087e-13 2.074384921503633070e-12 1.121225407479680351e-12 1.993815121151912668e-12
4.200000000000000000e+01 6.837770256571750035e-12 1.664588748607157261e-12 3.840758855904897189e-13 7.671643779892765823e-14 5.876542975445668163e-14 1.186740001272090863e-11 2.265214211645428528e-12 5.226549234788746454e-13 2.931709749282352250e-13 5.487495485327293005e-12 1.025025815232107216e-12 6.619976334838723828e-13 2.099312587141656864e-12 1.139119058047889539e-12 2.020561907066925386e-12
4.300000000000000000e+01 6.810924419107230699e-12 1.653854463796274432e-12 3.803814348667712545e-13 7.773472330519454700e-14 5.974879669083409568e-14 1.180553980524356867e-11 2.239851264937828811e-12 5.295694703185901389e-13 2.984907143400944542e-13 5.425719001385136409e-12 1.038058895582126993e-12 6.703699400406464414e-13 2.124018720250133580e-12 1.156771714651840395e-12 2.047019412377426979e-12
4.400000000000000000e+01 6.783049626337982459e-12 1.642934260361362275e-12 3.769013316686436615e-13 7.873990493765740703e-14 6.071860551602078759e-14 1.174182903703498163e-11 2.215697629633503680e-12 5.364164666406011174e-13 3.037480231967974223e-13 5.366893141427419781e-12 1.051023090617852406e-12 6.786685074942797934e-13 2.148501344255359040e-12 1.174181489617830766e-12 2.073183186081311417e-12
4.500000000000000000e+01 6.754227791977246659e-12 1.631865470397762362e-12 3.736240368513828982e-13 7.973207669169444313e-14 6.167464608642129025e-14 1.167654155903536081e-11 2.192693750793984905e-12 5.431967341262338932e-13 3.089404587539086875e-13 5.310870067124901710e-12 1.063913259381691177e-12 6.868911961227196212e-13 2.172758965093468028e-12 1.191346691509149421e-12 2.099049186347161816e-12
4.600000000000000000e+01 6.724538245566759980e-12 1.620681773848857545e-12 3.705386702638659746e-13 8.071133343749730776e-14 6.261671979018950452e-14 1.160992686305330002e-11 2.170783096865925283e-12 5.499110589454356083e-13 3.140657883248892913e-13 5.257509563968461703e-12 1.076724726464148036e-12 6.950358104811893190e-13 2.196790475512342509e-12 1.208265808369737625e-12 2.124613698406209042e-12
4.700000000000000000e+01 6.694057448169564411e-12 1.609413509316246560e-12 3.676349721887213861e-13 8.167777078101356577e-14 6.354464074884646974e-14 1.154221193102538336e-11 2.149912036946583898e-12 5.565601744714869259e-13 3.191219794283941440e-13 5.206678732673851736e-12 1.089453227848876684e-12 7.031001194757077767e-13 2.220595072645356103e-12 1.224937493438607491e-12 2.149873269262742196e-12
4.800000000000000000e+01 6.662858789251008729e-12 1.598087962309462040e-12 3.649032661346870518e-13 8.263148477940361933e-14 6.445823672257395785e-14 1.147360298206972367e-11 2.130029711870965291e-12 5.631447489624221587e-13 3.241071900632357291e-13 5.158251665005706889e-12 1.102094862928327472e-12 7.110818751196650317e-13 2.244172187387355378e-12 1.241360553160504234e-12 2.174824656775714354e-12
4.900000000000000000e+01 6.631012451323617657e-12 1.586729631682366089e-12 3.623344232320718465e-13 8.357257156862717377e-14 6.535734976473701127e-14 1.140428711418119938e-11 2.111087902569046928e-12 5.696653772900675911e-13 3.290197591949769513e-13 5.112109112338541864e-12 1.114646052115788302e-12 7.189788298929069729e-13 2.267521424277255009e-12 1.257533937286414782e-12 2.199464790920232231e-12
5.000000000000000000e+01 6.598585330725557786e-12 1.575360475228165671e-12 3.599198283798472552e-13 8.450112694774210368e-14 6.624183666483620744e-14 1.133443384014304602e-11 2.093040898269975023e-12 5.761225759507098638e-13 3.338581975140261768e-13 5.068138153261136536e-12 1.127103499522820704e-12 7.267887526658635289e-13 2.290642510733880795e-12 1.273456730838808678e-12 2.223790745277785612e-12
5.100000000000000000e+01 6.565641004515635967e-12 1.564000135546038924e-12 3.576513482180254329e-13 8.541724595369094377e-14 6.711156921349759841e-14 1.126419651922991765e-11 2.075845366453648712e-12 5.825167807191883314e-13 3.386211785057318879e-13 5.026231864949271237e-12 1.139464160211333874e-12 7.345094431834616048e-13 2.313535254610195763e-12 1.289128147708630866e-12 2.247799717027918021e-12
5.200000000000000000e+01 6.532239734903458946e-12 1.552666147370462794e-12 3.555213009447988162e-13 8.632102245147286856e-14 6.796643431823224268e-14 1.119371368770988181e-11 2.059460225925837976e-12 5.888483464149023069e-13 3.433075298576442120e-13 4.986289001789855247e-12 1.151725211567009784e-12 7.421387451275323771e-13 2.336199509131665820e-12 1.304547525651975353e-12 2.271489013921360727e-12
5.300000000000000000e+01 6.498438503900048614e-12 1.541374127585770919e-12 3.535224279592822911e-13 8.721254875737356350e-14 6.880633399447410160e-14 1.112311029214414780e-11 2.043846523987606089e-12 5.951175483372840609e-13 3.479162252172086600e-13 4.948213683765638683e-12 1.163884028375721844e-12 7.496745577940285189e-13 2.358635144371695255e-12 1.319714322462062570e-12 2.294856046905450200e-12
5.400000000000000000e+01 6.464291071983712482e-12 1.530137949145818493e-12 3.516478672837020057e-13 8.809191530710718150e-14 6.963118525277139005e-14 1.105249883013367568e-11 2.028967318357185593e-12 6.013245850027365095e-13 3.524463763040939124e-13 4.911915096348037516e-12 1.175938161217220267e-12 7.571148464341554082e-13 2.380842024493845173e-12 1.334628113104736135e-12 2.317898327247134979e-12
5.500000000000000000e+01 6.429848055542010136e-12 1.518969900091742410e-12 3.498911287005867241e-13 8.895921037609953142e-14 7.044091989989373966e-14 1.098198040355213958e-11 2.014787564262453241e-12 6.074695818772554369e-13 3.568972253746302584e-13 4.877307203051817383e-12 1.187885317820914638e-12 7.644576513175680679e-13 2.402819990059472962e-12 1.349288587621791835e-12 2.340613467157452999e-12
5.600000000000000000e+01 6.395157018687348016e-12 1.507880828817133286e-12 3.482460705287009084e-13 8.981451985551790839e-14 7.123548426896520544e-14 1.091164568949788331e-11 2.001274006938902211e-12 6.135525958510879593e-13 3.612681380309998899e-13 4.844308471344857210e-12 1.199723347057296263e-12 7.717010955820073077e-13 2.424568844761921766e-12 1.363695549624650430e-12 2.362999183064550789e-12
5.700000000000000000e+01 6.360262575764913536e-12 1.496880276675214352e-12 3.467068779544267740e-13 9.065792708486215015e-14 7.201483889147531380e-14 1.084157583424308171e-11 1.988395079629074236e-12 6.195736202454351345e-13 3.655585963644851762e-13 4.812841612250980710e-12 1.211450225265505975e-12 7.788433919377372273e-13 2.446088346005842885e-12 1.377848915220211120e-12 2.385053300810941242e-12
5.800000000000000000e+01 6.325206501490971510e-12 1.485976598961193782e-12 3.452680428318009278e-13 9.148951273983575858e-14 7.277895812210881922e-14 1.077184327539660619e-11 1.976120807075202049e-12 6.255325901778820626e-13 3.697681924199347381e-13 4.782833333712507629e-12 1.223064044642967677e-12 7.858828482974518782e-13 2.467378198803304020e-12 1.391748712230313943e-12 2.406773762165370307e-12
5.900000000000000000e+01 6.290027846188926057e-12 1.475177075237991847e-12 3.439243448634530056e-13 9.230935477268389508e-14 7.352782972571277561e-14 1.070251249735669309e-11 1.964422714419671505e-12 6.314293881440271701e-13 3.738966219673572306e-13 4.754214107573940478e-12 1.234563003446900243e-12 7.928178724032760222e-13 2.488438052507736899e-12 1.405395079585490502e-12 2.428158632141423468e-12
6.000000000000000000e+01 6.254763054041855738e-12 1.464488009907462698e-12 3.426708340755832566e-13 9.311752840111730648e-14 7.426145443434889133e-14 1.063364072493618464e-11 1.953273741371853070e-12 6.372638496986918422e-13 3.779436785660039986e-13 4.726917949895553751e-12 1.245945397780019223e-12 7.996469755224220123e-13 2.509267499952765524e-12 1.418788266792098696e-12 2.449206106704675288e-12
6.100000000000000000e+01 6.219446082663347612e-12 1.453914823863701195e-12 3.415028145022782343e-13 9.391410614124215597e-14 7.497984548121701259e-14 1.056527855981325110e-11 1.942648161460271287e-12 6.430357691419017916e-13 3.819092479062447720e-13 4.700882214194460626e-12 1.257209614753839806e-12 8.063687752821715077e-13 2.529866078605893305e-12 1.431928633389208371e-12 2.469914520528718124e-12
6.200000000000000000e+01 6.184108522612766392e-12 1.443462138001308017e-12 3.404158289975241783e-13 9.469915787951436135e-14 7.568302811725276018e-14 1.049747056420940672e-11 1.932521506162202725e-12 6.487449051332036088e-13 3.857933024148498975e-13 4.676047397132272017e-12 1.268354126842799371e-12 8.129819977133515665e-13 2.550233273387115745e-12 1.444816648327507022e-12 2.490282354528768527e-12
6.300000000000000000e+01 6.148779715754629982e-12 1.433133849290338381e-12 3.394056450968964893e-13 9.547275097856484364e-14 7.637103911536663135e-14 1.043025579593393274e-11 1.922870493685804592e-12 6.543909861733542294e-13 3.895958961098499869e-13 4.652356956115737277e-12 1.279377487260919873e-12 8.194854785694613387e-13 2.570368520839800969e-12 1.457452889216925509e-12 2.510308242960649198e-12
6.400000000000000000e+01 6.113486871591701895e-12 1.422933200071659272e-12 3.384682418548779890e-13 9.623495041174951115e-14 7.704392626658209354e-14 1.036366829866800155e-11 1.913672962170431087e-12 6.599737159054740934e-13 3.933171596918482017e-13 4.629757138244112189e-12 1.290278326209994462e-12 8.258781639862376343e-13 2.590271214375833504e-12 1.469838041402559778e-12 2.529990979923663717e-12
6.500000000000000000e+01 6.078255180894022982e-12 1.412862841171879904e-12 3.375997975879117797e-13 9.698581892141655484e-14 7.770174787172448985e-14 1.029773755109826190e-11 1.904907807067108996e-12 6.654927781987185472e-13 3.969572958594604680e-13 4.608196820020095113e-12 1.301055347864301097e-12 8.321591105437759650e-13 2.609940710349172172e-12 1.481972896839812059e-12 2.549329525149124480e-12
6.600000000000000000e+01 6.043107926106850963e-12 1.402924889386033833e-12 3.367966784575015037e-13 9.772541719612403806e-14 7.834457223179354403e-14 1.023248887825284203e-11 1.896554922461857730e-12 6.709478419867680444e-13 4.005165748373916455e-13 4.587627357236265660e-12 1.311707327971714551e-12 8.383274847904686133e-13 2.629376334741575766e-12 1.493858352749561195e-12 2.568323008992791592e-12
6.700000000000000000e+01 6.008066588154029571e-12 1.393120979828833819e-12 3.360554278318482008e-13 9.845380406234525130e-14 7.897247713970800377e-14 1.016794382814543847e-11 1.888595146108484256e-12 6.763385658411837378e-13 4.039953301064937638e-13 4.568002444453353856e-12 1.322233111964798483e-12 8.443825622850110410e-13 2.648577390271574984e-12 1.505495410042615405e-12 2.586970736580117658e-12
6.800000000000000000e+01 5.973150949363760372e-12 1.383452313611496937e-12 3.353727563685894367e-13 9.917103668655071804e-14 7.958554937572487379e-14 1.010412051659724475e-11 1.881010207943751054e-12 6.816646022661566837e-13 4.073939543259519505e-13 4.549277983497963102e-12 1.332631613488041866e-12 8.503237262096266249e-13 2.667543163762721870e-12 1.516885171509854237e-12 2.605272191078508453e-12
6.900000000000000000e+01 5.938379192334764377e-12 1.373919701260775618e-12 3.347455327651539655e-13 9.987717078393253558e-14 8.018388420850507553e-14 1.004103394288342505e-11 1.873782681865864493e-12 6.869256017065976674e-13 4.107128954385153209e-13 4.531411960423799984e-12 1.342901813258977086e-12 8.561504656045224415e-13 2.686272933629989563e-12 1.528028839780396633e-12 2.623227036091614973e-12
7.000000000000000000e+01 5.903767994635142475e-12 1.364523602259730190e-12 3.341707751270099600e-13 1.005722608304233525e-13 8.076758490350511287e-14 9.978696278640943863e-12 1.866895940566366335e-12 6.921212162660031566e-13 4.139526529503954053e-13 4.514364330400583696e-12 1.353042758191428475e-12 8.618623732704473128e-13 2.704765977363897705e-12 1.538927715054993173e-12 2.640835117187462783e-12
7.100000000000000000e+01 5.869332619286805573e-12 1.355264161055806873e-12 3.336456429076753347e-13 1.012563602750490912e-13 8.133676224012419781e-14 9.917117132278306079e-12 1.860334113215389214e-12 6.972511031342390514e-13 4.171137743781022854e-13 4.498096910017481765e-12 1.363053560718733769e-12 8.674591433830875723e-13 2.723021578910695006e-12 1.549583192625685421e-12 2.658096462585513159e-12
7.200000000000000000e+01 5.835087001036938969e-12 1.346141239850671065e-12 3.331674293777492986e-13 1.019295217500315736e-13 8.189153403881158436e-14 9.856303790944836961e-12 1.854082045810557676e-12 7.023149277284232204e-13 4.201968518550772934e-13 4.482573276512110621e-12 1.372933398263422789e-12 8.729405688599775998e-13 2.741039035863789544e-12 1.559996760195782750e-12 2.675011283038153308e-12
7.300000000000000000e+01 5.801043828457045743e-12 1.337154448457914363e-12 3.327335545834079927e-13 1.025917972764186973e-13 8.243202469914531681e-14 9.796261441947503094e-12 1.848125264010293478e-12 7.073123665525448179e-13 4.232025188915030107e-13 4.467758673461434752e-12 1.382681512807680477e-12 8.783065385175905225e-13 2.758817666396772757e-12 1.570169995016445385e-12 2.691579970949892807e-12
7.400000000000000000e+01 5.767214621940573412e-12 1.328303171488855710e-12 3.323415587578048880e-13 1.032432384633609494e-13 8.295836474972046561e-14 9.736993375346046267e-12 1.842449938282702342e-12 7.122431097834342407e-13 4.261314472811395213e-13 4.453619922496314640e-12 1.392297210525903217e-12 8.835570340533760099e-13 2.776356815881831679e-12 1.580104560857736201e-12 2.707803098783210054e-12
7.500000000000000000e+01 5.733609807694107434e-12 1.319586593103119201e-12 3.319890961516023479e-13 1.038838966994707472e-13 8.347069041053135484e-14 9.678501169312269635e-12 1.837042851211536915e-12 7.171068635922384494e-13 4.289843441494379539e-13 4.440125340627002541e-12 1.401779861446942567e-12 8.886921268846876448e-13 2.793655863149309384e-12 1.589802204833012764e-12 2.723681416803831198e-12
7.600000000000000000e+01 5.700238787835123320e-12 1.311003719539247125e-12 3.316739292514714462e-13 1.045138233349950094e-13 8.396914316839846935e-14 9.620784859705674139e-12 1.831891366810712985e-12 7.219033522117658462e-13 4.317619491375560527e-13 4.427244662791914675e-12 1.411128899119205358e-12 8.937119748738710768e-13 2.810714226354778320e-12 1.599264754096091269e-12 2.739215850220560907e-12
7.700000000000000000e+01 5.667110006722649180e-12 1.302553399621134399e-12 3.313939233578123840e-13 1.051330698537972201e-13 8.445386936586791971e-14 9.563843095194700160e-12 1.826983401708536204e-12 7.266323197609334848e-13 4.344650317171949572e-13 4.414948969266406165e-12 1.420343820256706020e-12 8.986168189661884223e-13 2.827531368429137480e-12 1.608494112430722105e-12 2.754407495775827259e-12
7.800000000000000000e+01 5.634231013656717670e-12 1.294234343418362484e-12 3.311470414951977563e-13 1.057416880343874423e-13 8.492501980390586299e-14 9.507673279140076013e-12 1.822307398072052271e-12 7.312935318381910748e-13 4.370943886314629357e-13 4.403210617591894969e-12 1.429424184348529084e-12 9.034069797648293794e-13 2.844106802095425657e-12 1.617492256751738454e-12 2.769257617843191434e-12
7.900000000000000000e+01 5.601608522088770101e-12 1.286045139222469712e-12 3.309313396311232594e-13 1.063397300994552813e-13 8.538274935861450325e-14 9.452271699353204379e-12 1.817852298150787747e-12 7.358867768962076154e-13 4.396508414572074920e-13 4.392003178708310545e-12 1.438369613217975442e-12 9.080828540649412588e-13 2.860440094442931512e-12 1.626261233536798443e-12 2.783767644087259080e-12
8.000000000000000000e+01 5.569248465488764551e-12 1.277984268986575082e-12 3.307449621805711094e-13 1.069272488535496279e-13 8.582721661211037941e-14 9.397633646747737777e-12 1.813607520327480043e-12 7.404118674103186372e-13 4.421352342844521953e-13 4.381301376994419201e-12 1.447179790520975454e-12 9.126449113664182844e-13 2.876530871055210154e-12 1.634803155206929151e-12 2.797939160740011296e-12
8.100000000000000000e+01 5.537156050016445816e-12 1.270050122362567027e-12 3.305861377756767201e-13 1.075042978087205216e-13 8.625858349763181046e-14 9.343753523815580417e-12 1.809562936571378383e-12 7.448686408533218001e-13 4.445484315087681492e-13 4.371081033941113761e-12 1.455854461176253185e-12 9.170936903831602304e-13 2.892378819693717926e-12 1.643120196473290704e-12 2.811773907545630883e-12
8.200000000000000000e+01 5.505335804143963676e-12 1.262241009458019730e-12 3.304531752814278426e-13 1.080709312980814209e-13 8.667701495887476624e-14 9.290624943779325405e-12 1.805708851197089613e-12 7.492569604891379094e-13 4.468913157325606208e-13 4.361319015202155183e-12 1.464393430722194898e-12 9.214297955645847817e-13 2.907983693543059652e-12 1.651214590666597848e-12 2.825273772423592395e-12
8.300000000000000000e+01 5.473791625375634887e-12 1.254555172424120697e-12 3.303444600398385751e-13 1.086272045773778091e-13 8.708267862349707118e-14 9.238240821200278098e-12 1.802035980838978039e-12 7.535767159976915446e-13 4.491647857713845359e-13 4.351993180785121201e-12 1.472796564597487675e-12 9.256538936433916711e-13 2.923345314027435630e-12 1.659088626064592925e-12 2.838440785897122105e-12
8.400000000000000000e+01 5.442526824208059401e-12 1.246990795975969862e-12 3.302584503264373192e-13 1.091731739147540749e-13 8.747574449067902401e-14 9.186593454755087241e-12 1.798535435557669375e-12 7.578278239431263862e-13 4.513697547615388586e-13 4.343082338162468924e-12 1.481063787344398883e-12 9.297667102219136000e-13 2.938463573210791397e-12 1.666744642231868999e-12 2.851277115331402778e-12
8.500000000000000000e+01 5.411544165470429573e-12 1.239546016937647710e-12 3.301936740041895325e-13 1.097088966690004361e-13 8.785638463258340580e-14 9.135674602833173789e-12 1.795198701001322853e-12 7.620102280971384242e-13 4.535071483652868629e-13 4.334566198098792010e-12 1.489195081735069479e-12 9.337690264078648470e-13 2.953338435795573266e-12 1.674185026385213813e-12 2.863785059022959054e-12
8.600000000000000000e+01 5.380845907180906454e-12 1.232218932896265683e-12 3.301487253611578222e-13 1.102344313566353613e-13 8.822477290951677764e-14 9.085475552551963698e-12 1.792017621550054347e-12 7.661238996288381427e-13 4.555779030701562338e-13 4.326425333005279385e-12 1.497190487822430483e-12 9.376616755088534246e-13 2.967969940736835173e-12 1.681412209796492511e-12 2.875967040178668731e-12
8.700000000000000000e+01 5.350433837050474236e-12 1.225007610041831551e-12 3.301222621192859371e-13 1.107498377082395660e-13 8.858108469856036991e-14 9.035987182736156330e-12 1.788984384377190457e-12 7.701688371721462517e-13 4.575829645788661843e-13 4.318641137646518924e-12 1.505050101918391169e-12 9.414455397937419916e-13 2.982358202489862109e-12 1.688428664243954560e-12 2.887825600819918255e-12
8.800000000000000000e+01 5.320309306760915476e-12 1.217910090263001206e-12 3.301130026026921006e-13 1.112551767145042219e-13 8.892549663540872471e-14 8.987200021361299864e-12 1.786091504365984656e-12 7.741450667812591188e-13 4.595232862865110208e-13 4.311195792037794942e-12 1.512774075502743811e-12 9.451215473277237647e-13 2.996503411910547739e-12 1.695236898521746640e-12 2.899363395644437490e-12
8.900000000000000000e+01 5.290473264138552744e-12 1.210924397562691090e-12 3.301197230547692284e-13 1.117505106624920777e-13 8.925818636912802435e-14 8.939104297919505258e-12 1.783331809824983396e-12 7.780526417842629438e-13 4.613998278417118798e-13 4.304072226383156579e-12 1.520362614066894438e-12 9.486906688868899620e-13 3.010405836828420536e-12 1.701839455016308418e-12 2.910583185875493337e-12
9.000000000000000000e+01 5.260926283340371392e-12 1.204048543851966239e-12 3.301412550942350794e-13 1.122359031626377828e-13 8.957933232952730870e-14 8.891689991126944288e-12 1.780698428949494979e-12 7.818916425444867997e-13 4.632135537885300507e-13 4.297254087915901432e-12 1.527815975897002195e-12 9.521539149570662719e-13 3.024065822312653840e-12 1.708238906357311108e-12 2.921487833125338875e-12
9.100000000000000000e+01 5.231668593163885847e-12 1.197280534175545397e-12 3.301764833010412828e-13 1.127114191670289749e-13 8.988911350681393550e-14 8.844946872357284366e-12 1.778184776980541535e-12 7.856621761386819174e-13 4.649654322860056246e-13 4.290725709513425405e-12 1.535134470801475267e-12 9.555123328207818212e-13 3.037483790651569709e-12 1.714437852149786557e-12 2.932080293297139345e-12
9.200000000000000000e+01 5.202700103587051048e-12 1.190618371417686250e-12 3.302243429237620460e-13 1.131771249795224934e-13 9.018770924319504530e-14 8.798864545153364748e-12 1.775784544016288877e-12 7.893643759606272840e-13 4.666564339022626593e-13 4.284472079968206909e-12 1.542318458788013831e-12 9.587670037354170341e-13 3.050660241066075367e-12 1.720438915793163201e-12 2.942363610547030674e-12
9.300000000000000000e+01 5.174020430639419384e-12 1.184060060533004632e-12 3.302838177007276184e-13 1.136330882582507359e-13 9.047529903607043506e-14 8.753432481139840596e-12 1.773491683434328644e-12 7.929984012582572654e-13 4.682875304801919213e-13 4.278478815805516199e-12 1.549368348695525014e-12 9.619190402048257281e-13 3.063595749177245654e-12 1.726244741392025572e-12 2.952340911325588152e-12
9.400000000000000000e+01 5.145628919700742472e-12 1.177603612342997056e-12 3.303539377877672716e-13 1.140793780110744994e-13 9.075206235245848274e-14 8.708640052632938474e-12 1.771300400886288851e-12 7.965644366119281381e-13 4.698596940717998187e-13 4.272732134546819944e-12 1.556284596786313997e-12 9.649695833460670263e-13 3.076290966247946633e-12 1.731857990762603600e-12 2.962015398515638633e-12
9.500000000000000000e+01 5.117524667318344490e-12 1.171247046935532106e-12 3.304337777859689860e-13 1.145160645845286163e-13 9.101817845428618864e-14 8.664476562218730609e-12 1.769205143829091588e-12 8.000626913609474620e-13 4.713738959383767561e-13 4.267218829325388608e-12 1.563067705303907541e-12 9.679198003522748013e-13 3.088746618217820355e-12 1.737281340538205723e-12 2.971390345681282473e-12
9.600000000000000000e+01 5.089706541629923118e-12 1.164988396701439141e-12 3.305224548633627610e-13 1.149432196467990168e-13 9.127382623417378043e-14 8.620931269549116073e-12 1.767200591559844571e-12 8.034933989850368536e-13 4.728311056137155962e-13 4.261926244767734923e-12 1.569718221001855311e-12 9.707708820521695226e-13 3.100963504550436617e-12 1.742517479376101174e-12 2.980469091440959857e-12
9.700000000000000000e+01 5.062173201473748940e-12 1.158825709039414146e-12 3.306191269648940951e-13 1.153609161652540780e-13 9.151918406133950743e-14 8.577993415584124169e-12 1.765281645723752973e-12 8.068568164469290826e-13 4.742322900276839125e-13 4.256842254060952291e-12 1.576236733648667557e-12 9.735240405662282579e-13 3.112942496910694165e-12 1.747569105267710788e-12 2.989255033975525269e-12
9.800000000000000000e+01 5.034923114264027983e-12 1.152757048757859408e-12 3.307229911054760560e-13 1.157692283790385855e-13 9.175442963725319062e-14 8.535652244490424157e-12 1.763443421266736152e-12 8.101532235018806718e-13 4.755784126875224825e-13 4.251955237132065849e-12 1.582623874513961103e-12 9.761805070591295323e-13 3.124684537689876487e-12 1.752438922953352750e-12 2.997751625680668623e-12
9.900000000000000000e+01 5.007954572704690221e-12 1.146780500199825886e-12 3.308332817412862047e-13 1.161682317672173594e-13 9.197973986066401501e-14 8.493897023388734042e-12 1.761681237806417435e-12 8.133829219794352723e-13 4.768704329143109328e-13 4.247254059870903383e-12 1.588880314840620604e-12 9.787415295876915031e-13 3.136190638394911026e-12 1.757129641442222235e-12 3.005962367971284781e-12
1.000000000000000000e+02 4.981265710411150230e-12 1.140894169115088948e-12 3.309492692148409714e-13 1.165580030129393862e-13 9.219529070163577565e-14 8.452717060127298526e-12 1.759990611397158829e-12 8.165462350423960526e-13 4.781093051321350469e-13 4.242728054333295622e-12 1.595006764307658265e-12 9.812083710432403951e-13 3.147461877917716711e-12 1.761643971637851120e-12 3.013890806244160920e-12
