1471087.1152309998869896,-15882859098.0966243743896484
3005628.0169230001047254,-10300416810.6683006286621094
8079459.0310190003365278,-6670422466.3901844024658203
3247069.0472229998558760,-1780888459.7049686908721924
1591571.4950739999767393,-1139454847.0038588047027588
625880.4735139999538660,-462039013.5357528924942017
548436.5171720000216737,-292643653.8822843432426453
646178.8768670000135899,-184719381.9095207452774048
972853.8442450000438839,-116384735.9642650187015533
1790912.7038120001088828,-73739017.4712729007005692
3939571.7105729999020696,-48500148.6795123517513275
8062985.8801939999684691,-18128781.6008303761482239
2949727.9309040000662208,-8944952.9696454145014286
1333583.9784470000304282,-4850037.7305424846708775
664673.5907750000478700,-2687578.7175001776777208
363619.6598779999767430,-1498038.4041928956285119
127768.2782460000016727,-186591.7822123894584365
128571.1939129999955185,-141611.3490400149021298
76103.5067390000040177,-67915.7094492935138987
66200.7740380000032019,-49940.0740185283066239
59555.8033470000009402,-41864.9042285593386623
29797.9139130000003206,-13704.8870963966019190
20904.4161810000005062,-7511.2387765084677085
14607.1809300000004441,-4052.0695176640565478
10131.7426610000002256,-2121.4459973903867649
6985.1400430000003325,-1077.0324176245412673
4788.3858090000003358,-530.2921137069033648
3260.6912219999999252,-252.2912854897308534
2202.2928969999998117,-115.1954765672212488
1472.4291220000000067,-49.9585700369675578
971.9618159999999989,-20.2168685438919056
631.1387300000000096,-7.3816930740142652
400.9576880000000187,-2.2780612700847200
247.0232739999999865,-0.5149235711414235
145.2512729999999976,-0.0537065770292600
78.8706399999999945,0.0024454132922926
36.3041509999999974,-0.0066793361455950
9.6354819999999997,-0.0022390326307473
-6.5224330000000004,0.0096489571208194
-15.8161900000000006,0.0105254171369644
-20.7051370000000006,-0.0012854003161955
-22.8337819999999994,-0.0144246614016232
-23.2843260000000001,-0.0175124781306302
-21.6741560000000000,0.0072688213863827
-18.8553169999999994,0.0286499466261922
-15.9528490000000005,0.0166418155753671
-13.3649830000000005,-0.0155473189241437
-11.2059909999999991,-0.0377934263535717
-9.4738939999999996,-0.0275670121685643
-8.1015870000000003,0.0054373054524355
-6.9990819999999996,0.0329236691848704
-6.0931930000000003,0.0375617703308668
-5.3400309999999998,0.0225107656638013
-4.7157910000000003,0.0020024997326713
-4.2001010000000001,-0.0144403747488155
-3.7742870000000002,-0.0224908459852879
-3.4185360000000000,-0.0245417275001043
-3.1165980000000002,-0.0237825541910355
-2.5356589999999999,-0.0129382415515966
-2.1284209999999999,0.0054408145824110
-1.8348439999999999,0.0239342719040041
-1.6148309999999999,0.0351821824184040
-1.4423530000000000,0.0361106523995263
-1.3043210000000001,0.0304748179166161
-1.1902219999999999,0.0200653006687610
-1.0939620000000001,0.0075636005206865
-1.0128250000000001,-0.0036519276070794
-0.9419580000000000,-0.0142983700465003
-0.8802510000000000,-0.0227270083458344
-0.8260340000000000,-0.0287875317631242
-0.7342340000000001,-0.0352614772767224
-0.6593830000000001,-0.0353890573161092
-0.5975580000000000,-0.0305399188113127
-0.5443000000000000,-0.0238196100926287
-0.4991840000000000,-0.0147953946662211
-0.4604530000000000,-0.0045865662368170
-0.4264290000000000,0.0056542008311669
-0.3965390000000000,0.0158100477637555
-0.3699490000000000,0.0254526080353150
-0.3464010000000000,0.0346882931469931
-0.1079450000000000,0.0823580920825119
-0.0192280000000000,0.0190555967705815
984655.3131249999860302,-12929452028.3088245391845703
1528903.8498980000149459,-8391324914.2695684432983398
2174465.5441840002313256,-5435343976.8754463195800781
2427157.2971149999648333,-3513011148.9218969345092773
1979137.1436189999803901,-2264788755.2817492485046387
1326336.7777009999845177,-1456006580.5407879352569580
851701.8120300000300631,-933321057.0530865192413330
569549.8032810000004247,-596412473.2581017017364502
426987.1306050000130199,-379851285.9944137930870056
368077.2923479999881238,-241059302.8002216219902039
360844.3423160000238568,-152400828.9306330680847168
393108.1763340000179596,-95982008.0604942142963409
458804.7863329999963753,-60239325.4975438937544823
538208.0537509999703616,-37701553.5751699507236481
589806.0630279999459162,-23535834.8474983535706997
573305.9528400000417605,-14630065.5914943106472492
488698.7213120000087656,-9021188.8290081210434437
375137.5112489999737591,-5498315.4311066651716828
271863.5384029999841005,-3307799.4409572230651975
196152.9126279999909457,-1966192.2910523610189557
147968.5669150000030641,-1158782.7945325267501175
120216.6030080000055023,-681812.0046197208575904
104402.4709600000060163,-404641.8197661846061237
91471.0483760000061011,-242900.7132641421048902
75987.0884800000058021,-145097.8594608467537910
61506.1681559999997262,-86901.4665700068580918
48296.9643330000035348,-51891.3633763111138251
36593.7718850000019302,-30457.0477987589329132
26979.1039979999986826,-17477.2365081571697374
19552.4520120000015595,-9823.1260891268302657
14012.7420750000001135,-5423.5011675548248604
9922.7428309999995690,-2914.0474092765052774
6961.8030580000004193,-1522.7625369365796359
4845.9080739999999423,-773.9580400354575431
3345.6106880000002093,-381.5312684614209502
2288.6244919999999183,-181.4261024903948964
1548.8121269999999186,-82.5146765433166820
1034.6499859999998989,-35.3963694034401897
680.1158309999999574,-13.9633368057494636
437.8540790000000129,-4.8379254573771391
274.0103260000000205,-1.3442292132032776
164.4848039999999969,-0.2371394253908079
92.2388669999999991,-0.0013200713774211
45.3465320000000034,0.0053617026190977
15.5536370000000002,-0.0064851621563182
-2.8137660000000002,-0.0012358250652675
-13.6338539999999995,0.0057201675699474
-19.5481650000000009,0.0041584062112214
-22.3420710000000007,-0.0028228150940031
-23.2053109999999982,-0.0077614211008630
-22.9158280000000012,-0.0064491986379913
-20.6871730000000014,0.0097972440823746
-17.7857060000000011,0.0176321897960143
-14.9976939999999992,0.0035872623178772
-12.5806410000000000,-0.0196051735429528
-10.5902840000000005,-0.0282193505136021
-8.9945489999999992,-0.0130687936546963
-7.7238049999999996,0.0164557154207454
-6.6920130000000002,0.0335973423875986
-5.8389800000000003,0.0299257383145131
-5.1290139999999997,0.0125125329342772
-4.5397109999999996,-0.0068618931668958
-4.0536870000000000,-0.0188783007127151
-3.6499120000000000,-0.0240606485120258
-3.3116110000000001,-0.0236231273775003
-3.0240740000000002,-0.0205422818340160
-2.4692810000000001,-0.0063588773018441
-2.0806469999999999,0.0135992353576646
-1.7984860000000000,0.0301075548607117
-1.5853780000000000,0.0378664692569564
-1.4186589999999999,0.0367669671143138
-1.2840780000000001,0.0289382211453157
-1.1727749999999999,0.0173328086636588
-1.0792409999999999,0.0047721559208511
-1.0000439999999999,-0.0064417664177459
-0.9311490000000000,-0.0164780816842548
-0.8705640000000000,-0.0247617649302292
-0.8163370000000000,-0.0315554636719685
-0.7263780000000000,-0.0371909982117978
-0.6532900000000000,-0.0362504341124177
-0.5920190000000000,-0.0313943555521528
-0.5398800000000000,-0.0240191834361727
-0.4951590000000000,-0.0150083961979580
-0.4577670000000000,-0.0038258416420274
-0.4237250000000000,0.0060679985551470
-0.3938650000000000,0.0159568059323526
-0.3681070000000000,0.0261628096694362
-0.3446450000000000,0.0352415743361096
-0.1081080000000000,0.0827106468178675
-0.0193720000000000,0.0192008739803417
455060.9103229999891482,-5180852497.2383823394775391
518837.2536860000109300,-3358915881.7380323410034180
549904.8057569999946281,-2173111638.7481617927551270
523291.9833590000052936,-1402716551.9549038410186768
448100.3551689999876544,-903172129.3829902410507202
357932.7660129999858327,-579945263.0519787073135376
281705.4362979999859817,-371297728.4016990065574646
230975.6914699999906588,-236961858.0662690401077271
198921.9854449999984354,-150709366.2179425656795502
182417.1990679999871645,-95498775.4967691749334335
173464.9663460000010673,-60272927.3363707810640335
165455.7472769999876618,-37875446.7877354919910431
153561.7776339999982156,-23685821.0565281175076962
139045.8761360000062268,-14733138.7700229510664940
124722.9060619999945629,-9111651.0127740185707808
111433.3573330000072019,-5600340.2443982539698482
99422.6238699999958044,-3419823.0377851319499314
88712.7356810000055702,-2074488.3793813160154969
79052.2696209999994608,-1250275.0902658279519528
69917.6584319999965373,-748868.9201210727915168
60648.3693179999972926,-445575.2387517319293693
51345.6825390000012703,-263158.2003712982404977
42586.4073270000008051,-154287.3285606808785815
34637.1084120000014082,-89774.4002894181467127
27619.9407460000002175,-51789.4523495979083236
21604.4265830000003916,-29572.8925249285930477
16615.2002500000016880,-16697.5711407558519568
12586.7993549999991956,-9312.3825424832630233
9379.2934929999992164,-5098.5825347693771619
6893.2949760000001334,-2734.1123286060437749
5006.4472939999996015,-1434.0185509804696267
3595.3555790000000343,-733.8901248707861669
2552.5562850000001163,-365.0839800787916829
1790.2304859999999280,-175.5494942411330612
1238.7542719999999008,-80.8997535476871690
843.9857869999999593,-35.2396398721249398
564.4485240000000204,-14.1618811748505777
368.7871499999999969,-5.0281675378715818
233.5278460000000109,-1.4489193515078682
141.2720319999999958,-0.2730166566040850
79.2754259999999960,-0.0032743651133558
38.3378209999999982,0.0103053571405738
11.9126440000000002,-0.0055271063918454
-4.6128980000000004,-0.0060840068656765
-14.4717939999999992,0.0007986896651460
-19.9137309999999985,0.0029271887567859
-22.4947489999999988,0.0011635060465061
-23.2723830000000014,-0.0010123024120112
-22.9532150000000001,-0.0012025991241025
-22.0010359999999991,0.0010819873439871
-20.7146639999999991,0.0050629651795262
-17.8134879999999995,0.0061846284792715
-15.0321529999999992,-0.0021342278403242
-12.6252069999999996,-0.0144586100495374
-10.6388280000000002,-0.0193416917739420
-9.0422740000000008,-0.0059850357156428
-7.7640560000000001,0.0157555566698298
-6.7280819999999997,0.0301935953181189
-5.8719180000000000,0.0270458718163136
-5.1567249999999998,0.0099758589139967
-4.5630389999999998,-0.0069291306895440
-4.0677300000000001,-0.0208343482768196
-3.6571929999999999,-0.0255020820248575
-3.3131930000000001,-0.0241049857034730
-3.0217610000000001,-0.0191905809354833
-2.7724940000000000,-0.0124595724869492
-2.2892039999999998,0.0082072584406081
-1.9474229999999999,0.0283059926304998
-1.6956519999999999,0.0400289038451729
-1.5038480000000001,0.0426935255646501
-1.3504240000000001,0.0355024199447329
-1.2272670000000001,0.0251719058078703
-1.1243369999999999,0.0120855907792947
-1.0378710000000000,-0.0003455652952313
-0.9629529999999999,-0.0121979003470039
-0.8979880000000000,-0.0218528718720701
-0.8406340000000000,-0.0295409203133280
-0.7903660000000000,-0.0344056139219400
-0.7041330000000000,-0.0393011413823344
-0.6343320000000000,-0.0372885653951995
-0.5750560000000000,-0.0322550024426314
-0.5256040000000000,-0.0237669643303862
-0.4825910000000000,-0.0144462096670632
-0.4460130000000000,-0.0037048817560266
-0.4136950000000000,0.0067807949991248
-0.3848860000000000,0.0166975120218049
-0.3591810000000000,0.0260312768927298
-0.3361720000000000,0.0347260318751759
-0.1060290000000000,0.0812848287743253
-0.0189210000000000,0.0187542750857451
235031.9758849999925587,-1232720257.4352338314056396
220477.6147749999945518,-795564725.0316256284713745
201424.5599370000127237,-512189372.8693231940269470
178320.5608449999999721,-328882894.9165905117988586
154436.8463449999981094,-210576964.8833368122577667
133622.1870629999903031,-134411656.8960026800632477
118327.0373010000039358,-85509667.8261542022228241
116433.4347810000035679,-54212959.0091972276568413
102334.2765450000006240,-34229367.1177843883633614
95437.8180089999950724,-21524289.9592453911900520
88933.7774670000071637,-13474328.8679916709661484
81458.0037549999979092,-8393522.0940057709813118
72968.0517330000002403,-5200212.8395028356462717
64165.8433629999999539,-3202702.6890686890110373
55554.6606230000033975,-1959691.3939783396199346
47461.2040209999977378,-1190607.3167957440018654
40066.7698460000028717,-717739.5589495836757123
33460.0069500000026892,-429009.6075393634964712
27679.2545739999986836,-254074.6717023441160563
22675.9844940000002680,-148965.7144450031337328
18397.2448760000006587,-86391.2055613621196244
14783.3221300000004703,-49517.9839725533311139
11742.4233739999999671,-28009.5080136875076278
9209.5796250000003056,-15603.3828177505347412
7135.4029989999999088,-8543.7757031908149656
5463.6149020000002565,-4588.2913538338152648
4134.9344190000001618,-2410.3605902229755884
3092.3095690000000104,-1234.4663191951560748
2284.0860929999998916,-613.6459362740213237
1665.0715259999999489,-294.3001928203693751
1196.6358210000000781,-135.0105239579027057
846.4295710000000099,-58.4779989852388553
587.8343059999999696,-23.4047660996816376
399.3279279999999858,-8.3319213940390568
263.7484420000000114,-2.4414655721118947
167.6101830000000064,-0.4779959739661308
100.4724769999999978,-0.0058053092134855
54.3837410000000006,0.0207895256761006
23.3884200000000000,-0.0133425352784897
3.0934599999999999,-0.0164005403454670
-9.7087629999999994,0.0007566066182978
-17.3458150000000018,0.0148982402732756
-21.4895819999999986,0.0143854628063913
-23.3289749999999998,0.0027419037144725
-23.6963679999999997,-0.0095517218800616
-23.1608950000000000,-0.0148401584174813
-22.1026769999999999,-0.0107734825514321
-20.7678879999999992,-0.0010896538740646
-19.3126320000000007,0.0083071882240979
-17.8349270000000004,0.0131586735746794
-16.3969230000000010,0.0134511013097480
-13.7639600000000009,-0.0005915413883475
-11.5397420000000004,-0.0192151806779233
-9.7329880000000006,-0.0223413423233492
-8.2941009999999995,-0.0053714710795774
-7.1454279999999999,0.0169908155572775
-6.2121740000000001,0.0281618010427191
-5.4405880000000000,0.0234318177787678
-4.7969039999999996,0.0083467172341347
-4.2600780000000000,-0.0075687740820820
-3.8123930000000001,-0.0187202663508135
-3.4384420000000002,-0.0229429927796980
-3.1234329999999999,-0.0218451036470411
-2.8560620000000001,-0.0168170147377888
-2.6258010000000001,-0.0108644411280405
-2.4290889999999998,-0.0017521839489727
-2.0398790000000000,0.0184273361193878
-1.7580249999999999,0.0334286455807340
-1.5474260000000000,0.0405948169429697
-1.3827419999999999,0.0381182308599901
-1.2512160000000001,0.0301433019585524
-1.1414450000000000,0.0172740507720914
-1.0510450000000000,0.0054740619824443
-0.9727620000000000,-0.0068336365316157
-0.9049430000000001,-0.0175112326107768
-0.8468200000000000,-0.0248282609281163
-0.7941580000000000,-0.0313846939545217
-0.7485470000000000,-0.0345211076262371
-0.6693310000000000,-0.0370966325285572
-0.6042320000000000,-0.0341782221381639
-0.5501020000000000,-0.0272615372492314
-0.5031000000000000,-0.0192114233812505
-0.4629390000000000,-0.0096277974027413
-0.4279490000000000,0.0003676686027548
-0.3977630000000000,0.0108768593550093
-0.3705540000000000,0.0204869488187664
-0.3456630000000000,0.0289099713389183
-0.3245640000000000,0.0379542789845041
-0.1043200000000000,0.0807936567219754
-0.0186970000000000,0.0185384807459104
159595.9663679999939632,-150755439.1403589546680450
137811.5919869999925140,-96322340.4846257567405701
118322.8556979999993928,-61346565.4355613738298416
101542.1887699999933830,-38935555.8518755361437798
87709.6912069999962114,-24619219.0511888228356838
76736.8334190000023227,-15504326.9170096870511770
68172.0591089999943506,-9722227.2004435751587152
61304.1282080000019050,-6068773.5779110817238688
55323.4610000000029686,-3769981.6343990704044700
48918.5011850000009872,-2329216.9509907048195601
41838.2685169999967911,-1429898.0454105183016509
35224.4692409999988740,-871837.6763660273281857
29319.0135080000000016,-527623.6331218691775575
24158.7166480000014417,-316689.2007768123876303
19707.1011040000012144,-188338.3517577276215889
15932.9615099999991799,-110864.8879796956316568
12782.6562900000008085,-64525.8201546067357413
10173.5204990000001999,-37080.7012631011530175
8032.3168100000002596,-21006.4019751591549721
6290.2637979999999516,-11709.6749062289527501
4884.4931440000000293,-6408.7508298765988002
3759.1393689999999879,-3434.5973435582081947
2865.5790240000001177,-1796.4425043979488237
2161.9892690000001494,-913.1513038652735759
1612.8298480000000836,-448.5705969462674148
1188.1299879999999121,-211.2866582432034193
862.8703709999999774,-94.3169151220305366
616.3396689999999580,-39.1444310287827193
431.5730649999999855,-14.5989958599997180
294.7694599999999809,-4.5623703210433177
194.7956130000000030,-0.9875972665141717
122.7574659999999938,-0.0220629041458977
71.6480820000000023,0.0672271811214102
36.0301320000000018,-0.0181853634126057
11.7537380000000002,-0.0588787016229517
-4.3119990000000001,-0.0311736824550746
-14.4959609999999994,0.0181683805226118
-20.5321169999999995,0.0512767099249416
-23.6998770000000007,0.0516464426699628
-24.9359940000000009,0.0235700173709965
-24.9208549999999995,-0.0138272709684806
-24.1352860000000007,-0.0422067364197360
-22.9078319999999991,-0.0518999388263595
-21.4569440000000000,-0.0408213165703195
-19.9175369999999994,-0.0180223718756451
-18.3740009999999998,0.0075446108287132
-16.8759000000000015,0.0271442912617772
-15.4531270000000003,0.0363595076533887
-14.1229379999999995,0.0343406387264853
-12.8959279999999996,0.0243350881183666
-11.7753490000000003,0.0092187998989228
-9.8535319999999995,-0.0178073972454698
-8.3243139999999993,-0.0241400386522042
-7.1185729999999996,-0.0121476926965851
-6.1558970000000004,0.0005098920177344
-5.3749330000000004,0.0057635816960282
-4.7295340000000001,0.0002545731528185
-4.1943370000000000,-0.0081878634090247
-3.7489450000000000,-0.0147760052388377
-3.3774380000000002,-0.0165700595016154
-3.0654629999999998,-0.0138752655884526
-2.8009430000000002,-0.0082838562524885
-2.5752809999999999,-0.0004951921448932
-2.3801980000000000,0.0072544718330527
-2.2117170000000002,0.0157081674972828
-2.0641910000000001,0.0229930559584597
-1.7679149999999999,0.0360123869024753
-1.5463060000000000,0.0399898810953734
-1.3753759999999999,0.0361451346045525
-1.2402010000000001,0.0274643624385982
-1.1299490000000001,0.0157836095488992
-1.0376520000000000,0.0029282658318466
-0.9601330000000000,-0.0083015413763996
-0.8930890000000000,-0.0182187877247291
-0.8337980000000000,-0.0269170073059662
-0.7823420000000000,-0.0325957514462634
-0.7358730000000000,-0.0369809033145371
-0.6950769999999999,-0.0386493253442597
-0.6245630000000000,-0.0379681258617587
-0.5652260000000000,-0.0337464463881033
-0.5164960000000000,-0.0252875647490536
-0.4736910000000000,-0.0164651746504602
-0.4368550000000000,-0.0066308786997683
-0.4041180000000000,0.0028448771827634
-0.3762230000000000,0.0131395597960975
-0.3512290000000000,0.0226988043426842
-0.3288700000000000,0.0316040596065242
-0.3087760000000000,0.0397988282858578
-0.1002240000000000,0.0781450190317505
-0.0175060000000000,0.0173572329964421
128016.1801479999994626,-22101655.6019539870321751
107916.5043279999954393,-13888752.4309976678341627
90132.2463439999992261,-8688821.4009258821606636
74937.8252320000028703,-5409573.6579480804502964
62262.1368960000036168,-3350552.6592327351681888
51782.1329100000002654,-2063800.2727644240949303
43054.6339470000020810,-1263712.3577625923790038
35626.2740909999993164,-768826.1453200597316027
29218.9314469999990251,-464416.6885116286575794
23691.8135099999999511,-278295.4929627583478577
19004.7825159999993048,-165284.4113407713011838
15090.6968300000007730,-97189.2193690713174874
11868.3068089999997028,-56507.6962103607584140
9266.7620549999992363,-32453.1305880904255901
7181.3324110000003202,-18381.2804980720393360
5522.5402530000001207,-10248.3901821647195902
4213.5852359999998953,-5612.4542626295387890
3188.3693020000000615,-3011.0467744747711549
2391.0879909999998745,-1577.2182452019956145
1775.5167140000000927,-803.1069775888053073
1303.8283510000001115,-395.1960718533191539
945.2736439999999902,-186.3888042798181459
675.0584020000000010,-83.2386215966730560
473.2918409999999767,-34.5244798373590811
324.1506479999999897,-12.8601861393573245
215.1241090000000042,-4.0169170125203379
136.4080350000000124,-0.8735618166920176
80.3714559999999949,-0.0214333317182707
41.1380419999999987,0.0625809490264473
14.2294300000000007,-0.0122757353482168
-3.7311690000000000,-0.0528750606399186
-15.2663139999999995,-0.0343002823013645
-22.2370020000000004,0.0080543682848351
-26.0166760000000004,0.0420756101895741
-27.6109940000000016,0.0511572348608702
-27.7504680000000015,0.0338977977270893
-26.9634989999999988,0.0019323548419976
-25.6249600000000015,-0.0298468144479891
-23.9955520000000000,-0.0479461173317794
-22.2456609999999984,-0.0489249535385099
-20.4843149999999987,-0.0340906535670946
-18.7743800000000007,-0.0113143030956699
-17.1529759999999989,0.0132527388316390
-15.6356690000000000,0.0307722522188314
-14.2307459999999999,0.0379284508417221
-12.9420110000000008,0.0354605718256078
-11.7701930000000008,0.0265840715560604
-10.7112359999999995,0.0131959954703476
-9.7619399999999992,0.0000686179195455
-8.9153350000000007,-0.0107733709466462
-8.1652439999999995,-0.0161676291504396
-6.9117170000000003,-0.0169675621643810
-5.9251740000000002,-0.0104101516391903
-5.1375929999999999,-0.0066985145038174
-4.5002560000000003,-0.0079455281939138
-3.9780530000000001,-0.0129734670685875
-3.5484930000000001,-0.0166913703091986
-3.1944629999999998,-0.0155845614137711
-2.8984290000000001,-0.0119022306101071
-2.6488670000000001,-0.0058695254802847
-2.4363340000000000,0.0014616229791060
-2.2547519999999999,0.0103172668123781
-2.0965189999999998,0.0179163816089005
-1.9568129999999999,0.0232069800472567
-1.8346950000000000,0.0282711540432072
-1.7267999999999999,0.0322232577846442
-1.5044599999999999,0.0353055404639511
-1.3331450000000000,0.0309470217298311
-1.1984960000000000,0.0224899902892111
-1.0904700000000001,0.0124513560127713
-1.0006550000000001,0.0012141749244189
-0.9248630000000000,-0.0093746481435166
-0.8592740000000000,-0.0190732954827545
-0.8028820000000000,-0.0261948478166791
-0.7525950000000000,-0.0320629292718049
-0.7090730000000000,-0.0348600761362861
-0.6687320000000000,-0.0374097471992402
-0.6328270000000000,-0.0379511453024983
-0.5717510000000000,-0.0343115386866120
-0.5200709999999999,-0.0279891150555752
-0.4763200000000000,-0.0194639220671094
-0.4380410000000000,-0.0105180273070269
-0.4052760000000000,-0.0005804681619745
-0.3763660000000000,0.0091379683093730
-0.3511160000000000,0.0188365771168424
-0.3283450000000000,0.0276869698130017
-0.3076990000000000,0.0356526678023465
-0.2895300000000000,0.0433724108778608
-0.0955420000000000,0.0753361609177694
-0.0161130000000000,0.0159768541271919
106389.9807770000043092,-2847900.3950583268888295
88149.0603399999963585,-1745858.1075686705298722
71675.5032449999998789,-1063205.8862469531595707
57542.1031129999973928,-642889.0568201265996322
45778.2700229999973089,-385791.6706550983944908
36132.4742970000006608,-229614.2459637797437608
28281.5211630000012519,-135421.0273378697165754
21925.6658349999997881,-79036.8176982365694130
16860.9028859999998531,-45602.1789777450176189
12857.0349939999996423,-25966.7561305450763030
9735.2814369999996416,-14576.0267527489759232
7317.8084440000002360,-8050.5758669012539031
5458.4740910000000440,-4364.8259566204305884
4038.9737780000000384,-2316.9164852705844169
2962.9245860000000903,-1200.1992017696090898
2152.8492200000000594,-604.2271732927085850
1547.2549910000000182,-293.9909629991373095
1097.8391280000000734,-137.1530871357188062
766.9856969999999592,-60.6329191465655413
525.5433550000000196,-24.9232104631111611
351.0696950000000243,-9.2184524960777026
226.3640069999999866,-2.8677489693274936
138.3463720000000023,-0.6254922733379260
77.1290769999999952,-0.0161001204342881
35.3127390000000005,0.0453834372801651
7.3978539999999997,-0.0061942710160130
-10.6543790000000005,-0.0368448779307258
-21.7891140000000014,-0.0282503756587609
-28.1350340000000010,0.0009798505507668
-31.2172340000000013,0.0273583000179585
-32.1235989999999987,0.0380110909633302
-31.6236460000000008,0.0300968964093649
-30.2577889999999989,0.0088278917138851
-28.4034930000000010,-0.0143557658461368
-26.3142969999999998,-0.0324690002594998
-24.1599770000000014,-0.0386483566855489
-22.0453289999999988,-0.0329142920026015
-20.0317839999999983,-0.0186167395679604
-18.1524239999999999,-0.0001068149071557
-16.4197200000000016,0.0161306428315129
-14.8374659999999992,0.0272320832085082
-13.4004399999999997,0.0293254603612461
-12.1064380000000007,0.0265941751736563
-10.9467409999999994,0.0196968269995228
-9.9125879999999995,0.0108380532370873
-8.9945260000000005,0.0021680261896559
-8.1819210000000009,-0.0053401719931436
-7.4658280000000001,-0.0094314684444665
-6.8352919999999999,-0.0105221303423670
-6.2791959999999998,-0.0099962255209602
-5.7875399999999999,-0.0089944636472481
-4.9642530000000002,-0.0078441709766333
-4.3097700000000003,-0.0091092935553085
-3.7828330000000001,-0.0126287795163056
-3.3547449999999999,-0.0158068804633742
-3.0042110000000002,-0.0166615741341150
-2.7156199999999999,-0.0136561018770864
-2.4758670000000000,-0.0073108966118340
-2.2735330000000000,0.0002124205411826
-2.1019450000000002,0.0091099392425682
-1.9515450000000001,0.0149960843542047
-1.8215450000000000,0.0210552499827981
-1.7062539999999999,0.0247178821624394
-1.6046140000000000,0.0274376144831632
-1.5142320000000000,0.0288876911753710
-1.4330339999999999,0.0287262654144238
-1.2644470000000001,0.0246690013780224
-1.1335379999999999,0.0174918907578236
-1.0288889999999999,0.0083822462246954
-0.9430530000000000,-0.0013112249738815
-0.8709980000000000,-0.0105776816217538
-0.8094110000000000,-0.0186520936516258
-0.7553990000000000,-0.0257168142301493
-0.7090400000000000,-0.0299106476385543
-0.6678800000000000,-0.0325197216711623
-0.6305510000000000,-0.0341453123895573
-0.5970650000000000,-0.0342668214956640
-0.5670670000000000,-0.0328952795181613
-0.5143540000000000,-0.0279624678665679
-0.4703760000000000,-0.0201275286953585
-0.4320340000000000,-0.0117162599154763
-0.3990910000000000,-0.0024029106284448
-0.3700830000000000,0.0068065800760776
-0.3452700000000000,0.0165676932079461
-0.3223890000000000,0.0249682490210085
-0.3018530000000000,0.0327360892397686
-0.2846600000000000,0.0411531383178448
-0.2683010000000000,0.0479669495412822
-0.0899740000000000,0.0718878836825503
-0.0147640000000000,0.0146421367068337
90480.9045409999962430,-348452.4855769340065308
73578.8595820000045933,-204368.4936700739781372
58464.8565309999976307,-118478.4848095092165750
45689.5014880000017001,-67844.8118799895455595
35230.0630969999983790,-38329.9652806168523966
26840.3393109999997250,-21320.3094052959495457
20218.8920780000007653,-11637.7042639516803320
15061.9220800000002782,-6197.8795966638208483
11131.1338450000002922,-3223.5610441383896614
8159.1233320000001186,-1630.9760060058260933
5929.6779450000003635,-798.7721620431539122
4270.8189990000000762,-376.8200871561857639
3045.9297230000001946,-170.2474622513627764
2148.2862470000000030,-73.1403027376372847
1495.6250729999999294,-29.6283576486505353
1025.0774189999999635,-11.2124786578679050
688.9466549999999643,-3.9347093596101104
451.2718009999999822,-1.2736672401077840
285.1405229999999733,-0.3748158429754653
170.5561429999999916,-0.0883776246328125
92.7776439999999951,-0.0051397515634903
41.0103080000000020,0.0118249554546068
7.4253419999999997,0.0036530372971457
-13.6080459999999999,-0.0081132518411202
-26.0902799999999999,-0.0142631969482601
-32.8374779999999973,-0.0082140706128300
-35.8014920000000032,0.0036594279697724
-36.3276960000000031,0.0149189279546746
-35.3343289999999968,0.0198436000979143
-33.4409300000000016,0.0133819570460929
-31.0710119999999996,0.0023714045230641
-28.5006300000000010,-0.0104118115900285
-25.9101859999999995,-0.0196260211798247
-23.4119230000000016,-0.0213105247770500
-21.0668809999999986,-0.0176957448772441
-18.9086910000000010,-0.0084107288823496
-16.9459119999999999,0.0015560766066400
-15.1779139999999995,0.0106987845492839
-13.5949449999999992,0.0162679839639281
-12.1838180000000005,0.0167132064903122
-10.9341039999999996,0.0156969508304527
-9.8285990000000005,0.0111155411221979
-8.8552499999999998,0.0060828269774156
-8.0000420000000005,0.0012210393414271
-7.2497299999999996,-0.0029659889419573
-6.5929970000000004,-0.0051315242801611
-6.0173940000000004,-0.0062328536169387
-5.5126160000000004,-0.0062689004117766
-5.0690039999999996,-0.0057440608486452
-4.6783349999999997,-0.0048141576537395
-4.3327559999999998,-0.0042710512519513
-3.7530440000000000,-0.0044123699600478
-3.2894000000000001,-0.0068152584346888
-2.9144239999999999,-0.0094349042330593
-2.6084839999999998,-0.0103616783856468
-2.3569079999999998,-0.0085964757931616
-2.1477629999999999,-0.0046762565307406
-1.9718869999999999,0.0005673515713198
-1.8216720000000000,0.0056824744457713
-1.6917930000000001,0.0099678768967864
-1.5786430000000000,0.0133611500488153
-1.4796499999999999,0.0160704786005812
-1.3923500000000000,0.0178634820616510
-1.3134760000000001,0.0173029675839231
-1.2446969999999999,0.0175854240644706
-1.1813260000000001,0.0153167888780081
-1.0525009999999999,0.0113052445543671
-0.9510840000000000,0.0049449057991400
-0.8693750000000000,-0.0021241520626557
-0.8019390000000000,-0.0089221229665821
-0.7451200000000000,-0.0147647826436275
-0.6957790000000000,-0.0198982545822580
-0.6531310000000000,-0.0232014134449260
-0.6149960000000000,-0.0256062800704574
-0.5813910000000000,-0.0262788823765848
-0.5502620000000000,-0.0267345293577648
-0.5233430000000000,-0.0248783909211179
-0.4979650000000000,-0.0231316162529825
-0.4552170000000000,-0.0159217445685888
-0.4177810000000000,-0.0083862685921609
-0.3856440000000000,0.0000824126143628
-0.3577190000000000,0.0088670763647451
-0.3328850000000000,0.0172375896693585
-0.3112140000000000,0.0256069395964386
-0.2920150000000000,0.0335879751992416
-0.2745170000000000,0.0406829004902484
-0.2579800000000000,0.0463982831255827
-0.2439640000000000,0.0525169919492667
-0.0842470000000000,0.0685320752144779
-0.0134380000000000,0.0133321136697005
81771.5930229999939911,8738.3863334531488363
65310.0706199999985984,9354.6142966769111808
51040.5214679999990040,8151.2824498083573417
39215.0924880000020494,6401.6693209725272027
29707.6988830000009330,4702.5800484956453147
22229.4531050000005052,3289.0314255874291121
16442.9956229999988864,2215.6855069891862513
12009.3603039999998146,1467.9068140810231853
8693.2204529999999068,935.1343056114510546
6235.6322760000002745,572.4851796525390455
4428.6882100000002538,336.7941103156344980
3111.5898630000001504,189.4453759824777990
2159.5579429999997956,101.2092344653833607
1477.3341669999999795,50.8721133735605235
992.9866429999999582,23.7173384788948169
652.6348769999999604,10.0155812320007271
416.1859069999999861,3.6774903094757292
254.0484240000000113,1.0802235952989747
144.5526470000000074,0.2020745587986994
71.9657330000000002,0.0004522507611995
24.9685109999999995,-0.0045982235580837
-4.5072679999999998,0.0079394157468400
-22.1576219999999999,0.0042118071139576
-31.9486710000000009,-0.0065748297088071
-36.6093010000000021,-0.0108677055316093
-37.9938250000000011,-0.0047926902193538
-37.3475320000000011,0.0059912133992412
-35.4984210000000004,0.0120378441211884
-32.9983089999999990,0.0115148633650080
-30.2076120000000010,0.0049223689878737
-27.3584969999999998,-0.0040394556012977
-24.5956890000000001,-0.0105745371340511
-22.0018549999999991,-0.0128614976697605
-19.6201650000000001,-0.0096332786641327
-17.4632889999999996,-0.0048939569241000
-15.5320149999999995,0.0014081002534727
-13.8144489999999998,0.0063252058814793
-12.2948009999999996,0.0085208352894757
-10.9563839999999999,0.0085140480905483
-9.7808890000000002,0.0061681943154159
-8.7526189999999993,0.0037961279564129
-7.8541999999999996,0.0011867128439267
-7.0700539999999998,-0.0013085912957456
-6.3875469999999996,-0.0018162820198269
-5.7904760000000000,-0.0035131477938526
-5.2715249999999996,-0.0021473218712487
-4.8168049999999996,-0.0014250600746619
-4.4182889999999997,-0.0004739468685866
-4.0676990000000002,0.0001598817158550
-3.7578049999999998,-0.0000691658246708
-3.4824489999999999,-0.0015639749618286
-3.0219490000000002,-0.0027129828283687
-2.6532390000000001,-0.0047342266762933
-2.3552550000000001,-0.0057726933182276
-2.1126890000000000,-0.0045228149460370
-1.9120239999999999,-0.0024434800774387
-1.7432110000000001,-0.0007796161200699
-1.6012610000000000,0.0019765177322451
-1.4801380000000000,0.0046547382099225
-1.3745980000000000,0.0057221929596747
-1.2837790000000000,0.0072048549135650
-1.2039590000000000,0.0076743977842251
-1.1340180000000000,0.0078675822865331
-1.0716310000000000,0.0069875868204852
-1.0164650000000000,0.0059761041535940
-0.9666220000000000,0.0040091472738164
-0.8654610000000000,0.0007241895704398
-0.7860930000000000,-0.0037150757248653
-0.7221910000000000,-0.0082414893544001
-0.6687310000000000,-0.0129186631818171
-0.6240040000000000,-0.0161630827379798
-0.5856760000000000,-0.0181457329283217
-0.5523770000000000,-0.0188256563045638
-0.5219220000000000,-0.0194694959857743
-0.4947860000000000,-0.0190021310822369
-0.4709760000000000,-0.0170198732153117
-0.4496460000000000,-0.0141011539100141
-0.4292010000000000,-0.0116550688299080
-0.3944160000000000,-0.0042267483930575
-0.3635060000000000,0.0028954524086888
-0.3371540000000000,0.0108956463717321
-0.3141070000000000,0.0189093449384434
-0.2939170000000000,0.0268159456711059
-0.2761970000000000,0.0345157498033759
-0.2597510000000000,0.0410694160476833
-0.2447850000000000,0.0469139610386907
-0.2309120000000000,0.0518709686158192
-0.2191580000000000,0.0571550080425007
-0.0779890000000000,0.0646909864617650
-0.0116350000000000,0.0115453986895863
79949.7308760000014445,54599.4148111550748581
63147.6694379999971716,35861.6392230672063306
49066.1377609999981360,23113.8907285266686813
37536.0330699999976787,14656.9143477490433725
28317.7409640000005311,9147.2640434480235854
21100.3275079999984882,5611.9509461367342738
15541.5591019999992568,3382.8135106723857461
11299.3543050000007497,2024.1929649692501698
8139.7195149999997739,1181.5220403911635003
5809.4232389999997395,668.6252170049574488
4104.0689839999995456,365.4643868405119065
2867.0162869999999202,191.3497383957624152
1977.3695540000001074,94.9372090540930458
1343.2291549999999916,43.9842910431414111
895.5438830000000507,18.6090869543625104
582.8383679999999458,6.9231101843718079
367.0169710000000123,2.0990516975487026
220.0906589999999881,0.4225298082878339
121.6694159999999982,0.0058594505675984
57.0331830000000011,-0.0203264808734005
15.6501190000000001,0.0114402745749036
-9.9353289999999994,0.0169685318223198
-24.9365689999999987,0.0003613605262167
-32.9613209999999981,-0.0122878148113514
-36.4655220000000000,-0.0138144531140796
-37.1113069999999965,-0.0051741945411266
-36.0110689999999991,0.0058397408493391
-33.9036600000000021,0.0115465511614943
-31.2767750000000007,0.0091165972040486
-28.4510059999999996,0.0030869872001276
-25.6273060000000008,-0.0035219087586746
-22.9276659999999985,-0.0073474477993187
-20.4199790000000014,-0.0064698220805717
-18.1338889999999999,-0.0027837373925621
-16.0776460000000014,0.0024607192924861
-14.2438009999999995,0.0059735936381351
-12.6188389999999995,0.0064412090462653
-11.1862580000000005,0.0038831792516856
-9.9293980000000008,0.0000545734966249
-8.8305310000000006,-0.0040096490055994
-7.8729959999999997,-0.0068091612138881
-7.0399839999999996,-0.0081429920698968
-6.3170210000000004,-0.0069112038982366
-5.6891090000000002,-0.0040858013485359
-5.1431060000000004,-0.0003328243571774
-4.6662109999999997,0.0025376618530020
-4.2487209999999997,0.0044319276156024
-3.8825910000000001,0.0056551592096481
-3.5608059999999999,0.0064127462715162
-3.2757030000000000,0.0052603041655281
-3.0238420000000001,0.0040965595834583
-2.6027390000000001,0.0022512311069760
-2.2667780000000000,-0.0006965678192663
-1.9981599999999999,-0.0013314433288132
-1.7790919999999999,-0.0020120606068277
-1.5992080000000000,-0.0018360438279821
-1.4498759999999999,-0.0011484735373475
-1.3238120000000000,-0.0010731687911065
-1.2178320000000000,-0.0001518529880202
-1.1266370000000001,-0.0001296060146689
-1.0483080000000000,-0.0001587331771558
-0.9798390000000000,-0.0010552837778536
-0.9211580000000000,-0.0011308035265573
-0.8691010000000000,-0.0021147868108741
-0.8232720000000000,-0.0032211304458496
-0.7831460000000000,-0.0039921141377820
-0.7000890000000000,-0.0070656130751423
-0.6359680000000000,-0.0102757150610430
-0.5853690000000000,-0.0126938917123598
-0.5442260000000000,-0.0142332605588351
-0.5097040000000000,-0.0150231034008425
-0.4794210000000000,-0.0156924155247201
-0.4537750000000000,-0.0147111876345678
-0.4315560000000000,-0.0125577770998618
-0.4105170000000000,-0.0110031718655681
-0.3923070000000000,-0.0080843600049286
-0.3756400000000000,-0.0048755031265623
-0.3598420000000000,-0.0019030965026630
-0.3331680000000000,0.0060492397744745
-0.3094070000000000,0.0134922863370150
-0.2886940000000000,0.0209668133155458
-0.2706360000000000,0.0283965656500394
-0.2544080000000000,0.0352244308198298
-0.2397330000000000,0.0414088801892414
-0.2265430000000000,0.0470924215365893
-0.2148940000000000,0.0525205881258282
-0.2033710000000000,0.0564495297543127
-0.1936460000000000,0.0607059814153696
-0.0714220000000000,0.0605096201750847
-0.0109060000000000,0.0108324729631058
83916.2628569999942556,64415.1590113033889793
66893.5384670000057667,42194.2494095227448270
52417.6295410000020638,27183.9351974216115195
40420.1869220000007772,17266.2705463983511436
30735.3852850000002945,10810.4811022758403851
23086.4376340000017080,6663.6825428610172821
17145.3167839999987336,4042.3430336691671982
12574.9106649999994261,2434.4394500003472785
9140.3380350000006729,1435.1137022780567349
6586.4773240000004080,822.8807734462388908
4701.7680129999998826,457.5091358536528787
3322.6568680000000313,244.9136199869913071
2321.6694139999999607,125.1479743460413374
1601.1118779999999333,60.3604390732584761
1086.9616630000000441,27.0494841325064499
723.6039829999999711,10.9849801226580439
469.5173389999999927,3.8758312655105556
293.9440069999999992,1.0908602666884804
174.2694410000000005,0.1939017270553336
94.0077799999999968,-0.0001311332086544
41.2479969999999980,-0.0026287834144512
7.4662319999999998,0.0080227549026848
-13.3803330000000003,0.0009595157015934
-25.5288730000000008,-0.0086165597971508
-31.9116889999999991,-0.0097311832525513
-34.5398660000000035,-0.0017213069061270
-34.7823399999999978,0.0099349716376054
-33.5616139999999987,0.0159342493670209
-31.4983089999999990,0.0119654591669089
-29.0086960000000005,0.0012084723303722
-26.3649349999999991,-0.0118019264252425
-23.7432130000000008,-0.0192764937302954
-21.2461850000000005,-0.0198481204526857
-18.9321650000000012,-0.0116147497735071
-16.8231220000000015,0.0005277401052766
-14.9230689999999999,0.0127603960103375
-13.2215570000000007,0.0186711617593218
-11.7099609999999998,0.0207021490584083
-10.3705549999999995,0.0159950722110374
-9.1912439999999993,0.0090030585913858
-8.1548160000000003,-0.0006164882405777
-7.2510810000000001,-0.0067033518179782
-6.4620150000000001,-0.0119406233594637
-5.7758909999999997,-0.0139800895386752
-5.1800040000000003,-0.0128203940903227
-4.6606209999999999,-0.0108622966169349
-4.2090870000000002,-0.0067478021926126
-3.8134800000000002,-0.0036157216513075
-3.4667620000000001,-0.0008437391475611
-3.1629440000000000,0.0022298114879535
-2.8940640000000002,0.0033963114479851
-2.4472710000000002,0.0053233314765939
-2.0967330000000000,0.0072377272263409
-1.8180390000000000,0.0082994398568086
-1.5942400000000001,0.0089220585366347
-1.4119580000000000,0.0085406773433154
-1.2615639999999999,0.0070276665055871
-1.1360939999999999,0.0045169938688288
-1.0318400000000001,0.0026539727364427
-0.9438240000000000,0.0005431976133699
-0.8688780000000000,-0.0018320971205880
-0.8053290000000000,-0.0036824469047128
-0.7502420000000000,-0.0059955015829137
-0.7029500000000000,-0.0078811600578139
-0.6614430000000000,-0.0100921085871029
-0.6248640000000000,-0.0124615963635494
-0.5517410000000000,-0.0171623526703329
-0.4997930000000000,-0.0180179909276199
-0.4581780000000000,-0.0198305403020023
-0.4266000000000000,-0.0190660371985909
-0.3999340000000000,-0.0184141740593318
-0.3780620000000000,-0.0164440205805422
-0.3596870000000000,-0.0134665228031617
-0.3431160000000000,-0.0105446080972528
-0.3279610000000000,-0.0076602706817121
-0.3152120000000000,-0.0035579811987740
-0.3025350000000000,-0.0003940758917331
-0.2915860000000000,0.0036101502304341
-0.2730960000000000,0.0126946617688884
-0.2562270000000000,0.0206689024551771
-0.2401960000000000,0.0270773681847683
-0.2274800000000000,0.0346508157277682
-0.2147010000000000,0.0402250788993554
-0.2047580000000000,0.0468868138396115
-0.1939390000000000,0.0510916688634946
-0.1854480000000000,0.0561945462222648
-0.1762590000000000,0.0593056961919023
-0.1677810000000000,0.0619572957356660
-0.0649850000000000,0.0562984625725077
-0.0084300000000000,0.0083714705712080
94179.8546479999931762,-164769.4022975459811278
76866.9430290000018431,-95753.9260613195656333
61510.6641919999965467,-55088.6829909128500731
48444.5736479999977746,-31363.6733032391857705
37628.6749740000013844,-17648.7489285355986794
28860.7459879999987606,-9790.4794686480490782
21874.2821000000003551,-5326.7011049445136450
16390.4245999999984633,-2813.5856400109005335
12181.8991229999992356,-1450.4419613106911129
8986.3888060000008409,-730.6333570664628496
6577.9742150000001857,-358.8280802684512309
4777.1541559999996025,-172.4517226509142347
3440.3385370000000876,-81.8519130367808430
2454.7462139999997817,-38.9360013862069536
1733.1377849999998944,-18.9049983555260042
1208.6604489999999714,-9.4934889041014685
830.4569209999999657,-4.9160678013303141
560.0511239999999589,-2.5472787398825858
368.5324780000000260,-1.2485501585039742
234.3169809999999984,-0.5284542626862674
141.4014160000000118,-0.1581249961397475
78.0051830000000024,-0.0079817258220771
35.5123140000000035,0.0211796727278042
7.6800829999999998,0.0014941888212920
-9.9756450000000001,-0.0186419857311844
-20.6397469999999998,-0.0200973864816483
-26.5537360000000007,-0.0052082791741128
-29.2856220000000000,0.0145820361068800
-29.9275069999999985,0.0277149291845262
-29.2375100000000003,0.0274283021510051
-27.7390469999999993,0.0121834025947649
-25.7967160000000000,-0.0093558191001399
-23.6560079999999999,-0.0292148340430387
-21.4810939999999988,-0.0382747428010468
-19.3733010000000014,-0.0332373993556274
-17.3875090000000014,-0.0181617664618372
-15.5506530000000005,0.0014458086064320
-13.8731840000000002,0.0212874246662427
-12.3517270000000003,0.0348040746611051
-10.9791919999999994,0.0390474687514732
-9.7470599999999994,0.0340554340278469
-8.6482019999999995,0.0236927332493941
-7.6718510000000002,0.0092974333105342
-6.8101139999999996,-0.0046776363543390
-6.0525330000000004,-0.0166585108937376
-5.3892080000000000,-0.0251638094990341
-4.8110670000000004,-0.0287224938730466
-4.3070490000000001,-0.0287781016342414
-3.8695119999999998,-0.0243014093659766
-3.4879110000000000,-0.0180902496742310
-3.1546170000000000,-0.0109019743294585
-2.6071830000000000,0.0041362256249045
-2.1804899999999998,0.0141102297592237
-1.8454870000000001,0.0204046965068960
-1.5786730000000000,0.0224534987011691
-1.3652970000000000,0.0226969159802475
-1.1914089999999999,0.0200449426607423
-1.0486169999999999,0.0157333650088167
-0.9307410000000000,0.0108140343040751
-0.8321330000000000,0.0051009112322760
-0.7496790000000000,-0.0003647497465149
-0.6798130000000000,-0.0059604990765539
-0.6201400000000000,-0.0116115182516038
-0.5697400000000000,-0.0163058123659560
-0.5272289999999999,-0.0199014038040191
-0.4912800000000000,-0.0225089313651227
-0.4217360000000000,-0.0271173680626701
-0.3746760000000000,-0.0275462541705224
-0.3405070000000000,-0.0267503946786377
-0.3160240000000000,-0.0238191574656217
-0.2963990000000000,-0.0210021797182919
-0.2811190000000000,-0.0171896713720586
-0.2686230000000000,-0.0129186014201176
-0.2575690000000000,-0.0088826205585911
-0.2480060000000000,-0.0046196881991186
-0.2400100000000000,0.0002122278789850
-0.2323880000000000,0.0045945055848912
-0.2260410000000000,0.0095454161590751
-0.2143180000000000,0.0186033283172568
-0.2037220000000000,0.0266980222019322
-0.1936550000000000,0.0335014136353196
-0.1848900000000000,0.0399860073420760
-0.1766960000000000,0.0455847464412846
-0.1692440000000000,0.0506108469061056
-0.1623090000000000,0.0549657312041741
-0.1553590000000000,0.0582309583476421
-0.1488080000000000,0.0609229741065159
-0.1434520000000000,0.0639303623574525
-0.0586410000000000,0.0521134677360877
-0.0072650000000000,0.0072210178335709
111587.7529429999995045,227630.6871472428902052
93494.6328879999928176,150060.8651853838237002
76949.3098659999959636,98338.6222024807939306
62546.7319619999980205,63897.1226130622890196
50319.2203739999968093,41086.9537788475863636
40039.1388280000028317,26168.6845369949514861
31503.1860579999993206,16537.0709571687548305
24512.6546019999987038,10397.4443992504493508
18911.2945619999991322,6487.5517247429270355
14473.9563400000006368,4020.4149578211545304
11010.0713680000008026,2462.4549194504052139
8329.6663860000007844,1484.1037802969549375
6266.0255619999998089,878.2966570599237457
4686.1395609999999579,508.3868344409875135
3482.9788910000002033,286.3388054556166935
2571.3026960000001964,155.9147742237300918
1883.9405010000000402,81.4130996374037750
1368.4017260000000533,40.3455684487219060
983.9388099999999895,18.6903557375788978
698.9955099999999675,7.9164465675401061
489.2547539999999913,2.9481766690465747
336.0217470000000048,0.8969013075692942
225.0072849999999960,0.1840705089020105
145.3372420000000034,0.0082844865942775
88.7893109999999979,-0.0030233667383470
49.1794769999999986,0.0068005555086970
21.8856709999999985,0.0037119887361179
3.4786830000000002,-0.0061481341506990
-8.5666209999999996,-0.0103587085959820
-16.0922629999999991,-0.0072951091904869
-20.4425579999999982,0.0034177612499384
-22.5873409999999986,0.0140598279790929
-23.2274799999999999,0.0180389830525307
-22.8680270000000014,0.0117251976320105
-21.8770470000000010,0.0004526543524861
-20.5125540000000015,-0.0136631703753984
-18.9600280000000012,-0.0231546007673344
-17.3433489999999999,-0.0256594512385142
-15.7450700000000001,-0.0194280194350416
-14.2153080000000003,-0.0060437970962237
-12.7806879999999996,0.0100034549314856
-11.4516740000000006,0.0224270191914222
-10.2341870000000004,0.0302396605722262
-9.1260890000000003,0.0309728035326220
-8.1234339999999996,0.0245892704693205
-7.2214950000000000,0.0128528733972511
-6.4163139999999999,-0.0002807861475373
-5.7011279999999998,-0.0130348600207766
-5.0688279999999999,-0.0238865240165422
-4.5126970000000002,-0.0311751132808302
-4.0260449999999999,-0.0336796856681323
-3.2304759999999999,-0.0263780366220905
-2.6233200000000001,-0.0099024087618163
-2.1544900000000000,0.0065316621361751
-1.7876630000000000,0.0186180104781144
-1.4962080000000000,0.0244218181739675
-1.2627889999999999,0.0254843891162519
-1.0740510000000001,0.0228141454424702
-0.9206700000000000,0.0180020139448492
-0.7957300000000000,0.0124364651939155
-0.6930730000000001,0.0062974169511609
-0.6066030000000000,-0.0016524142613198
-0.5351750000000000,-0.0088130701647805
-0.4768660000000000,-0.0142037212971040
-0.4270860000000000,-0.0201486628291202
-0.3863140000000000,-0.0243900505628116
-0.3113400000000000,-0.0314692591607026
-0.2634170000000000,-0.0338998639495494
-0.2330140000000000,-0.0324078770018733
-0.2121560000000000,-0.0297726132602628
-0.1988910000000000,-0.0248318932831685
-0.1888740000000000,-0.0200441320317403
-0.1815500000000000,-0.0148123837005411
-0.1760320000000000,-0.0093152978626342
-0.1718790000000000,-0.0035548151221519
-0.1683970000000000,0.0020501058416449
-0.1652060000000000,0.0072943647757631
-0.1621090000000000,0.0120945705176747
-0.1574400000000000,0.0218864989620648
-0.1532230000000000,0.0306373153226923
-0.1489090000000000,0.0380139906339344
-0.1436590000000000,0.0433262856446532
-0.1399310000000000,0.0491496057483437
-0.1353140000000000,0.0531728485922283
-0.1313200000000000,0.0569960728977860
-0.1269730000000000,0.0597220990298873
-0.1237300000000000,0.0628789306999101
-0.1193600000000000,0.0642996984870735
-0.0529460000000000,0.0484263765149230
-0.0057390000000000,0.0057085470165017
135007.2505390000005718,11934015.4718014337122440
115388.2052669999975478,7531397.6090941810980439
97677.7226139999984298,4735424.6362399868667126
82315.4559169999993173,2965328.7352381907403469
69378.8064889999950537,1848332.2066012844443321
58520.4835650000022724,1146023.8632155731320381
49053.4696580000018002,706540.9562106766970828
40446.1712950000001001,433216.6869336254894733
32909.6609840000019176,264088.8883669999195263
26544.5056680000016058,159944.4343460662639700
21267.7101299999994808,96170.1236604193691164
16937.2737789999991946,57364.2046915034734411
13398.1960450000005949,33929.8986359904083656
10549.1460409999999683,19869.8717565938204643
8268.2845049999996263,11503.4295510287993238
6447.6743109999997614,6574.0848355078514942
5000.9713350000001810,3701.2693802432440862
3856.7216699999999037,2047.7006734016749760
2955.8733940000001894,1109.6899504562943548
2250.0822480000001633,586.6895032803477079
1700.0134470000000420,301.0165505380441573
1273.7145190000001094,148.8273321628751091
945.3461009999999760,70.2006967579862931
694.0433170000000018,31.1366016381440431
503.0573709999999892,12.6938627121343188
358.9967209999999795,4.5782301282882827
251.2229859999999917,1.3545542771364865
171.3298269999999945,0.2673524853688320
112.7063950000000006,0.0039798746599899
70.1958220000000068,-0.0136927642098641
39.7879980000000018,0.0075371302937697
18.4024740000000016,0.0112202930593917
3.6843119999999998,0.0012137424416663
-6.1494359999999997,-0.0082897135280993
-12.4373629999999995,-0.0100416605225995
-16.1784950000000016,-0.0048804163219209
-18.1163339999999984,0.0032152023884500
-18.8003579999999992,0.0086347798731730
-18.6379759999999983,0.0101264113313064
-17.9244510000000012,0.0053113220976329
-16.8784470000000013,-0.0010874148592777
-15.6531830000000003,-0.0071373768369103
-14.3555550000000007,-0.0107301737523873
-13.0590109999999999,-0.0090414143006132
-11.8068200000000001,-0.0046174496830229
-10.6257450000000002,0.0012560280158116
-9.5310140000000008,0.0082710131168948
-8.5238669999999992,0.0107619367203426
-7.6076850000000000,0.0109971197003675
-6.7794580000000000,0.0085983669436809
-6.0334630000000002,0.0027614031917595
-4.7725629999999999,-0.0095184755312738
-3.7788149999999998,-0.0183060871825607
-3.0063520000000001,-0.0178814446080513
-2.4080960000000000,-0.0107996181170926
-1.9446159999999999,-0.0000753838742971
-1.5811370000000000,0.0084489559112011
-1.2942309999999999,0.0139779302245242
-1.0657650000000001,0.0159501656070227
-0.8832490000000000,0.0154820663776603
-0.7362600000000000,0.0126892055550952
-0.6185120000000000,0.0094629311489656
-0.5223510000000000,0.0045105509762928
-0.4439800000000000,-0.0010029065712138
-0.3804760000000000,-0.0061199102684790
-0.3274830000000000,-0.0121547569878342
-0.2326370000000000,-0.0251560564465227
-0.1759160000000000,-0.0324321719924645
-0.1413660000000000,-0.0358473099923926
-0.1219180000000000,-0.0346345843322868
-0.1109110000000000,-0.0310689401469996
-0.1045220000000000,-0.0264998502270665
-0.1015680000000000,-0.0207027504239081
-0.1003900000000000,-0.0145270634741631
-0.1008800000000000,-0.0076092566894959
-0.1011900000000000,-0.0015185456729017
-0.1017700000000000,0.0043629373013041
-0.1027680000000000,0.0102866213017197
-0.1042710000000000,0.0207536614384845
-0.1056070000000000,0.0300966752161507
-0.1064670000000000,0.0381640688363860
-0.1059750000000000,0.0441798724225636
-0.1060390000000000,0.0501273612591988
-0.1043900000000000,0.0538001238715846
-0.1025520000000000,0.0567767790870701
-0.1012740000000000,0.0598550114033744
-0.0991620000000000,0.0616846022917270
-0.0975160000000000,0.0636050677124242
-0.0473540000000000,0.0445704222656660
-0.0048630000000000,0.0048442444007582
167887.6556179999897722,52668051.0738369822502136
146038.2652020000095945,33141469.2436913773417473
126335.7223079999967013,20776481.7883545421063900
109325.4727929999935441,12973280.5672840215265751
95358.8841819999943255,8066271.6486736629158258
84400.1642719999945257,4991673.2127872481942177
79445.3027529999963008,3068951.1154939439147711
69946.9828310000011697,1878535.3350007445551455
60638.4659899999969639,1143590.3016518235672265
51940.6101350000026287,692192.0459868436446413
44217.4318360000033863,416303.3382284791441634
37369.9469180000014603,248703.3533520975033753
31337.4721570000001520,147545.5727928662963677
26071.7593269999997574,86908.2756449452135712
21513.5280820000007225,50831.3895432416902622
17606.8272350000006554,29535.0950852384085010
14321.1819539999996778,17037.6768592412954604
11575.8754649999991670,9759.6992091717493167
9298.2149900000003981,5552.8302106340652244
7421.8791719999999259,3138.2161995769320129
5886.3454990000000180,1761.5070252905507004
4637.5931810000001860,981.4601488470434560
3628.3023920000000544,542.0807458653021058
2817.5205030000001898,296.0944332147878413
2170.2876729999998133,159.3277825060822579
1656.9848620000000210,83.9857012110458072
1252.7311199999999189,43.0252881016315314
936.7354860000000372,21.1952781989764389
691.7364059999999881,9.8905179785466544
503.4586630000000014,4.2741659314467597
360.1546050000000037,1.6475784737075969
252.2138799999999890,0.5274198917400952
171.8345119999999895,0.1157759566813468
112.7315530000000052,0.0029880231399346
69.8904569999999978,-0.0086982593127658
39.3426320000000018,0.0022640742372673
17.9905949999999990,0.0061813366112311
3.4316350000000000,0.0045142636218425
-6.1660500000000003,-0.0012687334587920
-12.1924720000000004,-0.0049364324037935
-15.6855480000000007,-0.0054444480031801
-17.4143009999999983,-0.0032047168187788
-17.9416989999999998,-0.0002082204339509
-17.6763809999999992,0.0022061855381779
-16.9123529999999995,0.0044665866917377
-15.8540949999999992,0.0040642035555845
-14.6467130000000001,0.0028773157668720
-13.3872180000000007,0.0011282457530886
-12.1391709999999993,-0.0009939248558464
-10.9429069999999999,-0.0028061160104667
-9.8231809999999999,-0.0026343402191813
-7.8492819999999996,0.0002899920932355
-6.2301270000000004,0.0024603806463492
-4.9271000000000003,0.0005007880758647
-3.8902100000000002,-0.0042658184154400
-3.0722980000000000,-0.0080040953642695
-2.4325459999999999,-0.0070017935317015
-1.9326580000000000,-0.0029100398044757
-1.5411180000000000,0.0020394498796383
-1.2330440000000000,0.0060442096066822
-0.9901180000000001,0.0088773272942800
-0.7987090000000000,0.0110759166051713
-0.6461479999999999,0.0110805205104835
-0.5251820000000000,0.0103661704017535
-0.4273540000000000,0.0073452399641993
-0.3483810000000000,0.0031481694001161
-0.2090960000000000,-0.0109926073429518
-0.1253860000000000,-0.0249045600889423
-0.0772820000000000,-0.0334493470907250
-0.0506890000000000,-0.0369970113475851
-0.0377410000000000,-0.0359518681268705
-0.0324320000000000,-0.0322741577116369
-0.0311670000000000,-0.0273631430990565
-0.0328360000000000,-0.0211315381277205
-0.0365360000000000,-0.0138241156564556
-0.0410460000000000,-0.0062958410410063
-0.0453650000000000,0.0006588271929305
-0.0490660000000000,0.0067315525559909
-0.0566950000000000,0.0185633845804117
-0.0634740000000000,0.0290327562892370
-0.0682710000000000,0.0371294170837554
-0.0726810000000000,0.0445109543622690
-0.0754740000000000,0.0499876130697989
-0.0768530000000000,0.0537930331683417
-0.0779790000000000,0.0571138713088183
-0.0786580000000000,0.0597785947887850
-0.0779800000000000,0.0608972606265583
-0.0776250000000000,0.0621679176549720
-0.0429210000000000,0.0416522065097008
-0.0030490000000000,0.0030404509367096
242674.3847449999884702,288564763.5789418816566467
226968.6990210000076331,180970082.2310653030872345
213236.2383470000058878,113004568.6460947096347809
185380.5566950000065845,70254712.7996783852577209
160055.9417829999874812,43471969.1266907230019569
137234.0664099999994505,26768214.7632590569555759
119180.4849640000029467,16398258.1911996118724346
106260.2020729999931064,9991074.4248193111270666
97458.3536000000021886,6052049.6858253069221973
91069.5134569999936502,3643309.3557404996827245
85414.8958580000034999,2178980.3139431606978178
79300.4660440000006929,1294665.0645281928591430
72172.8541200000036042,764657.0815781296696514
64228.5474489999978687,449541.4686949367751367
56064.4120249999978114,263592.4802637922111899
48202.2590270000000601,154578.8949548141972627
40974.1762569999991683,90978.1840697472071042
34526.4018549999964307,53965.8858468911566888
28927.4438870000012685,32368.4252131480679964
24118.8209669999996549,19686.2058304991733166
20009.8716410000015458,12158.4898510065759183
16509.0314810000018042,7622.1958014246520179
13527.8793839999998454,4844.5333116307629098
10996.9105770000005577,3114.7873603463995096
8872.2141049999991083,2007.9975546240038966
7098.0098159999997733,1289.6199162758002785
5625.4103820000000269,820.9036571304868630
4413.5773799999997209,514.9145359451304103
3426.0137030000000777,316.3113246832867844
2629.5171409999998104,189.0820938270867373
1994.0419979999999214,109.2367480323016480
1492.7309549999999945,60.5068240896760017
1101.8717970000000150,31.8130287062854222
800.8254779999999755,15.6544889150119388
571.8707889999999452,7.0571466394026174
400.0269529999999918,2.8100222326576159
272.8223239999999805,0.9197249992313914
180.0411259999999913,0.2039254968879050
113.4455580000000054,0.0042832141844400
66.4936919999999958,-0.0132623086443573
34.0694879999999998,0.0047873778078866
12.2330159999999992,0.0103583303272927
-2.0089419999999998,0.0046249894257890
-10.8864850000000004,-0.0043009500119346
-16.0397900000000000,-0.0089938647408090
-18.6580000000000013,-0.0067802302725219
-19.5895170000000007,-0.0011440078776950
-19.4333470000000013,0.0033129496455437
-18.6096900000000005,0.0054891490707618
-17.4064809999999994,0.0044203511515768
-16.0203309999999988,0.0028579282402461
-13.1582960000000000,-0.0016293034729795
-10.5609300000000008,-0.0022044498743892
-8.3853279999999994,-0.0000314757265674
-6.6271930000000001,0.0009440376850725
-5.2292410000000000,-0.0000588232694350
-4.1237930000000000,-0.0031478735164070
-3.2512259999999999,-0.0066091278355063
-2.5656289999999999,-0.0060414732445810
-2.0254390000000000,-0.0034831157306585
-1.5998330000000001,0.0008159301662687
-1.2632820000000000,0.0049592074300071
-0.9963460000000000,0.0078984220968666
-0.7848579999999999,0.0099146269161405
-0.6183390000000000,0.0119806376518692
-0.4852580000000000,0.0117045942636820
-0.2595720000000000,0.0060711198484875
-0.1261970000000000,-0.0087428522351904
-0.0495010000000000,-0.0224488569775160
-0.0061030000000000,-0.0327103375525464
0.0150160000000000,-0.0364829919727378
0.0234500000000000,-0.0358314791335228
0.0245370000000000,-0.0321280578804007
0.0217690000000000,-0.0267992015684457
0.0167970000000000,-0.0204268573107341
0.0099630000000000,-0.0128007484479049
0.0028250000000000,-0.0051929668104774
-0.0038750000000000,0.0018033337180131
-0.0164430000000000,0.0147195213171804
-0.0273210000000000,0.0258098806075470
-0.0365810000000000,0.0352298309292383
-0.0438370000000000,0.0426199829539151
-0.0495170000000000,0.0484177640692335
-0.0528900000000000,0.0518960751065289
-0.0570190000000000,0.0561199147325367
-0.0587930000000000,0.0579795669503950
-0.0606290000000000,0.0598930093239533
-0.0617650000000000,0.0610990605528360
-0.0390840000000000,0.0390293370597906
-0.0023150000000000,0.0023146316840061
459300.2311880000052042,-4288711518.5384635925292969
517421.8039839999983087,-2819492825.5459647178649902
548237.4420359999639913,-1850593845.1451749801635742
523718.7076060000108555,-1212451355.7194883823394775
449902.3827249999740161,-792743431.2614053487777710
358320.4781450000009499,-517143218.1810745000839233
277934.1201219999929890,-336504001.5826945900917053
221027.1274069999926724,-218351096.7246133089065552
186819.8166799999889918,-141246826.8866343796253204
168781.4979839999869000,-91057382.4518653452396393
159374.4825490000075661,-58478229.4555103331804276
152256.8456510000105482,-37394299.7039868682622910
142100.2650560000038240,-23793348.6064115986227989
127962.8243019999936223,-15051188.1929583251476288
113860.2463580000039656,-9458104.0639809407293797
101023.3713529999949969,-5898434.3159008352085948
89699.4282550000061747,-3646454.6208313857205212
79975.6312020000041230,-2231796.3587319357320666
71837.7823550000030082,-1350612.4821974567603320
65085.1822190000020782,-807241.5783186287153512
59303.7409649999972316,-476087.1939755394123495
53887.7844249999980093,-276784.3847583159804344
48392.8433860000004643,-158376.3829997804132290
42720.4241879999972298,-89001.9593696522351820
37004.9045679999981076,-48992.2199299019994214
31447.0668829999995069,-26328.3153228578739800
26231.1665700000012293,-13750.5067126122976333
21491.5025060000007215,-6931.6449120202341874
17296.7883020000008401,-3323.0721592077225068
13697.7855199999994511,-1484.2751152418441052
10689.4534980000007636,-595.8637617081203643
8221.7667480000000069,-192.1081012079021093
6235.4347989999996571,-26.3086615155743857
4664.3198549999997340,29.4967963231047179
3441.5702930000002198,39.1204388912024115
2504.2832899999998517,32.5148483231346290
1796.0916680000000270,22.5557034670671328
1268.3672349999999369,13.9595247942211245
880.4135669999999436,7.8606993514472379
599.0451920000000428,4.0148977306968163
397.7736810000000105,1.8168226699978050
255.8677820000000054,0.6842877699869803
157.3771409999999946,0.1796518306036319
90.2280389999999954,0.0063060741507854
45.4100030000000032,-0.0178686115468949
16.2908189999999991,0.0021919699064021
-1.9539910000000000,0.0160571619368510
-12.7963939999999994,0.0112055673060816
-18.7061099999999989,-0.0030961210123834
-21.4109969999999983,-0.0145679425544465
-22.0979330000000012,-0.0164102810004394
-20.3434899999999992,0.0037403232920603
-17.0543580000000006,0.0139005632480824
-13.7094140000000007,0.0098753475296611
-10.8225850000000001,0.0046614733358084
-8.4834680000000002,-0.0039787470386372
-6.6422759999999998,-0.0099636316090015
-5.2090550000000002,-0.0103666639984370
-4.0950879999999996,-0.0054963022832153
-3.2213059999999998,-0.0023139239783689
-2.5312350000000001,-0.0019336746704561
-1.9884620000000000,0.0008730270110806
-1.5607770000000001,0.0052365773317997
-1.2222800000000000,0.0091148385469195
-0.9548610000000000,0.0128414973800561
-0.7412450000000000,0.0136128089730682
-0.3799550000000000,0.0098348814734979
-0.1766240000000000,0.0006499154910945
-0.0583130000000000,-0.0142738120674888
0.0089140000000000,-0.0275353055491545
0.0434910000000000,-0.0345856290858109
0.0595800000000000,-0.0370992200368690
0.0643190000000000,-0.0355519988262315
0.0617080000000000,-0.0304346976680461
0.0558500000000000,-0.0240156475398433
0.0486440000000000,-0.0172376333067112
0.0394660000000000,-0.0089781148080576
0.0306690000000000,-0.0013295145843660
0.0136410000000000,0.0131934394931136
-0.0002580000000000,0.0246323748667292
-0.0125150000000000,0.0346015401547723
-0.0217880000000000,0.0417837716491899
-0.0295060000000000,0.0476028467879511
-0.0359720000000000,0.0523481168296071
-0.0404000000000000,0.0552182360416287
-0.0441370000000000,0.0575452815285252
-0.0468800000000000,0.0590123833186149
-0.0495790000000000,0.0605568595117773
-0.0359840000000000,0.0368851189918406
-0.0019620000000000,0.0019680716920069
961257.3850620000157505,-20997214480.8167915344238281
1480841.6456100000068545,-13719849738.7085304260253906
2118779.6896600001491606,-8948421814.5317592620849609
2411910.8515539998188615,-5824578050.0808467864990234
2006234.4718390000052750,-3782369753.9939246177673340
1352799.3509529998991638,-2449768280.0455436706542969
854383.2157270000316203,-1582166264.7142527103424072
558116.8289090000325814,-1018655172.7251302003860474
403985.4766470000031404,-653585458.6312694549560547
335908.9384989999816753,-417738053.7664463520050049
318801.1914129999931902,-265850201.2958792448043823
333519.2426839999970980,-168380892.8774879276752472
375942.3985419999808073,-106094433.0850050300359726
441151.7532619999838062,-66485358.9465462788939476
507567.6195440000155941,-41426501.8694734424352646
539421.2053189999423921,-25640482.4711783118546009
511452.0783170000067912,-15722689.1227028183639050
433559.5850010000285693,-9511666.8497322555631399
339926.9330949999857694,-5651748.6585884066298604
259525.1277929999923799,-3286138.8234111247584224
203875.3631950000126380,-1864649.4060601484961808
171862.3002480000141077,-1031997.2911616950295866
156946.9721509999944828,-559826.8570532905869186
151185.5143589999934193,-302366.5995502377627417
145177.2247940000088420,-165386.2340735566976946
131783.3302069999917876,-90139.7314084696117789
115757.5882779999956256,-50437.5275872001438984
98255.7119249999959720,-29225.1569966315000784
80581.1763599999976577,-17353.0833567711306387
64110.8845450000007986,-10404.1555247789729037
49747.2234519999983604,-6234.2422195396575262
37812.4333330000008573,-3700.4814082718803547
28260.3328629999996338,-2171.4236466290967655
20827.7152940000014496,-1263.7919693252442812
15155.6915090000002238,-724.5031675925474701
10898.9009929999992892,-406.2189804999834450
7750.0792789999995875,-220.8378342374517160
5450.7465609999999288,-115.3336961834957037
3790.7634100000000217,-56.7734324076473058
2605.0868120000000090,-25.3984915239161637
1767.0504399999999805,-9.6104080979457649
1180.8969609999999193,-2.5006273609301388
775.2056649999999536,0.0931213432323830
497.4173900000000117,0.6325859691153255
309.3953759999999988,0.4495802220992005
183.8017879999999877,0.1689729095694759
101.2441280000000035,0.0088992617145038
48.0964290000000005,-0.0245776575289298
14.8501779999999997,0.0007445416121161
-5.0981379999999996,0.0238546654188445
-16.3103900000000017,0.0176085794108332
-24.0470790000000001,-0.0349295443763076
-22.9983730000000008,-0.0239366582911842
-19.3381560000000015,0.0215639783411667
-15.4104460000000003,0.0302690246911901
-12.0079019999999996,0.0108433283596732
-9.2955089999999991,-0.0103850097027554
-7.2052050000000003,-0.0215215710595604
-5.6161930000000000,-0.0152787127405789
-4.4005590000000003,-0.0025298325859540
-3.4518870000000001,0.0019180094173512
-2.7044290000000002,-0.0001076011440739
-2.1170200000000001,-0.0007807385489706
-1.6592830000000001,0.0052421011778572
-1.2994170000000000,0.0126779123708185
-1.0140849999999999,0.0183221488397470
-0.5233530000000000,0.0156274334156467
-0.2430460000000000,0.0033159683641695
-0.0860250000000000,-0.0092592461878778
0.0052330000000000,-0.0242148840485967
0.0540420000000000,-0.0336688658512134
0.0778860000000000,-0.0379299205826200
0.0864160000000000,-0.0373621926337859
0.0855710000000000,-0.0329433349362820
0.0801690000000000,-0.0268577048542722
0.0718030000000000,-0.0193026485102355
0.0620230000000000,-0.0110872627770089
0.0518800000000000,-0.0028677600018975
0.0326710000000000,0.0121642125094047
0.0164290000000000,0.0243031978637420
0.0032880000000000,0.0336246674266172
-0.0078110000000000,0.0412310039725637
-0.0174200000000000,0.0476668632919439
-0.0250850000000000,0.0524560996706126
-0.0309170000000000,0.0556843448419627
-0.0355280000000000,0.0579387677172362
-0.0389440000000000,0.0592222285343805
-0.0420830000000000,0.0604315466937246
-0.0347390000000000,0.0362451430543647
-0.0015390000000000,0.0015491483120733
1408844.5526499999687076,-14675505527.2596416473388672
2837236.9785110000520945,-9463370228.0831909179687500
7356655.6077380003407598,-6084764564.2540664672851562
3445625.1787490001879632,-1571502090.2978281974792480
1647090.5012779999524355,-988459471.9993976354598999
927475.0969350000377744,-617302338.7631909847259521
485669.5841409999993630,-234069449.2702414989471436
502024.6041069999919273,-141550423.6286093890666962
663404.0637369999894872,-84342701.4925390928983688
1052820.4307230000849813,-49543472.7546762004494667
1966493.7132709999568760,-29158968.9957613088190556
4342545.9882920002564788,-18861826.4112104102969170
5399199.9507430000230670,-6149231.6807944793254137
2259589.3640499999746680,-1891641.4184040213003755
1134601.3362499999348074,-284049.3372586037730798
644984.6517789999488741,343268.0357593147782609
469393.5369230000069365,481946.3493879969464615
387113.3939230000250973,449751.5020068323356099
419053.8986000000149943,278867.4356192330014892
575491.3871359999757260,-13754.2801571456948295
1291997.0553220000583678,-851273.2550025064265355
659215.0520000000251457,-466984.7593388249515556
301054.9119170000194572,-158790.8228569943166804
164518.8697049999900628,-60223.9264735525648575
100067.8660999999992782,-24254.6686514650355093
64958.1462160000010044,-10277.7897465333589935
43753.8761470000026748,-4605.5789565271334141
30028.7216890000017884,-2199.9573378449640586
20755.2472979999984091,-1112.5390019273872895
14349.1568370000004506,-583.8473516721423948
9884.0966489999991609,-309.5642357984761475
6768.2232400000002599,-161.7014844815657852
4600.3333540000003268,-81.6314079781204782
3099.0882459999997991,-38.8804384274289987
2065.3945560000001933,-16.6606269224726020
1358.6398180000001048,-5.9104853696867394
879.2717199999999593,-1.3753963638354207
556.9752089999999498,0.0969295336534515
342.4174199999999928,0.3032370906768165
201.2597059999999942,0.1490504282788550
109.7648269999999968,0.0089737149894233
51.6262990000000030,-0.0260614086322590
15.7108059999999998,0.0031823338617265
-5.5560150000000004,0.0312143736862689
-23.0661750000000012,-0.0031713281342753
-25.0214500000000015,-0.0394111130736334
-21.8526929999999986,0.0011356372986064
-17.6148859999999985,0.0320649104724104
-13.7222690000000007,0.0187925721554780
-10.5683939999999996,-0.0043502046480999
-8.1414860000000004,-0.0170727118377929
-6.3071690000000000,-0.0153178062577188
-4.9194500000000003,-0.0043233624730190
-3.8511430000000000,0.0020524214473245
-3.0136419999999999,-0.0011771884575049
-2.3556050000000002,-0.0056125777920020
-1.8449350000000000,-0.0007764917276250
-1.4474080000000000,0.0099138708872530
-1.1335170000000001,0.0197945925624163
-0.5896190000000000,0.0208115839714691
-0.2751600000000000,0.0071475823911248
-0.0991910000000000,-0.0062695933595177
0.0011720000000000,-0.0208761939988427
0.0556590000000000,-0.0313843903757657
0.0833090000000000,-0.0373882365220639
0.0935780000000000,-0.0377899377539620
0.0939320000000000,-0.0344231122638131
0.0880090000000000,-0.0279522316455092
0.0792840000000000,-0.0202913502260871
0.0695550000000000,-0.0124204600929667
0.0598000000000000,-0.0048885620403706
0.0397830000000000,0.0103812558638419
0.0227390000000000,0.0228076812704956
0.0078230000000000,0.0334422876323539
-0.0033230000000000,0.0406798342127558
-0.0134120000000000,0.0472204223118209
-0.0207120000000000,0.0513054877426175
-0.0268260000000000,0.0545089899501499
-0.0316640000000000,0.0567129180313486
-0.0353900000000000,0.0580553128440788
-0.0390470000000000,0.0595554651570131
-0.0337840000000000,0.0354674396906080
-0.0000000000000000,0.0000113429274115
