[[-8.34790578e+11  1.46582278e+11 -5.90938816e+09  6.69926789e+07
   1.11593740e+06 -9.56067005e+04 -2.03482530e+03 -4.16453538e+00]
 [ 1.06004875e+12 -1.76689566e+11  6.90427510e+09 -9.31693158e+07
   2.33043447e+06 -8.38442691e+04  1.70240451e+03 -4.04042513e+00]
 [-3.85776873e+12  6.92512496e+11 -3.04061834e+10  5.19162575e+08
  -2.22284851e+06 -2.19483988e+05 -4.88949913e+03 -2.55227960e-01]
 [ 2.21399926e+12 -3.71175621e+11  1.40253424e+10 -1.05596972e+08
  -1.60172253e+06  1.52867780e+04  1.13740658e+03 -6.16313519e-01]
 [-5.62158676e+12  1.04276219e+12 -5.02020490e+10  1.11902706e+09
  -1.54160491e+07  3.13462310e+03 -3.89204998e+03  9.85454547e-02]
 [ 2.94218408e+12 -5.24782801e+11  2.36903598e+10 -4.26835006e+08
   3.82052950e+06 -3.26605427e+02  5.84613321e+02  1.07006021e-01]
 [-5.40881529e+12  1.02373721e+12 -4.84433695e+10  9.83754655e+08
  -1.13146244e+07  1.91144977e+04 -1.72473606e+03 -1.60741528e-02]
 [ 3.14522493e+12 -6.34297135e+11  3.82454042e+10 -1.32173547e+09
   3.13264947e+07 -4.06966514e+05  2.44596817e+03  1.05178854e-02]
 [-3.39723683e+12  6.45231401e+11 -2.17666575e+10 -1.30440400e+08
   1.75656396e+07 -3.49665379e+05  1.63976969e+03 -1.20224657e-02]
 [ 2.50176365e+12 -5.91447959e+11  4.34774285e+10 -1.89241969e+09
   5.18010027e+07 -7.43502208e+05  4.39689602e+03 -2.34665633e-01]
 [-6.62034664e+11  1.48477665e+11  9.16775202e+09 -1.15288929e+09
   3.76794374e+07 -5.49549908e+05  3.00710663e+03 -1.46160790e-01]
 [ 7.36563059e+11 -2.86692683e+11  2.35591045e+10 -1.11559895e+09
   3.15732005e+07 -4.46218298e+05  2.48698764e+03 -1.25015211e-01]
 [ 1.78993421e+12 -2.42544873e+11  2.61679369e+10 -1.28200290e+09
   2.86199812e+07 -2.97929886e+05  1.24960650e+03 -8.56941613e-02]
 [-1.95847761e+12  2.25357387e+11 -1.56018982e+10  6.01306319e+08
  -1.35471113e+07  1.91950550e+05 -1.34561598e+03  1.37480315e-01]
 [ 3.98089678e+12 -5.49914118e+11  3.59924539e+10 -1.11891002e+09
   1.36649237e+07  7.89621843e+03 -9.81705677e+02  1.09924797e-01]
 [-5.42578634e+12  8.33448697e+11 -5.74454685e+10  2.11719082e+09
  -4.37418396e+07  4.91557291e+05 -2.47433169e+03  2.20861036e-01]
 [ 8.36399336e+12 -1.17953393e+12  6.99585034e+10 -2.04579617e+09
   2.90909760e+07 -1.68824228e+05 -4.51523488e+00  4.96918487e-01]
 [-1.37719001e+13  2.14746146e+12 -1.39799800e+11  4.60911922e+09
  -7.80829683e+07  6.14720753e+05 -1.68066454e+03  3.23485607e-01]
 [ 6.05281793e+12 -8.61546633e+11  5.11485259e+10 -1.54487847e+09
   2.50858021e+07 -2.22533377e+05  9.63262108e+02  7.57384846e-02]]