R	Gamma	E
2.50	0	-78.66000885778
2.50	5	-78.659015593671
2.50	10	-78.657288096673
2.50	15	-78.656558162839
2.50	20	-78.657234792703
2.50	25	-78.658899794639
2.50	30	-78.661028407906
2.50	35	-78.663226856946
2.50	40	-78.66527240568
2.50	45	-78.667062384939
2.50	50	-78.668569034753
2.50	55	-78.669803612792
2.50	60	-78.670793610619
2.50	65	-78.671570596084
2.50	70	-78.672164181444
2.50	75	-78.672599439707
2.50	80	-78.672896090561
2.50	85	-78.673068368948
2.50	90	-78.673124819284
2.60	0	-78.665753645754
2.60	5	-78.665511364869
2.60	10	-78.665055330683
2.60	15	-78.664865689948
2.60	20	-78.665186191112
2.60	25	-78.665971914301
2.60	30	-78.667044902924
2.60	35	-78.668224743294
2.60	40	-78.669379971423
2.60	45	-78.670433354291
2.60	50	-78.671349513547
2.60	55	-78.672119719193
2.60	60	-78.672749585174
2.60	65	-78.673251266326
2.60	70	-78.673638636004
2.60	75	-78.673924713087
2.60	80	-78.674120453997
2.60	85	-78.674234287825
2.60	90	-78.674271669798
2.70	0	-78.66954652921
2.70	5	-78.669485972087
2.70	10	-78.669380850869
2.70	15	-78.66938563498
2.70	20	-78.669603405442
2.70	25	-78.670039866027
2.70	30	-78.670633312083
2.70	35	-78.6713029313
2.70	40	-78.671978747948
2.70	45	-78.672612534332
2.70	50	-78.673177031082
2.70	55	-78.673660808696
2.70	60	-78.67406253229
2.70	65	-78.674386439189
2.70	70	-78.674638477188
2.70	75	-78.674825555551
2.70	80	-78.674953941421
2.70	85	-78.675028607394
2.70	90	-78.675053046146
2.80	0	-78.672036370486
2.80	5	-78.672025761125
2.80	10	-78.672019398561
2.80	15	-78.672072526582
2.80	20	-78.672227181296
2.80	25	-78.67249051383
2.80	30	-78.672838765922
2.80	35	-78.673234557743
2.80	40	-78.673640653642
2.80	45	-78.674028428126
2.80	50	-78.674379522367
2.80	55	-78.674684663424
2.80	60	-78.674940912092
2.80	65	-78.675149199581
2.80	70	-78.675312324136
2.80	75	-78.675433684358
2.80	80	-78.675516839837
2.80	85	-78.675565130155
2.80	90	-78.67558098031
2.90	0	-78.673671570666
2.90	5	-78.673674127233
2.90	10	-78.673691130386
2.90	15	-78.673744164109
2.90	20	-78.673850607972
2.90	25	-78.674014299596
2.90	30	-78.67422508265
2.90	35	-78.67446444327
2.90	40	-78.674712280872
2.90	45	-78.674951664853
2.90	50	-78.675170800766
2.90	55	-78.675363069539
2.90	60	-78.675525763959
2.90	65	-78.675658701065
2.90	70	-78.675762866542
2.90	75	-78.675840318384
2.90	80	-78.675893272331
2.90	85	-78.67592389756
2.90	90	-78.675933906936
3.00	0	-78.674745410151
3.00	5	-78.674750204365
3.00	10	-78.674768120502
3.00	15	-78.674808316143
3.00	20	-78.674878449178
3.00	25	-78.674980150419
3.00	30	-78.675108728306
3.00	35	-78.675254439338
3.00	40	-78.675406078259
3.00	45	-78.675553777198
3.00	50	-78.675690027596
3.00	55	-78.675810273475
3.00	60	-78.675912266972
3.00	65	-78.675995584037
3.00	70	-78.67606079999
3.00	75	-78.676109031042
3.00	80	-78.676141735706
3.00	85	-78.676160497139
3.00	90	-78.676166595052
3.10	0	-78.67544792022
3.10	5	-78.675451770663
3.10	10	-78.675465084901
3.10	15	-78.67549186341
3.10	20	-78.67553577211
3.10	25	-78.675597678729
3.10	30	-78.675675121259
3.10	35	-78.675762991126
3.10	40	-78.675854944203
3.10	45	-78.675944949818
3.10	50	-78.676028310174
3.10	55	-78.676102011533
3.10	60	-78.676164518284
3.10	65	-78.676215360086
3.10	70	-78.676254803903
3.10	75	-78.676283618409
3.10	80	-78.67630286795
3.10	85	-78.67631374741
3.10	90	-78.676317241818
3.20	0	-78.675903403322
3.20	5	-78.675905866573
3.20	10	-78.675914134632
3.20	15	-78.675930256206
3.20	20	-78.675956102479
3.20	25	-78.675992242986
3.20	30	-78.67603741343
3.20	35	-78.676088835949
3.20	40	-78.676142926452
3.20	45	-78.676196153159
3.20	50	-78.676245610843
3.20	55	-78.676289314201
3.20	60	-78.676326158996
3.20	65	-78.676355773083
3.20	70	-78.67637834319
3.20	75	-78.676394433263
3.20	80	-78.676404879609
3.20	85	-78.676410609131
3.20	90	-78.67641241297
3.30	0	-78.676194299763
3.30	5	-78.676195588988
3.30	10	-78.676199938284
3.30	15	-78.676208489089
3.30	20	-78.676222333081
3.30	25	-78.676241850252
3.30	30	-78.676266445281
3.30	35	-78.676294697837
3.30	40	-78.676324695005
3.30	45	-78.676354427461
3.30	50	-78.676382137922
3.30	55	-78.676406520635
3.30	60	-78.676426820494
3.30	65	-78.676442760206
3.30	70	-78.676454474628
3.30	75	-78.676462408126
3.30	80	-78.676467226571
3.30	85	-78.676469689927
3.30	90	-78.676470417633
3.40	0	-78.676375872071
3.40	5	-78.676376329061
3.40	10	-78.6763779938
3.40	15	-78.676381529522
3.40	20	-78.676387599236
3.40	25	-78.676396493374
3.40	30	-78.676408013636
3.40	35	-78.676421554904
3.40	40	-78.676436235205
3.40	45	-78.676451020636
3.40	50	-78.676464886258
3.40	55	-78.676476993846
3.40	60	-78.676486806339
3.40	65	-78.676494118519
3.40	70	-78.676499024859
3.40	75	-78.676501885351
3.40	80	-78.676503247895
3.40	85	-78.676503727113
3.40	90	-78.676503814375
3.50	0	-78.676485309021
3.50	5	-78.676485232907
3.50	10	-78.676485172074
3.50	15	-78.676485517725
3.50	20	-78.676486672152
3.50	25	-78.676488877626
3.50	30	-78.676492184197
3.50	35	-78.676496487781
3.50	40	-78.676501558118
3.50	45	-78.676506978102
3.50	50	-78.676512192857
3.50	55	-78.676516663859
3.50	60	-78.676519994204
3.50	65	-78.676522017963
3.50	70	-78.676522808125
3.50	75	-78.676522653162
3.50	80	-78.676521998469
3.50	85	-78.676521339034
3.50	90	-78.676521070352
3.60	0	-78.676547579053
3.60	5	-78.676547174677
3.60	10	-78.676546050523
3.60	15	-78.676544433177
3.60	20	-78.676542566116
3.60	25	-78.676540665585
3.60	30	-78.676538934871
3.60	35	-78.676537595316
3.60	40	-78.676536807354
3.60	45	-78.676536530791
3.60	50	-78.676536503515
3.60	55	-78.67653636873
3.60	60	-78.676535830346
3.60	65	-78.676534746851
3.60	70	-78.676533165843
3.60	75	-78.676531318629
3.60	80	-78.676529567765
3.60	85	-78.676528309326
3.60	90	-78.676527861424
3.70	0	-78.676579349471
3.70	5	-78.676578749375
3.70	10	-78.676577003958
3.70	15	-78.676574222114
3.70	20	-78.676570575245
3.70	25	-78.676566273646
3.70	30	-78.676561620086
3.70	35	-78.676557016855
3.70	40	-78.676552842504
3.70	45	-78.676549271696
3.70	50	-78.676546216711
3.70	55	-78.676543439106
3.70	60	-78.676540705158
3.70	65	-78.676537892622
3.70	70	-78.676535035643
3.70	75	-78.676532321497
3.70	80	-78.676530043505
3.70	85	-78.67652852696
3.70	90	-78.676527992601
3.80	0	-78.676591679259
3.80	5	-78.676590972868
3.80	10	-78.676588890242
3.80	15	-78.676585486057
3.80	20	-78.67658088828
3.80	25	-78.676575321473
3.80	30	-78.676569148146
3.80	35	-78.676562855835
3.80	40	-78.676556919983
3.80	45	-78.676551615951
3.80	50	-78.676546952523
3.80	55	-78.676542768465
3.80	60	-78.676538881167
3.80	65	-78.676535191406
3.80	70	-78.676531727799
3.80	75	-78.676528644393
3.80	80	-78.676526177523
3.80	85	-78.676524569768
3.80	90	-78.676524035012
3.90	0	-78.6765918797
3.90	5	-78.676591129396
3.90	10	-78.67658890453
3.90	15	-78.67658524291
3.90	20	-78.676580260294
3.90	25	-78.676574193025
3.90	30	-78.676567429041
3.90	35	-78.676560475768
3.90	40	-78.676553824529
3.90	45	-78.676547779419
3.90	50	-78.676542398311
3.90	55	-78.676537575422
3.90	60	-78.676533174803
3.90	65	-78.676529123964
3.90	70	-78.676525453583
3.90	75	-78.676522293509
3.90	80	-78.676519845314
3.90	85	-78.676518260303
3.90	90	-78.676517742241
4.00	0	-78.676584771235
4.00	5	-78.67658403609
4.00	10	-78.676581809067
4.00	15	-78.676578141936
4.00	20	-78.676573154371
4.00	25	-78.676567089714
4.00	30	-78.676560333476
4.00	35	-78.676553370062
4.00	40	-78.67654665754
4.00	45	-78.676540487458
4.00	50	-78.67653493828
4.00	55	-78.676529947212
4.00	60	-78.676525422398
4.00	65	-78.676521321571
4.00	70	-78.676517682733
4.00	75	-78.676514629543
4.00	80	-78.676512269275
4.00	85	-78.676510795487
4.00	90	-78.676510313082
4.10	0	-78.676573599993
4.10	5	-78.676572885315
4.10	10	-78.676570752912
4.10	15	-78.67656727047
4.10	20	-78.67656251277
4.10	25	-78.676556765023
4.10	30	-78.676550379238
4.10	35	-78.676543791901
4.10	40	-78.676537404761
4.10	45	-78.676531475325
4.10	50	-78.676526087759
4.10	55	-78.676521213866
4.10	60	-78.676516802849
4.10	65	-78.676512856361
4.10	70	-78.676509372283
4.10	75	-78.676506501207
4.10	80	-78.67650433783
4.10	85	-78.676502990193
4.10	90	-78.676502552878
4.20	0	-78.676560481605
4.20	5	-78.676559820605
4.20	10	-78.67655784743
4.20	15	-78.676554615592
4.20	20	-78.676550254057
4.20	25	-78.676545016159
4.20	30	-78.67653919614
4.20	35	-78.676533175198
4.20	40	-78.67652731843
4.20	45	-78.676521830565
4.20	50	-78.676516807555
4.20	55	-78.676512221045
4.20	60	-78.676508069486
4.20	65	-78.676504348781
4.20	70	-78.676501146633
4.20	75	-78.676498524304
4.20	80	-78.676496571061
4.20	85	-78.676495364737
4.20	90	-78.676494976894
4.30	0	-78.676546834055
4.30	5	-78.676546235793
4.30	10	-78.676544452342
4.30	15	-78.676541542147
4.30	20	-78.676537633455
4.30	25	-78.676532942388
4.30	30	-78.676527761417
4.30	35	-78.676522411629
4.30	40	-78.676517170888
4.30	45	-78.676512218103
4.30	50	-78.676507631445
4.30	55	-78.676503430855
4.30	60	-78.676499627975
4.30	65	-78.676496252903
4.30	70	-78.676493359015
4.30	75	-78.676491013363
4.30	80	-78.676489282784
4.30	85	-78.676488221429
4.30	90	-78.676487883652
4.40	0	-78.676533566318
4.40	5	-78.676533032265
4.40	10	-78.676531444118
4.40	15	-78.676528862896
4.40	20	-78.676525412775
4.40	25	-78.676521290904
4.40	30	-78.676516751373
4.40	35	-78.676512062215
4.40	40	-78.676507448814
4.40	45	-78.676503057213
4.40	50	-78.676498959963
4.40	55	-78.676495190618
4.40	60	-78.67649177851
4.40	65	-78.676488763861
4.40	70	-78.676486197843
4.40	75	-78.676484135419
4.40	80	-78.676482625587
4.40	85	-78.676481704987
4.40	90	-78.676481415471
4.50	0	-78.676521222159
4.50	5	-78.676520748256
4.50	10	-78.676519343281
4.50	15	-78.676517069861
4.50	20	-78.676514046863
4.50	25	-78.676510452971
4.50	30	-78.676506508127
4.50	35	-78.676502434987
4.50	40	-78.676498415671
4.50	45	-78.676494569134
4.50	50	-78.676490961718
4.50	55	-78.676487633845
4.50	60	-78.676484623691
4.50	65	-78.676481974905
4.50	70	-78.676479734047
4.50	75	-78.676477945146
4.50	80	-78.676476643817
4.50	85	-78.676475854217
4.50	90	-78.67647560918
4.60	0	-78.67651008202
4.60	5	-78.67650966099
4.60	10	-78.676508417317
4.60	15	-78.676506414862
4.60	20	-78.676503767924
4.60	25	-78.676500638987
4.60	30	-78.676497219135
4.60	35	-78.676493694045
4.60	40	-78.676490211419
4.60	45	-78.676486868624
4.60	50	-78.676483724235
4.60	55	-78.676480820532
4.60	60	-78.676478198139
4.60	65	-78.676475899043
4.60	70	-78.676473964064
4.60	75	-78.676472427824
4.60	80	-78.676471315921
4.60	85	-78.67647064625
4.60	90	-78.676470416325
4.70	0	-78.676500240661
4.70	5	-78.676499864604
4.70	10	-78.676498757031
4.70	15	-78.676496983748
4.70	20	-78.676494655435
4.70	25	-78.676491921555
4.70	30	-78.67648894998
4.70	35	-78.676485896862
4.70	40	-78.676482883002
4.70	45	-78.676479988089
4.70	50	-78.676477263192
4.70	55	-78.676474748279
4.70	60	-78.676472481859
4.70	65	-78.676470501994
4.70	70	-78.676468843008
4.70	75	-78.67646753834
4.70	80	-78.676466587031
4.70	85	-78.676466016501
4.70	90	-78.676465823196
4.80	0	-78.67649166653
4.80	5	-78.676491327854
4.80	10	-78.676490332696
4.80	15	-78.676488749099
4.80	20	-78.676486684893
4.80	25	-78.676484279632
4.80	30	-78.676481682308
4.80	35	-78.67647902645
4.80	40	-78.676476411962
4.80	45	-78.67647390432
4.80	50	-78.676471546803
4.80	55	-78.676469375063
4.80	60	-78.676467423465
4.80	65	-78.676465724797
4.80	70	-78.676464314137
4.80	75	-78.676463191026
4.80	80	-78.676462387895
4.80	85	-78.676461906825
4.80	90	-78.676461742809
4.90	0	-78.676484247481
4.90	5	-78.676483940021
4.90	10	-78.676483037683
4.90	15	-78.676481610549
4.90	20	-78.676479764364
4.90	25	-78.676477630088
4.90	30	-78.676475342286
4.90	35	-78.676473016645
4.90	40	-78.676470737053
4.90	45	-78.676468557643
4.90	50	-78.676466514429
4.90	55	-78.676464637977
4.90	60	-78.676462957477
4.90	65	-78.676461500229
4.90	70	-78.676460289364
4.90	75	-78.676459336389
4.90	80	-78.676458655955
4.90	85	-78.676458248771
4.90	90	-78.676458108711
5.00	0	-78.6764778281
5.00	5	-78.67647754741
5.00	10	-78.676476723428
5.00	15	-78.676475427915
5.00	20	-78.676473763779
5.00	25	-78.676471854948
5.00	30	-78.676469824139
5.00	35	-78.676467773148
5.00	40	-78.676465773357
5.00	45	-78.676463869756
5.00	50	-78.676462092278
5.00	55	-78.676460466038
5.00	60	-78.676459015239
5.00	65	-78.676457764119
5.00	70	-78.67645672251
5.00	75	-78.676455910096
5.00	80	-78.676455330659
5.00	85	-78.676454984181
5.00	90	-78.676454864058
5.10	0	-78.676472241237
5.10	5	-78.676471987331
5.10	10	-78.676471229329
5.10	15	-78.676470048443
5.10	20	-78.67646854144
5.10	25	-78.676466825118
5.10	30	-78.676465012052
5.10	35	-78.676463192772
5.10	40	-78.676461428827
5.10	45	-78.676459757933
5.10	50	-78.676458204725
5.10	55	-78.676456789547
5.10	60	-78.676455535346
5.10	65	-78.676454449622
5.10	70	-78.676453554996
5.10	75	-78.676452858394
5.10	80	-78.676452362249
5.10	85	-78.676452065746
5.10	90	-78.676451982027
5.20	0	-78.676467332502
5.20	5	-78.676467097837
5.20	10	-78.676466406629
5.20	15	-78.676465330417
5.20	20	-78.676463964567
5.20	25	-78.676462418749
5.20	30	-78.676460795943
5.20	35	-78.676459177189
5.20	40	-78.676457615963
5.20	45	-78.676456144067
5.20	50	-78.676454781697
5.20	55	-78.676453549105
5.20	60	-78.676452451183
5.20	65	-78.67645151096
5.20	70	-78.676450738006
5.20	75	-78.676450137441
5.20	80	-78.676449710142
5.20	85	-78.676449454932
5.20	90	-78.676449365166
5.30	0	-78.676462975754
5.30	5	-78.67646276071
5.30	10	-78.676462137058
5.30	15	-78.676461156255
5.30	20	-78.676459922375
5.30	25	-78.67645853311
5.30	30	-78.676457082282
5.30	35	-78.676455642068
5.30	40	-78.676454259044
5.30	45	-78.676452967611
5.30	50	-78.676451765968
5.30	55	-78.676450679392
5.30	60	-78.676449721283
5.30	65	-78.676448902765
5.30	70	-78.676448231364
5.30	75	-78.676447710683
5.30	80	-78.676447340737
5.30	85	-78.676447119915
5.30	90	-78.676447041825
5.40	0	-78.676459078517
5.40	5	-78.676458883411
5.40	10	-78.676458318768
5.40	15	-78.676457442418
5.40	20	-78.676456337668
5.40	25	-78.676455088801
5.40	30	-78.676453797065
5.40	35	-78.676452526551
5.40	40	-78.676451301266
5.40	45	-78.676450152965
5.40	50	-78.676449096173
5.40	55	-78.676448142336
5.40	60	-78.676447302759
5.40	65	-78.676446586778
5.40	70	-78.676446000779
5.40	75	-78.676445547147
5.40	80	-78.6764452254
5.40	85	-78.676445033595
5.40	90	-78.676444965472
5.50	0	-78.676455578455
5.50	5	-78.676455403631
5.50	10	-78.676454898113
5.50	15	-78.676454115341
5.50	20	-78.676453131814
5.50	25	-78.676452031044
5.50	30	-78.676450888121
5.50	35	-78.676449758978
5.50	40	-78.67644867891
5.50	45	-78.676447667488
5.50	50	-78.676446737178
5.50	55	-78.676445897895
5.50	60	-78.676445159533
5.50	65	-78.676444530717
5.50	70	-78.676444016886
5.50	75	-78.676443619914
5.50	80	-78.676443339017
5.50	85	-78.676443171785
5.50	90	-78.676443112152
5.60	0	-78.676452435566
5.60	5	-78.676452280735
5.60	10	-78.676451833416
5.60	15	-78.676451142036
5.60	20	-78.676450274987
5.60	25	-78.676449306672
5.60	30	-78.676448302483
5.60	35	-78.676447310805
5.60	40	-78.676446361675
5.60	45	-78.676445471871
5.60	50	-78.676444652192
5.60	55	-78.676443911993
5.60	60	-78.676443260506
5.60	65	-78.676442705938
5.60	70	-78.676442253539
5.60	75	-78.676441904908
5.60	80	-78.676441658798
5.60	85	-78.676441512624
5.60	90	-78.676441460117
5.70	0	-78.676449623049
5.70	5	-78.676449487503
5.70	10	-78.676449096194
5.70	15	-78.676448491941
5.70	20	-78.676447735092
5.70	25	-78.67644689027
5.70	30	-78.676446013845
5.70	35	-78.676445146912
5.70	40	-78.676444315126
5.70	45	-78.676443532878
5.70	50	-78.676442809951
5.70	55	-78.676442155267
5.70	60	-78.676441578319
5.70	65	-78.676441087252
5.70	70	-78.676440687279
5.70	75	-78.676440379924
5.70	80	-78.676440163648
5.70	85	-78.676440035591
5.70	90	-78.676439989343
5.80	0	-78.676447119841
5.80	5	-78.676447002422
5.80	10	-78.676446663605
5.80	15	-78.676446140567
5.80	20	-78.676445485518
5.80	25	-78.676444753589
5.80	30	-78.67644399276
5.80	35	-78.676443237608
5.80	40	-78.67644250958
5.80	45	-78.676441821396
5.80	50	-78.676441182252
5.80	55	-78.676440601341
5.80	60	-78.676440088427
5.80	65	-78.676439651748
5.80	70	-78.676439296729
5.80	75	-78.676439024748
5.80	80	-78.676438834164
5.80	85	-78.676438721555
5.80	90	-78.676438680683
5.90	0	-78.676444905639
5.90	5	-78.676444804799
5.90	10	-78.676444513868
5.90	15	-78.676444064659
5.90	20	-78.676443501382
5.90	25	-78.676442870663
5.90	30	-78.676442212443
5.90	35	-78.676441555475
5.90	40	-78.676440917927
5.90	45	-78.676440311212
5.90	50	-78.676439744285
5.90	55	-78.676439226743
5.90	60	-78.676438768697
5.90	65	-78.676438378676
5.90	70	-78.676438062346
5.90	75	-78.676437820759
5.90	80	-78.676437652101
5.90	85	-78.67643755293
5.90	90	-78.676437516703
6.00	0	-78.676442958659
6.00	5	-78.67644287265
6.00	10	-78.676442624455
6.00	15	-78.676442240581
6.00	20	-78.676441758267
6.00	25	-78.676441216069
6.00	30	-78.676440647126
6.00	35	-78.676440075068
6.00	40	-78.676439515442
6.00	45	-78.676438978524
6.00	50	-78.676438473495
6.00	55	-78.676438010275
6.00	60	-78.676437599289
6.00	65	-78.676437249502
6.00	70	-78.676436966233
6.00	75	-78.676436750915
6.00	80	-78.676436601104
6.00	85	-78.676436513426
6.00	90	-78.676436480974
6.20	0	-78.676439768912
6.20	5	-78.676439706891
6.20	10	-78.676439527368
6.20	15	-78.676439248414
6.20	20	-78.676438895025
6.20	25	-78.676438493097
6.20	30	-78.676438064601
6.20	35	-78.676437625769
6.20	40	-78.676437188229
6.20	45	-78.67643676114
6.20	50	-78.67643635406
6.20	55	-78.676435977427
6.20	60	-78.676435642114
6.20	65	-78.676435356829
6.20	70	-78.676435126835
6.20	75	-78.676434953155
6.20	80	-78.676434833449
6.20	85	-78.676434763813
6.20	90	-78.676434737565
6.40	0	-78.676437347611
6.40	5	-78.676437302446
6.40	10	-78.67643717106
6.40	15	-78.676436965556
6.40	20	-78.676436701962
6.40	25	-78.676436397466
6.40	30	-78.676436066699
6.40	35	-78.676435721246
6.40	40	-78.676435370218
6.40	45	-78.676435022407
6.40	50	-78.676434687217
6.40	55	-78.676434375329
6.40	60	-78.676434096887
6.40	65	-78.676433860232
6.40	70	-78.676433670051
6.40	75	-78.676433527078
6.40	80	-78.676433429118
6.40	85	-78.676433372521
6.40	90	-78.676433350614
6.60	0	-78.676435503266
6.60	5	-78.676435469276
6.60	10	-78.676435370091
6.60	15	-78.676435213534
6.60	20	-78.67643501035
6.60	25	-78.67643477166
6.60	30	-78.676434507782
6.60	35	-78.676434227515
6.60	40	-78.676433938548
6.60	45	-78.676433649158
6.60	50	-78.676433368262
6.60	55	-78.676433105839
6.60	60	-78.676432871041
6.60	65	-78.676432671548
6.60	70	-78.676432511232
6.60	75	-78.676432390911
6.60	80	-78.676432308674
6.60	85	-78.676432261088
6.60	90	-78.676432242336
6.80	0	-78.676434080485
6.80	5	-78.67643405392
6.80	10	-78.676433975911
6.80	15	-78.67643385188
6.80	20	-78.676433689
6.80	25	-78.676433495242
6.80	30	-78.676433278163
6.80	35	-78.676433044779
6.80	40	-78.676432801913
6.80	45	-78.676432556925
6.80	50	-78.676432318095
6.80	55	-78.676432094269
6.80	60	-78.676431893755
6.80	65	-78.676431722872
6.80	70	-78.676431585374
6.80	75	-78.676431481884
6.80	80	-78.676431410959
6.80	85	-78.676431369952
6.80	90	-78.67643135328
7.00	0	-78.676432964453
7.00	5	-78.676432942816
7.00	10	-78.676432879187
7.00	15	-78.676432777338
7.00	20	-78.676432642443
7.00	25	-78.676432480728
7.00	30	-78.676432297744
7.00	35	-78.676432099501
7.00	40	-78.676431891956
7.00	45	-78.676431681876
7.00	50	-78.676431476499
7.00	55	-78.676431283604
7.00	60	-78.676431110193
7.00	65	-78.676430961967
7.00	70	-78.676430842198
7.00	75	-78.676430751813
7.00	80	-78.676430689506
7.00	85	-78.676430653283
7.00	90	-78.676430638215
7.20	0	-78.676432073637
7.20	5	-78.676432055529
7.20	10	-78.676432002097
7.20	15	-78.676431916252
7.20	20	-78.676431801954
7.20	25	-78.676431663955
7.20	30	-78.676431507024
7.20	35	-78.676431336247
7.20	40	-78.676431156965
7.20	45	-78.676430974903
7.20	50	-78.676430796761
7.20	55	-78.676430629109
7.20	60	-78.676430478054
7.20	65	-78.676430348476
7.20	70	-78.676430243291
7.20	75	-78.676430163522
7.20	80	-78.676430108166
7.20	85	-78.676430075832
7.20	90	-78.67643006202
7.40	0	-78.676431350019
7.40	5	-78.676431334499
7.40	10	-78.676431288836
7.40	15	-78.676431215199
7.40	20	-78.67643111683
7.40	25	-78.676430997506
7.40	30	-78.676430861418
7.40	35	-78.676430712976
7.40	40	-78.676430556785
7.40	45	-78.676430398292
7.40	50	-78.676430242968
7.40	55	-78.676430096704
7.40	60	-78.676429964675
7.40	65	-78.676429851161
7.40	70	-78.676429758617
7.40	75	-78.676429687962
7.40	80	-78.67642963878
7.40	85	-78.676429609985
7.40	90	-78.676429597339
7.60	0	-78.676430752059
7.60	5	-78.676430738717
7.60	10	-78.67643069924
7.60	15	-78.676430635408
7.60	20	-78.676430549971
7.60	25	-78.676430446111
7.60	30	-78.676430327414
7.60	35	-78.676430197784
7.60	40	-78.676430061582
7.60	45	-78.676429923284
7.60	50	-78.676429787909
7.60	55	-78.676429660328
7.60	60	-78.676429545162
7.60	65	-78.676429445863
7.60	70	-78.676429364736
7.60	75	-78.67642930265
7.60	80	-78.676429259123
7.60	85	-78.676429233587
7.60	90	-78.676429221979
7.80	0	-78.676430250727
7.80	5	-78.676430239123
7.80	10	-78.676430204841
7.80	15	-78.676430149289
7.80	20	-78.676430074846
7.80	25	-78.67642998428
7.80	30	-78.676429880799
7.80	35	-78.676429767825
7.80	40	-78.676429649136
7.80	45	-78.676429528844
7.80	50	-78.676429411227
7.80	55	-78.676429300567
7.80	60	-78.676429200637
7.80	65	-78.676429114377
7.80	70	-78.676429043669
7.80	75	-78.676428989425
7.80	80	-78.676428951311
7.80	85	-78.67642892887
7.80	90	-78.676428918168
8.00	0	-78.676429826061
8.00	5	-78.676429816003
8.00	10	-78.676429786166
8.00	15	-78.676429737901
8.00	20	-78.676429673173
8.00	25	-78.676429594453
8.00	30	-78.676429504428
8.00	35	-78.6764294064
8.00	40	-78.6764293036
8.00	45	-78.676429199563
8.00	50	-78.6764290981
8.00	55	-78.676429002736
8.00	60	-78.676428916547
8.00	65	-78.676428842205
8.00	70	-78.676428781138
8.00	75	-78.676428734089
8.00	80	-78.67642870099
8.00	85	-78.676428681463
8.00	90	-78.676428671687
8.20	0	-78.676429464453
8.20	5	-78.676429455701
8.20	10	-78.676429429948
8.20	15	-78.676429388186
8.20	20	-78.676429332254
8.20	25	-78.676429264146
8.20	30	-78.676429186431
8.20	35	-78.676429101922
8.20	40	-78.67642901341
8.20	45	-78.676428924089
8.20	50	-78.676428837118
8.20	55	-78.676428755472
8.20	60	-78.676428681791
8.20	65	-78.676428618096
8.20	70	-78.676428565742
8.20	75	-78.676428525273
8.20	80	-78.67642849681
8.20	85	-78.67642847985
8.20	90	-78.676428471075
8.40	0	-78.676429156559
8.40	5	-78.676429149079
8.40	10	-78.67642912692
8.40	15	-78.676429090971
8.40	20	-78.676429042834
8.40	25	-78.676428984403
8.40	30	-78.676428917738
8.40	35	-78.676428845324
8.40	40	-78.676428769746
8.40	45	-78.676428693624
8.40	50	-78.676428619562
8.40	55	-78.676428550086
8.40	60	-78.676428487399
8.40	65	-78.676428433185
8.40	70	-78.676428388496
8.40	75	-78.676428353935
8.40	80	-78.676428329487
8.40	85	-78.676428314996
8.40	90	-78.676428306893
8.60	0	-78.676428895192
8.60	5	-78.67642888883
8.60	10	-78.676428869794
8.60	15	-78.676428839178
8.60	20	-78.676428798101
8.60	25	-78.676428748165
8.60	30	-78.676428691321
8.60	35	-78.676428629721
8.60	40	-78.67642856542
8.60	45	-78.676428500814
8.60	50	-78.676428438036
8.60	55	-78.676428379252
8.60	60	-78.676428326094
8.60	65	-78.676428280145
8.60	70	-78.676428242165
8.60	75	-78.676428212738
8.60	80	-78.676428191859
8.60	85	-78.676428179465
8.60	90	-78.676428172062
8.80	0	-78.676428674348
8.80	5	-78.676428668872
8.80	10	-78.676428652753
8.80	15	-78.676428626692
8.80	20	-78.676428591715
8.80	25	-78.676428549351
8.80	30	-78.676428501119
8.80	35	-78.676428448879
8.80	40	-78.676428394463
8.80	45	-78.676428339791
8.80	50	-78.676428286701
8.80	55	-78.676428236979
8.80	60	-78.676428192015
8.80	65	-78.676428153122
8.80	70	-78.676428120935
8.80	75	-78.676428095869
8.80	80	-78.676428078038
8.80	85	-78.676428067448
8.80	90	-78.676428060636
9.00	0	-78.67642848851
9.00	5	-78.676428483872
9.00	10	-78.676428470144
9.00	15	-78.676428448052
9.00	20	-78.676428418398
9.00	25	-78.676428382432
9.00	30	-78.676428341664
9.00	35	-78.676428297382
9.00	40	-78.676428251404
9.00	45	-78.676428205195
9.00	50	-78.676428160344
9.00	55	-78.676428118403
9.00	60	-78.676428080261
9.00	65	-78.676428047354
9.00	70	-78.676428019991
9.00	75	-78.67642799863
9.00	80	-78.676427983446
9.00	85	-78.676427974414
9.00	90	-78.67642796809
9.50	0	-78.676428144652
9.50	5	-78.676428141608
9.50	10	-78.676428132559
9.50	15	-78.676428117895
9.50	20	-78.676428098199
9.50	25	-78.676428074419
9.50	30	-78.676428047324
9.50	35	-78.676428018094
9.50	40	-78.676427987642
9.50	45	-78.676427957093
9.50	50	-78.676427927348
9.50	55	-78.676427899407
9.50	60	-78.676427874104
9.50	65	-78.676427852014
9.50	70	-78.67642783366
9.50	75	-78.676427819265
9.50	80	-78.676427808955
9.50	85	-78.676427802841
9.50	90	-78.676427797526
10.00	0	-78.676427923061
10.00	5	-78.676427921021
10.00	10	-78.67642791491
10.00	15	-78.676427904942
10.00	20	-78.676427891722
10.00	25	-78.676427875554
10.00	30	-78.676427857252
10.00	35	-78.676427837447
10.00	40	-78.676427816796
10.00	45	-78.676427796011
10.00	50	-78.676427775746
10.00	55	-78.676427756733
10.00	60	-78.67642773939
10.00	65	-78.676427724292
10.00	70	-78.676427711563
10.00	75	-78.676427701613
10.00	80	-78.676427694435
10.00	85	-78.67642772927
10.00	90	-78.676427685509
10.50	0	-78.676427778069
10.50	5	-78.676427776612
10.50	10	-78.67642777234
10.50	15	-78.676427765492
10.50	20	-78.67642775623
10.50	25	-78.676427744939
10.50	30	-78.676427732151
10.50	35	-78.676427718226
10.50	40	-78.676427703738
10.50	45	-78.676427689158
10.50	50	-78.67642767496
10.50	55	-78.676427661503
10.50	60	-78.676427649253
10.50	65	-78.676427638498
10.50	70	-78.676427629502
10.50	75	-78.67642762236
10.50	80	-78.676427617292
10.50	85	-78.676427649709
10.50	90	-78.676427609946
11.00	0	-78.676427680954
11.00	5	-78.676427679941
11.00	10	-78.676427676854
11.00	15	-78.676427671891
11.00	20	-78.676427665214
11.00	25	-78.676427657039
11.00	30	-78.676427647765
11.00	35	-78.676427637748
11.00	40	-78.676427627252
11.00	45	-78.676427616609
11.00	50	-78.676427606286
11.00	55	-78.67642759653
11.00	60	-78.676427587571
11.00	65	-78.676427579722
11.00	70	-78.676427573161
11.00	75	-78.676427567946
11.00	80	-78.676427564244
11.00	85	-78.67642759387
11.00	90	-78.676427557922
11.50	0	-78.676427614163
11.50	5	-78.676427613498
11.50	10	-78.676427611144
11.50	15	-78.676427607431
11.50	20	-78.676427602484
11.50	25	-78.676427596433
11.50	30	-78.676427589533
11.50	35	-78.676427582091
11.50	40	-78.676427574229
11.50	45	-78.676427566344
11.50	50	-78.676427558627
11.50	55	-78.676427551283
11.50	60	-78.676427544659
11.50	65	-78.676427538799
11.50	70	-78.676427533851
11.50	75	-78.67642752994
11.50	80	-78.676427527139
11.50	85	-78.676427553961
11.50	90	-78.676427521611
12.00	0	-78.676427567192
12.00	5	-78.676427566664
12.00	10	-78.676427564875
12.00	15	-78.67642756207
12.00	20	-78.676427558278
12.00	25	-78.676427553698
12.00	30	-78.676427548497
12.00	35	-78.676427542713
12.00	40	-78.676427536815
12.00	45	-78.676427530809
12.00	50	-78.676427524907
12.00	55	-78.67642751932
12.00	60	-78.676427514238
12.00	65	-78.676427509786
12.00	70	-78.676427506055
12.00	75	-78.676427503016
12.00	80	-78.676427500894
12.00	85	-78.676427524865
12.00	90	-78.676427495948
12.50	0	-78.676427533509
12.50	5	-78.676427533052
12.50	10	-78.676427531724
12.50	15	-78.676427529566
12.50	20	-78.676427526649
12.50	25	-78.676427523114
12.50	30	-78.676427518967
12.50	35	-78.676427514592
12.50	40	-78.676427510024
12.50	45	-78.676427505377
12.50	50	-78.676427500827
12.50	55	-78.676427496478
12.50	60	-78.676427492569
12.50	65	-78.676427489113
12.50	70	-78.676427486225
12.50	75	-78.676427483895
12.50	80	-78.676427482253
12.50	85	-78.676427503517
12.50	90	-78.6764274776
13.00	0	-78.676427508943
13.00	5	-78.676427508597
13.00	10	-78.676427507581
13.00	15	-78.676427505892
13.00	20	-78.67642750357
13.00	25	-78.676427500809
13.00	30	-78.676427497626
13.00	35	-78.676427494186
13.00	40	-78.676427490521
13.00	45	-78.676427486874
13.00	50	-78.676427483334
13.00	55	-78.676427480001
13.00	60	-78.676427476899
13.00	65	-78.676427474213
13.00	70	-78.676427471938
13.00	75	-78.676427470052
13.00	80	-78.676427509737
13.00	85	-78.676427487746
13.00	90	-78.676427464539
13.50	0	-78.676427490984
13.50	5	-78.676427490766
13.50	10	-78.67642748982
13.50	15	-78.676427488561
13.50	20	-78.676427486698
13.50	25	-78.676427484468
13.50	30	-78.676427481979
13.50	35	-78.676427479204
13.50	40	-78.676427476368
13.50	45	-78.676427473458
13.50	50	-78.676427470694
13.50	55	-78.676427467987
13.50	60	-78.676427465541
13.50	65	-78.676427463412
13.50	70	-78.676427461643
13.50	75	-78.676427460182
13.50	80	-78.67642749757
13.50	85	-78.676427475633
13.50	90	-78.676427455078
14.00	0	-78.67642747762
14.00	5	-78.67642747741
14.00	10	-78.676427476733
14.00	15	-78.676427475625
14.00	20	-78.676427474252
14.00	25	-78.676427472453
14.00	30	-78.676427470433
14.00	35	-78.676427468195
14.00	40	-78.676427465945
14.00	45	-78.676427463699
14.00	50	-78.676427461439
14.00	55	-78.676427459276
14.00	60	-78.676427457356
14.00	65	-78.676427455599
14.00	70	-78.676427454158
14.00	75	-78.676427453017
14.00	80	-78.67642748816
14.00	85	-78.676427466624
14.00	90	-78.676427448306
14.50	0	-78.676427467683
14.50	5	-78.6764274675
14.50	10	-78.676427466959
14.50	15	-78.676427466106
14.50	20	-78.676427464951
14.50	25	-78.67642746351
14.50	30	-78.676427461882
14.50	35	-78.676427460113
14.50	40	-78.676427458258
14.50	45	-78.676427456442
14.50	50	-78.676427454564
14.50	55	-78.67642745284
14.50	60	-78.676427451277
14.50	65	-78.676427449943
14.50	70	-78.676427448835
14.50	75	-78.676427447856
14.50	80	-78.676427480811
14.50	85	-78.676427459818
14.50	90	-78.6764274434
15.00	0	-78.676427460226
15.00	5	-78.676427460125
15.00	10	-78.676427459682
15.00	15	-78.676427458978
15.00	20	-78.676427457988
15.00	25	-78.676427456819
15.00	30	-78.676427455544
15.00	35	-78.676427454108
15.00	40	-78.676427452589
15.00	45	-78.676427451052
15.00	50	-78.676427449601
15.00	55	-78.676427448253
15.00	60	-78.676427446932
15.00	65	-78.676427445783
15.00	70	-78.676427444851
15.00	75	-78.676427444105
15.00	80	-78.676427474773
15.00	85	-78.676427454465
15.00	90	-78.67642743983
16.00	0	-78.676427450464
16.00	5	-78.676427450381
16.00	10	-78.676427450138
16.00	15	-78.676427449619
16.00	20	-78.676427448982
16.00	25	-78.67642744815
16.00	30	-78.676427447281
16.00	35	-78.676427446301
16.00	40	-78.676427445278
16.00	45	-78.676427444256
16.00	50	-78.676427443234
16.00	55	-78.676427442265
16.00	60	-78.676427441466
16.00	65	-78.676427440704
16.00	70	-78.676427440075
16.00	75	-78.676427478598
16.00	80	-78.676427465794
16.00	85	-78.676427447252
16.00	90	-78.676427435682
17.00	0	-78.676427444951
17.00	5	-78.676427444887
17.00	10	-78.676427444695
17.00	15	-78.676427444348
17.00	20	-78.676427443882
17.00	25	-78.676427443389
17.00	30	-78.676427442713
17.00	35	-78.676427442055
17.00	40	-78.676427441325
17.00	45	-78.676427440639
17.00	50	-78.67642743994
17.00	55	-78.676427439254
17.00	60	-78.676427438715
17.00	65	-78.676427438159
17.00	70	-78.676427437693
17.00	75	-78.676427472506
17.00	80	-78.676427459713
17.00	85	-78.676427442976
17.00	90	-78.676427433662
18.00	0	-78.676427441845
18.00	5	-78.676427441811
18.00	10	-78.676427441702
18.00	15	-78.676427441437
18.00	20	-78.676427441102
18.00	25	-78.676427440701
18.00	30	-78.676427440268
18.00	35	-78.676427439766
18.00	40	-78.676427439261
18.00	45	-78.676427438793
18.00	50	-78.676427438269
18.00	55	-78.676427437816
18.00	60	-78.676427437404
18.00	65	-78.676427437047
18.00	70	-78.676427476499
18.00	75	-78.676427467776
18.00	80	-78.67642745505
18.00	85	-78.676427440356
18.00	90	-78.67642743289
19.00	0	-78.676427440209
19.00	5	-78.676427440126
19.00	10	-78.676427439996
19.00	15	-78.676427439864
19.00	20	-78.67642743965
19.00	25	-78.676427439383
19.00	30	-78.676427438958
19.00	35	-78.676427438702
19.00	40	-78.676427438335
19.00	45	-78.676427437961
19.00	50	-78.676427437521
19.00	55	-78.676427437164
19.00	60	-78.676427436927
19.00	65	-78.676427436633
19.00	70	-78.676427472802
19.00	75	-78.676427463798
19.00	80	-78.676427451724
19.00	85	-78.67642743887
19.00	90	-78.676427432697
20.00	0	-78.676427439316
20.00	5	-78.676427439314
20.00	10	-78.676427439209
20.00	15	-78.67642743907
20.00	20	-78.676427438957
20.00	25	-78.676427438672
20.00	30	-78.67642743843
20.00	35	-78.676427438189
20.00	40	-78.676427437897
20.00	45	-78.676427437632
20.00	50	-78.676427437357
20.00	55	-78.676427437064
20.00	60	-78.67642743689
20.00	65	-78.676427476022
20.00	70	-78.676427469476
20.00	75	-78.676427460507
20.00	80	-78.676427449129
20.00	85	-78.676427437982
20.00	90	-78.676427432929
21.00	0	-78.676427438916
21.00	5	-78.676427438899
21.00	10	-78.676427438924
21.00	15	-78.676427438729
21.00	20	-78.676427438618
21.00	25	-78.676427438469
21.00	30	-78.676427438313
21.00	35	-78.676427438085
21.00	40	-78.676427437843
21.00	45	-78.676427437624
21.00	50	-78.67642743742
21.00	55	-78.676427437285
21.00	60	-78.676427478215
21.00	65	-78.676427473223
21.00	70	-78.676427466555
21.00	75	-78.676427457696
21.00	80	-78.676427447166
21.00	85	-78.67642743749
21.00	90	-78.676427433296
22.00	0	-78.676427438828
22.00	5	-78.676427438836
22.00	10	-78.676427438789
22.00	15	-78.676427438768
22.00	20	-78.676427438591
22.00	25	-78.67642743847
22.00	30	-78.676427438321
22.00	35	-78.676427438164
22.00	40	-78.676427437995
22.00	45	-78.67642743783
22.00	50	-78.676427437745
22.00	55	-78.676427479685
22.00	60	-78.676427475748
22.00	65	-78.676427470595
22.00	70	-78.676427463851
22.00	75	-78.676427455175
22.00	80	-78.676427445553
22.00	85	-78.676427437232
22.00	90	-78.676427433726
23.00	0	-78.676427438869
23.00	5	-78.676427438889
23.00	10	-78.676427438789
23.00	15	-78.676427438722
23.00	20	-78.67642743871
23.00	25	-78.676427438548
23.00	30	-78.67642743847
23.00	35	-78.67642743835
23.00	40	-78.676427438221
23.00	45	-78.67642743806
23.00	50	-78.676427437928
23.00	55	-78.676427477461
23.00	60	-78.676427473312
23.00	65	-78.676427467994
23.00	70	-78.676427461287
23.00	75	-78.676427452989
23.00	80	-78.676427444354
23.00	85	-78.676427437072
23.00	90	-78.676427434109
24.00	0	-78.676427438995
24.00	5	-78.676427439014
24.00	10	-78.67642743894
24.00	15	-78.676427438931
24.00	20	-78.676427438835
24.00	25	-78.676427438753
24.00	30	-78.676427438679
24.00	35	-78.676427438629
24.00	40	-78.676427438493
24.00	45	-78.676427438352
24.00	50	-78.676427478493
24.00	55	-78.6764274752
24.00	60	-78.676427470942
24.00	65	-78.676427465583
24.00	70	-78.676427458937
24.00	75	-78.676427451197
24.00	80	-78.676427443284
24.00	85	-78.676427437033
24.00	90	-78.676427434574
25.00	0	-78.676427439166
25.00	5	-78.676427439189
25.00	10	-78.676427439147
25.00	15	-78.676427439099
25.00	20	-78.676427438992
25.00	25	-78.676427438999
25.00	30	-78.67642743893
25.00	35	-78.676427438878
25.00	40	-78.676427438767
25.00	45	-78.676427479226
25.00	50	-78.67642747646
25.00	55	-78.67642747291
25.00	60	-78.676427468617
25.00	65	-78.676427463272
25.00	70	-78.676427456731
25.00	75	-78.676427449593
25.00	80	-78.676427442611
25.00	85	-78.67642743709
25.00	90	-78.676427434967
50.00	0	-78.676427449409
50.00	5	-78.676427449374
50.00	10	-78.676427449119
50.00	15	-78.676427448743
50.00	20	-78.676427448256
50.00	25	-78.676427447591
50.00	30	-78.676427446757
50.00	35	-78.676427445779
50.00	40	-78.676427444777
50.00	45	-78.676427443653
50.00	50	-78.676427442493
50.00	55	-78.676427441404
50.00	60	-78.676427440207
50.00	65	-78.676427439128
50.00	70	-78.676427438181
50.00	75	-78.676427437357
50.00	80	-78.676427436735
50.00	85	-78.676427436368
50.00	90	-78.676427436176
100.00	0	-78.67642743419
100.00	5	-78.676427434258
100.00	10	-78.676427434243
100.00	15	-78.676427434167
100.00	20	-78.676427434118
100.00	25	-78.676427434024
100.00	30	-78.676427433947
100.00	35	-78.676427433897
100.00	40	-78.676427433798
100.00	45	-78.676427433744
100.00	50	-78.676427433628
100.00	55	-78.676427433515
100.00	60	-78.676427433448
100.00	65	-78.676427433378
100.00	70	-78.676427433368
100.00	75	-78.676427433313
100.00	80	-78.676427433278
100.00	85	-78.676427433245
100.00	90	-78.676427433184
