2.50,0.00,3541.7780185643796358
2.60,0.00,2457.8051236072028587
2.70,0.00,1694.3694213548671996
2.80,0.00,1158.2665010047355736
2.90,0.00,783.2815798136301737
3.00,0.00,522.3116874202862618
3.10,0.00,341.8327650716404946
3.20,0.00,217.9930330016789242
3.30,0.00,133.8419428394557258
3.40,0.00,77.3571627129826425
3.50,0.00,40.0356361847821134
3.60,0.00,15.8853692253922656
3.70,0.00,0.7031115359686035
3.80,0.00,-8.4433073618306409
3.90,0.00,-13.5857813301077357
4.00,0.00,-16.1211795759426479
4.10,0.00,-17.0006868999995469
4.20,0.00,-16.8645597364801567
4.30,0.00,-16.1376741077712644
4.40,0.00,-15.0969621401679497
4.50,0.00,-13.9187463350609146
4.60,0.00,-12.7117481429747610
4.70,0.00,-11.5399306692465249
4.80,0.00,-10.4381641042767033
4.90,0.00,-9.4228543248322794
5.00,0.00,-8.4990616983124667
5.10,0.00,-7.6651943802157652
5.20,0.00,-6.9160417355911923
5.30,0.00,-6.2446849798661139
5.40,0.00,-5.6436589440120111
5.50,0.00,-5.1056229386387209
5.60,0.00,-4.6237168307739118
5.70,0.00,-4.1917210491080725
5.80,0.00,-3.8040993173240567
5.90,0.00,-3.4559754226308530
6.00,0.00,-3.1430766062271265
6.20,0.00,-2.6084589473025321
6.40,0.00,-2.1754804150690412
6.60,0.00,-1.8248131665242027
6.80,0.00,-1.5410727378699731
7.00,0.00,-1.3117932215921571
7.20,0.00,-1.1267489142132319
7.40,0.00,-0.9775014308637435
7.60,0.00,-0.8570830302861180
7.80,0.00,-0.7597591255292112
8.00,0.00,-0.6808371463811271
8.20,0.00,-0.6165045319172953
8.40,0.00,-0.5636876236770612
8.60,0.00,-0.5199278419863597
8.80,0.00,-0.4832735496993226
9.00,0.00,-0.4521866601461200
9.50,0.00,-0.3915685971980216
10.00,0.00,-0.3463776946504409
10.50,0.00,-0.3100640270193609
11.00,0.00,-0.2792781901929436
11.50,0.00,-0.2523066934797139
12.00,0.00,-0.2282470527204143
12.50,0.00,-0.2065898824637654
13.00,0.00,-0.1870142518644852
13.50,0.00,-0.1692904774296919
14.00,0.00,-0.1532352336714113
14.50,0.00,-0.1386913409775356
15.00,0.00,-0.1255188150976078
16.00,0.00,-0.1027919730885310
17.00,0.00,-0.0841692837988995
18.00,0.00,-0.0689159675641150
19.00,0.00,-0.0564251299641344
20.00,0.00,-0.0461975531545281
21.00,0.00,-0.0378235670420716
22.00,0.00,-0.0309673950829687
23.00,0.00,-0.0253539873311460
24.00,0.00,-0.0207580996980764
25.00,0.00,-0.0169952984870926
50.00,0.00,-0.0001145134418437
100.00,0.00,-0.0000000051989022
2.50,5.00,3569.8538141145413647
2.60,5.00,2472.0090364810594110
2.70,5.00,1700.7820258410879433
2.80,5.00,1160.5118341061991032
2.90,5.00,783.4624282193530007
3.00,5.00,521.6044940970393782
3.10,5.00,340.8617243183591654
3.20,5.00,217.0621122325270846
3.30,5.00,133.0763654917949737
3.40,5.00,76.7878464577137123
3.50,5.00,39.6481802098952016
3.60,5.00,15.6473810012393066
3.70,5.00,0.5785815804091994
3.80,5.00,-8.4871576187054831
3.90,5.00,-13.5758553060618361
4.00,5.00,-16.0780723345784153
4.10,5.00,-16.9393017036162696
4.20,5.00,-16.7951238889798979
4.30,5.00,-16.0668109662935734
4.40,5.00,-15.0286560029665424
4.50,5.00,-13.8551381069574635
4.60,5.00,-12.6537533657613412
4.70,5.00,-11.4876972565916287
4.80,5.00,-10.3913970575400114
4.90,5.00,-9.3810361834328546
5.00,5.00,-8.4615948456935293
5.10,5.00,-7.6314870648222826
5.20,5.00,-6.8855551162257003
5.30,5.00,-6.2169543283934638
5.40,5.00,-5.6182986075367607
5.50,5.00,-5.0823218365468108
5.60,5.00,-4.6022290906101153
5.70,5.00,-4.1718547744568344
5.80,5.00,-3.7857053241181968
5.90,5.00,-3.4389369766975371
6.00,5.00,-3.1273006568714559
6.20,5.00,-2.5949895647224741
6.40,5.00,-2.1640805931556764
6.60,5.00,-1.8152720855493563
6.80,5.00,-1.5331854384189090
7.00,5.00,-1.3053562162371257
7.20,5.00,-1.1215632286126522
7.40,5.00,-0.9733779024970888
7.60,5.00,-0.8538471725405364
7.80,5.00,-0.7572544591008611
8.00,5.00,-0.6789268029122510
8.20,5.00,-0.6150713711421149
8.40,5.00,-0.5626332601507572
8.60,5.00,-0.5191709812560790
8.80,5.00,-0.4827479693393974
9.00,5.00,-0.4518390860775879
9.50,5.00,-0.3914998217902607
10.00,5.00,-0.3464406242745639
10.50,5.00,-0.3101825873365527
11.00,5.00,-0.2794148617540788
11.50,5.00,-0.2524439301194306
12.00,5.00,-0.2283772599621244
12.50,5.00,-0.2067102438235113
13.00,5.00,-0.1871241495790057
13.50,5.00,-0.1693902457415712
14.00,5.00,-0.1533255748111404
14.50,5.00,-0.1387730616905712
15.00,5.00,-0.1255927141313614
16.00,5.00,-0.1028524060019453
17.00,5.00,-0.0842187256258004
18.00,5.00,-0.0689564313190650
19.00,5.00,-0.0564582525417862
20.00,5.00,-0.0462246691742711
21.00,5.00,-0.0378457668320551
22.00,5.00,-0.0309855703858872
23.00,5.00,-0.0253688678812862
24.00,5.00,-0.0207702828142313
25.00,5.00,-0.0170052731612808
50.00,5.00,-0.0001145806505723
100.00,5.00,-0.0000000052019535
2.50,10.00,3481.6092311301581503
2.60,10.00,2413.6515056732960147
2.70,10.00,1662.2870939146985165
2.80,10.00,1135.1968231743542219
2.90,10.00,766.8801767401990901
3.00,10.00,510.8002076562476645
3.10,10.00,333.8748879589390413
3.20,10.00,212.5934123849957018
3.30,10.00,130.2654562086599981
3.40,10.00,75.0653948633052011
3.50,10.00,38.6375665669294790
3.60,10.00,15.0995112314233495
3.70,10.00,0.3287280398937440
3.80,10.00,-8.5478947638128187
3.90,10.00,-13.5194036074261845
4.00,10.00,-15.9518418418671679
4.10,10.00,-16.7744153707272439
4.20,10.00,-16.6118630701830554
4.30,10.00,-15.8782258848775726
4.40,10.00,-14.8429667540326431
4.50,10.00,-13.6773375232591157
4.60,10.00,-12.4866819481446036
4.70,10.00,-11.3327676344584827
4.80,10.00,-10.2490846374451365
4.90,10.00,-9.2512128364789312
5.00,10.00,-8.3437564466413860
5.10,10.00,-7.5249086617066148
5.20,10.00,-6.7893963484028408
5.30,10.00,-6.1303303747420141
5.40,10.00,-5.5403270989845410
5.50,10.00,-5.0121529397332516
5.60,10.00,-4.5390637992932241
5.70,10.00,-4.1149549679586981
5.80,10.00,-3.7343981321701394
5.90,10.00,-3.3926152751196161
6.00,10.00,-3.0854210097081909
6.20,10.00,-2.5605992310683119
6.40,10.00,-2.1356641649969035
6.60,10.00,-1.7916566227907413
6.80,10.00,-1.5134651976788061
7.00,10.00,-1.2888288993449883
7.20,10.00,-1.1076791828073811
7.40,10.00,-0.9617012826554070
7.60,10.00,-0.8440271096859786
7.80,10.00,-0.7490040926990893
8.00,10.00,-0.6720082248669270
8.20,10.00,-0.6092848664122306
8.40,10.00,-0.5578095887875730
8.60,10.00,-0.5151657702031907
8.80,10.00,-0.4794375474158109
9.00,10.00,-0.4491172997699259
9.50,10.00,-0.3898786854190603
10.00,10.00,-0.3455293017532458
10.50,10.00,-0.3097193840142730
11.00,10.00,-0.2792277309602702
11.50,10.00,-0.2524218485884140
12.00,10.00,-0.2284498578477333
12.50,10.00,-0.2068337010012981
13.00,10.00,-0.1872716866139157
13.50,10.00,-0.1695458571680417
14.00,10.00,-0.1534799757726745
14.50,10.00,-0.1389211057337164
15.00,10.00,-0.1257317685555897
16.00,10.00,-0.1029709682176628
17.00,10.00,-0.0843175447409598
18.00,10.00,-0.0690379840690299
19.00,10.00,-0.0565252608460145
20.00,10.00,-0.0462796188572480
21.00,10.00,-0.0378907882089533
22.00,10.00,-0.0310224426923215
23.00,10.00,-0.0253990607596627
24.00,10.00,-0.0207950042666328
25.00,10.00,-0.0170255139685993
50.00,10.00,-0.0001147170353253
100.00,10.00,-0.0000000052081453
2.50,15.00,3359.8446220938958504
2.60,15.00,2330.3689751912070278
2.70,15.00,1605.5798975631114445
2.80,15.00,1096.7930022668560923
2.90,15.00,741.0440989274158028
3.00,15.00,493.5634593487067150
3.10,15.00,322.4983658188384652
3.20,15.00,205.1915834617757923
3.30,15.00,125.5442633477755692
3.40,15.00,72.1397202082367812
3.50,15.00,36.9043246909047795
3.60,15.00,14.1495887923218202
3.70,15.00,-0.1139901070620850
3.80,15.00,-8.6686442961486492
3.90,15.00,-13.4415585086143263
4.00,15.00,-15.7568481095445438
4.10,15.00,-16.5154403411841315
4.20,15.00,-16.3231082201237889
4.30,15.00,-15.5812556441333872
4.40,15.00,-14.5509904163328621
4.50,15.00,-13.3980919113441885
4.60,15.00,-12.2243612305231686
4.70,15.00,-11.0893070388031596
4.80,15.00,-10.0250081305890468
4.90,15.00,-9.0461880937911499
5.00,15.00,-8.1569544852914539
5.10,15.00,-7.3552339860956062
5.20,15.00,-6.6356319048033203
5.30,15.00,-5.9912269405771923
5.40,15.00,-5.4146567902319536
5.50,15.00,-4.8987398179439632
5.60,15.00,-4.4368000682371154
5.70,15.00,-4.0228082597345152
5.80,15.00,-3.6514134068503910
5.90,15.00,-3.3179135636489430
6.00,15.00,-3.0181963901200146
6.20,15.00,-2.5061831184142198
6.40,15.00,-2.0916052333597221
6.60,15.00,-1.7559343626604229
6.80,15.00,-1.4844254525328049
7.00,15.00,-1.2651262320383494
7.20,15.00,-1.0882261614188597
7.40,15.00,-0.9456243196992055
7.60,15.00,-0.8306283932728389
7.80,15.00,-0.7377291201503459
8.00,15.00,-0.6624184227355496
8.20,15.00,-0.6010347565759517
8.40,15.00,-0.5506279491773677
8.60,15.00,-0.5088402466675742
8.80,15.00,-0.4738021998241519
9.00,15.00,-0.4440426065848889
9.50,15.00,-0.3858105444403988
10.00,15.00,-0.3421168867352806
10.50,15.00,-0.3067692726306419
11.00,15.00,-0.2766289797604796
11.50,15.00,-0.2501068525503653
12.00,15.00,-0.2263741332406666
12.50,15.00,-0.2049654847263701
13.00,15.00,-0.1855865661961314
13.50,15.00,-0.1680239628117970
14.00,15.00,-0.1521044763380039
14.50,15.00,-0.1376773716516434
15.00,15.00,-0.1246068798412877
16.00,15.00,-0.1020503982977625
17.00,15.00,-0.0835639839948542
18.00,15.00,-0.0684210686046202
19.00,15.00,-0.0560201901452643
20.00,15.00,-0.0458661080351780
21.00,15.00,-0.0375522363909117
22.00,15.00,-0.0307452607125947
23.00,15.00,-0.0251721236432473
24.00,15.00,-0.0206092039784157
25.00,15.00,-0.0168733935983573
50.00,15.00,-0.0001136920565507
100.00,15.00,-0.0000000051616114
2.50,20.00,3301.3799968222201642
2.60,20.00,2277.7197252065757311
2.70,20.00,1561.7715217728616608
2.80,20.00,1062.2144347304003986
2.90,20.00,714.8211661904701941
3.00,20.00,474.3344498202262116
3.10,20.00,308.8278852301783104
3.20,20.00,195.7712460976368902
3.30,20.00,119.2722443008555473
3.40,20.00,68.1350910975354509
3.50,20.00,34.4893093873711081
3.60,20.00,12.8187037385864588
3.70,20.00,-0.7275994871198865
3.80,20.00,-8.8245171296917633
3.90,20.00,-13.3187023495824022
4.00,20.00,-15.4754482814121026
4.10,20.00,-16.1537811614735816
4.20,20.00,-15.9303567132016699
4.30,20.00,-15.1868628896730602
4.40,20.00,-14.1714357845909689
4.50,20.00,-13.0416045115702026
4.60,20.00,-11.8941422322371135
4.70,20.00,-10.7856678886599280
4.80,20.00,-9.7467433123332494
4.90,20.00,-8.7914206305695970
5.00,20.00,-7.9236280011038849
5.10,20.00,-7.1413752520727272
5.20,20.00,-6.4394701529862948
5.30,20.00,-5.8112284913335426
5.40,20.00,-5.2495135554773933
5.50,20.00,-4.7473361648573702
5.60,20.00,-4.2981728467952811
5.70,20.00,-3.8961083178984657
5.80,20.00,-3.5358727205904952
5.90,20.00,-3.2128195041852332
6.00,20.00,-2.9228731290069629
6.20,20.00,-2.4284650372162018
6.40,20.00,-2.0290139525012734
6.60,20.00,-1.7061123764728345
6.80,20.00,-1.4451718951847283
7.00,20.00,-1.2344418172335458
7.20,20.00,-1.0643470900888699
7.40,20.00,-0.9270381872943638
7.60,20.00,-0.8160726282568553
7.80,20.00,-0.7261758676134760
8.00,20.00,-0.6530506560143278
8.20,20.00,-0.5932179612212690
8.40,20.00,-0.5438807564423930
8.60,20.00,-0.5028063407408562
8.80,20.00,-0.4682248997206918
9.00,20.00,-0.4387428077408269
9.50,20.00,-0.3807720317843118
10.00,20.00,-0.3371172682715289
10.50,20.00,-0.3018194545267314
11.00,20.00,-0.2718088081740244
11.50,20.00,-0.2454959708254271
12.00,20.00,-0.2220295553891736
12.50,20.00,-0.2009192606022084
13.00,20.00,-0.1818504673468678
13.50,20.00,-0.1645954740482939
14.00,20.00,-0.1489719852800186
14.50,20.00,-0.1348240447194531
15.00,20.00,-0.1220133254420553
16.00,20.00,-0.0999159373032147
17.00,20.00,-0.0818122813715070
18.00,20.00,-0.0669853467788703
19.00,20.00,-0.0548441459871067
20.00,20.00,-0.0449030321012471
21.00,20.00,-0.0367636581283546
22.00,20.00,-0.0300995985517376
23.00,20.00,-0.0246434895377383
24.00,20.00,-0.0201763910628762
25.00,20.00,-0.0165190349127903
50.00,20.00,-0.0001113043985819
100.00,20.00,-0.0000000050532119
2.50,25.00,3185.8169602244761336
2.60,25.00,2187.5146582577117442
2.70,25.00,1493.3777097174092887
2.80,25.00,1011.6236810967408246
2.90,25.00,678.2284358384940788
3.00,25.00,448.4323166302628465
3.10,25.00,290.8947508374042741
3.20,25.00,183.6523161467809189
3.30,25.00,111.3113349425189824
3.40,25.00,63.0899797396498698
3.50,25.00,31.4479393380607846
3.60,25.00,11.1244419460066251
3.70,25.00,-1.5386420836205952
3.80,25.00,-9.0738862256221715
3.90,25.00,-13.2248697250650338
4.00,25.00,-15.1836392188338856
4.10,25.00,-15.7581399729953766
4.20,25.00,-15.4900951768793469
4.30,25.00,-14.7378051032020405
4.40,25.00,-13.7341182009903076
4.50,25.00,-12.6268491414147022
4.60,25.00,-11.5068109668931129
4.70,25.00,-10.4271317556120238
4.80,25.00,-9.4164611926328945
4.90,25.00,-8.4879136240788675
5.00,25.00,-7.6450532577743733
5.10,25.00,-6.8858417132187943
5.20,25.00,-6.2051937535511996
5.30,25.00,-5.5965921200669904
5.40,25.00,-5.0530743143227337
5.50,25.00,-4.5678067219860958
5.60,25.00,-4.1343930130200057
5.70,25.00,-3.7470159329402395
5.80,25.00,-3.4004784263805363
5.90,25.00,-3.0901872110802326
6.00,25.00,-2.8121063745454791
6.20,25.00,-2.3388607328942168
6.40,25.00,-1.9573246430228823
6.60,25.00,-1.6493185639779497
6.80,25.00,-1.4005239668264435
7.00,25.00,-1.1995000876988695
7.20,25.00,-1.0370045184828534
7.40,25.00,-0.9055222461217483
7.60,25.00,-0.7989291534226575
7.80,25.00,-0.7122401950325091
8.00,25.00,-0.6414115608311097
8.20,25.00,-0.5831790321332897
8.40,25.00,-0.5349225923563726
8.60,25.00,-0.4945517468543217
8.80,25.00,-0.4604082617041208
9.00,25.00,-0.4311840839316348
9.50,25.00,-0.3734497220977295
10.00,25.00,-0.3298619696476724
10.50,25.00,-0.2946918013937992
11.00,25.00,-0.2649241392707790
11.50,25.00,-0.2389547396520728
12.00,25.00,-0.2158979282549509
12.50,25.00,-0.1952302905508783
13.00,25.00,-0.1766117256655479
13.50,25.00,-0.1597972087552614
14.00,25.00,-0.1445937881122341
14.50,25.00,-0.1308396812172319
15.00,25.00,-0.1183939854025367
16.00,25.00,-0.0969394217419311
17.00,25.00,-0.0793703385040637
18.00,25.00,-0.0649841984727865
19.00,25.00,-0.0532050568480708
20.00,25.00,-0.0435608053392000
21.00,25.00,-0.0356646420700634
22.00,25.00,-0.0291997657668417
23.00,25.00,-0.0239067560446030
24.00,25.00,-0.0195732000130713
25.00,25.00,-0.0160251821272176
50.00,25.00,-0.0001079768352108
100.00,25.00,-0.0000000049021407
2.50,30.00,3047.4686514228869783
2.60,30.00,2077.5475763742369963
2.70,30.00,1409.5307503869216816
2.80,30.00,949.6979464079628315
2.90,30.00,633.6896689221218821
3.00,30.00,417.1519186201416005
3.10,30.00,269.4251736262883128
3.20,30.00,169.2654893996847818
3.30,30.00,101.9285432086737444
3.40,30.00,57.1724649497519266
3.50,30.00,27.8833480874924824
3.60,30.00,9.1250693071446278
3.70,30.00,-2.5201846211676671
3.80,30.00,-9.4111682853258483
3.90,30.00,-13.1682471905371550
4.00,30.00,-14.8977204053330166
4.10,30.00,-15.3489005140820360
4.20,30.00,-15.0241152916282505
4.30,30.00,-14.2556710765285164
4.40,30.00,-13.2595962782644676
4.50,30.00,-12.1730563913198448
4.60,30.00,-11.0802912547961654
4.70,30.00,-10.0304956792950044
4.80,30.00,-9.0500588175287557
4.90,30.00,-8.1508677211796901
5.00,30.00,-7.3358781557870563
5.10,30.00,-6.6027997048526172
5.20,30.00,-5.9464897177779799
5.30,30.00,-5.3604716960891707
5.40,30.00,-4.8378670454336890
5.50,30.00,-4.3719396899444893
5.60,30.00,-3.9563901305482982
5.70,30.00,-3.5854914777102613
5.80,30.00,-3.2541293316609861
5.90,30.00,-2.9577862065920280
6.00,30.00,-2.6924967022902870
6.20,30.00,-2.2416282797285398
6.40,30.00,-1.8786173921873237
6.60,30.00,-1.5857746425314123
6.80,30.00,-1.3492539563259029
7.00,30.00,-1.1580615659827886
7.20,30.00,-1.0033666078409444
7.40,30.00,-0.8780223214633737
7.60,30.00,-0.7762254329009717
7.80,30.00,-0.6932638538340936
8.00,30.00,-0.6253211906710801
8.20,30.00,-0.5693192753199962
8.40,30.00,-0.5227878919098190
8.60,30.00,-0.4837554777995107
8.80,30.00,-0.4506570522622236
9.00,30.00,-0.4222568650676906
9.50,30.00,-0.3659474293087905
10.00,30.00,-0.3232723630567068
10.50,30.00,-0.2887718300663581
11.00,30.00,-0.2595538304264469
11.50,30.00,-0.2340675136784579
12.00,30.00,-0.2114491577841846
12.50,30.00,-0.1911840248602146
13.00,30.00,-0.1729355930647737
13.50,30.00,-0.1564607643362043
14.00,30.00,-0.1415681736999510
14.50,30.00,-0.1280976939726069
15.00,30.00,-0.1159102068865873
16.00,30.00,-0.0949032648529648
17.00,30.00,-0.0777022737143974
18.00,30.00,-0.0636181254873164
19.00,30.00,-0.0520864701687208
20.00,30.00,-0.0426449318095437
21.00,30.00,-0.0349147689361491
22.00,30.00,-0.0285858144453194
23.00,30.00,-0.0234040925903143
24.00,30.00,-0.0191616530172579
25.00,30.00,-0.0156882355892953
50.00,30.00,-0.0001057065053378
100.00,30.00,-0.0000000047990679
2.50,35.00,2827.3900913682996361
2.60,35.00,1920.7586591184042391
2.70,35.00,1298.9718413006596620
2.80,35.00,872.5578353178412954
2.90,35.00,580.4686203126906321
3.00,35.00,380.8849708409956634
3.10,35.00,245.0586910300200714
3.20,35.00,153.1685769118689961
3.30,35.00,91.5172891100906867
3.40,35.00,50.6253883260433497
3.50,35.00,23.9287354156539642
3.60,35.00,6.8838758296567200
3.70,35.00,-3.6491653977885128
3.80,35.00,-9.8344124591783135
3.90,35.00,-13.1570797588129427
4.00,35.00,-14.6306288170478425
4.10,35.00,-14.9413035378444778
4.20,35.00,-14.5491035541059262
4.30,35.00,-13.7583102749984238
4.40,35.00,-12.7666833146643555
4.50,35.00,-11.6996944508146914
4.60,35.00,-10.6342619293196030
4.70,35.00,-9.6151220247660358
4.80,35.00,-8.6660469558922379
4.90,35.00,-7.7974662448132417
5.00,35.00,-7.0115888617379944
5.10,35.00,-6.3057985291391336
5.20,35.00,-5.6748645323101199
5.30,35.00,-5.1123474990202560
5.40,35.00,-4.6114643526656378
5.50,35.00,-4.1655952334470987
5.60,35.00,-3.7685578505032598
5.70,35.00,-3.4147345214542391
5.80,35.00,-3.0991091137393534
5.90,35.00,-2.8172516801393561
6.00,35.00,-2.5652752457786012
6.20,35.00,-2.1377952495911559
6.40,35.00,-1.7942797706157911
6.60,35.00,-1.5175134225944165
6.80,35.00,-1.2940997830153991
7.00,35.00,-1.1134728241065326
7.20,35.00,-0.9672021036489225
7.40,35.00,-0.8485068637639437
7.60,35.00,-0.7519099130797295
7.80,35.00,-0.6729826230573265
8.00,35.00,-0.6081495098063896
8.20,35.00,-0.5545330265370336
8.40,35.00,-0.5098269987642281
8.60,35.00,-0.4721917970216396
8.80,35.00,-0.4401669633382249
9.00,35.00,-0.4125984090958036
9.50,35.00,-0.3576865486442082
10.00,35.00,-0.3158831734143328
10.50,35.00,-0.2820286160827454
11.00,35.00,-0.2533612080420212
11.50,35.00,-0.2283803985690218
12.00,35.00,-0.2062382152680723
12.50,35.00,-0.1864225461752519
13.00,35.00,-0.1685956715120135
13.50,35.00,-0.1525130555883939
14.00,35.00,-0.1379827409013533
14.50,35.00,-0.1248449546975269
15.00,35.00,-0.1129616667736970
16.00,35.00,-0.0924841379701752
17.00,35.00,-0.0757197351352019
18.00,35.00,-0.0619942382595239
19.00,35.00,-0.0507566750917034
20.00,35.00,-0.0415560881588336
21.00,35.00,-0.0340232623863088
22.00,35.00,-0.0278558970558700
23.00,35.00,-0.0228064817800381
24.00,35.00,-0.0186723688287504
25.00,35.00,-0.0152876428999754
50.00,35.00,-0.0001030073293040
100.00,35.00,-0.0000000046765255
2.50,40.00,2562.8209510595120264
2.60,40.00,1738.1112331530760002
2.70,40.00,1173.5360699806076354
2.80,40.00,786.9334277487728286
2.90,40.00,522.4363740063522528
3.00,40.00,341.8901565611066076
3.10,40.00,219.1322481124612125
3.20,40.00,136.1611190547059493
3.30,40.00,80.5563166059053231
3.40,40.00,43.7315313425039420
3.50,40.00,19.7451125711970441
3.60,40.00,4.4857560888505894
3.70,40.00,-4.8878129265880634
3.80,40.00,-10.3341643126280225
3.90,40.00,-13.1979653246814799
4.00,40.00,-14.3971214337301046
4.10,40.00,-14.5533604493108548
4.20,40.00,-14.0834686571762990
4.30,40.00,-13.2630482842668620
4.40,40.00,-12.2710301738112637
4.50,40.00,-11.2206830625968070
4.60,40.00,-10.1811403847674242
4.70,40.00,-9.1922703767358396
4.80,40.00,-8.2748802312768657
4.90,40.00,-7.4376587169762498
5.00,40.00,-6.6818482947437676
5.10,40.00,-6.0043454223567672
5.20,40.00,-5.3997205923092464
5.30,40.00,-4.8615027483936863
5.40,40.00,-4.3829685855744449
5.50,40.00,-3.9576035219492596
5.60,40.00,-3.5793490948953606
5.70,40.00,-3.2427149473583676
5.80,40.00,-2.9428079851199724
5.90,40.00,-2.6753135168508497
6.00,40.00,-2.4364509543596702
6.20,40.00,-2.0318341846350094
6.40,40.00,-1.7072595686704966
6.60,40.00,-1.4461032430581302
6.80,40.00,-1.2354825112156065
7.00,40.00,-1.0652810315805081
7.20,40.00,-0.9274618125985519
7.40,40.00,-0.8155860472009914
7.60,40.00,-0.7244706824363540
7.80,40.00,-0.6499371003319221
8.00,40.00,-0.5886197375533403
8.20,40.00,-0.5378152431261074
8.40,40.00,-0.4953604203350609
8.60,40.00,-0.4595318327722159
8.80,40.00,-0.4289626111714336
9.00,40.00,-0.4025734562056164
9.50,40.00,-0.3497609415950823
10.00,40.00,-0.3092994790770779
10.50,40.00,-0.2763705700032594
11.00,40.00,-0.2483932744974847
11.50,40.00,-0.2239621350830364
12.00,40.00,-0.2022795290060566
12.50,40.00,-0.1828606044517509
13.00,40.00,-0.1653830333466750
13.50,40.00,-0.1496115375037315
14.00,40.00,-0.1353601913717956
14.50,40.00,-0.1224735021746094
15.00,40.00,-0.1108167184324461
16.00,40.00,-0.0907286729572946
17.00,40.00,-0.0742826958863039
18.00,40.00,-0.0608177614080238
19.00,40.00,-0.0497934819270361
20.00,40.00,-0.0407675009809667
21.00,40.00,-0.0333776249259461
22.00,40.00,-0.0273272949388146
23.00,40.00,-0.0223736993811936
24.00,40.00,-0.0183180367195364
25.00,40.00,-0.0149975403603773
50.00,40.00,-0.0001010526340694
100.00,40.00,-0.0000000045877825
2.50,45.00,2293.5317698742169341
2.60,45.00,1553.1670778588409121
2.70,45.00,1047.0592152479812285
2.80,45.00,700.8815084494893881
2.90,45.00,464.2507954185774679
3.00,45.00,302.8465578996149929
3.10,45.00,193.1838651016308006
3.20,45.00,119.1282499439721221
3.30,45.00,69.5588019946096097
3.40,45.00,36.7918204888510800
3.50,45.00,15.5110182692451914
3.60,45.00,2.0371274531711236
3.70,45.00,-6.1736358255678461
3.80,45.00,-10.8757710342920717
3.90,45.00,-13.2745672051451553
4.00,45.00,-14.1932112394120491
4.10,45.00,-14.1894331712945494
4.20,45.00,-13.6370677828798677
4.30,45.00,-12.7831168282164001
4.40,45.00,-11.7876438420511356
4.50,45.00,-10.7516106767447042
4.60,45.00,-9.7362341312007725
4.70,45.00,-8.7763792185461931
4.80,45.00,-7.8897642176379303
4.90,45.00,-7.0832319786220781
5.00,45.00,-6.3569745382540335
5.10,45.00,-5.7073378835293687
5.20,45.00,-5.1286489525181169
5.30,45.00,-4.6143756331876755
5.40,45.00,-4.1578371726325321
5.50,45.00,-3.7526161458074641
5.60,45.00,-3.3927762201092118
5.70,45.00,-3.0729568713998803
5.80,45.00,-2.7883930060768911
5.90,45.00,-2.5348912852407990
6.00,45.00,-2.3087837917449190
6.20,45.00,-1.9263693877408643
6.40,45.00,-1.6201784393296612
6.60,45.00,-1.3741970888392308
6.80,45.00,-1.1760592386409119
7.00,45.00,-1.0160895395829173
7.20,45.00,-0.8866286587325016
7.40,45.00,-0.7815606829278752
7.60,45.00,-0.6959772088642778
7.80,45.00,-0.6259315472226794
8.00,45.00,-0.5682523950943427
8.20,45.00,-0.5203977662022647
8.40,45.00,-0.4803374410471122
8.60,45.00,-0.4464567658226990
8.80,45.00,-0.4174772776158495
9.00,45.00,-0.3923911104003526
9.50,45.00,-0.3419308248826168
10.00,45.00,-0.3029831995498536
10.50,45.00,-0.2710836145823583
11.00,45.00,-0.2438493453542991
11.50,45.00,-0.2199860196290910
12.00,45.00,-0.1987588588813958
12.50,45.00,-0.1797192183039418
13.00,45.00,-0.1625662078272480
13.50,45.00,-0.1470777154004984
14.00,45.00,-0.1330762752326058
14.50,45.00,-0.1204121185934809
15.00,45.00,-0.1089545834964777
16.00,45.00,-0.0892068492015153
17.00,45.00,-0.0730377264479542
18.00,45.00,-0.0597988275107232
19.00,45.00,-0.0489593810499368
20.00,45.00,-0.0400846451195516
21.00,45.00,-0.0328185675000789
22.00,45.00,-0.0268695839186643
23.00,45.00,-0.0219989596766754
24.00,45.00,-0.0180112266753410
25.00,45.00,-0.0147463458640729
50.00,45.00,-0.0000993601006378
100.00,45.00,-0.0000000045109416
2.50,50.00,2018.8194923539110732
2.60,50.00,1367.5487724359720687
2.70,50.00,921.8814612538573101
2.80,50.00,616.6914110102063660
2.90,50.00,407.8383185198536580
3.00,50.00,265.2398836804404141
3.10,50.00,168.2898303115858596
3.20,50.00,102.8097032789818144
3.30,50.00,59.0080924069045096
3.40,50.00,30.1051289508298368
3.50,50.00,11.3989983430223045
3.60,50.00,-0.3718824797584468
3.70,50.00,-7.4674916308560242
3.80,50.00,-11.4496252415617619
3.90,50.00,-13.3928680054863491
4.00,50.00,-14.0318911315387993
4.10,50.00,-13.8646076276961310
4.20,50.00,-13.2245452997469375
4.30,50.00,-12.3316494134579919
4.40,50.00,-11.3279135513226787
4.50,50.00,-10.3023124216311430
4.60,50.00,-9.3081821874922515
4.70,50.00,-8.3752698751710994
4.80,50.00,-7.5180258354620921
4.90,50.00,-6.7412564725870450
5.00,50.00,-6.0439306169489058
5.10,50.00,-5.4217024302589660
5.20,50.00,-4.8685492763905547
5.30,50.00,-4.3778055239816016
5.40,50.00,-3.9427893686589091
5.50,50.00,-3.5571599712845483
5.60,50.00,-3.2150997188065125
5.70,50.00,-2.9113863556163277
5.80,50.00,-2.6413985962308475
5.90,50.00,-2.4010840799255249
6.00,50.00,-2.1869083325247831
6.20,50.00,-1.8250744224558051
6.40,50.00,-1.5357846635307437
6.60,50.00,-1.3037212638635236
6.80,50.00,-1.1170749439934351
7.00,50.00,-0.9666149981223394
7.20,50.00,-0.8450384900393566
7.40,50.00,-0.7465169252362418
7.60,50.00,-0.6663752445251289
7.80,50.00,-0.6008573822567645
8.00,50.00,-0.5469485799683329
8.20,50.00,-0.5022359414183061
8.40,50.00,-0.4647960223161377
8.60,50.00,-0.4331026716454546
8.80,50.00,-0.4059508799288058
9.00,50.00,-0.3823937867475932
9.50,50.00,-0.3347615356382303
10.00,50.00,-0.2976539256992751
10.50,50.00,-0.2669734340115557
11.00,50.00,-0.2405668897316727
11.50,50.00,-0.2172830538520555
12.00,50.00,-0.1964762501015800
12.50,50.00,-0.1777533113482181
13.00,50.00,-0.1608479771867839
13.50,50.00,-0.1455598711094967
14.00,50.00,-0.1317252968216837
14.50,50.00,-0.1192033311080056
15.00,50.00,-0.1078691064144989
16.00,50.00,-0.0883257373634815
17.00,50.00,-0.0723191339331631
18.00,50.00,-0.0592115250682990
19.00,50.00,-0.0484789181088317
20.00,50.00,-0.0396914150406675
21.00,50.00,-0.0324966693475593
22.00,50.00,-0.0266060549155105
23.00,50.00,-0.0217832073359584
24.00,50.00,-0.0178345861589548
25.00,50.00,-0.0146017257828689
50.00,50.00,-0.0000983856633738
100.00,50.00,-0.0000000044667022
2.50,55.00,1745.2556458490980731
2.60,55.00,1187.1030174649531546
2.70,55.00,802.4909006680907169
2.80,55.00,537.5343044885790960
2.90,55.00,355.3236321659508121
3.00,55.00,230.4465639223790276
3.10,55.00,145.3277631094630920
3.20,55.00,87.7670997170189793
3.30,55.00,49.2725637228099131
3.40,55.00,23.9234671738456335
3.50,55.00,7.5899620743357792
3.60,55.00,-2.6062647175492373
3.70,55.00,-8.6668253410386455
3.80,55.00,-11.9784682230231230
3.90,55.00,-13.4967313136680360
4.00,55.00,-13.8751451764921736
4.10,55.00,-13.5562975470603444
4.20,55.00,-12.8360572567074627
4.30,55.00,-11.9088394488005846
4.40,55.00,-10.8994463254557097
4.50,55.00,-9.8853904405537847
4.60,55.00,-8.9124706936239164
4.70,55.00,-8.0055711976563249
4.80,55.00,-7.1760867905909134
4.90,55.00,-6.4269759299633495
5.00,55.00,-5.7561538605991158
5.10,55.00,-5.1587328631590292
5.20,55.00,-4.6284686882193293
5.30,55.00,-4.1586664406943177
5.40,55.00,-3.7427234498683224
5.50,55.00,-3.3744326234175039
5.60,55.00,-3.0481313800420291
5.70,55.00,-2.7587541068585533
5.80,55.00,-2.5018270247056442
5.90,55.00,-2.2734310699551554
6.00,55.00,-2.0701492515529707
6.20,55.00,-1.7274235621311496
6.40,55.00,-1.4541976977737947
6.60,55.00,-1.2356501463241916
6.80,55.00,-1.0603576056340964
7.00,55.00,-0.9194035459438865
7.20,55.00,-0.8057513989939199
7.40,55.00,-0.7138046491054819
7.60,55.00,-0.6390927111348521
7.80,55.00,-0.5780398836680897
8.00,55.00,-0.5277895135764887
8.20,55.00,-0.4860659363355648
8.40,55.00,-0.4510634847788226
8.60,55.00,-0.4213559422309856
8.80,55.00,-0.3958221810508743
9.00,55.00,-0.3735850548659234
9.50,55.00,-0.3283001775731401
10.00,55.00,-0.2926506751080223
10.50,55.00,-0.2629155087414655
11.00,55.00,-0.2371564078882378
11.50,55.00,-0.2143432517022050
12.00,55.00,-0.1938984848104352
12.50,55.00,-0.1754675537589332
13.00,55.00,-0.1588064738844739
13.50,55.00,-0.1437280785137267
14.00,55.00,-0.1300768053547360
14.50,55.00,-0.1177169795307088
15.00,55.00,-0.1065273052864428
16.00,55.00,-0.0872299263181218
17.00,55.00,-0.0714229460095992
18.00,55.00,-0.0584781444891670
19.00,55.00,-0.0478786063249976
20.00,55.00,-0.0391999686014194
21.00,55.00,-0.0320943243508531
22.00,55.00,-0.0262766490466606
23.00,55.00,-0.0215135149543117
24.00,55.00,-0.0176137815697952
25.00,55.00,-0.0144209465905934
50.00,55.00,-0.0000971675844902
100.00,55.00,-0.0000000044114015
2.50,60.00,1565.1458479705891023
2.60,60.00,1058.2435518498814417
2.70,60.00,711.5208904943225434
2.80,60.00,474.0939575882536587
2.90,60.00,311.5976830776847919
3.00,60.00,200.6626133639615830
3.10,60.00,125.2941710819425936
3.20,60.00,74.4829068016001230
3.30,60.00,40.6151920375435935
3.40,60.00,18.4075412544767332
3.50,60.00,4.1859218186385085
3.60,60.00,-4.6058040117969625
3.70,60.00,-9.7439063606735967
3.80,60.00,-12.4589828792105060
3.90,60.00,-13.5992713272805705
4.00,60.00,-13.7451314026791760
4.10,60.00,-13.2896029503614361
4.20,60.00,-12.4952216994681464
4.30,60.00,-11.5341161545917998
4.40,60.00,-10.5162767683696678
4.50,60.00,-9.5094321185983883
4.60,60.00,-8.5529610939927618
4.70,60.00,-7.6675682960417930
4.80,60.00,-6.8619555195310493
4.90,60.00,-6.1373711607142178
5.00,60.00,-5.4906685720173467
5.10,60.00,-4.9163243173251470
5.20,60.00,-4.4077376567320989
5.30,60.00,-3.9580391798385843
5.40,60.00,-3.5605692401593330
5.50,60.00,-3.2091385151293137
5.60,60.00,-2.8981484297003721
5.70,60.00,-2.6226245645905628
5.80,60.00,-2.3781987734795695
5.90,60.00,-2.1610635483188672
6.00,60.00,-1.9679137305792265
6.20,60.00,-1.6424938745626536
6.40,60.00,-1.3832783827900330
6.60,60.00,-1.1761168111059881
6.80,60.00,-1.0101325838964812
7.00,60.00,-0.8768428872625629
7.20,60.00,-0.7695492117917725
7.40,60.00,-0.6829158365997907
7.60,60.00,-0.6126726084570119
7.80,60.00,-0.5553982200052431
8.00,60.00,-0.5083558738303814
8.20,60.00,-0.4693640926024022
8.40,60.00,-0.4366923632941597
8.60,60.00,-0.4089754396785169
8.80,60.00,-0.3851424658157891
9.00,60.00,-0.3643583477630334
9.50,60.00,-0.3218429666523395
10.00,60.00,-0.2880536636859067
10.50,60.00,-0.2595659389450873
11.00,60.00,-0.2346457625975228
11.50,60.00,-0.2124019352873932
12.00,60.00,-0.1923498455581972
12.50,60.00,-0.1741961533059318
13.00,60.00,-0.1577366722328868
13.50,60.00,-0.1428098704770275
14.00,60.00,-0.1292766083021654
14.50,60.00,-0.1170117191315056
15.00,60.00,-0.1059006546403546
16.00,60.00,-0.0867275007404046
17.00,60.00,-0.0710155402053784
18.00,60.00,-0.0581460479370964
19.00,60.00,-0.0476072471586558
20.00,60.00,-0.0389779969922669
21.00,60.00,-0.0319126624728654
22.00,60.00,-0.0261279437934375
23.00,60.00,-0.0213917752953653
24.00,60.00,-0.0175141132119547
25.00,60.00,-0.0143393463819844
50.00,60.00,-0.0000966177739836
100.00,60.00,-0.0000000043864402
2.50,65.00,1386.1904059614280413
2.60,65.00,935.9340436960100078
2.70,65.00,628.1325723978116002
2.80,65.00,417.4315607141610940
2.90,65.00,273.2683177776088996
3.00,65.00,174.8900633855095066
3.10,65.00,108.1040366416481646
3.20,65.00,63.1420709865536196
3.30,65.00,33.2458974764721304
3.40,65.00,13.7214811406157402
3.50,65.00,1.3009071038113085
3.60,65.00,-6.2923045972042502
3.70,65.00,-10.6420209825150174
3.80,65.00,-12.8466438184712661
3.90,65.00,-13.6637502269935620
4.00,65.00,-13.6116782309073532
4.10,65.00,-13.0411752347649674
4.20,65.00,-12.1860578929849552
4.30,65.00,-11.1990567255589966
4.40,65.00,-10.1771495163174279
4.50,65.00,-9.1794124583983994
4.60,65.00,-8.2395373869320476
4.70,65.00,-7.3745480388102234
4.80,65.00,-6.5908136680681801
4.90,65.00,-5.8881486707950437
5.00,65.00,-5.2625646763666216
5.10,65.00,-4.7080813429590984
5.20,65.00,-4.2178862327670110
5.30,65.00,-3.7850502794007763
5.40,65.00,-3.4029447162437365
5.50,65.00,-3.0654615997615657
5.60,65.00,-2.7671086591757112
5.70,65.00,-2.5030267918577365
5.80,65.00,-2.2689626517834851
5.90,65.00,-2.0612176456458426
6.00,65.00,-1.8765869343797497
6.20,65.00,-1.5659449292454819
6.40,65.00,-1.3189879706052006
6.60,65.00,-1.1220439784640406
6.80,65.00,-0.9646084630243213
7.00,65.00,-0.8384902096469660
7.20,65.00,-0.7372223731613590
7.40,65.00,-0.6556561831100940
7.60,65.00,-0.5896746095114475
7.80,65.00,-0.5359833333452588
8.00,65.00,-0.4919518705466483
8.20,65.00,-0.4554883271632414
8.40,65.00,-0.4249379735951853
8.60,65.00,-0.3989997957829027
8.80,65.00,-0.3766574024962778
9.00,65.00,-0.3571218539225484
9.50,65.00,-0.3169107432260615
10.00,65.00,-0.2846026633749940
10.50,65.00,-0.2570728426333485
11.00,65.00,-0.2327794202871131
11.50,65.00,-0.2109531666022341
12.00,65.00,-0.1911862818322205
12.50,65.00,-0.1732335372973605
13.00,65.00,-0.1569207907419346
13.50,65.00,-0.1421052624106886
14.00,65.00,-0.1286595437255856
14.50,65.00,-0.1164658483264451
15.00,65.00,-0.1054143159060166
16.00,65.00,-0.0863362934178831
17.00,65.00,-0.0706978189408224
18.00,65.00,-0.0578868675745555
19.00,65.00,-0.0473953972500152
20.00,65.00,-0.0388046774332872
21.00,65.00,-0.0317708077008340
22.00,65.00,-0.0260118203266658
23.00,65.00,-0.0212967078430291
24.00,65.00,-0.0174362809201218
25.00,65.00,-0.0142756235574813
50.00,65.00,-0.0000961884177331
100.00,65.00,-0.0000000043669474
2.50,70.00,1232.3224036859821808
2.60,70.00,832.3509738853126692
2.70,70.00,558.3974142829558787
2.80,70.00,370.5200189259385866
2.90,70.00,241.7714704298520871
3.00,70.00,153.8178233650768050
3.10,70.00,94.0877544201076574
3.20,70.00,53.9024229063268763
3.30,70.00,27.2372146726519730
3.40,70.00,9.8935406529292749
3.50,70.00,-1.0609801745540650
3.60,70.00,-7.6749320377480776
3.70,70.00,-11.3769553434392829
3.80,70.00,-13.1594460922630425
3.90,70.00,-13.7074295929590146
4.00,70.00,-13.4895103479180971
4.10,70.00,-12.8223205939359097
4.20,70.00,-11.9162871311020151
4.30,70.00,-10.9081369446960945
4.40,70.00,-9.8839424267778835
4.50,70.00,-8.8953978705110899
4.60,70.00,-7.9712487642761536
4.70,70.00,-7.1252537191063983
4.80,70.00,-6.3616735530928903
4.90,70.00,-5.6790054638724570
5.00,70.00,-5.0724803063217490
5.10,70.00,-4.5356958497496382
5.20,70.00,-4.0616532779436980
5.30,70.00,-3.6433873427825723
5.40,70.00,-3.2743247614983915
5.50,70.00,-2.9484650524537637
5.60,70.00,-2.6604489292446605
5.70,70.00,-2.4055585935614032
5.80,70.00,-2.1796795475117694
5.90,70.00,-1.9792432311340853
6.00,70.00,-1.8011626570780410
6.20,70.00,-1.5017487400656553
6.40,70.00,-1.2640637889390296
6.60,70.00,-1.0749218362313631
6.80,70.00,-0.9241571329423579
7.00,70.00,-0.8038105583931056
7.20,70.00,-0.7075743748773666
7.40,70.00,-0.6304111683794495
7.60,70.00,-0.5682851875753377
7.80,70.00,-0.5179650089439488
8.00,70.00,-0.4768719891279923
8.20,70.00,-0.4429593483910257
8.40,70.00,-0.4146131228325959
8.60,70.00,-0.3905698975823350
8.80,70.00,-0.3698482133224998
9.00,70.00,-0.3516915427127462
9.50,70.00,-0.3140594807343121
10.00,70.00,-0.2833960040263881
10.50,70.00,-0.2568772469333258
11.00,70.00,-0.2331780407398233
11.50,70.00,-0.2116788956044068
12.00,70.00,-0.1920721815075409
12.50,70.00,-0.1741779785030205
13.00,70.00,-0.1578638388001536
13.50,70.00,-0.1430131206420969
14.00,70.00,-0.1295145202319991
14.50,70.00,-0.1172599919665203
15.00,70.00,-0.1061454347048042
16.00,70.00,-0.0869464765588237
17.00,70.00,-0.0712016921889111
18.00,70.00,-0.0583009923628600
19.00,70.00,-0.0477350398710593
20.00,70.00,-0.0390829692053682
21.00,70.00,-0.0319987332444859
22.00,70.00,-0.0261984592475194
23.00,70.00,-0.0214495256387256
24.00,70.00,-0.0175614015125861
25.00,70.00,-0.0143780650926714
50.00,70.00,-0.0000968786713862
100.00,70.00,-0.0000000043982849
2.50,75.00,1122.5369467537584569
2.60,75.00,756.8714625077609526
2.70,75.00,506.6636035656638342
2.80,75.00,335.2058068548536198
2.90,75.00,217.7941416168906414
3.00,75.00,137.6519099433889437
3.10,75.00,83.2893209594904960
3.20,75.00,46.7789077256240517
3.30,75.00,22.6180892562074831
3.40,75.00,6.9708864329876405
3.50,75.00,-2.8433516464548725
3.60,75.00,-8.6986206151079184
3.70,75.00,-11.9026443109156936
3.80,75.00,-13.3642361569414039
3.90,75.00,-13.7107932714683329
4.00,75.00,-13.3713179035892189
4.10,75.00,-12.6353417556557712
4.20,75.00,-11.6948447181874808
4.30,75.00,-10.6740815421332691
4.40,75.00,-9.6507638714734316
4.50,75.00,-8.6710427631854721
4.60,75.00,-7.7600410864445220
4.70,75.00,-6.9291953876944614
4.80,75.00,-6.1813177199556693
4.90,75.00,-5.5140366506605405
5.00,75.00,-4.9220944447397708
5.10,75.00,-4.3988446573629378
5.20,75.00,-3.9371974238896192
5.30,75.00,-3.5301889454294701
5.40,75.00,-3.1713000901131676
5.50,75.00,-2.8546116012789806
5.60,75.00,-2.5748564007329464
5.70,75.00,-2.3274101410471326
5.80,75.00,-2.1082474471027299
5.90,75.00,-1.9138816705100543
6.00,75.00,-1.7412993300263127
6.20,75.00,-1.4514165156983860
6.40,75.00,-1.2216508992518964
6.60,75.00,-1.0391369244752640
6.80,75.00,-0.8939497741615294
7.00,75.00,-0.7783138799847265
7.20,75.00,-0.6860643131252920
7.40,75.00,-0.6122774745872168
7.60,75.00,-0.5530104386541119
7.80,75.00,-0.5051089753037239
8.00,75.00,-0.4660595818322055
8.20,75.00,-0.4338709923103845
8.40,75.00,-0.4069768252509023
8.60,75.00,-0.3841545552903092
8.80,75.00,-0.3644578720007542
9.00,75.00,-0.3471604256727472
9.50,75.00,-0.3111116737310111
10.00,75.00,-0.2814574334720131
10.50,75.00,-0.2555799967027229
11.00,75.00,-0.2322886026815038
11.50,75.00,-0.2110501027538240
12.00,75.00,-0.1916116788936656
12.50,75.00,-0.1738278940345724
13.00,75.00,-0.1575878512269561
13.50,75.00,-0.1427883179733969
14.00,75.00,-0.1293263141592760
14.50,75.00,-0.1170989595683455
15.00,75.00,-0.1060053650475218
16.00,75.00,-0.0868369846713281
17.00,75.00,-0.0711139628073227
18.00,75.00,-0.0582298715923417
19.00,75.00,-0.0476770711536378
20.00,75.00,-0.0390356041728968
21.00,75.00,-0.0319599892728170
22.00,75.00,-0.0261667513330936
23.00,75.00,-0.0214235701650674
24.00,75.00,-0.0175401527234276
25.00,75.00,-0.0143606687013148
50.00,75.00,-0.0000967614589740
100.00,75.00,-0.0000000043929634
2.50,80.00,1040.7044777652752146
2.60,80.00,701.5881075070731185
2.70,80.00,469.2983632770693703
2.80,80.00,309.9655187394782274
2.90,80.00,200.7784993229757049
3.00,80.00,126.2263649538383135
3.10,80.00,75.6682598066943370
3.20,80.00,41.7480210169647776
3.30,80.00,19.3489762716335463
3.40,80.00,4.8968704003930608
3.50,80.00,-4.1107067956813594
3.60,80.00,-9.4258614967199694
3.70,80.00,-12.2726369310737571
3.80,80.00,-13.5021984992744599
3.90,80.00,-13.7021205697495088
4.00,80.00,-13.2738488373029409
4.10,80.00,-12.4878390967666455
4.20,80.00,-11.5228833919641058
4.30,80.00,-10.4941506456130345
4.40,80.00,-9.4731310806858033
4.50,80.00,-8.5017563999282011
4.60,80.00,-7.6023283446956924
4.70,80.00,-6.7844360035809617
4.80,80.00,-6.0497182684348321
4.90,80.00,-5.3950934336416552
5.00,80.00,-4.8149071338559715
5.10,80.00,-4.3023248277417236
5.20,80.00,-3.8502034239211609
5.30,80.00,-3.4516095485219642
5.40,80.00,-3.1001029530175663
5.50,80.00,-2.7898679474346646
5.60,80.00,-2.5157500302630389
5.70,80.00,-2.2732364751648850
5.80,80.00,-2.0584065860921243
5.90,80.00,-1.8678681980890062
6.00,80.00,-1.6986907015797978
6.20,80.00,-1.4146228087041250
6.40,80.00,-1.1896934956419880
6.60,80.00,-1.0113298119514935
6.80,80.00,-0.8697916367540977
7.00,80.00,-0.7574144923069028
7.20,80.00,-0.6680978022630335
7.40,80.00,-0.5969548482103365
7.60,80.00,-0.5400649698878571
7.80,80.00,-0.4942895745906761
8.00,80.00,-0.4571287197062376
8.20,80.00,-0.4266048996264007
8.40,80.00,-0.4011665641875890
8.60,80.00,-0.3796071608523939
8.80,80.00,-0.3609971644052751
9.00,80.00,-0.3446273431522006
9.50,80.00,-0.3103115952588983
10.00,80.00,-0.2817441607611739
10.50,80.00,-0.2565070114311092
11.00,80.00,-0.2335598562792825
11.50,80.00,-0.2124763682059544
12.00,80.00,-0.1930763335694127
12.50,80.00,-0.1752620458153042
13.00,80.00,-0.1589531435125131
13.50,80.00,-0.1440654578751135
14.00,80.00,-0.1305076182342728
14.50,80.00,-0.1181836093156524
15.00,80.00,-0.1069964393633652
16.00,80.00,-0.0876573251273948
17.00,80.00,-0.0717889091298498
18.00,80.00,-0.0587836942255186
19.00,80.00,-0.0481309542081979
20.00,80.00,-0.0394073785734679
21.00,80.00,-0.0322644336874099
22.00,80.00,-0.0264160318970364
23.00,80.00,-0.0216276721314269
24.00,80.00,-0.0177072603351513
25.00,80.00,-0.0144974859661888
50.00,80.00,-0.0000976833326342
100.00,80.00,-0.0000000044348164
2.50,85.00,1010.7219015460262881
2.60,85.00,678.8149652385849322
2.70,85.00,452.2324913415251331
2.80,85.00,297.3857182647857940
2.90,85.00,191.6780843682078341
3.00,85.00,119.7793525119518137
3.10,85.00,71.2067534068182084
3.20,85.00,38.7422913761810719
3.30,85.00,17.3877736212465095
3.40,85.00,3.6679681837730529
3.50,85.00,-4.8389948677724757
3.60,85.00,-9.8214533712199135
3.70,85.00,-12.4542662997005120
3.80,85.00,-13.5516256413163561
3.90,85.00,-13.6740180232379238
4.00,85.00,-13.2035639925652415
4.10,85.00,-12.3973179739722585
4.20,85.00,-11.4250675869907177
4.30,85.00,-10.3961508209582991
4.40,85.00,-9.3784505863675580
4.50,85.00,-8.4117988498062726
4.60,85.00,-7.5173808003435152
4.70,85.00,-6.7042794397532539
4.80,85.00,-5.9739816628204503
4.90,85.00,-5.3234381255225820
5.00,85.00,-4.7471040977554653
5.10,85.00,-4.2382687520539033
5.20,85.00,-3.7898932620490347
5.30,85.00,-3.3951147349357678
5.40,85.00,-3.0475269886566716
5.50,85.00,-2.7413158785872298
5.60,85.00,-2.4713028967602320
5.70,85.00,-2.2329336188678832
5.80,85.00,-2.0222354203084434
5.90,85.00,-1.8357603606228790
6.00,85.00,-1.6705232387351092
6.20,85.00,-1.3937754513052423
6.40,85.00,-1.1751785279782718
6.60,85.00,-1.0019948438113462
6.80,85.00,-0.8644493214409172
7.00,85.00,-0.7549424744051373
7.20,85.00,-0.6675038025476183
7.40,85.00,-0.5974102014982030
7.60,85.00,-0.5409135685214629
7.80,85.00,-0.4950398538129913
8.00,85.00,-0.4574354590979176
8.20,85.00,-0.4262461396620935
8.40,85.00,-0.4000193905578637
8.60,85.00,-0.3776247594525816
8.80,85.00,-0.3581884942658748
9.00,85.00,-0.3410400160967311
9.50,85.00,-0.3051230560107877
10.00,85.00,-0.2755239256797217
10.50,85.00,-0.2497683635059101
11.00,85.00,-0.2266932393577436
11.50,85.00,-0.2057481521658534
12.00,85.00,-0.1866518608778158
12.50,85.00,-0.1692329512913282
13.00,85.00,-0.1533610008585067
13.50,85.00,-0.1389197089712582
14.00,85.00,-0.1257981829433544
14.50,85.00,-0.1138893201983582
15.00,85.00,-0.1030904722575851
16.00,85.00,-0.0844404580017379
17.00,85.00,-0.0691480922054390
18.00,85.00,-0.0566189522499424
19.00,85.00,-0.0463576428271460
20.00,85.00,-0.0379551557880517
21.00,85.00,-0.0310753221868577
22.00,85.00,-0.0254424211070234
23.00,85.00,-0.0208305291309373
24.00,85.00,-0.0170546082561759
25.00,85.00,-0.0139631372131390
50.00,85.00,-0.0000940829057220
100.00,85.00,-0.0000000042713573
2.50,90.00,1005.6430733523870913
2.60,90.00,672.7474469396551058
2.70,90.00,446.7925753829808855
2.80,90.00,293.0745739107948680
2.90,90.00,188.4975622380613629
3.00,90.00,117.5443174894658966
3.10,90.00,69.6928146909506836
3.20,90.00,37.7476098208665931
3.30,90.00,16.7524445844695542
3.40,90.00,3.2742614983074647
3.50,90.00,-5.0736282323452455
3.60,90.00,-9.9529214543336515
3.70,90.00,-12.5195172511835402
3.80,90.00,-13.5747022246612126
3.90,90.00,-13.6704676053556451
4.00,90.00,-13.1834752893394356
4.10,90.00,-12.3673215855745102
4.20,90.00,-11.3896063805261782
4.30,90.00,-10.3582628602363016
4.40,90.00,-9.3402417352958231
4.50,90.00,-8.3747265238785005
4.60,90.00,-7.4824277893845910
4.70,90.00,-6.6720664279832365
4.80,90.00,-5.9448467191863612
4.90,90.00,-5.2974984953822570
5.00,90.00,-4.7243078711124564
5.10,90.00,-4.2184396621315949
5.20,90.00,-3.7727696983772581
5.30,90.00,-3.3803831499051129
5.40,90.00,-3.0348496529418556
5.50,90.00,-2.7303530367544218
5.60,90.00,-2.4617295791237517
5.70,90.00,-2.2244515677879981
5.80,90.00,-2.0145807386794892
5.90,90.00,-1.8287075730626470
6.00,90.00,-1.6638864765603136
6.20,90.00,-1.3875649423663365
6.40,90.00,-1.1690746151733604
6.60,90.00,-0.9958853313457646
6.80,90.00,-0.8583603776149646
7.00,90.00,-0.7489779391083791
7.20,90.00,-0.6617983912837595
7.40,90.00,-0.5920973377217205
7.60,90.00,-0.5361060201088321
7.80,90.00,-0.4908203256310144
8.00,90.00,-0.4538541977420160
8.20,90.00,-0.4233229868797142
8.40,90.00,-0.3977482821680904
8.60,90.00,-0.3759792348604516
8.80,90.00,-0.3571272733041082
9.00,90.00,-0.3405120849321138
9.50,90.00,-0.3056778998845661
10.00,90.00,-0.2768115670812346
10.50,90.00,-0.2514962484139867
11.00,90.00,-0.2286432001954120
11.50,90.00,-0.2077700352202672
12.00,90.00,-0.1886490662971478
12.50,90.00,-0.1711475439899399
13.00,90.00,-0.1551613603665380
13.50,90.00,-0.1405913204139963
14.00,90.00,-0.1273371990639026
14.50,90.00,-0.1152982542831249
15.00,90.00,-0.1043754105263834
16.00,90.00,-0.0855018609507250
17.00,90.00,-0.0700205986943392
18.00,90.00,-0.0573346003759091
19.00,90.00,-0.0469440468543984
20.00,90.00,-0.0384354402866663
21.00,90.00,-0.0314686112988045
22.00,90.00,-0.0257644430942215
23.00,90.00,-0.0210941873060073
24.00,90.00,-0.0172704765772905
25.00,90.00,-0.0141398764476543
50.00,90.00,-0.0000952737719236
100.00,90.00,-0.0000000043254226
