T	2->0	4->0	6->0	8->0	10->0	4->2	6->2	8->2	10->2	6->4	8->4	10->4	8->6	10->6	10->8	
1.000000000000000000e+00 4.034617019560051475e-12 1.672272693348473881e-13 2.627844005237337745e-14 1.349668483885457106e-16 1.791168528095940847e-17 8.040738076089286225e-12 6.908533603560472634e-13 3.834341304895068546e-15 4.993848055790822445e-16 1.368258064118657638e-11 5.858765166560443653e-14 7.432694510155532274e-15 7.935295832306820713e-13 8.765916105973680929e-14 1.015172302807694266e-12
2.000000000000000000e+00 3.853703491420756154e-12 1.938221368764197908e-13 3.032887012316166310e-14 2.580178370081237239e-16 3.125826657198849847e-17 9.870511418008869118e-12 8.121249178051310228e-13 7.493520624345863342e-15 8.763991826349025623e-16 1.686258580020309257e-11 1.162505181269839921e-13 1.315713794045097938e-14 1.610385572950768113e-12 1.561176207684835749e-13 1.745174720669836343e-12
3.000000000000000000e+00 3.865572965935353937e-12 2.054804071538568638e-13 3.243091356935595345e-14 3.148311825343845872e-16 3.699039177675604704e-17 1.067262751223412253e-11 8.745886827148304970e-13 9.173638793152860819e-15 1.040278461056690715e-15 1.850934450622068794e-11 1.427148608984817115e-13 1.570535469363342572e-14 1.996586892259736082e-12 1.875278505822105546e-13 2.092046896711737733e-12
4.000000000000000000e+00 3.949550622745673353e-12 2.106572427505562050e-13 3.340784650071790696e-14 3.436434819953111124e-16 3.975752617063473773e-17 1.098229342801455514e-11 9.029148714068633544e-13 1.000156373672638746e-14 1.119934938995827138e-15 1.924080549706681685e-11 1.556094763109346111e-13 1.696482620144669822e-14 2.186501551828765986e-12 2.034360840546407096e-13 2.269718875008927232e-12
5.000000000000000000e+00 4.063555397795045745e-12 2.136926243021989090e-13 3.382911610099151381e-14 3.600981044657948532e-16 4.128415325697117263e-17 1.110240217860679875e-11 9.145243970336920948e-13 1.045340527799928432e-14 1.163846028083158812e-15 1.952271960694590387e-11 1.625290185911400786e-13 1.766367794014025423e-14 2.287187398851720420e-12 2.124095807061409512e-13 2.368742325072522486e-12
6.000000000000000000e+00 4.183326435263722132e-12 2.162282767612506079e-13 3.390924151158261599e-14 3.706948764515361865e-16 4.224813390542984296e-17 1.115262358903885587e-11 9.161593944164854904e-13 1.072644047884436051e-14 1.191260630258213935e-15 1.954690215122081183e-11 1.666096659886694138e-13 1.809667939704500411e-14 2.344088113401358763e-12 2.180026547894888075e-13 2.428195859471397870e-12
7.000000000000000000e+00 4.297679845503096248e-12 2.188998369921007170e-13 3.373899199335429025e-14 3.784225746933130409e-16 4.294906353246338640e-17 1.118179937969795080e-11 9.107230090834357990e-13 1.091069000113205149e-14 1.210761668987649940e-15 1.939968968196261017e-11 1.692741319857478789e-13 1.839732719465077287e-14 2.378223212159405732e-12 2.218563051107914407e-13 2.466566659385810954e-12
8.000000000000000000e+00 4.403420997891352236e-12 2.219416403050874936e-13 3.337437223552254146e-14 3.847752490975328002e-16 4.353184857540194145e-17 1.121024680211648820e-11 8.999467264282223897e-13 1.105074341332643825e-14 1.226536336418870938e-15 1.913054585747531473e-11 1.712228414875139832e-13 1.863159936632799072e-14 2.400111255753990190e-12 2.247947652487502734e-13 2.493302825065535791e-12
9.000000000000000000e+00 4.501154098437400494e-12 2.254100281965283905e-13 3.286122934037949360e-14 3.905496656171126895e-16 4.407140493038706205e-17 1.124579669523537678e-11 8.851712688401764990e-13 1.117011483233331596e-14 1.240768450992756923e-15 1.877435765779425820e-11 1.728227319231503849e-13 1.883428363830632094e-14 2.415348108600729080e-12 2.272588894173308195e-13 2.513528689028169879e-12
1.000000000000000000e+01 4.592823545171322917e-12 2.292742090740353000e-13 3.223959607733821313e-14 3.961923560655948932e-16 4.460843911195850626e-17 1.129040279581952656e-11 8.675206948058376078e-13 1.128178939177979165e-14 1.254654987267608751e-15 1.835806810133588827e-11 1.742748379234140749e-13 1.902461272931568369e-14 2.427049244342865155e-12 2.294956508400268978e-13 2.530150795259175207e-12
1.100000000000000000e+01 4.680513879556042587e-12 2.334589906532761269e-13 3.154358931725040440e-14 4.019631392022262036e-16 4.516591200637894005e-17 1.134315561433470780e-11 8.479290115565854039e-13 1.139317041836334360e-14 1.268876411350662672e-15 1.790281209610497990e-11 1.756925810754657564e-13 1.921358134841017219e-14 2.437005385561768096e-12 2.316480208569812840e-13 2.544872428846563954e-12
1.200000000000000000e+01 4.765952855551540218e-12 2.378687380172490056e-13 3.080117754583645816e-14 4.080174445754714847e-16 4.575713732153736630e-17 1.140181306309304489e-11 8.271493594126258109e-13 1.150855995380485620e-14 1.283829513248390060e-15 1.742496302619501530e-11 1.771408797028187886e-13 1.940760762447236591e-14 2.446266045897769386e-12 2.338004846717766420e-13 2.558713757427867687e-12
1.300000000000000000e+01 4.850363904552434317e-12 2.424025563616308797e-13 3.003450719072148303e-14 4.144501422929423865e-16 4.638998396998569354e-17 1.146364638389689684e-11 8.057709604689667137e-13 1.163047362659939889e-14 1.299749175172970986e-15 1.693695443163908788e-11 1.786568083862079595e-13 1.961046846524507504e-14 2.455450595872630818e-12 2.360033655698427225e-13 2.572292648200020710e-12
1.400000000000000000e+01 4.934478802058071314e-12 2.469641274229172274e-13 2.926061520850983647e-14 4.213200020578951926e-16 4.706915579926637296e-17 1.152592301773951179e-11 7.842425792006395086e-13 1.176037052504107336e-14 1.316775047281424763e-15 1.644802673089982641e-11 1.802610282887914236e-13 1.982437047407284294e-14 2.464921722310759642e-12 2.382864237153824438e-13 2.585983007027609726e-12
1.500000000000000000e+01 5.018615654638116188e-12 2.514676666218239797e-13 2.849228146638058756e-14 4.286638818261865090e-16 4.779747651629842559e-17 1.158617305998154144e-11 7.628976576543198040e-13 1.189907383577565892e-14 1.334989515126224759e-15 1.596489259058048010e-11 1.819643546550863529e-13 2.005056591841476771e-14 2.474885817115654262e-12 2.406667548025588523e-13 2.600007404023879118e-12
1.600000000000000000e+01 5.102775828443630646e-12 2.558409716384817332e-13 2.773886124124945178e-14 4.365052172957964427e-16 4.857663861182733315e-17 1.164231890155705500e-11 7.419777940287598398e-13 1.204702057764672829e-14 1.354440057221728887e-15 1.549230311240847286e-11 1.837716454059804455e-13 2.028971877424458571e-14 2.485452861503392879e-12 2.431535286592092803e-13 2.614492972864595889e-12
1.700000000000000000e+01 5.186737808967831065e-12 2.600263847260213294e-13 2.700702116294489643e-14 4.448592231862886120e-16 4.940765283383245231e-17 1.169271822551467605e-11 7.216530250491620025e-13 1.220441326652192494e-14 1.375152788309450137e-15 1.503351130052051932e-11 1.856841572682406019e-13 2.054212820967705011e-14 2.496673021936605095e-12 2.457509099517905146e-13 2.629506039969428878e-12
1.800000000000000000e+01 5.270138398329624150e-12 2.639803700586716356e-13 2.630135400293894052e-14 4.537361347514550331e-16 5.029112467033596504e-17 1.173615437549452671e-11 7.020385351388625898e-13 1.237131353229088719e-14 1.397140853444204483e-15 1.459064089978860995e-11 1.877009973950762976e-13 2.080786800655837558e-14 2.508559437580713970e-12 2.484598985018282625e-13 2.645074044543650181e-12
1.900000000000000000e+01 5.352538093137280947e-12 2.676722644281624032e-13 2.562487473270049505e-14 4.631432501833398282e-16 5.122742770308539018e-17 1.177179737470911160e-11 6.832080125423017638e-13 1.254770050534711523e-14 1.420409720166002556e-15 1.416497416603342594e-11 1.898200273724232977e-13 2.108687495069916202e-14 2.521102607520561458e-12 2.512795089612337312e-13 2.661199654961862907e-12
2.000000000000000000e+01 5.433470788728035165e-12 2.710826127099927390e-13 2.497941192563697896e-14 4.730862240176881660e-16 5.221681361283402595e-17 1.179915111246011570e-11 6.652041148397680930e-13 1.273350739543338932e-14 1.444960549367896026e-15 1.375717327799106279e-11 1.920384289430420025e-13 2.137900544843861738e-14 2.534279558928068650e-12 2.542075364042924747e-13 2.677869979034399524e-12
2.100000000000000000e+01 5.512479534758931143e-12 2.742013693181012383e-13 2.436591198634102685e-14 4.835698852630398585e-16 5.325948212445791201e-17 1.181799657246515547e-11 6.480465589269275948e-13 1.292864436772939581e-14 1.470792345467967035e-15 1.336744899725633459e-11 1.943530575168286703e-13 2.168407192149842965e-14 2.548059716916049290e-12 2.572410568038200649e-13 2.695062626715385111e-12
2.200000000000000000e+01 5.589140677111259907e-12 2.770261431802935676e-13 2.378467316209752299e-14 4.945987503986137018e-16 5.435562486550443801e-17 1.182833698643211744e-11 6.317383148086020474e-13 1.313301271494600197e-14 1.497903312221439152e-15 1.299568818729247591e-11 1.967606610602040090e-13 2.200186608401565169e-14 2.562408661699104000e-12 2.603767546620996804e-13 2.712749718533871364e-12
2.300000000000000000e+01 5.663078795727299371e-12 2.795605875402047019e-13 2.323552416636381841e-14 5.061773387887444686e-16 5.550545170627758566e-17 1.183034808233413477e-11 6.162703136101611368e-13 1.334651346069749758e-14 1.526291679312315526e-15 1.264154965113854847e-11 1.992580129659533936e-13 2.233217356477127798e-14 2.577290518604220639e-12 2.636111362030204570e-13 2.730900533969912136e-12
2.400000000000000000e+01 5.733974647060627739e-12 2.818129834184463443e-13 2.271795969906912650e-14 5.183103592947915513e-16 5.670920494249063107e-17 1.182433483217152820e-11 6.016250053711152246e-13 1.356905238580345822e-14 1.555956167874376863e-15 1.230453577835843001e-11 2.018419897659849895e-13 2.267478273124602939e-14 2.592669457002226646e-12 2.669406658031589743e-13 2.749483248835750529e-12
2.500000000000000000e+01 5.801567998935542895e-12 2.837950316158043406e-13 2.223124272163526825e-14 5.310028123663924396e-16 5.796716475201156666e-17 1.181069501542556425e-11 5.877790335162815045e-13 1.380054275396328325e-14 1.586896203739767984e-15 1.198404582630911069e-11 2.045096134863683079e-13 2.302948957568496664e-14 2.608510605996297795e-12 2.703618503815763655e-13 2.768466056881710081e-12
2.600000000000000000e+01 5.865656894906598318e-12 2.855208476515735202e-13 2.177448124277116043e-14 5.442600361648121791e-16 5.927964819261429184e-17 1.178988928788629815e-11 5.747052346369135914e-13 1.404090655907783130e-14 1.619111950562121415e-15 1.167941531319344074e-11 2.072580714352291194e-13 2.339609989615162579e-14 2.624780587921868560e-12 2.738712882248675588e-13 2.787817872503962827e-12
2.700000000000000000e+01 5.926094553252827221e-12 2.870061427974314498e-13 2.134668564126379833e-14 5.580877150648000717e-16 6.064700331062141806e-17 1.176241712236247992e-11 5.623741248715507397e-13 1.429007482472738212e-14 1.652604212292270938e-15 1.138994493879991742e-11 2.100847217180304113e-13 2.377442960672288733e-14 2.641447801983042088e-12 2.774656934042034823e-13 2.807508747544713175e-12
2.800000000000000000e+01 5.982784815330170628e-12 2.882675691950659852e-13 2.094681117026896672e-14 5.724918622324164284e-16 6.206959952065824956e-17 1.172879785544292622e-11 5.507549966911742626e-13 1.454798729747380671e-14 1.687374240510136103e-15 1.111492162657120957e-11 2.129870898636400440e-13 2.416430375545435897e-14 2.658482545596926137e-12 2.811419034657994116e-13 2.827510093082529656e-12
2.900000000000000000e+01 6.035676816664012021e-12 2.893222056420449027e-13 2.057378920416701921e-14 5.874787836660740300e-16 6.354781518075724951e-17 1.168955605619615901e-11 5.398167206896979853e-13 1.481459175310704274e-14 1.723423473517897670e-15 1.085363365052769817e-11 2.159628600483256046e-13 2.456555466373321021e-14 2.675857031599472472e-12 2.848968757793284274e-13 2.847794769022281010e-12
3.000000000000000000e+01 6.084759360977232033e-12 2.901871614245295209e-13 2.022654994941213818e-14 6.030550283410639626e-16 6.508202315128859990e-17 1.164521047785870559e-11 5.295283244619643579e-13 1.508984305568596753e-14 1.760753228747180883e-15 1.060538133095378246e-11 2.190098631665989651e-13 2.497801949266998458e-14 2.693545339986469886e-12 2.887276763907056276e-13 2.868337085323979633e-12
3.100000000000000000e+01 6.130055327250223244e-12 2.908792775329736542e-13 1.990403869496693581e-14 6.192273274059790156e-16 6.667257504306365697e-17 1.159626592995475481e-11 5.198594033997806016e-13 1.537370205847779915e-14 1.799364366552254342e-15 1.036948441919265824e-11 2.221260631904648911e-13 2.540153746982740694e-14 2.711523329895079617e-12 2.926314641782410390e-13 2.889112745741941957e-12
3.200000000000000000e+01 6.171616326242824945e-12 2.914149070632177212e-13 1.960522718350007071e-14 6.360025243994600322e-16 6.831978479951951382e-17 1.154320749619504654e-11 5.107804050731194967e-13 1.566613440403195606e-14 1.839256940979804285e-15 1.014528701695235919e-11 2.253095427351466926e-13 2.583594695912125414e-14 2.729768528868272922e-12 2.966054723817162289e-13 2.910098755966576922e-12
3.300000000000000000e+01 6.209517738864213375e-12 2.918097591847647241e-13 1.932912130713880797e-14 6.533874979485077650e-16 7.002391220248000025e-17 1.148649661145819554e-11 5.022628188431545865e-13 1.596710926120744960e-14 1.880429851092804769e-15 9.932160667838826771e-12 2.285584884133602942e-13 2.628108251949606640e-14 2.748260010648331411e-12 3.006469890511991345e-13 2.931273311757221075e-12
3.400000000000000000e+01 6.243854208120935629e-12 2.920787935261006903e-13 1.907476604400673937e-14 6.713890782050978973e-16 7.178514683152561925e-17 1.142656859299272306e-11 4.942792947352570151e-13 1.627659802565773706e-14 1.922880504583748577e-15 9.729506102000457935e-12 2.318711763476637902e-13 2.673677206866383411e-14 2.766978268867687445e-12 3.047533375750458874e-13 2.952615678162142978e-12
3.500000000000000000e+01 6.274735613748992915e-12 2.922361540687967974e-13 1.884124833286148815e-14 6.900139582534327892e-16 7.360359294017834235e-17 1.136383129381365514e-11 4.868037098104125732e-13 1.659457300409073489e-14 1.966604503598805957e-15 9.536753996317487654e-12 2.352459580784449499e-13 2.720283424368451166e-14 2.785905091414817822e-12 3.089218581493497382e-13 2.974106067671039916e-12
3.600000000000000000e+01 6.302283529631228443e-12 2.922951336106595623e-13 1.862769841655507562e-14 7.092686017880130389e-16 7.547925563824504287e-17 1.129866460919273327e-11 4.798111958736404510e-13 1.692100609952575647e-14 2.011595360865767582e-15 9.353365023061232547e-12 2.386812470248604102e-13 2.767907602876440957e-14 2.805023438526587749e-12 3.131498908158251460e-13 2.995725522757523094e-12
3.700000000000000000e+01 6.326628145190368239e-12 2.922681615462121600e-13 1.843329005826659905e-14 7.291591484613262668e-16 7.741202869112726302e-17 1.123142062036236159e-11 4.732781390131993134e-13 1.725586751338010623e-14 2.057844252388860099e-15 9.178829392266294688e-12 2.421755056081253283e-13 2.816529070152620648e-14 2.824317326511545237e-12 3.174347605044072985e-13 3.017455806492283697e-12
3.800000000000000000e+01 6.347905620378093247e-12 2.921668091352794658e-13 1.825723993796235734e-14 7.496913183882375783e-16 7.940168416693060071e-17 1.116242420385668478e-11 4.671821589203591080e-13 1.759912447961720868e-14 2.105339811184700307e-15 9.012666041846507307e-12 2.457272331180460709e-13 2.866125613183904356e-14 2.843771718248653516e-12 3.217737643600814596e-13 3.039279303572391875e-12
3.900000000000000000e+01 6.366255837542113103e-12 2.920018076133197162e-13 1.809880646305464631e-14 7.708703173470809731e-16 8.144786408412225802e-17 1.109197397133897001e-11 4.615020740034384947e-13 1.795074004579044205e-14 2.154067964836593268e-15 8.854421590711435687e-12 2.493349543861234701e-13 2.916673345202238999e-14 2.863372421102877820e-12 3.261641615041505006e-13 3.061178933103660536e-12
4.000000000000000000e+01 6.381820510758432064e-12 2.917830754704494845e-13 1.795728817123336578e-14 7.927007442221277366e-16 8.355007413922902017e-17 1.102034343441599546e-11 4.562178568355061683e-13 1.831067191528025018e-14 2.204011818086438962e-15 8.703669140771916262e-12 2.529972093165673809e-13 2.968146610389181432e-14 2.883105992565448010e-12 3.306031652741724111e-13 3.083138073711968944e-12
4.100000000000000000e+01 6.394741612984879699e-12 2.915197520200662465e-13 1.783202186073258067e-14 8.151865021848527090e-16 8.570767952793087028e-17 1.094778231287516735e-11 4.513105833518119706e-13 1.867887136417097295e-14 2.255151580301837198e-15 8.560006991474837378e-12 2.567125433168990839e-13 3.020517925674621857e-14 2.902959653703980469e-12 3.350879379012756547e-13 3.105140500989699914e-12
4.200000000000000000e+01 6.405160082763337825e-12 2.912202350208944989e-13 1.772238055067707750e-14 8.383307150149379945e-16 8.791990281545176916e-17 1.087451792396024529e-11 4.467623783566884391e-13 1.905528224499357815e-14 2.307464536475037167e-15 8.423057313656447288e-12 2.604794986606631511e-13 3.073757958101713249e-14 2.922921210357099486e-12 3.396155875162668907e-13 3.127170336864264126e-12
4.300000000000000000e+01 6.413214774551323810e-12 2.908922206334965696e-13 1.762777134920820634e-14 8.621356498231804147e-16 9.018582376423333570e-17 1.080075660556989474e-11 4.425563592466314070e-13 1.943984008798902547e-14 2.360925059441690389e-15 8.292464816748824869e-12 2.642966068052755354e-13 3.127835535486936201e-14 2.942978981904409386e-12 3.441831673249121625e-13 3.149212010176325681e-12
4.400000000000000000e+01 6.419041619660359930e-12 2.905427444058987511e-13 1.754763328797434731e-14 8.866026472666747315e-16 9.250438098872930452e-17 1.072668513834059264e-11 4.386765793581445888e-13 1.983247130869123948e-14 2.415504660250845002e-15 8.167895433731573291e-12 2.681623816779482328e-13 3.182717687545949213e-14 2.963121737369369070e-12 3.487876767561334119e-13 3.171250227551917996e-12
4.500000000000000000e+01 6.422772967914911495e-12 2.901782223117798532e-13 1.748143516689216612e-14 9.117320601520473682e-16 9.487437527851181941e-17 1.065247214106916900e-11 4.351079719689922254e-13 2.023309252857555339e-14 2.471172073063930137e-15 8.049035040944812810e-12 2.720753139320527075e-13 3.238369714267760547e-14 2.983338638559345037e-12 3.534260643627543338e-13 3.193269953525785220e-12
4.600000000000000000e+01 6.424537083317451243e-12 2.898044911245256117e-13 1.742867344178399339e-14 9.375232011153074364e-16 9.729447441109015940e-17 1.057826942134424862e-11 4.318362956917945092e-13 2.064161001336527092e-14 2.527893370593379918e-15 7.935588224405165759e-12 2.760338661655268825e-13 3.294755278083788683e-14 3.003619189907760411e-12 3.580952322410923100e-13 3.215256398807581298e-12
4.700000000000000000e+01 6.424457770078632601e-12 2.894268476145061390e-13 1.738887017876912500e-14 9.639742998563032451e-16 9.976321926401375914e-17 1.050421326900429685e-11 4.288480817781446110e-13 2.105791923142501230e-14 2.585632105890184750e-15 7.827277100162967998e-12 2.800364690823352273e-13 3.351836516274212120e-14 3.023953194653739935e-12 3.627920417312950788e-13 3.237195015564386230e-12
4.800000000000000000e+01 6.422654108265724496e-12 2.890500862160749972e-13 1.736157109252828423e-14 9.910824701999295713e-16 1.022790310309171518e-16 1.043042568446175304e-11 4.261305836834654533e-13 2.148190453257729992e-14 2.644349476230792777e-15 7.723840193180460142e-12 2.840815185679489325e-13 3.409574170060652145e-14 3.044330716973077533e-12 3.675133201632633842e-13 3.259071498611864334e-12
4.900000000000000000e+01 6.419240280991126779e-12 2.886785349339032307e-13 1.734634368030897659e-14 1.018843687061666216e-15 1.048402193470694587e-16 1.035701553730153974e-11 4.236717291152734664e-13 2.191343894572329074e-14 2.704004504913329959e-15 7.625031376947104665e-12 2.881673736406162808e-13 3.467927726931093576e-14 3.064742049659045378e-12 3.722558684216760501e-13 3.280871791452501365e-12
5.000000000000000000e+01 6.414325477485457623e-12 2.883160893526184956e-13 1.734277545944869725e-14 1.047252773216711984e-15 1.074449911356108819e-16 1.028407965309979809e-11 4.214600746909975504e-13 2.235238409188054560e-14 2.764554236927589464e-15 7.530618874390138306e-12 2.922923552321068556e-13 3.526855572910043717e-14 3.085177686942141261e-12 3.770164691166810515e-13 3.302582096165407825e-12
5.100000000000000000e+01 6.408013858572356301e-12 2.879662446852066810e-13 1.735047231299909304e-14 1.076303395613456240e-15 1.100914599949613246e-16 1.021170382829278790e-11 4.194847632587947464e-13 2.279859020770434645e-14 2.825953944690572641e-15 7.440384319440120377e-12 2.964547457447992868e-13 3.586315151706560656e-14 3.105628302033486810e-12 3.817918951629670765e-13 3.324188886231434075e-12
5.200000000000000000e+01 6.400404572991434510e-12 2.876321258490086307e-13 1.736905694553819998e-14 1.105988070835358146e-15 1.127776559599160580e-16 1.013996377429833203e-11 4.177354838804277965e-13 2.325189627325486189e-14 2.888157340319467824e-15 7.354121877762017096e-12 3.006527893265328615e-13 3.646263127928706813e-14 3.126084728977037781e-12 3.865789185881190139e-13 3.345678921464642303e-12
5.300000000000000000e+01 6.391591814715717237e-12 2.873165155972752015e-13 1.739816744930864598e-14 1.136298179201550172e-15 1.155015354828605009e-16 1.006892599306742766e-11 4.162024344350117165e-13 2.371213023671818615e-14 2.951116791229549673e-15 7.271637424577501781e-12 3.048846928005981940e-13 3.706655551831567012e-14 3.146537948400568806e-12 3.913743194105066943e-13 3.367039264312434448e-12
5.400000000000000000e+01 6.381664912897418380e-12 2.870218807621816926e-13 1.743745597930188008e-14 1.167223986905491677e-15 1.182609914966130965e-16 9.998648586910758218e-12 4.148762867730634619e-13 2.417910932798111431e-14 3.014783536180145584e-15 7.192747777118013276e-12 3.091486271855561918e-13 3.767448023355361164e-14 3.166979076764144988e-12 3.961748944466806176e-13 3.388257296878261970e-12
5.500000000000000000e+01 6.370708447370295834e-12 2.867503966844560296e-13 1.748658753473379068e-14 1.198754675522067507e-15 1.210538634360285864e-16 9.929182005876114416e-12 4.137481543293175409e-13 2.465264045238817906e-14 3.079107899235439203e-15 7.117279979011794999e-12 3.134427297381819134e-13 3.828595853501098378e-14 3.187399358717033220e-12 4.009774659277880143e-13 3.409320738110437763e-12
5.600000000000000000e+01 6.358802383757889123e-12 2.865039699173093236e-13 1.754523884345862546e-14 1.230878378165246689e-15 1.238779471111764287e-16 9.860569736204593265e-12 4.128095620883125372e-13 2.513252065565697666e-14 3.144039499448175425e-15 7.045070633783073564e-12 3.177651064526268579e-13 3.890054221375954583e-14 3.207790162189281901e-12 4.057788898234145078e-13 3.430217660686315390e-12
5.700000000000000000e+01 6.346022223203176833e-12 2.862842592997447426e-13 1.761309734519168084e-14 1.263582221548967938e-15 1.267310043402437075e-16 9.792848933509567243e-12 4.120524187872870230e-13 2.561853765077301623e-14 3.209527454405405930e-15 6.975965284598596871e-12 3.221138349497354999e-13 3.951778325513397460e-14 3.228142975861945742e-12 4.105760637891393281e-13 3.450936507201349427e-12
5.800000000000000000e+01 6.332439162565381546e-12 2.860926954978239361e-13 1.768986026891715255e-14 1.296852373191339482e-15 1.296107722650084276e-16 9.726051004338891805e-12 4.114689912353556780e-13 2.611047039770586230e-14 3.275520576090451422e-15 6.909817837414038343e-12 3.264869676922107044e-13 4.013723528329831486e-14 3.248449408679730582e-12 4.153659346707585208e-13 3.471466105346788972e-12
5.900000000000000000e+01 6.318120261639870995e-12 2.859304991130759448e-13 1.777523379951190101e-14 1.330674093004270103e-15 1.325149722855681307e-16 9.660202139723721189e-12 4.110518806253429544e-13 2.660808972695808420e-14 3.341967557809896705e-15 6.846490024733014387e-12 3.308825354638468589e-13 4.075845492817284686e-14 3.268701191091131398e-12 4.201455055134041089e-13 3.491795681827181283e-12
6.000000000000000000e+01 6.303128614562993728e-12 2.857986974557133127e-13 1.786893232839262828e-14 1.365031788525180844e-15 1.354413185638280840e-16 9.595323804208500809e-12 4.107940007143451256e-13 2.711115899825433949e-14 3.408817151205918809e-15 6.785850907281716900e-12 3.352985510541865246e-13 4.138100310788599826e-14 3.288890177723430607e-12 4.249118420375868497e-13 3.511914874829392498e-12
6.100000000000000000e+01 6.287523523078828868e-12 2.856981400773046236e-13 1.797067778287207450e-14 1.399909073072266199e-15 1.383875260569818768e-16 9.531433183712161182e-12 4.106885577505383110e-13 2.761943478607476613e-14 3.476018332620970176e-15 6.727776411012933817e-12 3.397330130935778500e-13 4.200444622186986097e-14 3.309008351222912330e-12 4.296620785565006517e-13 3.531813744908475751e-12
6.200000000000000000e+01 6.271360669781492032e-12 2.856295131534914520e-13 1.808019902887078427e-14 1.435288826137910667e-15 1.413513180527887856e-16 9.468543595403150561e-12 4.107290320265110077e-13 2.813266758421319417e-14 3.543520458303172772e-15 6.672148896976672804e-12 3.441839099875754472e-13 4.262835725145320922e-14 3.329047827013753625e-12 4.343934233197493323e-13 3.551482784202595265e-12
6.300000000000000000e+01 6.254692289815504703e-12 2.855933528026179327e-13 1.819723134166029408e-14 1.471153255374365242e-15 1.443304331878758787e-16 9.406664862589632579e-12 4.109091609431351511e-13 2.865060252207568405e-14 3.611273408136700469e-15 6.618856761725494071e-12 3.486492239038238678e-13 4.325231676632793739e-14 3.349000858752080249e-12 4.391031632780458873e-13 3.570912923929656409e-12
6.400000000000000000e+01 6.237567339827707372e-12 2.855900574210418550e-13 1.832151593939940184e-14 1.507483959570052930e-15 1.473226319385827955e-16 9.345803657439007822e-12 4.112229234724474317e-13 2.917298008601013261e-14 3.679227717752900571e-15 6.567794066056732594e-12 3.531269347688948635e-13 4.387591383658326233e-14 3.368859844274272925e-12 4.437886682714742074e-13 3.590095540152830494e-12
6.500000000000000000e+01 6.220031663224960651e-12 2.856198991106111963e-13 1.845279957435525262e-14 1.544261992062248075e-15 1.503257025810686999e-16 9.285963814152285524e-12 4.116645259129568508e-13 2.969953683955702343e-14 3.747334699025742617e-15 6.518860190027870879e-12 3.576150242369028635e-13 4.449874685112469764e-14 3.388617331860468207e-12 4.484473946506608805e-13 3.609022457830935121e-12
6.600000000000000000e+01 6.202128151010372129e-12 2.856830342685004307e-13 1.859083417686756670e-14 1.581467924081163037e-15 1.533374666235758106e-16 9.227146615033187696e-12 4.122283888360748376e-13 3.023000613712067331e-14 3.815546549081025240e-15 6.471959512313355603e-12 3.621114795960462621e-13 4.512042424423965451e-14 3.408266026655232535e-12 4.530768883458062568e-13 3.627685953193581119e-12
6.700000000000000000e+01 6.183896897652724522e-12 2.857795134044103136e-13 1.873537654730920667e-14 1.619081907570465320e-15 1.563557837189613905e-16 9.169351051712032134e-12 4.129091351278381182e-13 3.076411882616801473e-14 3.883816448054224008e-15 6.427001112099460623e-12 3.666142975834431840e-13 4.574056513285028713e-14 3.427798797107322851e-12 4.576747874030575469e-13 3.646078754500158826e-12
6.800000000000000000e+01 6.165375351594898602e-12 2.859092902451174399e-13 1.888618809151169936e-14 1.657083737079036424e-15 1.593785560699456311e-16 9.112574063611719977e-12 4.137015790356513319e-13 3.130160393365828539e-14 3.952098645918525887e-15 6.383898491837306422e-12 3.711214880826829955e-13 4.635879986762286615e-14 3.447208681309280795e-12 4.622388240112827729e-13 3.664194041256989586e-12
6.900000000000000000e+01 6.146598460131962047e-12 2.860722301815914150e-13 1.904303459535603865e-14 1.695452910367544138e-15 1.624037323430596527e-16 9.056810755579449238e-12 4.146007161353414882e-13 3.184218933298321492e-14 4.020348538774435368e-15 6.342569319292082307e-12 3.756310776823883994e-13 4.697477050159812195e-14 3.466488893135113668e-12 4.667668260450438746e-13 3.682025441978517804e-12
7.000000000000000000e+01 6.127598808492156838e-12 2.862681181093842347e-13 1.920568603447023160e-14 1.734168687420551229e-15 1.654293111100912871e-16 9.002054596453450024e-12 4.156017141393065230e-13 3.238560238824891760e-14 4.088522735046944247e-15 6.302935187438527161e-12 3.801411130777186310e-13 4.758813118038136794e-14 3.485632828090595546e-12 4.712567181515352079e-13 3.699567030586849404e-12
7.100000000000000000e+01 6.108406753038030788e-12 2.864966657087933201e-13 1.937391641522299808e-14 1.773210147599924072e-15 1.684533438380003876e-16 8.948297600189387178e-12 4.166999044719264805e-13 3.293157057325180879e-14 4.156579112077527859e-15 6.264921390858561617e-12 3.846496643001462937e-13 4.819854845820247482e-14 3.504634068805692427e-12 4.757065224106069299e-13 3.716813321549752211e-12
7.200000000000000000e+01 6.089050548572690669e-12 2.867575182073715007e-13 1.954750364345245365e-14 1.812556244717828298e-15 1.714739374498807427e-16 8.895530491036334485e-12 4.178907745436197503e-13 3.347982206298751426e-14 4.224476863627589632e-15 6.228456717396391046e-12 3.891548277639698152e-13 4.880570154433307092e-14 3.523486390112188209e-12 4.801143585977431031e-13 3.733759263860501692e-12
7.300000000000000000e+01 6.069556469791168380e-12 2.870502606637535760e-13 1.972622941761803329e-14 1.852185859847452626e-15 1.744892564806574680e-16 8.843742854127351020e-12 4.191699606599638376e-13 3.403008629598486347e-14 4.292176538829244523e-15 6.193473253919828099e-12 3.936547291209042498e-13 4.940928248445021446e-14 3.542183763661987528e-12 4.844784440801811593e-13 3.750400233964585219e-12
7.400000000000000000e+01 6.049948926960100458e-12 2.873744238084290066e-13 1.990987914330911073e-14 1.892077851726504689e-15 1.774975248518926735e-16 8.792923272733720134e-12 4.205332415071213582e-13 3.458209450617131035e-14 4.359640073129639157e-15 6.159906205123708155e-12 3.981475259166975793e-13 5.000899628156738198e-14 3.560720362052633023e-12 4.887970933762386985e-13 3.766732027737892706e-12
7.500000000000000000e+01 6.030250575943241975e-12 2.877294894740522781e-13 2.009824186628394156e-14 1.932211104642440603e-15 1.804970272903852777e-16 8.743059453325584931e-12 4.219765321594064773e-13 3.513558022335452652e-14 4.426830811777887419e-15 6.127693724392663481e-12 4.026314100460620634e-13 5.060456096113168671e-14 3.579090562436465189e-12 4.930687174074834483e-13 3.782750851619630442e-12
7.600000000000000000e+01 6.010482422716616628e-12 2.881148956450945819e-13 2.029111022144528789e-14 1.972564573719384322e-15 1.834861104152617644e-16 8.694138339483352320e-12 4.234958785591908662e-13 3.569027974174643771e-14 4.493713526400327860e-15 6.096776755816172590e-12 4.071046100043097479e-13 5.119570758481580516e-14 3.597288949598634955e-12 4.972918224726716534e-13 3.798453313000487215e-12
7.700000000000000000e+01 5.990663922536906235e-12 2.885300411541079233e-13 2.048828039538297385e-14 2.013117327554583209e-15 1.864631835179962250e-16 8.646146215614286643e-12 4.250874524234634000e-13 3.624593255626101743e-14 4.560254425201077380e-15 6.067098886519118114e-12 4.115653929359199804e-13 5.178218021742506650e-14 3.615310318496799381e-12 5.014650089714564543e-13 3.813836409963102677e-12
7.800000000000000000e+01 5.970813073941214308e-12 2.889742900495709107e-13 2.068955210032798620e-14 2.053848588177363199e-15 1.894267190593317646e-16 8.599068801346047570e-12 4.267475465352374028e-13 3.680228176658850732e-14 4.626421157311984602e-15 6.038606208536242279e-12 4.160120664818873647e-13 5.236373585120207091e-14 3.633149676262045715e-12 5.055869699047692136e-13 3.828897520467730968e-12
7.900000000000000000e+01 5.950946507766300020e-12 2.894469756581952109e-13 2.089472855756663911e-14 2.094737768325792023e-15 1.923752529064350657e-16 8.552891337393469280e-12 4.284725703816303276e-13 3.735907444928647121e-14 4.692182811799738765e-15 6.011247189519275759e-12 4.204429804290932456e-13 5.294014429164838210e-14 3.650802243666313835e-12 5.096564891775609182e-13 3.843634391071344580e-12
8.000000000000000000e+01 5.931079571381794431e-12 2.899474043626814182e-13 2.110361648855603132e-14 2.135764506055883810e-15 1.953073843328357692e-16 8.507598663625656553e-12 4.302590461038396506e-13 3.791606199833490385e-14 4.757509911818906850e-15 5.984972551621352711e-12 4.248565281661367705e-13 5.351118800880290956e-14 3.668263456066462171e-12 5.136724397282707510e-13 3.858045125263411099e-12
8.100000000000000000e+01 5.911226408335219524e-12 2.904748591142009705e-13 2.131602611216335173e-14 2.176908696715253739e-15 1.982217758028142230e-16 8.463175289997457388e-12 4.321036047273984463e-13 3.847300043478025423e-14 4.822374404378615350e-15 5.959735157954858864e-12 4.292511479510635970e-13 5.407666195772264992e-14 3.685528963839200722e-12 5.176337815080191086e-13 3.872128171496323174e-12
8.200000000000000000e+01 5.891400033607793858e-12 2.910286026973303812e-13 2.153177114662210293e-14 2.218150522327909074e-15 2.011171525609442106e-16 8.419605460951819718e-12 4.340029826440392700e-13 3.902965068624454576e-14 4.886749646168189447e-15 5.935489906066566168e-12 4.336253239972699100e-13 5.463637337171064425e-14 3.702594632324568126e-12 5.215395593311165794e-13 3.885882310983194427e-12
8.300000000000000000e+01 5.871612404678798533e-12 2.916078807637673377e-13 2.175066881495623942e-14 2.259470478449393236e-15 2.039923020464671192e-16 8.376873213846895875e-12 4.359540183192114383e-13 3.958577883720042209e-14 4.950610385863621375e-15 5.912193627917726278e-12 4.379775873845177696e-13 5.519014153162753446e-14 3.719456541298249801e-12 5.253889006170526213e-13 3.899306645330260457e-12
8.400000000000000000e+01 5.851874488594004067e-12 2.922119246498880049e-13 2.197253985277093576e-14 2.300849398562069484e-15 2.068460731511266202e-16 8.334962431913964558e-12 4.379536492018136770e-13 4.014115635101720925e-14 5.013932743312733123e-15 5.889804995897309232e-12 4.423065168025448845e-13 5.573779751441600377e-14 3.736110983995328727e-12 5.291810130427181797e-13 3.912400584065851550e-12
8.500000000000000000e+01 5.832196325229782966e-12 2.928399539920647792e-13 2.219720851744469997e-14 2.342268476089009832e-15 2.096773753380160181e-16 8.293856892208656352e-12 4.399989088150227771e-13 4.069556026486442608e-14 5.076694185972769724e-15 5.868284434433919602e-12 4.466107391351385392e-13 5.627918392375804148e-14 3.752554465709607745e-12 5.329151821222212232e-13 3.925163832122650705e-12
8.600000000000000000e+01 5.812587086939946127e-12 2.934911791526233963e-13 2.242450259788298542e-14 2.383709284112012771e-15 2.124851776379112352e-16 8.253540308978031526e-12 4.420869240092271845e-13 4.124877335862347649e-14 5.138873502950051833e-15 5.847594036806083955e-12 4.508889298928433950e-13 5.681415460558092861e-14 3.768783701993893156e-12 5.365907687302922383e-13 3.937596377324871922e-12
8.700000000000000000e+01 5.793055134766954034e-12 2.941648034683805009e-13 2.265425342410861266e-14 2.425153792884737799e-15 2.152685075384957149e-16 8.213996372830042584e-12 4.442149123600282479e-13 4.180058429900461662e-14 5.200450776967494223e-15 5.827697486782338485e-12 4.551398135026473200e-13 5.734257435092594961e-14 3.784795616487394335e-12 5.402072065839552701e-13 3.949698477927045999e-12
8.800000000000000000e+01 5.773608071393218053e-12 2.948600253328534416e-13 2.288629587606924052e-14 2.466584385236118235e-15 2.180264497808249697e-16 8.175208786058737914e-12 4.463801796960582346e-13 4.235078776009862107e-14 5.261407354562625654e-15 5.808559984751452534e-12 4.593621634630908804e-13 5.786431858850046945e-14 3.800587338396833565e-12 5.437639996958761064e-13 3.961470650246434445e-12
8.900000000000000000e+01 5.754252791002010524e-12 2.955760401224586217e-13 2.312046839113830683e-14 2.507983869962146385e-15 2.207581450763606515e-16 8.137161294448630943e-12 4.485801177429968764e-13 4.289918452161145413e-14 5.321725814796087899e-15 5.790148178029920657e-12 4.635548023732664229e-13 5.837927306904548418e-14 3.816156199658037149e-12 5.472607198115803372e-13 3.972913656426621006e-12
9.000000000000000000e+01 5.734995526210947928e-12 2.963120419763101410e-13 2.335661296987205008e-14 2.549335493305947779e-15 2.234627887568964460e-16 8.099837715854127961e-12 4.508122018716500028e-13 4.344558154603694814e-14 5.381389936728799399e-15 5.772430095058281181e-12 4.677166018441125464e-13 5.888733354347062125e-14 3.831499731804621398e-12 5.506970038415763590e-13 3.984028492365553784e-12
9.100000000000000000e+01 5.715841892234423051e-12 2.970672254385949795e-13 2.359457517966414738e-14 2.590622948627012187e-15 2.261396293687486029e-16 8.063221965825114975e-12 4.530739889393072781e-13 4.398979203602056599e-14 5.440384665905097401e-15 5.755375083220447058e-12 4.718464823003166643e-13 5.938840543653789441e-14 3.846615662570058262e-12 5.540725512983328129e-13 3.994816375837396438e-12
9.200000000000000000e+01 5.696796928424633115e-12 2.978407869719085113e-13 2.383420415600953910e-14 2.631830384360477506e-15 2.287879672216602778e-16 8.027298080526809318e-12 4.553631152148161305e-13 4.453163547315504405e-14 5.498696080059112412e-15 5.738953750040901457e-12 4.759434126809690239e-13 5.988240351771147261e-14 3.861501912248890855e-12 5.573871217470186050e-13 4.005278734833755913e-12
9.300000000000000000e+01 5.677865137334246353e-12 2.986319263494047257e-13 2.407535260115226127e-14 2.672942410366777686e-15 2.314071529019900251e-16 7.992050237181423378e-12 4.576772943789178572e-13 4.507093763943043523e-14 5.556311354242708034e-15 5.723137907533589622e-12 4.800064100469210115e-13 6.036925157063768348e-14 3.876156589842185698e-12 5.606405322779532869e-13 4.015417196146401673e-12
9.400000000000000000e+01 5.659050521437101370e-12 2.994398479331208637e-13 2.431787677994833713e-14 2.713944102770657515e-15 2.339965857589255366e-16 7.957462772240140047e-12 4.600143155923854791e-13 4.560753062253534261e-14 5.613218725555264558e-15 5.707900519493867651e-12 4.840345391025683314e-13 6.084888206257349467e-14 3.890577989011506384e-12 5.638326550078051938e-13 4.025233574210361845e-12
9.500000000000000000e+01 5.640356617636942332e-12 3.002637618453855765e-13 2.456163651282447734e-14 2.754821007386836602e-15 2.365557123716725207e-16 7.923520197476630472e-12 4.623720416254115840e-13 4.614125280617660536e-14 5.669407457638707014e-15 5.693215651540838928e-12 4.880269116395198409e-13 6.132123581494687815e-14 3.904764583864766014e-12 5.669634146157345306e-13 4.034729860223319494e-12
9.600000000000000000e+01 5.621786529687792104e-12 3.011028850398057736e-13 2.480649516575741017e-14 2.795559141827354643e-15 2.390840250048280722e-16 7.890207214177604038e-12 4.647484070424905263e-13 4.667194884654955951e-14 5.724867805085143215e-15 5.679058423732164903e-12 4.919826859093347379e-13 6.178626167610431335e-14 3.918715024596415876e-12 5.700327859198949351e-13 4.043908211554423568e-12
9.700000000000000000e+01 5.603342958643502156e-12 3.019564422779384208e-13 2.505231963723712519e-14 2.836144996383072216e-15 2.415810600584472758e-16 7.857508725591377370e-12 4.671414164377715706e-13 4.719946963605272091e-14 5.779590977889630163e-15 5.665404965586929508e-12 4.959010659322139370e-13 6.224391619718253299e-14 3.932428133003258148e-12 5.730407914989811444e-13 4.052770941453199184e-12
9.800000000000000000e+01 5.585028231448020164e-12 3.028236670174043350e-13 2.529898034221092536e-14 2.876565533768938909e-15 2.440463965186601888e-16 7.825409847782393592e-12 4.695491427165019069e-13 4.772367225530114279e-14 5.833569106066573876e-15 5.652232373364554672e-12 4.997813007482247086e-13 6.269416331193176782e-14 3.945902897896243863e-12 5.759874993628452744e-13 4.061320509066840382e-12
9.900000000000000000e+01 5.566844327772171230e-12 3.037038022168623491e-13 2.554635119303409280e-14 2.916808187819510449e-15 2.464796544140847809e-16 7.793895919027402780e-12 4.719697254187547326e-13 4.824441991444873920e-14 5.886795204535273563e-15 5.639518669459144630e-12 5.036226836173199905e-13 6.313697402121513153e-14 3.959138470427371786e-12 5.788730206755820168e-13 4.069559509772165943e-12
1.000000000000000000e+02 5.548792905197347733e-12 3.045961010629665226e-13 2.579430957747824216e-14 2.956860861217982633e-15 2.488804932827133352e-16 7.762952507878266048e-12 4.744013690821585155e-13 4.876158188478690055e-14 5.939263138368191936e-15 5.627242763779146910e-12 5.074245511741013670e-13 6.357232608281573966e-14 3.972134159349828786e-12 5.816975075339370943e-13 4.077490665826577722e-12
