1837075.3723249998874962,-38023518126.1569137573242188
976845.1117040000390261,-24757355281.8332595825195312
599235.6624529999680817,-16092749206.6863441467285156
447784.5278120000148192,-10441988208.2432556152343750
431599.8859749999828637,-6762617969.9661169052124023
538765.7542179999873042,-4370986922.7328100204467773
826762.7428300000028685,-2819342776.8351464271545410
1476782.9690600000321865,-1814923455.0928432941436768
3033108.0568949999287724,-1166909410.6296439170837402
8413413.5205969996750355,-753398849.7065805196762085
3043457.2903840001672506,-194906780.3904421627521515
1409344.0804630001075566,-122643769.4293290078639984
714272.2627980000106618,-77020702.2126719951629639
387024.9433590000262484,-48211356.4733059555292130
226641.9233219999878202,-30061273.6477366648614407
147445.0515230000019073,-18664996.3893551863729954
109456.7956319999939296,-11538627.3820920009166002
92784.9944970000069588,-7103364.2094639204442501
87086.1526509999966947,-4357728.6093430435284972
86830.3846690000063973,-2668275.4263137220405042
89028.4679040000046371,-1635745.9899046842474490
50718.3048169999965467,-968150.1623936656396836
38402.6200729999982286,-576214.8951207692734897
28788.5476400000006834,-339697.7170553653268144
21454.6548829999992449,-198176.5492791178403422
15928.6941769999993994,-114276.2769057472323766
11795.4022289999993518,-65042.3506813819112722
8717.9276780000000144,-36479.0566176992288092
6433.2040360000000874,-20119.4587206171854632
4740.0953520000002754,-10885.1565661255117448
3486.8086530000000494,-5759.1545566118802526
2559.7272360000001754,-2968.2462757797770792
1874.2332630000000790,-1482.8320905873424636
1367.4911179999999149,-713.3204223811933389
992.9404869999999619,-327.4796781014382532
716.1574789999999666,-141.6375757549714081
511.7438970000000040,-56.5671521953684078
360.9765810000000101,-20.1570586817730941
250.0329000000000121,-5.9815929391444342
168.6785539999999912,-1.2250173233983901
109.3070909999999998,-0.0264911984900493
66.2523599999999959,0.0760982076083963
35.2890480000000011,-0.0164248085408900
13.2678150000000006,-0.0586566609247274
-2.1591719999999999,-0.0366925943460350
-12.7393999999999998,0.0077759897579988
-19.7725700000000018,0.0408084686812344
-24.2229670000000006,0.0481379475005141
-26.8068090000000012,0.0329690666323081
-28.3524470000000015,-0.0247452781434525
-27.1870469999999997,-0.0584811019049880
-24.8097780000000014,-0.0476244418238245
-22.0202910000000003,-0.0122980564300725
-19.2372210000000017,0.0215584647426645
-16.6710039999999999,0.0430482902056468
-14.4082399999999993,0.0507589080786985
-12.4619809999999998,0.0458265911186810
-10.8063620000000000,0.0295211639588722
-9.4003709999999998,0.0038260573198112
-8.2047159999999995,-0.0251488161397742
-7.1846690000000004,-0.0511751510460616
-6.3125070000000001,-0.0681387771243687
-5.5643170000000000,-0.0735102856415262
-4.9197749999999996,-0.0676574068450213
-3.6605509999999999,-0.0171790318834537
-2.7680210000000001,0.0531695553062868
-2.1279780000000001,0.1137147652416681
-1.6636530000000000,0.1493979495492188
-1.3216040000000000,0.1576719511781579
-1.0648169999999999,0.1432472059289529
-0.8689750000000001,0.1143608666379591
-0.7168639999999999,0.0779032853771080
-0.5968230000000000,0.0392908901552907
-0.5011050000000000,0.0024630211438154
-0.4238680000000000,-0.0306344153170541
-0.3611000000000000,-0.0589253610311168
-0.2664960000000000,-0.1016425278500263
-0.2008290000000000,-0.1277886804399562
-0.1544850000000000,-0.1411858824703107
-0.1203750000000000,-0.1465376383863056
-0.0954410000000000,-0.1458417240059588
-0.0762280000000000,-0.1420088216914698
-0.0617560000000000,-0.1356815800865231
-0.0504700000000000,-0.1281673959871091
-0.0419010000000000,-0.1197325612983577
-0.0346670000000000,-0.1115835342141749
-0.0015390000000000,-0.0104658871348185
-0.0000400000000000,-0.0000408882932444
1386180.8340489999391139,-37688261614.6560974121093750
791808.9969969999510795,-24544268128.4296836853027344
505388.7022439999855123,-15957841095.7824134826660156
378306.6607680000015534,-10356954742.9740734100341797
341381.2065789999905974,-6709267155.1335830688476562
366397.1132339999894612,-4337631326.4138593673706055
449437.4991080000181682,-2798436688.5379910469055176
595167.4265219999942929,-1801446190.7458083629608154
786406.1915860000299290,-1157009866.8795120716094971
949543.0995670000556856,-741340020.0283855199813843
975401.2434170000487939,-473746192.1517055034637451
834452.0736950000282377,-301801167.8485050201416016
615900.7953310000011697,-191584456.9519838094711304
415694.0778329999884591,-121160130.8998435139656067
270757.5628949999809265,-76322201.2684912532567978
178378.8942089999909513,-47880821.5318012088537216
124261.9905239999934565,-29909836.0449732765555382
94845.5090259999997215,-18601196.0743616335093975
80042.9728480000048876,-11516073.5404019579291344
72580.7089609999966342,-7097258.1704045459628105
66432.0068520000058925,-4352793.8024467146024108
57543.7314089999999851,-2653656.2941486574709415
47136.6110699999990175,-1606404.8193285954184830
37283.2084570000006352,-964916.9881842989707366
28833.8836730000002717,-574662.5563069046474993
21984.6246969999992871,-339044.2081345151527785
16608.8476929999997083,-197967.4967586419952568
12469.6494839999995747,-114267.0600638143805554
9320.5367580000001908,-65108.6399602988240076
6943.1547920000002705,-36561.9642030223767506
5157.6646339999997508,-20194.3117391112318728
3821.3987990000000536,-10944.1254697124859376
2823.7582569999999578,-5801.9965374657913344
2080.2264850000001388,-2997.5878786235430198
1526.7748690000000806,-1501.9048200983452261
1115.2363550000000032,-725.0711361215521720
809.5024600000000419,-334.2714590031962985
582.6381509999999935,-145.2641712188080305
414.5705159999999978,-58.3113661455540182
290.3608209999999872,-20.8849178563602322
198.8659110000000112,-6.2273715988598610
131.7615040000000022,-1.2804580500263398
82.8224220000000031,-0.0276430946172610
47.3936470000000014,0.0797977629007889
21.9957579999999986,-0.0178871363646387
4.0292199999999996,-0.0616932389159013
-8.4477639999999994,-0.0379752537097318
-16.8867060000000002,0.0092301084890316
-22.3711860000000016,0.0434611903200341
-25.7095239999999983,0.0507268306493742
-27.5017400000000016,0.0329377393080073
-28.1163050000000005,-0.0290020373815061
-26.5499739999999989,-0.0611635255638667
-24.0485630000000015,-0.0465051216883872
-21.2680299999999995,-0.0102422777967135
-18.5528559999999985,0.0232741750603047
-16.0741590000000016,0.0438368871117447
-13.8999500000000005,0.0512967462992382
-12.0332179999999997,0.0454728506918958
-10.4459850000000003,0.0284022048925774
-9.0973690000000005,0.0021980655225917
-7.9488890000000003,-0.0274522414225764
-6.9694919999999998,-0.0522499297930077
-6.1309420000000001,-0.0681550277584906
-5.4108939999999999,-0.0724196770722374
-4.7898660000000000,-0.0656659505958554
-3.5729760000000002,-0.0152140945994748
-2.7086239999999999,0.0548341844192350
-2.0866410000000002,0.1140503417122456
-1.6344520000000000,0.1487102143262278
-1.3005549999999999,0.1562975862462628
-1.0493980000000001,0.1416347272516503
-0.8572890000000000,0.1126214265811080
-0.7081150000000000,0.0765742932046160
-0.5897620000000000,0.0379946876795415
-0.4955910000000000,0.0016207239127738
-0.4194530000000000,-0.0311115636554939
-0.3576650000000000,-0.0589280761360327
-0.2642730000000000,-0.1010626088417948
-0.1995300000000000,-0.1266652579544631
-0.1534350000000000,-0.1400863806616043
-0.1196850000000000,-0.1452984089209561
-0.0948030000000000,-0.1447398958760243
-0.0761120000000000,-0.1405527040208010
-0.0618210000000000,-0.1341948592893256
-0.0505690000000000,-0.1267822607832861
-0.0417080000000000,-0.1187619251532064
-0.0349620000000000,-0.1102356721088532
-0.0016490000000000,-0.0102694651679406
-0.0000790000000000,-0.0000013059866120
739217.2570080000441521,-17593467888.8054771423339844
477043.8789519999991171,-11424797876.8296985626220703
330230.0451870000106283,-7405331220.4522485733032227
253437.5545360000105575,-4790568767.9125261306762695
215316.0330879999964964,-3092572072.3674345016479492
195579.5191050000139512,-1991964167.1270678043365479
183746.3708000000042375,-1279988430.0235152244567871
175215.2206949999963399,-820393627.2753307819366455
166714.1547570000111591,-524388093.6881166696548462
155325.5553779999900144,-334203941.8922877311706543
139786.9342659999965690,-212325171.6238602697849274
121258.3138089999993099,-134435651.6687709093093872
102429.4030700000002980,-84807422.6839700192213058
85871.3168679999944288,-53289146.2701346129179001
72944.8698080000031041,-33343258.9230180159211159
63644.5273830000005546,-20769358.8606260493397713
57006.9609730000011041,-12875554.1241569351404905
51672.7967710000011721,-7941585.6945342142134905
46431.7672269999966375,-4871697.6138855721801519
40675.5298019999972894,-2970673.9652303443290293
34532.7063619999971706,-1799464.6088773382361978
28503.1542960000006133,-1082004.0883928500115871
23007.4693369999986317,-645313.2092094289837405
18253.5347460000011779,-381403.7300754652242176
14288.7375040000006265,-223168.0689919998112600
11068.1304010000003473,-129122.5820485587173607
8502.3215340000006108,-73773.2533027377066901
6487.3748550000000250,-41554.2184534850093769
4922.0341449999996257,-23030.4470996125528472
3715.8436400000000503,-12529.3019568625531974
2792.1867430000002059,-6671.2743041202356835
2088.3124689999999646,-3463.6342225082926234
1554.0144589999999880,-1745.0541477214219412
1149.7430509999999231,-847.7228970466301234
844.7300840000000335,-393.5507531779075521
615.2503249999999753,-172.3471551421266668
443.1220969999999966,-69.7708627278123004
314.4501829999999813,-25.2176984373325581
218.6455559999999991,-7.5908720652787167
147.6490129999999965,-1.5778980731572005
95.3265710000000013,-0.0348055166612937
57.0390540000000001,0.1007130244441541
29.2791579999999989,-0.0222259092600794
9.3990080000000003,-0.0790802553983969
-4.6005570000000002,-0.0491015955727132
-14.2299690000000005,0.0124323290927641
-20.6296649999999993,0.0573279106237088
-24.6619029999999988,0.0666395348483313
-26.9739509999999996,0.0420668795793091
-28.0535700000000006,0.0000145494331676
-28.2627869999999994,-0.0425836288437935
-27.0659250000000000,-0.0852176292559399
-24.7615209999999983,-0.0580149229389342
-22.0644829999999992,-0.0023375258378984
-19.3518739999999987,0.0416768774376948
-16.8235379999999992,0.0607847680071387
-14.5721880000000006,0.0588762773028950
-12.6211870000000008,0.0431669091919122
-10.9539030000000004,0.0193659758187437
-9.5351479999999995,-0.0088389097048864
-8.3276199999999996,-0.0364275357562303
-7.2978680000000002,-0.0579773430156987
-6.4170730000000002,-0.0697525395521676
-5.6617509999999998,-0.0694984348904528
-5.0111619999999997,-0.0583160399567033
-4.4479749999999996,-0.0388082931269214
-3.3387090000000001,0.0290496439924408
-2.5459689999999999,0.0983601106487271
-1.9732140000000000,0.1473971718516887
-1.5534580000000000,0.1675825964027062
-1.2418480000000001,0.1623086765806132
-1.0058640000000001,0.1377226098581819
-0.8245340000000000,0.1022855963642549
-0.6826920000000000,0.0621775064782001
-0.5701020000000000,0.0220425621625798
-0.4799000000000000,-0.0149247486128906
-0.4069430000000000,-0.0472253380078242
-0.3474140000000000,-0.0743653876905705
-0.2575350000000000,-0.1142196771344094
-0.1947130000000000,-0.1379494901985422
-0.1498580000000000,-0.1497630982810154
-0.1173930000000000,-0.1532021108027823
-0.0930790000000000,-0.1515758638530345
-0.0749470000000000,-0.1463558813969881
-0.0606260000000000,-0.1395913335807755
-0.0498010000000000,-0.1313536359638021
-0.0411740000000000,-0.1227379962696469
-0.0341060000000000,-0.1142064205882334
-0.0016680000000000,-0.0105061524446079
-0.0000410000000000,-0.0000410287939306
365991.5428349999710917,-4922590735.3994960784912109
262031.3849739999859594,-3179437407.8978419303894043
199334.7475660000054631,-2049046661.7288913726806641
163205.5481919999874663,-1317450276.2978031635284424
141831.6143999999912921,-844943279.7832037210464478
128608.5315289999998640,-540451250.7800092697143555
117213.9362980000005336,-344696536.2773687839508057
104555.2308570000022883,-219166653.3188012838363647
91793.3510609999939334,-138889283.6914423406124115
80062.0726370000047609,-87702424.6400401741266251
69770.6395130000018980,-55167815.7069486677646637
60916.7397330000021611,-34559240.1070467904210091
53300.5838839999996708,-21553061.4880852252244949
46644.7536719999989145,-13377342.7471828702837229
40675.9318570000032196,-8260010.9953933469951153
35191.1068989999985206,-5071703.8680705064907670
30095.1926710000007006,-3095105.0565053643658757
25391.2895380000009027,-1876289.5803365823812783
21130.9878600000010920,-1129141.0079329339787364
17361.4671000000016647,-674066.9143114578910172
14099.6578989999998157,-398842.0291352960630320
11331.5312059999996563,-233679.7699147590319626
9021.4724839999998949,-135416.6258113140065689
7121.5563920000004146,-77512.9406877857109066
5578.6755780000003142,-43756.1582860804992379
4339.4144580000001952,-24313.0214099597615132
3353.3954509999998663,-13266.7569121378764976
2575.1842649999998685,-7088.6918470281370901
1965.2487100000000737,-3695.4034291403622774
1490.0936650000001009,-1870.7000963474661148
1121.9177899999999681,-913.8127044376677759
838.0347699999999804,-427.0012691452812987
620.1544030000000021,-188.4457593744432984
453.6932580000000144,-77.0032103109462582
327.1064709999999991,-28.1550877951848975
231.3242400000000032,-8.6046054979580902
159.2403940000000091,-1.8252349600363971
105.3231069999999931,-0.0437823316448771
65.2858149999999995,0.1246626539679454
35.8242899999999977,-0.0233295311583461
14.3893500000000003,-0.0964685122176387
-0.9622570000000000,-0.0665391300930837
-11.7263950000000001,0.0064396127688404
-19.0523060000000015,0.0670625936159652
-23.8196399999999997,0.0872436800933158
-26.7032090000000011,0.0672696427896859
-28.2166169999999994,0.0219640116166318
-28.7496930000000006,-0.0281615085460700
-28.5935899999999990,-0.0668122834547056
-27.9636169999999993,-0.0845788694580527
-27.0166409999999999,-0.0797262454639629
-24.5913819999999994,-0.0227017100571132
-21.8897329999999997,0.0450756802250858
-19.2163100000000000,0.0824534034003896
-16.7359560000000016,0.0832407368361210
-14.5264579999999999,0.0598953639009814
-12.6062779999999997,0.0258500449169112
-10.9588959999999993,-0.0098950868855283
-9.5521469999999997,-0.0420143732947942
-8.3518629999999998,-0.0658640860953632
-7.3258859999999997,-0.0787720176848472
-6.4472040000000002,-0.0788668611275005
-5.6924630000000001,-0.0666559364766099
-5.0413480000000002,-0.0448380070664411
-4.4779479999999996,-0.0158350463464902
-3.9879110000000000,0.0164372767446870
-3.0179980000000000,0.0964876242258557
-2.3202729999999998,0.1562149360065654
-1.8124460000000000,0.1852811743256733
-1.4375670000000000,0.1847338085447223
-1.1567040000000000,0.1620577116562717
-0.9420050000000000,0.1249749935852095
-0.7758360000000000,0.0818697062866471
-0.6448720000000000,0.0376951054784619
-0.5402510000000000,-0.0039757828614616
-0.4563000000000000,-0.0405631319088841
-0.3879130000000000,-0.0717967320986854
-0.3320130000000000,-0.0972981731207931
-0.2471580000000000,-0.1336224934391270
-0.1876970000000000,-0.1539731712672085
-0.1449080000000000,-0.1631791700746285
-0.1139340000000000,-0.1644390470704811
-0.0904680000000000,-0.1612681836451960
-0.0725490000000000,-0.1551774181028601
-0.0593330000000000,-0.1467025264961815
-0.0485090000000000,-0.1379123421403188
-0.0400130000000000,-0.1286653146334541
-0.0336330000000000,-0.1189924603126401
-0.0017620000000000,-0.0107662049883590
-0.0001640000000000,0.0000795856187948
196974.5087439999915659,-827402115.5231564044952393
154669.5888930000073742,-529079668.4002027511596680
129582.2352589999936754,-337347583.2392664551734924
116228.0176190000056522,-214438985.0921054184436798
109004.2460549999959767,-135865887.4462182223796844
103911.3028869999980088,-85783047.1439341902732849
94214.5112680000020191,-53955665.6302586570382118
80599.9070780000038212,-33795734.5358960926532745
67483.3906960000022082,-21073834.2553027383983135
55778.4827300000033574,-13077457.8226650897413492
45749.9479070000015781,-8072824.5453936709091067
37334.0838860000003478,-4955114.0042267832905054
30353.0070000000014261,-3022648.5399705413728952
24601.5970449999986158,-1831386.8055102503858507
19883.4387089999981981,-1101416.2525977005716413
16023.9231970000000729,-657028.7297442809212953
12873.7737359999991895,-388432.5322188113932498
10307.8473549999998795,-227366.4797040387638845
8222.4903880000001664,-131622.3779937921790406
6532.1693839999998090,-75258.0426906256470829
5166.4267429999999877,-42434.2321346781100146
4066.9624399999997877,-23550.6569750660237332
3185.4433370000001560,-12835.6483108212414663
2481.6778180000001157,-6850.5714101926823787
1922.3256750000000466,-3567.5648256665981535
1479.7531850000000304,-1804.4054361150588193
1131.1757379999999102,-880.8868017462998523
857.8834279999999808,-411.5155911771666979
644.6200479999999970,-181.6671182815975953
479.0022730000000024,-74.3166939354208580
351.0293500000000222,-27.2407703252289934
252.6631869999999935,-8.3610756323042494
177.4864919999999984,-1.7880521886211511
120.3891770000000037,-0.0453307264518656
77.3321339999999964,0.1257146386035259
45.1381129999999970,-0.0171735863444766
21.3212930000000007,-0.0965239591957072
3.9423390000000000,-0.0721783844615862
-8.5049229999999998,-0.0031991240227782
-17.2027859999999997,0.0620885895961649
-23.0602480000000014,0.0896250348711938
-26.7879770000000015,0.0763959566035908
-28.9369510000000005,0.0354422181552643
-29.9312749999999994,-0.0151712025282826
-30.0956849999999996,-0.0584963817660586
-29.6764119999999991,-0.0827487726302181
-28.8559379999999983,-0.0846682608261276
-27.7706669999999995,-0.0649722067599079
-26.5178130000000003,-0.0310470412952064
-25.1689350000000012,0.0094761992328216
-23.7751060000000010,0.0484928126090551
-20.9920159999999996,0.1004524548139756
-18.3641959999999997,0.1076537981543666
-15.9890240000000006,0.0792863820537377
-13.9027060000000002,0.0348826321934990
-12.0983920000000005,-0.0122465914393590
-10.5503710000000002,-0.0523503985214795
-9.2238000000000007,-0.0818303646925003
-8.0872589999999995,-0.0968812400073382
-7.1114400000000000,-0.0972150681626394
-6.2719350000000000,-0.0835711988465695
-5.5482120000000004,-0.0580224206447832
-4.9218229999999998,-0.0246971623335011
-4.3778309999999996,0.0127105318973735
-3.9041809999999999,0.0512059965910518
-3.4904289999999998,0.0879008092061619
-2.6671330000000002,0.1618843266322831
-2.0707460000000002,0.2014748181059645
-1.6328039999999999,0.2066916342977232
-1.3060810000000000,0.1851121596710676
-1.0585929999999999,0.1468603451633073
-0.8676390000000000,0.1001256491565081
-0.7184170000000000,0.0518672750987058
-0.5996330000000000,0.0056291709795101
-0.5048960000000000,-0.0351151674658984
-0.4281540000000000,-0.0699839635606100
-0.3651200000000000,-0.0991263010094646
-0.3131430000000000,-0.1225571680080357
-0.2343620000000000,-0.1542155121946731
-0.1787960000000000,-0.1706916151774754
-0.1388970000000000,-0.1765488860847279
-0.1088260000000000,-0.1763114751787675
-0.0872040000000000,-0.1706921214418418
-0.0702270000000000,-0.1630876460337669
-0.0573280000000000,-0.1537693052548610
-0.0469180000000000,-0.1440853965048891
-0.0390940000000000,-0.1337310532926015
-0.0326300000000000,-0.1237478512470125
-0.0016610000000000,-0.0111752349939785
-0.0002230000000000,0.0001365101289428
127260.5857680000044638,-160956917.4090877175331116
107252.1735119999939343,-101622057.1807638704776764
94555.9426959999982500,-63919760.5797874256968498
85476.3541079999995418,-40044223.9441311731934547
76398.6710909999965224,-24978015.7903842031955719
65442.2998700000025565,-15505780.4452506210654974
53862.9554649999990943,-9575042.9344540350139141
43806.6255309999978635,-5879439.0485163731500506
35455.1340070000005653,-3588213.1799874878488481
28462.4329550000002200,-2175247.1339016724377871
22665.8717600000018138,-1308994.4831005267333239
17934.3805160000010801,-781345.3066973860841244
14121.6875610000006418,-462228.6604882345418446
11078.3146820000001753,-270742.6715747653506696
8664.9794839999995020,-156837.9081121122580953
6760.0178850000002058,-89735.2982289257779485
5261.0497919999997976,-50630.1660511124282493
4084.2323700000001736,-28116.9639303268777439
3161.8908830000000307,-15333.4948110847926728
2440.0105849999999919,-8188.2312094492353935
1875.7832280000000083,-4266.3095104924059342
1435.3866009999999278,-2158.7343876411623569
1092.2195569999998952,-1054.1918736835289110
825.3534200000000283,-492.5389383426490326
618.3461780000000090,-217.4022407843448264
458.2457769999999755,-88.8806976353680511
334.8556159999999977,-32.5374503069280649
240.1348030000000051,-9.9669153005902444
167.7519749999999874,-2.1222263391109379
112.7409899999999965,-0.0528046576896770
71.2024959999999965,0.1472665257228272
40.0940420000000017,-0.0218457491756610
17.0440649999999998,-0.1134249367016231
0.2048280000000000,-0.0829538957098004
-11.8635889999999993,0.0019510980769049
-20.2807719999999989,0.0708797420683780
-25.9356429999999989,0.1014018015392928
-29.5083650000000013,0.0854946139162216
-31.5324649999999984,0.0388374676925380
-32.4203540000000032,-0.0171243072007741
-32.4878789999999995,-0.0637800066500915
-31.9734830000000017,-0.0904299022900261
-31.0561770000000017,-0.0936469210498103
-29.8693899999999992,-0.0757577572616555
-28.5099580000000010,-0.0447101381450672
-27.0513869999999983,-0.0073131866802107
-25.5467520000000015,0.0287370789129611
-24.0362420000000014,0.0585480701722503
-22.5485639999999989,0.0783273677262244
-21.1057650000000017,0.0876459298992707
-19.7232780000000005,0.0873519645073131
-17.1745920000000005,0.0640039920791651
-14.9386030000000005,0.0250001562122861
-13.0072860000000006,-0.0168536046958128
-11.3497059999999994,-0.0544547419315577
-9.9284300000000005,-0.0835020288025596
-8.7076030000000006,-0.1013845698122982
-7.6578130000000000,-0.1051279220296006
-6.7528050000000004,-0.0951132352423407
-5.9714679999999998,-0.0723514605650433
-5.2946160000000004,-0.0405371757343831
-4.7071449999999997,-0.0027116928788287
-4.1957420000000001,0.0374489234731143
-3.7484970000000000,0.0760118781051529
-3.3577930000000000,0.1122164323183399
-3.0157110000000000,0.1442306087942744
-2.3302909999999999,0.1982224509979531
-1.8287490000000000,0.2147266458490187
-1.4565170000000001,0.2003385995081064
-1.1753830000000001,0.1646772595340771
-0.9598139999999999,0.1178467812156301
-0.7918269999999999,0.0672809667844929
-0.6592110000000000,0.0182642940370954
-0.5534420000000000,-0.0260126594625314
-0.4674370000000000,-0.0649520870480499
-0.3979470000000000,-0.0968445067855507
-0.3407610000000000,-0.1227345078960473
-0.2931100000000000,-0.1433825923437438
-0.2208350000000000,-0.1699136096408425
-0.1692750000000000,-0.1827231742711167
-0.1317150000000000,-0.1862059476249668
-0.1038780000000000,-0.1835744043586862
-0.0833250000000000,-0.1766936221619352
-0.0675230000000000,-0.1677224441035434
-0.0552440000000000,-0.1576041517913989
-0.0455550000000000,-0.1470340229929970
-0.0377330000000000,-0.1365273009915344
-0.0315130000000000,-0.1261637060543853
-0.0017500000000000,-0.0111928621204112
-0.0001330000000000,0.0000457916810162
99015.7741479999967851,-25569798.7418540045619011
84407.3225340000062715,-15864274.9819802120327950
72284.1117649999941932,-9793319.6745675951242447
61131.2036640000005718,-6012489.0458274707198143
50496.6566250000032596,-3668888.1274215606972575
40714.8417649999973946,-2223721.0316955065354705
32253.6161270000011427,-1337829.8797127360012382
25277.5520040000010340,-798353.9490623479941860
19671.9876780000013241,-472191.3629608536139131
15225.3903059999993275,-276538.9203611667617224
11727.3901540000006207,-160185.1785899100359529
8994.5453679999991436,-91652.0068351666268427
6872.1159189999998489,-51717.1300897709879791
5232.1210810000002311,-28726.6631312788667856
3970.1765850000001592,-15671.3257788600531057
3002.4233979999999065,-8372.9516874388409633
2262.2857049999997798,-4365.9164717080511764
1697.4274009999999180,-2211.7028537835926727
1267.1127180000000862,-1081.9791276433732037
939.8190220000000181,-506.9016489630184310
691.3224050000000034,-224.6714337621024811
503.0459020000000123,-92.4213275589139016
360.7810339999999769,-34.1381181639290503
253.6405220000000043,-10.5907643966630474
173.2784010000000023,-2.2982475569834833
113.2931250000000034,-0.0615128798634856
68.7772800000000046,0.1685802477655329
35.9842069999999978,-0.0187169070476543
12.0662590000000005,-0.1293048499583733
-5.1339100000000002,-0.1025044312601633
-17.2530670000000015,-0.0066252042682109
-25.5330450000000013,0.0793374971854988
-30.9371909999999986,0.1221711548918947
-34.1946889999999968,0.1084011431642296
-35.8734620000000035,0.0540427667079513
-36.4111169999999973,-0.0149478128607896
-36.1402810000000017,-0.0752198854648114
-35.3112380000000030,-0.1107638744055279
-34.1078890000000001,-0.1163395613424498
-32.6634590000000031,-0.0954310234196640
-31.0736969999999992,-0.0567559988488568
-29.4073969999999996,-0.0107898060670735
-27.7136330000000015,0.0322046002191207
-26.0295239999999986,0.0658749060045736
-24.3827670000000012,0.0870747207062514
-22.7928460000000008,0.0944349102681947
-21.2752489999999987,0.0904021666629546
-19.8385889999999989,0.0765525347505012
-18.4890079999999983,0.0565002558216605
-17.2285700000000013,0.0330650705340858
-16.0569179999999996,0.0089381090795264
-13.9644420000000000,-0.0378158068191485
-12.1744719999999997,-0.0763902879985245
-10.6429969999999994,-0.1040893120588695
-9.3288410000000006,-0.1198348023565110
-8.1978279999999994,-0.1225468696389687
-7.2228310000000002,-0.1112991000342243
-6.3809899999999997,-0.0871764481294894
-5.6527120000000002,-0.0529673241609743
-5.0204930000000001,-0.0130564474660462
-4.4712779999999999,0.0300127542568136
-3.9928689999999998,0.0727631895024361
-3.5744799999999999,0.1119116531792268
-3.2079659999999999,0.1459712638085504
-2.8869560000000001,0.1746106781165238
-2.6046410000000000,0.1965680245195838
-2.0361549999999999,0.2228378562870195
-1.6152820000000001,0.2131764232515823
-1.2986580000000001,0.1785366638261245
-1.0566030000000000,0.1299379599447624
-0.8685500000000000,0.0759947265787301
-0.7211620000000000,0.0235454975507688
-0.6034200000000000,-0.0248726011075353
-0.5087010000000000,-0.0669708486041311
-0.4317200000000000,-0.1022701756864812
-0.3689330000000000,-0.1306292027203843
-0.3168240000000000,-0.1532249006744584
-0.2733930000000000,-0.1705776750350364
-0.2071600000000000,-0.1915520996248385
-0.1598080000000000,-0.1998439650293435
-0.1249640000000000,-0.2000489949433937
-0.0991500000000000,-0.1947812414715470
-0.0794160000000000,-0.1864876983649849
-0.0643080000000000,-0.1762708820689829
-0.0529760000000000,-0.1647011409388186
-0.0434850000000000,-0.1534746126067747
-0.0364940000000000,-0.1417213934476647
-0.0307180000000000,-0.1305375760511452
-0.0017290000000000,-0.0115076423417565
-0.0002670000000000,0.0001778122054554
85694.7020939999929396,-6320887.5854001371189952
70668.6819560000003548,-3855104.0283705093897879
57362.1830249999984517,-2335857.5973219042643905
45680.8438190000015311,-1405007.7500893620308489
35731.9324290000004112,-838235.4877901334548369
27550.4884290000009059,-495583.2660826834035106
21016.7528769999989890,-290071.0005362222436816
15906.3391429999992397,-167897.3630881429126021
11964.5570160000006581,-95976.3867908435058780
8953.2852249999996275,-54098.4055344507287373
6668.9686639999999898,-30011.1087417878952692
4945.5859149999996589,-16347.6509243226573744
3651.2261760000001232,-8719.0295377932015981
2682.6996460000000297,-4536.9398766770564180
1960.3091360000000805,-2292.6275204719358953
1423.0433390000000600,-1118.1798584540540560
1024.5641270000000986,-521.9403174368770806
729.8442989999999782,-230.3105283995141122
512.5387150000000247,-94.2464319584334476
352.8865089999999896,-34.6014379531923737
236.1162070000000028,-10.6687774688072352
151.1604590000000030,-2.3003228182472526
89.7737840000000062,-0.0610034982718162
45.7936070000000015,0.1672763494987137
14.6316910000000000,-0.0189087004288400
-7.1181250000000000,-0.1282002250049263
-21.9719020000000000,-0.1013679895857571
-31.7846319999999984,-0.0065978228459720
-37.9233410000000006,0.0808255428230851
-41.4025409999999994,0.1205879411526070
-42.9761230000000012,0.1052234688303528
-43.2077320000000000,0.0511552143673626
-42.5166070000000005,-0.0166699004523707
-41.2127460000000028,-0.0743316692562814
-39.5199909999999974,-0.1073936454259155
-37.5975839999999977,-0.1111292301241704
-35.5559599999999989,-0.0896385241582749
-33.4702270000000013,-0.0526131283695364
-31.3931809999999984,-0.0094792582729930
-29.3596210000000006,0.0297725034510599
-27.3959849999999996,0.0603915460574243
-25.5195259999999990,0.0790836177203751
-23.7423679999999990,0.0857093285462973
-22.0726049999999994,0.0824654733064740
-20.5142080000000000,0.0722163320143956
-19.0666159999999998,0.0567896922666726
-17.7272740000000013,0.0384588962068868
-16.4914589999999990,0.0189200191003565
-15.3528939999999992,-0.0007630384163946
-14.3034940000000006,-0.0209264438638268
-13.3372410000000006,-0.0398137104488629
-11.6229779999999998,-0.0752779065405367
-10.1593959999999992,-0.1034243824544525
-8.9053339999999999,-0.1202337955291526
-7.8278780000000001,-0.1229081131529206
-6.9003019999999999,-0.1107606980065565
-6.0998479999999997,-0.0857664340211510
-5.4078239999999997,-0.0507940241167750
-4.8078859999999999,-0.0098959079457632
-4.2870070000000000,0.0337675536537363
-3.8327570000000000,0.0760032502977985
-3.4360710000000001,0.1148874035363034
-3.0886439999999999,0.1484959651246678
-2.7837850000000000,0.1759541373925497
-2.5153660000000002,0.1964895058036857
-2.2788240000000002,0.2104833263208872
-1.7990170000000001,0.2178695248274776
-1.4399470000000001,0.1940373542709315
-1.1667449999999999,0.1506921468861644
-0.9554410000000000,0.0979310269303415
-0.7902270000000000,0.0438788797851735
-0.6592340000000000,-0.0070527523047340
-0.5537930000000000,-0.0527296994994413
-0.4690750000000000,-0.0909452439272880
-0.3994360000000000,-0.1228231989562001
-0.3423470000000000,-0.1480151211638772
-0.2954500000000000,-0.1670566580061038
-0.2556010000000000,-0.1819387734946135
-0.1943530000000000,-0.1992525016323773
-0.1501410000000000,-0.2051559334583164
-0.1181240000000000,-0.2030469146739396
-0.0940960000000000,-0.1963952055597513
-0.0756950000000000,-0.1871094644847854
-0.0613750000000000,-0.1764045323764243
-0.0505320000000000,-0.1646140087496128
-0.0419960000000000,-0.1526740210133943
-0.0348960000000000,-0.1412479324415349
-0.0296740000000000,-0.1297073315628353
-0.0017550000000000,-0.0113278001008060
-0.0002910000000000,0.0002028487863211
77990.8098380000010366,-1520588.7870490802451968
62171.4001569999963976,-908585.2898675478063524
48547.5778920000011567,-538178.1681386355776340
37230.6816299999991315,-315637.0160174419288523
28137.7175070000012056,-183069.1082318042754196
21021.5946040000017092,-104861.0310365649784217
15560.4548560000002908,-59223.9367607554013375
11429.1121340000008786,-32918.5103566105826758
8337.2367979999999079,-17965.3608140938158613
6042.5372269999998025,-9599.1472136310967471
4350.9792760000000271,-5003.2177094639600909
3111.1736310000001140,-2531.9458531263176155
2207.0122799999999188,-1236.4077561229269122
1550.6295520000001034,-577.6893844713333692
1076.1895680000000084,-255.1160258960210285
734.7929060000000163,-104.4805464252609681
490.3607539999999858,-38.4012523390940146
316.4088499999999726,-11.8568294637668146
193.5401830000000132,-2.5655441142413906
107.5734510000000057,-0.0695871274063649
48.1561670000000035,0.1891926353574078
7.7458580000000001,-0.0181274507510016
-19.1313579999999988,-0.1441442570160731
-36.4288999999999987,-0.1176462742394477
-46.9835289999999972,-0.0151585749875736
-52.8375869999999992,0.0891169608056686
-55.4408979999999971,0.1406941823195282
-55.8350769999999983,0.1273849535234888
-54.7690500000000000,0.0662576863333655
-52.7769199999999969,-0.0148249243282592
-50.2376160000000027,-0.0869098002515045
-47.4137810000000002,-0.1296121307791509
-44.4803619999999995,-0.1358556638138211
-41.5492300000000014,-0.1098729843365476
-38.6882670000000033,-0.0634152748550605
-35.9378590000000031,-0.0096551815763348
-33.3197609999999997,0.0385149077334859
-30.8486529999999988,0.0749946802871300
-28.5307700000000004,0.0954568131256508
-26.3707870000000000,0.1015170518921664
-24.3692940000000000,0.0961391419515110
-22.5230759999999997,0.0823086798233810
-20.8280349999999999,0.0646982840709676
-19.2754970000000014,0.0449919053016146
-17.8559930000000016,0.0249049620927941
-16.5583780000000012,0.0047251125731655
-15.3721560000000004,-0.0147898532190354
-14.2864579999999997,-0.0337366976590889
-13.2904180000000007,-0.0528922596398953
-12.3759999999999994,-0.0710072528665506
-11.5348830000000007,-0.0879791873187070
-10.0466069999999998,-0.1150819195530399
-8.7802969999999991,-0.1289588190686146
-7.7005450000000000,-0.1262141082875159
-6.7773360000000000,-0.1075370525121651
-5.9859460000000002,-0.0755450067441910
-5.3053629999999998,-0.0343994519401205
-4.7174860000000001,0.0109506723722443
-4.2076419999999999,0.0564403084024434
-3.7637499999999999,0.0988596370964157
-3.3762599999999998,0.1363283732252527
-3.0371470000000000,0.1676264636978368
-2.7389809999999999,0.1914647598718497
-2.4767049999999999,0.2083763528474476
-2.2448109999999999,0.2179538885418650
-2.0392950000000001,0.2208379001309948
-1.6203680000000000,0.2048195423165935
-1.3044410000000000,0.1649787863698791
-1.0620660000000000,0.1122966399427126
-0.8735950000000000,0.0558267597762597
-0.7256140000000000,0.0018581074843862
-0.6072200000000000,-0.0473417411765061
-0.5123570000000000,-0.0892025634317026
-0.4349070000000000,-0.1242774169354177
-0.3714420000000000,-0.1524422070712474
-0.3191490000000000,-0.1742573994877353
-0.2756880000000000,-0.1906381008346653
-0.2393850000000000,-0.2023552053094341
-0.1831290000000000,-0.2148200225013461
-0.1420520000000000,-0.2173772752257779
-0.1120990000000000,-0.2128859397830284
-0.0891460000000000,-0.2048239674084319
-0.0720770000000000,-0.1938853926234810
-0.0584640000000000,-0.1821767077826593
-0.0484390000000000,-0.1692972933608828
-0.0403150000000000,-0.1566993176619839
-0.0335010000000000,-0.1447643275331428
-0.0284310000000000,-0.1328699183105738
-0.0017850000000000,-0.0114553732625551
-0.0001890000000000,0.0000997870667088
73999.9308339999988675,-849491.9617793026845902
58302.2035479999976815,-504055.7012117971316911
44958.1382289999964996,-296230.8219889865140431
34054.1087550000011106,-172206.3168472857505549
25425.2867310000001453,-98885.9563302159222076
18759.9052999999985332,-56001.9383637732607895
13703.4253869999993185,-31220.6678032115596579
9920.1351869999998598,-17094.7155742343747988
7120.2246219999997265,-9167.0663627190169791
5066.6579089999995631,-4797.1697981462657481
3572.1309820000001309,-2438.3900616989617447
2492.0410379999998440,-1196.4725698603008368
1716.5692309999999452,-561.9546826719076762
1163.3750889999998890,-249.5675551699282551
771.3621460000000525,-102.8345987733109723
495.5961699999999723,-38.0565759193966073
303.2689770000000067,-11.8446144022143471
170.5600090000000080,-2.5877443024716058
80.2435890000000001,-0.0726868455066239
19.8927300000000002,0.1963419794606125
-19.4223500000000016,-0.0147757547065339
-44.0877729999999985,-0.1519651677623912
-58.6571920000000020,-0.1273270940298090
-66.3372940000000000,-0.0163417725232620
-69.3831519999999955,0.0942650756937695
-69.3740769999999998,0.1501458361742323
-67.4154439999999937,0.1369814278607606
-64.2795579999999944,0.0705441645568925
-60.5033159999999981,-0.0172555978822757
-56.4514410000000026,-0.0949602781504382
-52.3633159999999975,-0.1403771343016373
-48.3862880000000004,-0.1453274676731482
-44.6022329999999982,-0.1147497560310029
-41.0484170000000006,-0.0630094908436334
-37.7375490000000013,-0.0053036826600419
-34.6684690000000018,0.0453535281343278
-31.8344759999999987,0.0812675637887743
-29.2267720000000004,0.0999401085050380
-26.8366159999999994,0.1037243662156797
-24.6534799999999983,0.0961964191246807
-22.6662759999999999,0.0820871341250502
-20.8613740000000014,0.0643519890216382
-19.2247349999999990,0.0456107246410298
-17.7412320000000001,0.0269683481490119
-16.3955260000000003,0.0085413916818915
-15.1725569999999994,-0.0102825659728971
-14.0594929999999998,-0.0290341758988255
-13.0433889999999995,-0.0485688322512772
-12.1146560000000001,-0.0676074767741106
-11.2637800000000006,-0.0859860266861965
-10.4837070000000008,-0.1022094094648658
-9.1096699999999995,-0.1254450674035148
-7.9486889999999999,-0.1320609258196388
-6.9658429999999996,-0.1200792387493852
-6.1306859999999999,-0.0923545013056106
-5.4176110000000000,-0.0537279049715336
-4.8063950000000002,-0.0085134681465320
-4.2798330000000000,0.0386098701570070
-3.8236270000000001,0.0835374239802773
-3.4263629999999998,0.1234313277592851
-3.0792269999999999,0.1569040304572038
-2.7746019999999998,0.1829087527681943
-2.5062289999999998,0.2010782061876948
-2.2693829999999999,0.2120056224230988
-2.0594910000000000,0.2159251312698647
-1.8733649999999999,0.2139843032689730
-1.4926170000000001,0.1886114828862517
-1.2044870000000001,0.1438360999019714
-0.9831120000000000,0.0900820560880280
-0.8108600000000000,0.0351456698061763
-0.6746770000000000,-0.0167398179664441
-0.5658870000000000,-0.0627773633535138
-0.4783170000000000,-0.1016648388863951
-0.4072580000000000,-0.1333066605819802
-0.3481750000000000,-0.1591783418771960
-0.2997780000000000,-0.1786319587590304
-0.2594510000000000,-0.1930574796818869
-0.2256700000000000,-0.2032006089308324
-0.1728770000000000,-0.2136887998410301
-0.1346710000000000,-0.2145555321709066
-0.1062230000000000,-0.2095660981505324
-0.0849220000000000,-0.2007405112388904
-0.0688210000000000,-0.1896293936927556
-0.0559170000000000,-0.1779283744542699
-0.0463740000000000,-0.1652142858350579
-0.0383720000000000,-0.1530796149230845
-0.0320430000000000,-0.1411890759292204
-0.0272650000000000,-0.1294816770326268
-0.0015660000000000,-0.0113005402356997
-0.0003910000000000,0.0003043059338303
74106.2021079999976791,-788060.5419377873186022
59278.6361679999972694,-466412.4718497730209492
46444.7169110000031651,-273446.7440020648646168
35708.4092480000035721,-158567.4441805127717089
27026.0603830000000016,-90810.8502543219947256
20191.8101669999996375,-51276.7494677822614904
14921.5141590000002907,-28491.2880526429216843
10920.8173829999996087,-15541.0453600568689581
7921.6096429999997781,-8297.5584695222041773
5696.0425720000002912,-4320.3086921365065791
4058.8011400000000322,-2183.2616676294346689
2863.5287659999999050,-1064.1567066107172650
1996.9631280000000970,-496.0228213929817684
1372.8775080000000344,-218.4189101724948614
926.4203069999999798,-89.1654899598325983
609.3288539999999784,-32.6777096013513528
385.9678460000000086,-10.0720892990448760
230.2012980000000084,-2.1845024815678471
122.9225019999999944,-0.0624019349876335
50.2206370000000035,0.1653542434796549
1.9986940000000000,-0.0082518301785965
-29.0366169999999997,-0.1224006877921866
-48.1239429999999970,-0.1098392553491152
-58.9924749999999989,-0.0276545626607785
-64.2906959999999970,0.0671351709128629
-65.8660809999999941,0.1241512364041313
-65.0140889999999985,0.1264978277554292
-62.6384070000000008,0.0806613709803869
-59.3674490000000006,0.0074792292990296
-55.6352249999999984,-0.0668834968492433
-51.7346459999999979,-0.1206477140558562
-47.8567589999999967,-0.1406828305003529
-44.1176859999999991,-0.1252753839714629
-40.5795529999999971,-0.0833731922283292
-37.2712280000000007,-0.0275344912877458
-34.1996060000000028,0.0280323316937938
-31.3616659999999996,0.0731171478408434
-28.7494079999999990,0.1019855006755925
-26.3530270000000009,0.1134042715711630
-24.1624389999999991,0.1099138146699836
-22.1662670000000013,0.0951828865870823
-20.3527500000000003,0.0737312474143899
-18.7089010000000009,0.0492272437781089
-17.2214540000000014,0.0248191021731898
-15.8756149999999998,0.0014572092558556
-14.6575769999999999,-0.0198753331684518
-13.5539339999999999,-0.0389217276095746
-12.5519160000000003,-0.0560041186459888
-11.6390180000000001,-0.0724178984839323
-10.8070350000000008,-0.0863728298560442
-10.0467370000000003,-0.0982609348539079
-8.7121639999999996,-0.1148153221151507
-7.5887279999999997,-0.1178138314593147
-6.6390330000000004,-0.1064481175277781
-5.8339369999999997,-0.0813239627398916
-5.1484449999999997,-0.0460221995133461
-4.5613999999999999,-0.0053794720179310
-4.0564010000000001,0.0369556142447092
-3.6199530000000002,0.0777669138388952
-3.2410350000000001,0.1145912785737799
-2.9105490000000001,0.1456653818101934
-2.6207750000000001,0.1696985728303266
-2.3660329999999998,0.1867317880602242
-2.1412100000000001,0.1967842947373559
-1.9427920000000001,0.2009590114772675
-1.7665080000000000,0.1991338877403455
-1.4065319999999999,0.1756116741418543
-1.1347290000000001,0.1340843418722051
-0.9262810000000000,0.0841767241885784
-0.7639049999999999,0.0327095913893704
-0.6362570000000000,-0.0152851808046253
-0.5344120000000000,-0.0578680313291464
-0.4519660000000000,-0.0943655078856398
-0.3845400000000000,-0.1246080708685350
-0.3295420000000000,-0.1482914742208565
-0.2840370000000000,-0.1665163142878772
-0.2459500000000000,-0.1801971516564284
-0.2140620000000000,-0.1898164212425248
-0.1644910000000000,-0.1995403424918332
-0.1280580000000000,-0.2008079161268279
-0.1015880000000000,-0.1957889109404016
-0.0813200000000000,-0.1876864800791877
-0.0656420000000000,-0.1777388688818582
-0.0537920000000000,-0.1664184477882637
-0.0442060000000000,-0.1550450939547046
-0.0368710000000000,-0.1434175356610039
-0.0308290000000000,-0.1323023311880324
-0.0263510000000000,-0.1212561552025313
-0.0014340000000000,-0.0106823231591354
-0.0001600000000000,0.0000783608567300
79486.3495569999940926,-3027440.4615379949100316
65734.5003940000024159,-1834473.7956994115374982
53720.2821089999997639,-1104075.9287811331450939
43102.8153959999981453,-659375.7892251238226891
33938.7928570000003674,-390358.9097248491598293
26290.3157019999998738,-228833.8055586394621059
20095.0419550000005984,-132675.0199364676664118
15192.4951450000007753,-75978.0552443088236032
11380.7930599999999686,-42907.4559853343380382
8457.1166240000002290,-23850.9145180482009891
6238.2789549999997689,-13019.9593583102941921
4568.7906910000001517,-6960.1059421594045489
3321.7010199999999713,-3630.5854419350503122
2395.9389280000000326,-1839.4767273553266023
1712.5875679999999193,-899.7378218950333348
1210.8658199999999852,-421.2856036685660683
844.4786569999999983,-186.5432595017072117
578.4296620000000075,-76.6497808870443578
386.4420600000000263,-28.2926515912309924
248.8963620000000105,-8.7868230450607712
151.2113219999999956,-1.9190825597531500
82.5834619999999973,-0.0546333653613260
35.0347209999999976,0.1464006986298614
2.6880510000000002,-0.0087304392909915
-18.7626719999999985,-0.1126444647790912
-32.4702029999999979,-0.0966052801682551
-40.7072590000000005,-0.0167237569661935
-45.1187040000000010,0.0666823621295691
-46.8853340000000003,0.1119154174255783
-46.8594879999999989,0.1073520209771317
-45.6548330000000036,0.0617905267915049
-43.7126629999999992,-0.0044823957259936
-41.3491879999999981,-0.0672161790677919
-38.7838989999999981,-0.1087480976239590
-36.1650619999999989,-0.1196691495049507
-33.5862660000000020,-0.1010473322996077
-31.1021600000000014,-0.0616299209653768
-28.7427370000000018,-0.0125172970292304
-26.5213579999999993,0.0345918195647563
-24.4424829999999993,0.0706721057349995
-22.5079810000000009,0.0924478492819176
-20.7156680000000009,0.0985396599692088
-19.0632230000000007,0.0915826037890852
-17.5462440000000015,0.0749153464723804
-16.1596510000000002,0.0529397202408042
-14.8960209999999993,0.0286622214321053
-13.7476489999999991,0.0051589694326726
-12.7052180000000003,-0.0161922934535461
-11.7590970000000006,-0.0347252380007657
-10.8992389999999997,-0.0507964435904711
-10.1173760000000001,-0.0637196251220971
-8.7527720000000002,-0.0832027574418159
-7.6083470000000002,-0.0946630288749066
-6.6415160000000002,-0.0974112182964033
-5.8206600000000002,-0.0901616448058675
-5.1206659999999999,-0.0733613387581968
-4.5224060000000001,-0.0476893154184861
-4.0085660000000001,-0.0165185034983386
-3.5655090000000000,0.0172840094710982
-3.1822620000000001,0.0513284720565861
-2.8495670000000000,0.0834422709192633
-2.5589350000000000,0.1111837525802555
-2.3045270000000002,0.1340166800490503
-2.0812339999999998,0.1515695267732404
-1.8847140000000000,0.1637777891344079
-1.7107170000000000,0.1702693408744298
-1.3565890000000000,0.1660343009281149
-1.0911290000000000,0.1409084970778932
-0.8886880000000000,0.1035586075359168
-0.7316130000000000,0.0609936970546241
-0.6082550000000000,0.0186778509006159
-0.5103670000000000,-0.0200959773009644
-0.4315850000000000,-0.0540816765042068
-0.3672020000000000,-0.0830514209124306
-0.3145810000000000,-0.1064806794583327
-0.2713460000000000,-0.1247358859107968
-0.2351240000000000,-0.1389175460151039
-0.2045040000000000,-0.1496304748506990
-0.1573090000000000,-0.1615394001977501
-0.1224240000000000,-0.1654940229145361
-0.0971110000000000,-0.1631906789619546
-0.0777420000000000,-0.1577085200965411
-0.0630720000000000,-0.1499428928176723
-0.0516630000000000,-0.1410699640257582
-0.0425760000000000,-0.1318119918463246
-0.0353640000000000,-0.1224273060909298
-0.0298080000000000,-0.1129669355399822
-0.0250820000000000,-0.1041059044486879
-0.0013410000000000,-0.0092633777333258
-0.0000290000000000,-0.0000424517351254
93261.1720490000006976,-10161720.9633627086877823
79147.2409639999968931,-6264526.6293995203450322
68219.2195070000016131,-3841840.9653227250091732
58436.7371599999969476,-2342704.8702102196402848
49008.7774839999983669,-1419408.7037329745944589
40065.7071559999967576,-853730.1457328122342005
32034.6517879999992147,-509282.8254213545005769
25191.7316890000001877,-301044.4217076256754808
19573.8434320000014850,-176162.8283316606248263
15071.6331429999991087,-101935.1023812110797735
11520.9207360000000335,-58248.0733831234465470
8752.5479950000008103,-32816.9898022098641377
6612.7254530000000159,-18194.6893860546260839
4970.1535919999996622,-9904.0027563608364289
3716.4218270000001212,-5277.7857086848525796
2764.1464729999997871,-2743.5309434649593641
2043.9558779999999842,-1384.8265113750453565
1501.4134449999999106,-674.6670309270958796
1094.2353510000000369,-314.6528093919599769
789.7870659999999816,-138.8283628184385634
563.0678030000000263,-56.8942119106849873
394.9948820000000183,-20.9745501152513611
271.0809120000000121,-6.5212826258920131
180.3150899999999979,-1.4292656932510681
114.3499999999999943,-0.0415651544675910
66.8549639999999954,0.1105761439871884
33.0449539999999971,-0.0059696566930612
9.3203460000000007,-0.0826912175407628
-7.0075940000000001,-0.0731122588989637
-17.9318160000000013,-0.0177689828495247
-24.9399310000000014,0.0470863652721434
-29.1179799999999993,0.0845212311534240
-31.2744759999999999,0.0837307943284173
-32.0109169999999992,0.0515404188413449
-31.7718659999999993,0.0017332133733206
-30.8879990000000006,-0.0470236334712943
-29.5993250000000003,-0.0807471262231374
-28.0761980000000015,-0.0926580083704138
-26.4368489999999987,-0.0824580715949459
-24.7613740000000000,-0.0543743910428240
-23.1002079999999985,-0.0173655785649487
-21.4858970000000014,0.0203114721577720
-19.9383459999999992,0.0516523100262063
-18.4692210000000010,0.0717734587423067
-17.0869019999999985,0.0801721243273654
-15.7947919999999993,0.0769623541258522
-14.5942919999999994,0.0642466189764050
-13.4859130000000000,0.0459876017732324
-12.4666110000000003,0.0243890760391086
-11.5331650000000003,0.0025478015423293
-10.6798570000000002,-0.0184098791561311
-9.1913959999999992,-0.0521894843170507
-7.9507170000000000,-0.0745485313613505
-6.9110180000000003,-0.0862744992251514
-6.0328090000000003,-0.0893511034478705
-5.2865159999999998,-0.0840185019504753
-4.6504409999999998,-0.0695938363588038
-4.1047690000000001,-0.0489928262567565
-3.6366160000000001,-0.0222946135526634
-3.2331729999999999,0.0075578252992674
-2.8837130000000002,0.0376520305576449
-2.5803140000000000,0.0664689422663431
-2.3155720000000000,0.0920330922909325
-2.0839050000000001,0.1135007456751040
-1.8805120000000000,0.1302948540520210
-1.7013890000000000,0.1422250968970660
-1.3392120000000001,0.1521680976847140
-1.0700890000000001,0.1396558561781684
-0.8668260000000000,0.1125144995272719
-0.7107140000000000,0.0777852386519694
-0.5890690000000000,0.0410021082647002
-0.4931960000000000,0.0059462015360267
-0.4162840000000000,-0.0258677879296664
-0.3542190000000000,-0.0531070265099330
-0.3031200000000000,-0.0761410328232187
-0.2609490000000000,-0.0947669916685908
-0.2260390000000000,-0.1092306134264617
-0.1968440000000000,-0.1201781530861843
-0.1516370000000000,-0.1334082853429047
-0.1181310000000000,-0.1391174202918634
-0.0933610000000000,-0.1391587159916542
-0.0747570000000000,-0.1355438989296371
-0.0604720000000000,-0.1297823418603218
-0.0498890000000000,-0.1222478051222667
-0.0411160000000000,-0.1146352416269905
-0.0343090000000000,-0.1066188654391120
-0.0288060000000000,-0.0987101855198682
-0.0243810000000000,-0.0910001878032839
-0.0015570000000000,-0.0079140518034714
-0.0000880000000000,0.0000241845549226
123570.6287440000014612,-62858087.8546354621648788
103461.9267330000002403,-39533005.8158482760190964
91780.3201640000042971,-24764507.8985996618866920
84049.1158419999992475,-15448232.4800672121345997
76706.7708629999979166,-9593415.7402697205543518
67615.7873200000030920,-5927666.0618682801723480
56904.2717419999971753,-3641661.6789412442594767
46301.2234079999980167,-2223055.7453331868164241
37047.9008929999981774,-1347795.7858338805381209
29368.6933280000012019,-811087.9042147292057052
23114.4228010000006179,-484131.1883820136426948
18080.6147820000005595,-286376.1102451195474714
14067.4017029999995430,-167710.3739321738539729
10892.6035979999996925,-97126.0058018373238156
8396.6553800000001502,-55549.5524954315769719
6444.6702889999996842,-31326.0471463617068366
4924.9104569999999512,-17385.3493101179992664
3746.5048940000001494,-9473.5326237123208557
2836.2479969999999412,-5054.2372820965229039
2135.6958500000000640,-2630.6359961311009101
1598.5232750000000124,-1329.6245184074346071
1188.1707750000000487,-648.6285490540343517
875.9696509999999989,-302.8239192543296667
639.4797419999999875,-133.6447651817125575
461.2141369999999938,-54.6951048194918030
327.5646740000000250,-20.0820550039865111
227.9768750000000068,-6.1895396684264483
154.2800740000000133,-1.3351390240086118
100.1702709999999996,-0.0355239013959618
60.8048300000000026,0.0971860567301519
32.4779029999999977,-0.0103764118026461
12.3713999999999995,-0.0743874828915132
-1.6458340000000000,-0.0596712226215528
-11.1762990000000002,-0.0052956647622082
-17.4213279999999990,0.0463667285683833
-21.2800699999999985,0.0713775271150112
-23.4210759999999993,0.0614537386898633
-24.3541060000000016,0.0331745931722800
-24.4456239999999987,-0.0055884356242188
-23.9697609999999983,-0.0415357730803549
-23.1259659999999982,-0.0651900832799726
-22.0579250000000009,-0.0713170202701079
-20.8650589999999987,-0.0612340465179528
-19.6170720000000003,-0.0381270866980543
-18.3592030000000008,-0.0089000209285253
-17.1219949999999983,0.0204156072717296
-15.9243170000000003,0.0438441991384302
-14.7804830000000003,0.0596910137831408
-13.6974289999999996,0.0655030103475447
-12.6814540000000004,0.0630926206675380
-11.7341920000000002,0.0531699102350558
-10.0494489999999992,0.0224978129442661
-8.6290250000000004,-0.0111576317526314
-7.4420620000000000,-0.0385988185293726
-6.4500089999999997,-0.0579131354666087
-5.6173349999999997,-0.0686964133747248
-4.9144579999999998,-0.0709033897674605
-4.3179610000000004,-0.0646500694200016
-3.8089379999999999,-0.0510413287000797
-3.3726840000000000,-0.0313683514808916
-2.9967039999999998,-0.0080078557050327
-2.6710900000000000,0.0168834476825368
-2.3876840000000001,0.0412534200913512
-2.1402610000000002,0.0638612310943047
-1.9233540000000000,0.0834609233394785
-1.7329429999999999,0.0997227681570221
-1.3502700000000001,0.1241368026128880
-1.0689320000000000,0.1272387181542953
-0.8586279999999999,0.1134901178396794
-0.6995479999999999,0.0897494019941713
-0.5768740000000000,0.0608057333563711
-0.4811300000000000,0.0310373557409890
-0.4050380000000000,0.0026399986371801
-0.3440480000000000,-0.0226223903647546
-0.2941730000000000,-0.0446101040480154
-0.2530930000000000,-0.0629842482532012
-0.2189030000000000,-0.0779532623053615
-0.1905580000000000,-0.0894855718217246
-0.1458720000000000,-0.1052900710525966
-0.1139690000000000,-0.1124614637931030
-0.0903830000000000,-0.1141921747587061
-0.0721820000000000,-0.1128116478699850
-0.0587070000000000,-0.1086402686281165
-0.0482010000000000,-0.1032056304342319
-0.0398070000000000,-0.0971856992036636
-0.0334150000000000,-0.0905390275332079
-0.0277840000000000,-0.0843734721021195
-0.0235620000000000,-0.0779219940979396
-0.0015200000000000,-0.0068102975769500
-0.0001120000000000,0.0000558708964399
188216.8448459999926854,-330857563.0986123681068420
148971.2405300000100397,-211017395.4776663184165955
128596.1124569999956293,-134171283.4634167402982712
119197.6143909999955213,-85032396.7729134708642960
115193.0829139999987092,-53704792.7078213915228844
112796.3040049999981420,-33796150.5917078256607056
104045.4733319999941159,-21181402.4070651270449162
86054.1920959999988554,-13210933.5781654119491577
71507.9584279999980936,-8200475.6060699718073010
58384.9335530000025756,-5063124.9427991053089499
47233.9792840000009164,-3108006.9351051859557629
37988.8404480000026524,-1895876.6859070050995797
30413.3521240000009129,-1148561.6707268925383687
24246.6464520000008633,-690610.0692446725443006
19248.5898699999997916,-411836.8266911385580897
15212.1674679999996442,-243368.1611041576834396
11964.0203799999999319,-142372.0883921206113882
9360.4342429999996966,-82359.8071499799407320
7282.6705160000001342,-47049.5954809344257228
5632.5714010000001508,-26500.7309816018532729
4329.1143629999996847,-14689.0580192480483674
3305.3533059999999750,-7993.8521334423930966
2506.1225519999998141,-4258.9299981860731350
1886.0435010000001057,-2213.4105940515687507
1408.0135110000001077,-1116.9547833339745466
1041.8365870000000086,-543.9612333611299846
763.1435669999999618,-253.5174004361617222
552.4245359999999891,-111.6951071101263437
394.1980469999999741,-45.6370214970524444
276.2683260000000018,-16.7288720876957200
189.0825250000000040,-5.1448963007462396
125.1998590000000036,-1.1050989104269320
78.8550970000000007,-0.0282131538569246
45.6133579999999981,0.0786351188339509
22.0865450000000010,-0.0108865568543521
5.7119460000000002,-0.0612307829715997
-5.4322670000000004,-0.0463778661180045
-12.7794290000000004,0.0000655635445757
-17.3912580000000005,0.0411207448140374
-20.0549420000000005,0.0583850956690597
-21.3473819999999996,0.0460757337633169
-21.7026739999999982,0.0202674623637620
-21.4264960000000002,-0.0119630400264157
-20.7433310000000013,-0.0390357564605317
-19.8118470000000002,-0.0539524529758353
-18.7424759999999999,-0.0541679494294378
-17.6103400000000008,-0.0409995997308883
-16.4652810000000009,-0.0183005937982692
-15.3385090000000002,0.0080197300411573
-14.2489450000000009,0.0319233441775690
-13.2099960000000003,0.0508131573171227
-11.3074239999999993,0.0641982452600036
-9.6583909999999999,0.0505528834427160
-8.2612810000000003,0.0241381385248101
-7.0946579999999999,-0.0025409629176592
-6.1243949999999998,-0.0247979196990480
-5.3156290000000004,-0.0408226790915363
-4.6372790000000004,-0.0503133910016667
-4.0644920000000004,-0.0528841949578895
-3.5783160000000001,-0.0480107295325807
-3.1631849999999999,-0.0366142857927358
-2.8064879999999999,-0.0204231654317439
-2.4983070000000001,-0.0012448867426222
-2.2305760000000001,0.0190084163470026
-1.9966280000000001,0.0384875219118403
-1.7920090000000000,0.0566629336176943
-1.3820030000000001,0.0905064748643440
-1.0824810000000000,0.1060164590018811
-0.8614280000000000,0.1051029418289086
-0.6959600000000000,0.0919021925490170
-0.5701790000000000,0.0712322951638630
-0.4729720000000000,0.0471565804146031
-0.3968970000000000,0.0229133103066615
-0.3361600000000000,-0.0000144764616924
-0.2867860000000000,-0.0207659967303535
-0.2464040000000000,-0.0385585745074554
-0.2128170000000000,-0.0535602452119220
-0.1850430000000000,-0.0654593450139918
-0.1420500000000000,-0.0818500868507790
-0.1108990000000000,-0.0906631578309010
-0.0876690000000000,-0.0943294684138333
-0.0701400000000000,-0.0943975805706916
-0.0569270000000000,-0.0919005629394801
-0.0463320000000000,-0.0883135093758333
-0.0384900000000000,-0.0833352095177802
-0.0321740000000000,-0.0780553995947473
-0.0266910000000000,-0.0730477253256129
-0.0227550000000000,-0.0674919774488700
-0.0011800000000000,-0.0062279031494069
-0.0001780000000000,0.0001280859412049
317644.7484420000109822,-944669452.0946935415267944
234411.2737189999897964,-607182317.1111379861831665
191217.5572519999986980,-389251634.4051563143730164
169451.7559140000084881,-248848197.9610411822795868
156343.5821749999886379,-158614079.4340495467185974
145674.9518999999854714,-100775287.7184919267892838
135452.3879590000142343,-63806936.4103090465068817
122475.2419419999932870,-40248109.1015999764204025
107830.0683109999954468,-25283744.9224596098065376
93625.7815249999985099,-15813033.5991943776607513
80800.7234500000049593,-9842858.0508205294609070
69516.1514290000050096,-6095439.8151882942765951
59625.2023929999995744,-3754068.9917368669994175
50892.6625389999971958,-2298439.2228309083729982
43113.3944439999977476,-1398278.1864775898866355
36163.3306969999975991,-844789.9828403893625364
29991.2061619999985851,-506557.8468454753165133
24579.0500759999995353,-301251.8481882947380655
19907.2028239999999641,-177544.3996672075882088
15938.8952009999993606,-103602.1143117336032446
12620.1241630000004079,-59794.4932580019230954
9884.9929609999999229,-34092.0721921391450451
7661.8803449999995792,-19174.1872890649829060
5878.3765890000004219,-10619.4085729146991071
4465.0979170000000522,-5779.5873702009594126
3358.1101159999998345,-3083.1425168079354080
2500.4748629999999139,-1606.9426326804782548
1842.8543640000000323,-814.9355127030044059
1343.5543689999999515,-399.9125104460717921
968.0575559999999768,-188.4325332190170457
688.3053360000000112,-84.2690510679494764
481.8430030000000102,-35.1115531367064477
330.9344060000000241,-13.1910064133916194
221.7374140000000011,-4.1805755502303725
143.5566039999999930,-0.9306999639021569
88.2191490000000016,-0.0261268729542650
49.5451529999999991,0.0723176343184448
22.9190620000000003,-0.0080563318996347
4.9320230000000000,-0.0577852040413092
-6.9046450000000004,-0.0456950383747738
-14.3943239999999992,-0.0006555872875786
-18.8384110000000007,0.0417445394694766
-21.1714440000000010,0.0560234308859826
-22.0783799999999992,0.0462599588295305
-22.0423490000000015,0.0173908274904413
-21.4098049999999986,-0.0172192655381807
-20.4256050000000009,-0.0429547685165161
-19.2541040000000017,-0.0532958309666043
-18.0036759999999987,-0.0469434354624489
-16.7413039999999995,-0.0284890408090064
-15.5080860000000005,-0.0036139951486742
-13.2097599999999993,0.0401490811240883
-11.1967230000000004,0.0598033487729772
-9.4828690000000009,0.0542447699491930
-8.0499449999999992,0.0336008956731160
-6.8654859999999998,0.0095593493974668
-5.8888049999999996,-0.0124963968364877
-5.0808710000000001,-0.0300645020012524
-4.4071829999999999,-0.0430632577619008
-3.8425620000000000,-0.0493011743921823
-3.3666950000000000,-0.0481532962270079
-2.9647670000000002,-0.0387544143448206
-2.6223010000000002,-0.0239474680867926
-2.3296709999999998,-0.0046990585298312
-2.0769199999999999,0.0155830912240469
-1.8576889999999999,0.0356319093361908
-1.4218900000000001,0.0756743971235256
-1.1048720000000001,0.0967405211947459
-0.8722190000000000,0.1008525034019448
-0.6987480000000000,0.0912834207292678
-0.5682970000000001,0.0737507377170996
-0.4685450000000000,0.0521186535057330
-0.3912480000000000,0.0296530621960193
-0.3301790000000000,0.0080416518462569
-0.2812610000000000,-0.0114937728529194
-0.2415350000000000,-0.0284368069288044
-0.2085410000000000,-0.0430023532115257
-0.1810630000000000,-0.0549713127480985
-0.1388540000000000,-0.0716078300867531
-0.1084260000000000,-0.0808456952288721
-0.0854720000000000,-0.0853566322735949
-0.0687190000000000,-0.0856935087672976
-0.0553630000000000,-0.0842962900074226
-0.0453080000000000,-0.0810392287708809
-0.0375000000000000,-0.0768156988898289
-0.0311790000000000,-0.0722551760370006
-0.0263540000000000,-0.0672360285852044
-0.0223540000000000,-0.0623293608531464
-0.0014130000000000,-0.0055382111170265
-0.0002670000000000,0.0002201631079140
543205.0053240000270307,-3250553615.1166472434997559
375525.5258470000117086,-2099209721.6465094089508057
294884.8640850000083447,-1352528124.1483168601989746
259421.2759000000078231,-869268953.6990565061569214
245378.8761269999959040,-557183756.9751219749450684
239064.4068860000115819,-356115258.7328656911849976
233069.7120829999912530,-226899292.7466986775398254
223451.8754290000069886,-144084301.3872557580471039
207185.1654810000036377,-91160842.1168328076601028
184327.9737949999980628,-57444315.9501717239618301
158397.8125289999879897,-36037422.6554816812276840
134058.4420659999886993,-22498562.5804625079035759
114553.5871170000027632,-13973663.8564272578805685
100691.6568859999970300,-8632514.8923887927085161
91244.4148609999974724,-5304142.3991823038086295
83975.6095079999940936,-3241527.2463715202175081
76780.5444819999975152,-1970101.0518195573240519
68536.4053560000029393,-1190239.4073153850622475
59312.3561530000006314,-714262.2679883571108803
49852.9742079999996349,-425412.2702359381946735
40888.2608590000018012,-251290.3664935875276569
32854.6017700000011246,-147105.2520307966042310
25934.6299419999995735,-85267.1344138443819247
20151.0879339999992226,-48884.4158920632544323
15434.5308270000004995,-27684.2624082221555000
11667.1065350000008038,-15462.8677435281460930
8711.6441950000007637,-8502.0314793756679137
6429.7020389999997860,-4591.2209730451559153
4692.6919360000001689,-2428.1332173317182423
3387.3663110000002234,-1253.1405747721687476
2417.9214609999999084,-628.2024968004077436
1705.7569370000001072,-303.9929389288474795
1187.9901589999999487,-140.7560732980562079
815.3341980000000149,-61.5452377031506330
549.8208339999999907,-24.8918113996792272
362.6087170000000128,-8.9969461086553792
232.0346110000000124,-2.7177263407869816
142.0257080000000087,-0.5731868697589277
80.8030949999999990,-0.0154261274037140
39.8311289999999971,0.0409512325788484
12.9801540000000006,-0.0021881513344049
-4.1210930000000001,-0.0295165994502113
-14.5665250000000004,-0.0293013719598836
-20.5379180000000012,-0.0069608402185040
-23.5423459999999984,0.0183637035270365
-24.6167569999999998,0.0339007656560781
-24.4681449999999998,0.0339337934309043
-23.5745800000000010,0.0185138684804897
-22.2595999999999989,-0.0054772335735258
-20.7401380000000017,-0.0279925308302822
-19.1561090000000007,-0.0419940030310855
-16.1021189999999983,-0.0372078713474373
-13.4139219999999995,-0.0101956868219180
-11.1572390000000006,0.0173648349367159
-9.3081980000000009,0.0373550496325983
-7.8074139999999996,0.0445876754727905
-6.5881400000000001,0.0359831988376920
-5.5938020000000002,0.0153414065542687
-4.7820530000000003,-0.0077233672473227
-4.1153089999999999,-0.0286179711215198
-3.5659230000000002,-0.0421293515868069
-3.1099130000000001,-0.0474042898692297
-2.7297989999999999,-0.0435591656115966
-2.4102299999999999,-0.0325472021349937
-2.1398139999999999,-0.0160215666368750
-1.9085890000000001,0.0031892925381545
-1.4560379999999999,0.0490981753435185
-1.1282399999999999,0.0788901507210948
-0.8856750000000000,0.0899510406294932
-0.7053450000000000,0.0870690480505061
-0.5697120000000000,0.0744291402046035
-0.4667110000000000,0.0565398867003150
-0.3879150000000000,0.0371187480810604
-0.3262230000000000,0.0176271631362739
-0.2773520000000000,-0.0003712003454416
-0.2377160000000000,-0.0165692260678417
-0.2051210000000000,-0.0306175404169705
-0.1779360000000000,-0.0425083754433119
-0.1361500000000000,-0.0596602325890041
-0.1060330000000000,-0.0697734660053820
-0.0836170000000000,-0.0749496267760751
-0.0671060000000000,-0.0761822542609015
-0.0546450000000000,-0.0749378455700977
-0.0445020000000000,-0.0727236915913113
-0.0367820000000000,-0.0692787174406475
-0.0303020000000000,-0.0656622169836891
-0.0255910000000000,-0.0612397301677086
-0.0218110000000000,-0.0567562211183363
-0.0012270000000000,-0.0052221636536485
-0.0001070000000000,0.0000635458771133
833892.2114649999421090,-5445744065.3498725891113281
545923.3454330000095069,-3510953499.3283505439758301
427743.9997040000162087,-2257780501.1894683837890625
407866.8384569999761879,-1447905415.7416720390319824
460619.9973790000076406,-925800632.4372135400772095
586082.1253220000071451,-590139478.7261402606964111
789007.8969009999418631,-375018382.5259378552436829
1029841.2673179999692366,-237609538.2006530761718750
1184515.8001830000430346,-150067768.2013484537601471
1125721.6767200001049787,-94346297.0060595422983170
891333.2717140000313520,-58927581.4173305407166481
628090.9320730000035837,-36526455.6238416582345963
425866.8952740000095218,-22466674.1742713265120983
298563.0513899999787100,-13715218.0203337483108044
229707.4717649999947753,-8314485.8464310383424163
199281.6203640000021551,-5012520.3097902713343501
190966.1425910000107251,-3014455.8002771865576506
190280.8981429999985266,-1816114.2321443802211434
178021.0648400000063702,-1091904.6352883758954704
156620.9097590000019409,-653713.1628047660924494
132376.4864299999899231,-390138.6129547469899990
107281.6044989999936661,-231047.8926139835675713
83934.8073399999993853,-135245.0174202379421331
63989.7092800000027637,-78081.7373122195276665
47898.0972350000010920,-44421.3950131554083782
35369.3991949999981443,-24884.7655528008617694
25831.0735979999990377,-13709.9850156660704670
18681.2863929999984975,-7413.4825664551390219
13387.0890859999999520,-3923.2132637758222700
9507.9583779999993567,-2023.9354611290827961
6692.8862970000000132,-1012.5984713832931448
4668.3539570000002641,-487.9116114976222889
3224.8784540000001471,-224.2698172306345441
2204.2655859999999848,-97.0013003645090066
1488.5745059999999285,-38.6560943705276259
990.9145150000000513,-13.7253715822563436
647.8810049999999592,-4.0978636785281424
413.6369730000000118,-0.9225298967655249
255.3305110000000013,-0.1205369985270295
149.6455039999999883,-0.0084290945220573
80.1514180000000067,-0.0047264623215426
35.3590930000000014,0.0057619612699327
7.2568000000000001,0.0122038867077192
-9.7169390000000000,0.0015512750948332
-19.3934560000000005,-0.0167615871752282
-24.3784279999999995,-0.0251040575576731
-26.4138699999999993,-0.0133968772015294
-26.6387199999999993,0.0117843107052167
-25.7843690000000016,0.0333610628718830
-24.3189789999999988,0.0369865027666485
-22.5470550000000003,0.0210329702732039
-18.8038670000000003,-0.0351010064257942
-15.3968439999999998,-0.0623864770766414
-12.5667190000000009,-0.0441573657645620
-10.3056570000000001,0.0018729111072204
-8.5195589999999992,0.0475305484992159
-7.0969369999999996,0.0664638635224462
-5.9490730000000003,0.0518719601818880
-5.0211829999999997,0.0195487046493481
-4.2733230000000004,-0.0132166504861102
-3.6714289999999998,-0.0359542840805132
-3.1826330000000000,-0.0479612181321980
-2.7815900000000000,-0.0499068028306628
-2.4484490000000001,-0.0438516597031273
-2.1687289999999999,-0.0316086568413101
-1.9321210000000000,-0.0144978508096250
-1.4745120000000000,0.0329489059401389
-1.1444300000000001,0.0682366238446677
-0.8977870000000000,0.0837848804113303
-0.7122650000000000,0.0836262783460940
-0.5724010000000000,0.0731741178892815
-0.4670430000000000,0.0576618902125271
-0.3863300000000000,0.0395618831611934
-0.3241740000000000,0.0216719531701297
-0.2747970000000000,0.0043831716323046
-0.2353370000000000,-0.0110070853629255
-0.2029970000000000,-0.0245532831521328
-0.1762030000000000,-0.0360505315739546
-0.1347910000000000,-0.0532111047685677
-0.1049260000000000,-0.0636631772770248
-0.0827190000000000,-0.0692597329713494
-0.0662650000000000,-0.0710408339258402
-0.0535870000000000,-0.0705747648604975
-0.0442620000000000,-0.0680555491761339
-0.0364690000000000,-0.0651495591939441
-0.0302480000000000,-0.0616963851586649
-0.0255310000000000,-0.0576622882796509
-0.0217600000000000,-0.0535158732381002
-0.0012270000000000,-0.0049519903088268
-0.0002680000000000,0.0002263662907913
1005726.4953519999980927,-6221241000.2586965560913086
640566.9343690000241622,-4003539677.1305999755859375
501977.4509480000124313,-2569228644.7874889373779297
510000.9250180000090040,-1643827389.2165958881378174
669378.1610250000376254,-1048409864.1730965375900269
1073781.5595650000032037,-666596881.1574238538742065
2000700.5417069999966770,-422992397.7639995813369751
4432452.5637389998883009,-269513226.2140625119209290
5260013.0696449996903539,-69225229.4080788195133209
2221108.4020639997906983,-41485404.3974728807806969
1118823.7374609999824315,-25004620.5345403775572777
682974.1223280000267550,-15059124.3213567361235619
467198.9018369999830611,-9008822.3650294896215200
390728.9052270000101998,-5385392.0860345382243395
420977.5724920000066049,-3282781.4590849131345749
616848.2586910000536591,-2212992.4376894906163216
1311060.9460579999722540,-2168397.9047555741854012
649804.8187629999592900,-724814.6536821720656008
297993.0817019999958575,-309972.8780013424693607
163425.7377590000105556,-146892.3955092037795112
99757.9878820000012638,-73046.7486587853054516
65002.5579670000006445,-37244.6010331163561204
43958.4281439999977010,-19206.5535756830868195
30287.6582809999999881,-9912.4021318813538528
21022.1674549999988812,-5071.4069924450250255
14602.1633349999992788,-2548.5564218075469398
10112.3966760000002978,-1245.8685369487484422
6966.7200499999999010,-586.0255302891937390
4767.3540069999999105,-261.5851692727355839
3236.0377880000000914,-108.6820623678408992
2175.3613209999998617,-40.6175293002588660
1445.0676739999998972,-12.6325886994725352
945.8090590000000475,-2.5470187930015982
607.2597779999999830,0.2268406981343105
379.7811619999999948,0.4902382777988805
228.5513239999999939,0.2038276863791850
129.3097590000000139,0.0051280589128453
65.2678850000000068,-0.0239439367596503
24.8779450000000004,0.0169279087672294
0.2189020000000000,0.0327721060516984
-14.1392439999999997,0.0026838974160377
-21.8971340000000012,-0.0369987328424166
-25.5291910000000009,-0.0474317150216486
-26.6454130000000013,-0.0189482579601297
-26.2629769999999994,0.0268758008721726
-25.0165809999999986,0.0596100380031821
-23.3073149999999991,0.0612480728668316
-19.4508620000000008,-0.0096299437317811
-15.8414500000000000,-0.0786889285355414
-12.8532940000000000,-0.0776333059434862
-10.4985769999999992,-0.0198692818917987
-8.6610259999999997,0.0481870033974072
-7.2034929999999999,0.0821950049512594
-6.0246259999999996,0.0695563598602265
-5.0686439999999999,0.0302598449601881
-4.2998900000000004,-0.0103577016600918
-3.6854170000000002,-0.0380186062388632
-3.1914030000000002,-0.0510594215804860
-2.7881740000000002,-0.0531326080154328
-2.4539140000000002,-0.0473394420809030
-2.1736620000000002,-0.0353611397839444
-1.9365660000000000,-0.0186777228482418
-1.4796030000000000,0.0298459730500316
-1.1500630000000001,0.0670314831833581
-0.9024860000000000,0.0835599341124892
-0.7151830000000000,0.0835625578537201
-0.5738810000000000,0.0733240132990619
-0.4670730000000000,0.0576167286536355
-0.3857200000000000,0.0397545947280763
-0.3232390000000000,0.0221114801175071
-0.2741010000000000,0.0054068051673103
-0.2345110000000000,-0.0099263712808509
-0.2021630000000000,-0.0233988066556723
-0.1755490000000000,-0.0347019272424679
-0.1339540000000000,-0.0521260176896671
-0.1041280000000000,-0.0626796421533787
-0.0825080000000000,-0.0678427216746675
-0.0661060000000000,-0.0697207608416912
-0.0535180000000000,-0.0693032196009558
-0.0437700000000000,-0.0673337503705926
-0.0360890000000000,-0.0644309646435138
-0.0303360000000000,-0.0606142236306754
-0.0252620000000000,-0.0570316924457856
-0.0213110000000000,-0.0531508700667861
-0.0010810000000000,-0.0050311720042732
-0.0000000000000000,-0.0000411834910141
