2.50,0.00,2544.4303473824456887
2.60,0.00,2004.3008990794633064
2.70,0.00,1537.2363540607716459
2.80,0.00,1155.4955666381026731
2.90,0.00,854.9103188629688930
3.00,0.00,624.4565730229772953
3.10,0.00,451.2965071846708156
3.20,0.00,323.2324774174794584
3.30,0.00,229.7298346410651106
3.40,0.00,162.1857935007604112
3.50,0.00,113.8314322921371087
3.60,0.00,79.4809260645004088
3.70,0.00,55.2408258524754388
3.80,0.00,38.2342790539681516
3.90,0.00,26.3630383526226417
4.00,0.00,18.1132145035417942
4.10,0.00,12.4025063383035992
4.20,0.00,8.4632191623631492
4.30,0.00,5.7544917878860984
4.40,0.00,3.8974942691562795
4.50,0.00,2.6282136890957410
4.60,0.00,1.7634344771827106
4.70,0.00,1.1764576800451221
4.80,0.00,0.7799131761343973
4.90,0.00,0.5136798210565826
5.00,0.00,0.3364485346955177
5.10,0.00,0.2198616236562098
5.20,0.00,0.1444604663464474
5.30,0.00,0.0968942477300336
5.40,0.00,0.0680030175182399
5.50,0.00,0.0515039195896603
5.60,0.00,0.0430917840770020
5.70,0.00,0.0398234194521745
5.80,0.00,0.0396956729067800
5.90,0.00,0.0413556528477088
6.00,0.00,0.0439010764208969
6.20,0.00,0.0495055262613572
6.40,0.00,0.0540057791808212
6.60,0.00,0.0566486381946979
6.80,0.00,0.0574678549467365
7.00,0.00,0.0568054372472946
7.20,0.00,0.0550781136758623
7.40,0.00,0.0526706661502345
7.60,0.00,0.0498951311741137
7.80,0.00,0.0469832402386237
8.00,0.00,0.0440943038258488
8.20,0.00,0.0413288999076168
8.40,0.00,0.0387433607194391
8.60,0.00,0.0363627013525961
8.80,0.00,0.0341911166145324
9.00,0.00,0.0322199574334423
9.50,0.00,0.0280583423041838
10.00,0.00,0.0247540532701361
10.50,0.00,0.0220514361739865
11.00,0.00,0.0197704959750137
11.50,0.00,0.0177958509048515
12.00,0.00,0.0160557440336296
12.50,0.00,0.0145049364690648
13.00,0.00,0.0131135146566381
13.50,0.00,0.0118602899412746
14.00,0.00,0.0107291229848101
14.50,0.00,0.0097069379333257
15.00,0.00,0.0087826588237660
16.00,0.00,0.0071903003992632
17.00,0.00,0.0058868573416677
18.00,0.00,0.0048197416569578
19.00,0.00,0.0039460702968976
20.00,0.00,0.0032307696420852
21.00,0.00,0.0026451308141571
22.00,0.00,0.0021656501076263
23.00,0.00,0.0017730844116551
24.00,0.00,0.0014516787624201
25.00,0.00,0.0011885340566270
50.00,0.00,0.0000080082795382
100.00,0.00,0.0000000003635753
2.50,5.00,2934.6713652079474741
2.60,5.00,2213.1657901179410146
2.70,5.00,1645.5635892734221670
2.80,5.00,1209.3875061733767780
2.90,5.00,880.1854371310251963
3.00,5.00,635.2578788234557123
3.10,5.00,455.1603585365662639
3.20,5.00,324.0333446611640511
3.30,5.00,229.3640536678008743
3.40,5.00,161.5159663054693908
3.50,5.00,113.2036745638709050
3.60,5.00,78.9996681637779972
3.70,5.00,54.9089747869626237
3.80,5.00,38.0206535952614928
3.90,5.00,26.2319341611512904
4.00,5.00,18.0352401340267043
4.10,5.00,12.3568635925755181
4.20,5.00,8.4365972955322146
4.30,5.00,5.7390318748962130
4.40,5.00,3.8888649426226021
4.50,5.00,2.6241417115603087
4.60,5.00,1.7627193069928029
4.70,5.00,1.1783804986120017
4.80,5.00,0.7839250600079166
4.90,5.00,0.5192668378477029
5.00,5.00,0.3430966621353644
5.10,5.00,0.2270693692200005
5.20,5.00,0.1517673238311830
5.30,5.00,0.1039077490180269
5.40,5.00,0.0744167648784833
5.50,5.00,0.0571047558895333
5.60,5.00,0.0477573176416167
5.70,5.00,0.0435124175790280
5.80,5.00,0.0424340856742071
5.90,5.00,0.0432207211679729
6.00,5.00,0.0450054348291407
6.20,5.00,0.0494971489307488
6.40,5.00,0.0534376837379971
6.60,5.00,0.0559844771635036
6.80,5.00,0.0570297088278894
7.00,5.00,0.0567700971831897
7.20,5.00,0.0555005755306787
7.40,5.00,0.0535182742570196
7.60,5.00,0.0510817463146271
7.80,5.00,0.0483978785755102
8.00,5.00,0.0456222593398121
8.20,5.00,0.0428655005479552
8.40,5.00,0.0402015624205639
8.60,5.00,0.0376760685323598
8.80,5.00,0.0353136787657602
9.00,5.00,0.0331241834406338
9.50,5.00,0.0283897871163303
10.00,5.00,0.0245847896034153
10.50,5.00,0.0215115726047241
11.00,5.00,0.0189909022604692
11.50,5.00,0.0168838163766361
12.00,5.00,0.0150896510682062
12.50,5.00,0.0135375041506129
13.00,5.00,0.0121776689771813
13.50,5.00,0.0109749027970380
14.00,5.00,0.0099036460125452
14.50,5.00,0.0089447973756570
15.00,5.00,0.0080835979416528
16.00,5.00,0.0066090901317602
17.00,5.00,0.0054076660394699
18.00,5.00,0.0044261687373185
19.00,5.00,0.0036233785266925
20.00,5.00,0.0029664013363832
21.00,5.00,0.0024286213914849
22.00,5.00,0.0019883639806663
23.00,5.00,0.0016279262615779
24.00,5.00,0.0013328301749405
25.00,5.00,0.0010912279052952
50.00,5.00,0.0000073526294802
100.00,5.00,0.0000000003338089
2.50,10.00,2411.8001418081335032
2.60,10.00,1924.5892239081013031
2.70,10.00,1488.2255779215008715
2.80,10.00,1124.4890870168551373
2.90,10.00,834.6655507312664213
3.00,10.00,610.8264263599068045
3.10,10.00,441.8776230749859337
3.20,10.00,316.5999262997013943
3.30,10.00,225.0090976559012574
3.40,10.00,158.8159934584519988
3.50,10.00,111.4353469108893222
3.60,10.00,77.7936541510288890
3.70,10.00,54.0701494736248449
3.80,10.00,37.4379169732434249
3.90,10.00,25.8348390147971649
4.00,10.00,17.7741213196975885
4.10,10.00,12.1941659089535079
4.20,10.00,8.3431672689324401
4.30,10.00,5.6923871175513039
4.40,10.00,3.8721267296509168
4.50,10.00,2.6251308768161410
4.60,10.00,1.7730800165912943
4.70,10.00,1.1927363942426001
4.80,10.00,0.7991084801209110
4.90,10.00,0.5336562527068031
5.00,10.00,0.3560798183606380
5.10,10.00,0.2386326842262022
5.20,10.00,0.1622000925729659
5.30,10.00,0.1136031518695833
5.40,10.00,0.0837494340236943
5.50,10.00,0.0663653634112620
5.60,10.00,0.0571270355762099
5.70,10.00,0.0530632212690030
5.80,10.00,0.0521440940671287
5.90,10.00,0.0529967181845645
6.00,10.00,0.0547072117498784
6.20,10.00,0.0585523987337743
6.40,10.00,0.0612211687151955
6.60,10.00,0.0620588068928942
6.80,10.00,0.0612042224113946
7.00,10.00,0.0590826363009567
7.20,10.00,0.0561606410759742
7.40,10.00,0.0528397912810492
7.60,10.00,0.0494221882174572
7.80,10.00,0.0461113729518887
8.00,10.00,0.0430282952625359
8.20,10.00,0.0402315518207548
8.40,10.00,0.0377365505987042
8.60,10.00,0.0355313715946479
8.80,10.00,0.0335887833732436
9.00,10.00,0.0318747094216844
9.50,10.00,0.0283626041284238
10.00,10.00,0.0255950139551339
10.50,10.00,0.0232636962744432
11.00,10.00,0.0211995024701065
11.50,10.00,0.0193207518531198
12.00,10.00,0.0175916826989469
12.50,10.00,0.0159971800318156
13.00,10.00,0.0145297327091564
13.50,10.00,0.0131836275052376
14.00,10.00,0.0119528436282105
14.50,10.00,0.0108306046023577
15.00,10.00,0.0098095505090973
16.00,10.00,0.0080405576744488
17.00,10.00,0.0065865589543987
18.00,10.00,0.0053939382802664
19.00,10.00,0.0044166754098519
20.00,10.00,0.0036162505785536
21.00,10.00,0.0029608030684284
22.00,10.00,0.0024241254362742
23.00,10.00,0.0019847152247998
24.00,10.00,0.0016249507718260
25.00,10.00,0.0013303984138360
50.00,10.00,0.0000089641608472
100.00,10.00,0.0000000004069723
2.50,15.00,2224.5768720610758464
2.60,15.00,1809.2770680421347151
2.70,15.00,1416.2337879475840055
2.80,15.00,1078.7889349347938150
2.90,15.00,805.1074085281614998
3.00,15.00,591.3368920322302529
3.10,15.00,428.7927612487982287
3.20,15.00,307.6801574054206867
3.30,15.00,218.8600167363994728
3.40,15.00,154.5490897981364355
3.50,15.00,108.4694484694130523
3.60,15.00,75.7383602946041350
3.70,15.00,52.6567765867787543
3.80,15.00,36.4779058278763415
3.90,15.00,25.1940647641831887
4.00,15.00,17.3564937320763555
4.10,15.00,11.9307568468494480
4.20,15.00,8.1847249353283775
4.30,15.00,5.6040103586348096
4.40,15.00,3.8293826320944704
4.50,15.00,2.6111821748227610
4.60,15.00,1.7765468370895203
4.70,15.00,1.2061066918051713
4.80,15.00,0.8175646527387822
4.90,15.00,0.5542189004442375
5.00,15.00,0.3769923793312814
5.10,15.00,0.2589273709458444
5.20,15.00,0.1813984843976981
5.30,15.00,0.1315151478597415
5.40,15.00,0.1003426498371105
5.50,15.00,0.0816838266639832
5.60,15.00,0.0712434487218328
5.70,15.00,0.0660533261348658
5.80,15.00,0.0640749724533481
5.90,15.00,0.0639233670909946
6.00,15.00,0.0646735921332077
6.20,15.00,0.0667018680819843
6.40,15.00,0.0676785378532342
6.60,15.00,0.0669661954699758
6.80,15.00,0.0647367728783623
7.00,15.00,0.0614449568765414
7.20,15.00,0.0575731718592926
7.40,15.00,0.0535226829682938
7.60,15.00,0.0495813137881449
7.80,15.00,0.0459285034005289
8.00,15.00,0.0426557365489993
8.20,15.00,0.0397906030497245
8.40,15.00,0.0373187792809454
8.60,15.00,0.0352016842364672
8.80,15.00,0.0333894252659171
9.00,15.00,0.0318295432825001
9.50,15.00,0.0287226822807866
10.00,15.00,0.0262973541080712
10.50,15.00,0.0242031572720142
11.00,15.00,0.0222747881414553
11.50,15.00,0.0204516832234018
12.00,15.00,0.0187217068623307
12.50,15.00,0.0170898543804880
13.00,15.00,0.0155636934899763
13.50,15.00,0.0141479698705520
14.00,15.00,0.0128435103568564
14.50,15.00,0.0116477962731278
15.00,15.00,0.0105559678360737
16.00,15.00,0.0086582226686681
17.00,15.00,0.0070947204652773
18.00,15.00,0.0058109021846046
19.00,15.00,0.0047583962836051
20.00,15.00,0.0038961535099231
21.00,15.00,0.0031900145192201
22.00,15.00,0.0026118049662652
23.00,15.00,0.0021383805124593
24.00,15.00,0.0017507635819668
25.00,15.00,0.0014334060820203
50.00,15.00,0.0000096582257383
100.00,15.00,0.0000000004384828
2.50,20.00,2565.2622839675273099
2.60,20.00,1964.1972577407329936
2.70,20.00,1476.5381338964159568
2.80,20.00,1093.8609656240284949
2.90,20.00,800.7602235802324913
3.00,20.00,580.3924701536222983
3.10,20.00,417.1298267488002693
3.20,20.00,297.6199916600876918
3.30,20.00,211.0120006750012180
3.40,20.00,148.7814401405875344
3.50,20.00,104.3945609005694592
3.60,20.00,72.9369057799953282
3.70,20.00,50.7669577666387681
3.80,20.00,35.2193185141960896
3.90,20.00,24.3630029327561815
4.00,20.00,16.8112883672605555
4.10,20.00,11.5758236862389783
4.20,20.00,7.9568230009899414
4.30,20.00,5.4616720898012829
4.40,20.00,3.7453482607612214
4.50,20.00,2.5672660998057570
4.60,20.00,1.7603027574225449
4.70,20.00,1.2087402021345857
4.80,20.00,0.8326662185057219
4.90,20.00,0.5770106170364292
5.00,20.00,0.4038812070572156
5.10,20.00,0.2872320993634295
5.20,20.00,0.2091700575120106
5.30,20.00,0.1574047429170429
5.40,20.00,0.1234937168773247
5.50,20.00,0.1016371490917416
5.60,20.00,0.0878512629162197
5.70,20.00,0.0794018756951261
5.80,20.00,0.0744161030584678
5.90,20.00,0.0716158897499351
6.00,20.00,0.0701347709943684
6.20,20.00,0.0690025947026881
6.40,20.00,0.0683962972216566
6.60,20.00,0.0673085195983054
6.80,20.00,0.0654844440246852
7.00,20.00,0.0629950406245032
7.20,20.00,0.0600270770561721
7.40,20.00,0.0567833103228774
7.60,20.00,0.0534393841722690
7.80,20.00,0.0501296327292439
8.00,20.00,0.0469469533005403
8.20,20.00,0.0439487683744108
8.40,20.00,0.0411648674874780
8.60,20.00,0.0386050361827962
8.80,20.00,0.0362655632398695
9.00,20.00,0.0341343588073698
9.50,20.00,0.0296037012231027
10.00,20.00,0.0259826685112790
10.50,20.00,0.0230231019642473
11.00,20.00,0.0205428005540853
11.50,20.00,0.0184176459070343
12.00,20.00,0.0165651841331836
12.50,20.00,0.0149303027225559
13.00,20.00,0.0134751289371162
13.50,20.00,0.0121725397345513
14.00,20.00,0.0110021785667907
14.50,20.00,0.0099480592950118
15.00,20.00,0.0089971293117720
16.00,20.00,0.0073624051207423
17.00,20.00,0.0060264479958390
18.00,20.00,0.0049335368585238
19.00,20.00,0.0040390552464117
20.00,20.00,0.0033068316936218
21.00,20.00,0.0027073802059178
22.00,20.00,0.0022166064017113
23.00,20.00,0.0018148005089180
24.00,20.00,0.0014858317669050
25.00,20.00,0.0012164957126612
50.00,20.00,0.0000081966811698
100.00,20.00,0.0000000003721287
2.50,25.00,2616.3239926944875151
2.60,25.00,1959.7100789186922611
2.70,25.00,1450.2076560332629924
2.80,25.00,1062.3555518383802792
2.90,25.00,771.5383282584621156
3.00,25.00,556.1488984894029954
3.10,25.00,398.2577545619145667
3.20,25.00,283.5280002151029635
3.30,25.00,200.7943222921796291
3.40,25.00,141.5328713314554534
3.50,25.00,99.3375079760081690
3.60,25.00,69.4546010431722891
3.70,25.00,48.3940670933587924
3.80,25.00,33.6166687979590364
3.90,25.00,23.2894910957814147
4.00,25.00,16.0986586245848748
4.10,25.00,11.1082071059781953
4.20,25.00,7.6551264426236987
4.30,25.00,5.2721574592697840
4.40,25.00,3.6315336087597583
4.50,25.00,2.5043189335354281
4.60,25.00,1.7312305759563555
4.70,25.00,1.2018379408978086
4.80,25.00,0.8398211506921537
4.90,25.00,0.5925803586343912
5.00,25.00,0.4239485244094710
5.10,25.00,0.3091045168974616
5.20,25.00,0.2310375336352104
5.30,25.00,0.1780995827974294
5.40,25.00,0.1423174013261906
5.50,25.00,0.1182320176149488
5.60,25.00,0.1021033425832972
5.70,25.00,0.0913662797837782
5.80,25.00,0.0842595022832563
5.90,25.00,0.0795723691213921
6.00,25.00,0.0764724384006689
6.20,25.00,0.0729268784118261
6.40,25.00,0.0708969775810669
6.60,25.00,0.0691478798253855
6.80,25.00,0.0671732341061577
7.00,25.00,0.0648220227300614
7.20,25.00,0.0621105497182413
7.40,25.00,0.0591255489315508
7.60,25.00,0.0559740918331737
7.80,25.00,0.0527585458899030
8.00,25.00,0.0495653133988282
8.20,25.00,0.0464611666278750
8.40,25.00,0.0434936289873635
8.60,25.00,0.0406933182141550
8.80,25.00,0.0380770353509652
9.00,25.00,0.0356509160930949
9.50,25.00,0.0303938557058415
10.00,25.00,0.0261633960396488
10.50,25.00,0.0227574120599444
11.00,25.00,0.0199842934961797
11.50,25.00,0.0176888260462515
12.00,25.00,0.0157544951505809
12.50,25.00,0.0140971358720244
13.00,25.00,0.0126569022284947
13.50,25.00,0.0113912266493537
14.00,25.00,0.0102694441163908
14.50,25.00,0.0092689698042213
15.00,25.00,0.0083726911999443
16.00,25.00,0.0068418099766269
17.00,25.00,0.0055967074600839
18.00,25.00,0.0045803858514635
19.00,25.00,0.0037494342585298
20.00,25.00,0.0030695306724528
21.00,25.00,0.0025130283715262
22.00,25.00,0.0020574601856208
23.00,25.00,0.0016844936246996
24.00,25.00,0.0013791422067412
25.00,25.00,0.0011291444717801
50.00,25.00,0.0000076081064456
100.00,25.00,0.0000000003454075
2.50,30.00,2555.0694315749378802
2.60,30.00,1889.6535361319524782
2.70,30.00,1385.6540099323551658
2.80,30.00,1008.5299993341543541
2.90,30.00,729.2037153492231027
3.00,30.00,524.1128634095524603
3.10,30.00,374.6727767325843956
3.20,30.00,266.5182614381201347
3.30,30.00,188.7199186531351529
3.40,30.00,133.0683077576968856
3.50,30.00,93.4625885114550385
3.60,30.00,65.4101187040292729
3.70,30.00,45.6287613053391965
3.80,30.00,31.7376224522478623
3.90,30.00,22.0205734594221170
4.00,30.00,15.2478570947490457
4.10,30.00,10.5430104030493332
4.20,30.00,7.2845329523138691
4.30,30.00,5.0338273766304766
4.40,30.00,3.4827788240586086
4.50,30.00,2.4158728455597513
4.60,30.00,1.6829856630287079
4.70,30.00,1.1799506349520574
4.80,30.00,0.8347527030983101
4.90,30.00,0.5977709895258638
5.00,30.00,0.4349164657474309
5.10,30.00,0.3228288032063075
5.20,30.00,0.2455302220750599
5.30,30.00,0.1921050396887684
5.40,30.00,0.1550977113513486
5.50,30.00,0.1294117021995507
5.60,30.00,0.1115557683267014
5.70,30.00,0.0991300549388615
5.80,30.00,0.0904769406504230
5.90,30.00,0.0844445145785962
6.00,30.00,0.0802266957457853
6.20,30.00,0.0751269395706847
6.40,30.00,0.0723303163703886
6.60,30.00,0.0703856001754378
6.80,30.00,0.0685644971538715
7.00,30.00,0.0665307956881392
7.20,30.00,0.0641663900684857
7.40,30.00,0.0614728952668816
7.60,30.00,0.0585128755261073
7.80,30.00,0.0553739953358967
8.00,30.00,0.0521475643457268
8.20,30.00,0.0489165183757418
8.40,30.00,0.0457496062079259
8.60,30.00,0.0426995378965637
8.80,30.00,0.0398035117125800
9.00,30.00,0.0370850232854588
9.50,30.00,0.0311239878007241
10.00,30.00,0.0263157343601170
10.50,30.00,0.0224928919375348
11.00,30.00,0.0194496973865846
11.50,30.00,0.0169991353805214
12.00,30.00,0.0149917506336052
12.50,30.00,0.0133159501487426
13.00,30.00,0.0118914271497146
13.50,30.00,0.0106613619273423
14.00,30.00,0.0095856386388012
14.50,30.00,0.0086356540276148
15.00,30.00,0.0077906099762266
16.00,30.00,0.0063567821071652
17.00,30.00,0.0051964236771507
18.00,30.00,0.0042514781167605
19.00,30.00,0.0034797088873163
20.00,30.00,0.0028485361730819
21.00,30.00,0.0023320336029740
22.00,30.00,0.0019092521757235
23.00,30.00,0.0015631430578080
24.00,30.00,0.0012797857799096
25.00,30.00,0.0010477972107914
50.00,30.00,0.0000070599868694
100.00,30.00,0.0000000003205229
2.50,35.00,2407.1555337083327686
2.60,35.00,1769.5716863294430823
2.70,35.00,1292.2825826836030956
2.80,35.00,938.0774262914100063
2.90,35.00,677.2111481150298005
3.00,35.00,486.3917251188619844
3.10,35.00,347.6710107608636235
3.20,35.00,247.3971201575396321
3.30,35.00,175.2976557505949700
3.40,35.00,123.7141234969118955
3.50,35.00,86.9826220927296561
3.60,35.00,60.9443237676543603
3.70,35.00,42.5653424865709127
3.80,35.00,29.6456819103416507
3.90,35.00,20.5989590337988382
4.00,35.00,14.2873199686898644
4.10,35.00,9.8987654505927356
4.20,35.00,6.8566739260377219
4.30,35.00,4.7535230167305036
4.40,35.00,3.3026396204511959
4.50,35.00,2.3032791748681842
4.60,35.00,1.6154917262763193
4.70,35.00,1.1421284508848926
4.80,35.00,0.8160271013272630
4.90,35.00,0.5909326406211005
5.00,35.00,0.4350972356473440
5.10,35.00,0.3267920693712499
5.20,35.00,0.2511761552157422
5.30,35.00,0.1981232875502263
5.40,35.00,0.1607219048659757
5.50,35.00,0.1342449849547701
5.60,35.00,0.1154464297982925
5.70,35.00,0.1020829309695481
5.80,35.00,0.0925906324432860
5.90,35.00,0.0858674151269078
6.00,35.00,0.0811267977116649
6.20,35.00,0.0754708439898786
6.40,35.00,0.0726501883867092
6.60,35.00,0.0710233526543907
6.80,35.00,0.0696820412395340
7.00,35.00,0.0681509016684455
7.20,35.00,0.0662200031755953
7.40,35.00,0.0638411511301644
7.60,35.00,0.0610593319368438
7.80,35.00,0.0579665702812236
8.00,35.00,0.0546715733020268
8.20,35.00,0.0512808777265990
8.40,35.00,0.0478882756726352
8.60,35.00,0.0445699689485298
8.80,35.00,0.0413834614234397
9.00,35.00,0.0383686963406433
9.50,35.00,0.0317152689475641
10.00,35.00,0.0263561097020832
10.50,35.00,0.0221455410537878
11.00,35.00,0.0188574161626638
11.50,35.00,0.0162710892442151
12.00,35.00,0.0142044892669572
12.50,35.00,0.0125196869256098
13.00,35.00,0.0111170876704447
13.50,35.00,0.0099266072632871
14.00,35.00,0.0088994218587480
14.50,35.00,0.0080014331869265
15.00,35.00,0.0072085111184514
16.00,35.00,0.0058725000930244
17.00,35.00,0.0047970395252340
18.00,35.00,0.0039234153498710
19.00,35.00,0.0032107156738008
20.00,35.00,0.0026281560664467
21.00,35.00,0.0021515473812605
22.00,35.00,0.0017614625664788
23.00,35.00,0.0014421357992215
24.00,35.00,0.0011807107066236
25.00,35.00,0.0009666804043728
50.00,35.00,0.0000065134206437
100.00,35.00,0.0000000002957088
2.50,40.00,2687.8404182958120145
2.60,40.00,1879.3211947452516597
2.70,40.00,1318.7884391576099006
2.80,40.00,928.0047651038589720
2.90,40.00,654.2597159275435388
3.00,40.00,461.7556376531699698
3.10,40.00,325.9848953713807873
3.20,40.00,230.0379651546590765
3.30,40.00,162.1625316422058631
3.40,40.00,114.1370100509985690
3.50,40.00,80.1774305387350807
3.60,40.00,56.1960980707975821
3.70,40.00,39.2941556704199471
3.80,40.00,27.4110816342015582
3.90,40.00,19.0804972934528720
4.00,40.00,13.2587091996264945
4.10,40.00,9.2035052595076614
4.20,40.00,6.3879989326791531
4.30,40.00,4.4391263376895083
4.40,40.00,3.0936139503864433
4.50,40.00,2.1664035453521762
4.60,40.00,1.5280020276538573
4.70,40.00,1.0882467267436173
4.80,40.00,0.7846911610592298
4.90,40.00,0.5743204300269692
5.00,40.00,0.4276643999473113
5.10,40.00,0.3246344650419636
5.20,40.00,0.2515956376146864
5.30,40.00,0.1993205614640710
5.40,40.00,0.1615700766624782
5.50,40.00,0.1341163240401003
5.60,40.00,0.1140763109520520
5.70,40.00,0.0994615984850444
5.80,40.00,0.0888771208341277
5.90,40.00,0.0813218953054270
6.00,40.00,0.0760585717007699
6.20,40.00,0.0702994521355254
6.40,40.00,0.0684351464312862
6.60,40.00,0.0684477121689775
6.80,40.00,0.0690344294906555
7.00,40.00,0.0693941698543098
7.20,40.00,0.0690916702379127
7.40,40.00,0.0679527152094465
7.60,40.00,0.0659780445463161
7.80,40.00,0.0632742317841548
8.00,40.00,0.0600012479918898
8.20,40.00,0.0563354409544635
8.40,40.00,0.0524456048773735
8.60,40.00,0.0484793144044920
8.80,40.00,0.0445567230935992
9.00,40.00,0.0407693824172598
9.50,40.00,0.0322622423170932
10.00,40.00,0.0254066107929583
10.50,40.00,0.0201492549171512
11.00,40.00,0.0162198636909383
11.50,40.00,0.0133062379136201
12.00,40.00,0.0111331658904570
12.50,40.00,0.0094859484763071
13.00,40.00,0.0082081837861296
13.50,40.00,0.0071905411919876
14.00,40.00,0.0063584301853310
14.50,40.00,0.0056615691207879
15.00,40.00,0.0050661248184164
16.00,40.00,0.0040948803061456
17.00,40.00,0.0033327960877857
18.00,40.00,0.0027212982286831
19.00,40.00,0.0022252839675087
20.00,40.00,0.0018209014775677
21.00,40.00,0.0014904567356694
22.00,40.00,0.0012201459768627
23.00,40.00,0.0009989206693469
24.00,40.00,0.0008178285338899
25.00,40.00,0.0006695745495335
50.00,40.00,0.0000045115203104
100.00,40.00,0.0000000002048227
2.50,45.00,2375.4099936654906742
2.60,45.00,1671.4831902374289712
2.70,45.00,1179.5336532296350924
2.80,45.00,834.0296181765233996
2.90,45.00,590.4027138526690806
3.00,45.00,418.0896610914257963
3.10,45.00,295.9624054610523558
3.20,45.00,209.3054427239353572
3.30,45.00,147.8003393410383524
3.40,45.00,104.1699285680573155
3.50,45.00,73.2577208837893465
3.60,45.00,51.3968509807104965
3.70,45.00,35.9734378508620125
3.80,45.00,25.1217847512306207
3.90,45.00,17.5099013833812656
4.00,45.00,12.1875328327804553
4.10,45.00,8.4778633726443502
4.20,45.00,5.9000054560372091
4.30,45.00,4.1133546368965641
4.40,45.00,2.8775736426155198
4.50,45.00,2.0238024307857709
4.60,45.00,1.4339592905588108
4.70,45.00,1.0258852882076159
4.80,45.00,0.7427116428340650
4.90,45.00,0.5452772636114225
5.00,45.00,0.4067456310678346
5.10,45.00,0.3088031826190938
5.20,45.00,0.2389907081037777
5.30,45.00,0.1888427011410196
5.40,45.00,0.1525997060078646
5.50,45.00,0.1263244476039031
5.60,45.00,0.1073004463212531
5.70,45.00,0.0936266491150654
5.80,45.00,0.0839468355624463
5.90,45.00,0.0772707472661919
6.00,45.00,0.0728569321356959
6.20,45.00,0.0686642610526708
6.40,45.00,0.0681176861385275
6.60,45.00,0.0691482565831368
6.80,45.00,0.0704482599396477
7.00,45.00,0.0712455797330312
7.20,45.00,0.0711522301452787
7.40,45.00,0.0700468411124264
7.60,45.00,0.0679803522679350
7.80,45.00,0.0651025605784800
8.00,45.00,0.0616080994304125
8.20,45.00,0.0576995164008546
8.40,45.00,0.0535643231448621
8.60,45.00,0.0493626590138973
8.80,45.00,0.0452224519245307
9.00,45.00,0.0412394673077454
9.50,45.00,0.0323463205128803
10.00,45.00,0.0252387997264034
10.50,45.00,0.0198324456750558
11.00,45.00,0.0158253685675074
11.50,45.00,0.0128803479259355
12.00,45.00,0.0107043898354622
12.50,45.00,0.0090709139610672
13.00,45.00,0.0078158979515674
13.50,45.00,0.0068252758010623
14.00,45.00,0.0060216003141244
14.50,45.00,0.0053529245018781
15.00,45.00,0.0047844902049428
16.00,45.00,0.0038621187411687
17.00,45.00,0.0031414206918689
18.00,45.00,0.0025643155978071
19.00,45.00,0.0020966477018848
20.00,45.00,0.0017155425805937
21.00,45.00,0.0014041812814077
22.00,45.00,0.0011495041306574
23.00,45.00,0.0009410820013718
24.00,45.00,0.0007704734959151
25.00,45.00,0.0006308032507135
50.00,45.00,0.0000042502798532
100.00,45.00,0.0000000001929624
2.50,50.00,1793.7153261333965020
2.60,50.00,1325.9018154285474793
2.70,50.00,972.6046549454148362
2.80,50.00,708.5579073854191847
2.90,50.00,512.9881987166148747
3.00,50.00,369.2868260651242736
3.10,50.00,264.4502373723860842
3.20,50.00,188.4636031227753108
3.30,50.00,133.7165374596883964
3.40,50.00,94.4905136250984867
3.50,50.00,66.5300313505227905
3.60,50.00,46.6952742156593885
3.70,50.00,32.6873488140842952
3.80,50.00,22.8348627891431804
3.90,50.00,15.9305540302731359
4.00,50.00,11.1077415175320819
4.10,50.00,7.7478551249572964
4.20,50.00,5.4118527019049392
4.30,50.00,3.7897668047844459
4.40,50.00,2.6638646034351052
4.50,50.00,1.8819345335109963
4.60,50.00,1.3380434924715447
4.70,50.00,0.9587631844751078
4.80,50.00,0.6933720171457756
4.90,50.00,0.5069273918956716
5.00,50.00,0.3753969799589095
5.10,50.00,0.2822575388278895
5.20,50.00,0.2161331026432615
5.30,50.00,0.1691646288316463
5.40,50.00,0.1358910966370365
5.50,50.00,0.1124858833767897
5.60,50.00,0.0962382807056302
5.70,50.00,0.0852029994969413
5.80,50.00,0.0779639934033620
5.90,50.00,0.0734755359000010
6.00,50.00,0.0709551474978765
6.20,50.00,0.0695928683382937
6.40,50.00,0.0706412900065226
6.60,50.00,0.0722371725898973
6.80,50.00,0.0733629053158008
7.00,50.00,0.0735384377103535
7.20,50.00,0.0726220327206064
7.40,50.00,0.0706739147947630
7.60,50.00,0.0678620758578788
7.80,50.00,0.0643988908826282
8.00,50.00,0.0605007365524499
8.20,50.00,0.0563644581472252
8.40,50.00,0.0521556811416768
8.60,50.00,0.0480049966560932
8.80,50.00,0.0440090047477868
9.00,50.00,0.0402340380170892
9.50,50.00,0.0319840598517676
10.00,50.00,0.0254994814334146
10.50,50.00,0.0205774909540095
11.00,50.00,0.0168931864301209
11.50,50.00,0.0141306113922805
12.00,50.00,0.0120314122199518
12.50,50.00,0.0104022445835473
13.00,50.00,0.0091056552515967
13.50,50.00,0.0080468323692190
14.00,50.00,0.0071614054569652
14.50,50.00,0.0064058709901952
15.00,50.00,0.0057506716506083
16.00,50.00,0.0046657925445492
17.00,50.00,0.0038041729628843
18.00,50.00,0.0031087078414918
19.00,50.00,0.0025430176832758
20.00,50.00,0.0020812432456659
21.00,50.00,0.0017036816519722
22.00,50.00,0.0013947474643363
23.00,50.00,0.0011418824774915
24.00,50.00,0.0009348795184863
25.00,50.00,0.0007654091726529
50.00,50.00,0.0000051572565249
100.00,50.00,0.0000000002341391
2.50,55.00,1438.6537997468242338
2.60,55.00,1102.3038778494410508
2.70,55.00,830.0168352317145946
2.80,55.00,616.3061106078730518
2.90,55.00,452.3692309195965890
3.00,55.00,328.8311439031688224
3.10,55.00,237.0602663189383463
3.20,55.00,169.6912014946352087
3.30,55.00,120.7285899359848145
3.40,55.00,85.4480708017029968
3.50,55.00,60.2148549289136668
3.60,55.00,42.2838914825405610
3.70,55.00,29.6129207925223596
3.80,55.00,20.7013972976521003
3.90,55.00,14.4584895559088498
4.00,55.00,10.0985360258035559
4.10,55.00,7.0602895516348516
4.20,55.00,4.9457321712219642
4.30,55.00,3.4744357364516989
4.40,55.00,2.4499599403234185
4.50,55.00,1.7353891912988817
4.60,55.00,1.2356983356507718
4.70,55.00,0.8851537703745387
4.80,55.00,0.6383852207917423
4.90,55.00,0.4641063436498987
5.00,55.00,0.3407293054038074
5.10,55.00,0.2533221624314767
5.20,55.00,0.1915107189733747
5.30,55.00,0.1480396863916471
5.40,55.00,0.1177907459789020
5.50,55.00,0.0971150495558662
5.60,55.00,0.0833806728528905
5.70,55.00,0.0746660888285430
5.80,55.00,0.0695522629405451
5.90,55.00,0.0669810272210454
6.00,55.00,0.0661578295399963
6.20,55.00,0.0675096517861955
6.40,55.00,0.0704006413388212
6.60,55.00,0.0730878280419811
6.80,55.00,0.0747214587209202
7.00,55.00,0.0749958211824312
7.20,55.00,0.0739234707052202
7.40,55.00,0.0716866283709930
7.60,55.00,0.0685408886784380
7.80,55.00,0.0647555486578165
8.00,55.00,0.0605794435180690
8.20,55.00,0.0562240305375020
8.40,55.00,0.0518575933162987
8.60,55.00,0.0476061390342006
8.80,55.00,0.0435579136115666
9.00,55.00,0.0397695001678878
9.50,55.00,0.0315947350745815
10.00,55.00,0.0252515648953120
10.50,55.00,0.0204699920483772
11.00,55.00,0.0168975528204727
11.50,55.00,0.0142129707271296
12.00,55.00,0.0121622900996837
12.50,55.00,0.0105593481148183
13.00,55.00,0.0092735255939390
13.50,55.00,0.0082154417665374
14.00,55.00,0.0073246530040619
14.50,55.00,0.0065603282431075
15.00,55.00,0.0058946490360001
16.00,55.00,0.0047876605327975
17.00,55.00,0.0039054615165555
18.00,55.00,0.0031922018786143
19.00,55.00,0.0026115872698647
20.00,55.00,0.0021374611971991
21.00,55.00,0.0017497377960860
22.00,55.00,0.0014324656579521
23.00,55.00,0.0011727674321239
24.00,55.00,0.0009601674201537
25.00,55.00,0.0007861136852717
50.00,55.00,0.0000052967653479
100.00,55.00,0.0000000002404728
2.50,60.00,1467.5507396606285511
2.60,60.00,1086.5474331392324530
2.70,60.00,797.7657216496556885
2.80,60.00,581.4134952198733117
2.90,60.00,420.9319074802505156
3.00,60.00,302.9261127552213111
3.10,60.00,216.8237922966439157
3.20,60.00,154.4368250369246880
3.30,60.00,109.5192292767158193
3.40,60.00,77.3662454111919686
3.50,60.00,54.4720402598898090
3.60,60.00,38.2487295077476332
3.70,60.00,26.8020795355704813
3.80,60.00,18.7561838272278578
3.90,60.00,13.1186818135979539
4.00,60.00,9.1785512612258415
4.10,60.00,6.4294950689763457
4.20,60.00,4.5130908342131901
4.30,60.00,3.1769847661664317
4.40,60.00,2.2444015252762721
4.50,60.00,1.5920773854750405
4.60,60.00,1.1344055807070770
4.70,60.00,0.8121244603245596
4.80,60.00,0.5843015319958713
4.90,60.00,0.4226908319041736
5.00,60.00,0.3077869276276005
5.10,60.00,0.2260831834356394
5.20,60.00,0.1681787685368659
5.30,60.00,0.1274796029456282
5.40,60.00,0.0993119527104694
5.50,60.00,0.0803206365301658
5.60,60.00,0.0680620878656404
5.70,60.00,0.0607298345681286
5.80,60.00,0.0569693069918999
5.90,60.00,0.0557524858982567
6.00,60.00,0.0562923855330519
6.20,60.00,0.0603622427666885
6.40,60.00,0.0658476152828174
6.60,60.00,0.0708613912203514
6.80,60.00,0.0744444623392119
7.00,60.00,0.0762334951323072
7.20,60.00,0.0762324833052254
7.40,60.00,0.0746529009975725
7.60,60.00,0.0718040215013529
7.80,60.00,0.0680210875608860
8.00,60.00,0.0636216479733156
8.20,60.00,0.0588820854133539
8.40,60.00,0.0540278941760708
8.60,60.00,0.0492327234941467
8.80,60.00,0.0446225171767433
9.00,60.00,0.0402821889104073
9.50,60.00,0.0308867578496438
10.00,60.00,0.0236446227613497
10.50,60.00,0.0182889037970093
11.00,60.00,0.0144082548258174
11.50,60.00,0.0116091633623067
12.00,60.00,0.0095736533290218
12.50,60.00,0.0080662777026196
13.00,60.00,0.0069214921892724
13.50,60.00,0.0060265613702046
14.00,60.00,0.0053061511651511
14.50,60.00,0.0047103726621503
15.00,60.00,0.0042062041095670
16.00,60.00,0.0033917084996114
17.00,60.00,0.0027574726431708
18.00,60.00,0.0022504194668900
19.00,60.00,0.0018398218225502
20.00,60.00,0.0015053348666823
21.00,60.00,0.0012321013115476
22.00,60.00,0.0010086256707473
23.00,60.00,0.0008257436844984
24.00,60.00,0.0006760436520209
25.00,60.00,0.0005534910692048
50.00,60.00,0.0000037293568693
100.00,60.00,0.0000000001693125
2.50,65.00,1227.9040706084333578
2.60,65.00,932.9947392591067228
2.70,65.00,697.9460307923559412
2.80,65.00,515.5174828133953042
2.90,65.00,376.7599317650456783
3.00,65.00,272.8947987451403492
3.10,65.00,196.1586650430755583
3.20,65.00,140.0831870230464347
3.30,65.00,99.4859091715277515
3.40,65.00,70.3291556787812340
3.50,65.00,49.5332125671151573
3.60,65.00,34.7882940976136013
3.70,65.00,24.3859042013992635
3.80,65.00,17.0770365961886554
3.90,65.00,11.9578070217085131
4.00,65.00,8.3798904518654354
4.10,65.00,5.8819270697058457
4.20,65.00,4.1379066534044497
4.30,65.00,2.9188901225505681
4.40,65.00,2.0649719903553310
4.50,65.00,1.4649658761281064
4.60,65.00,1.0418284317842326
4.70,65.00,0.7422933679865099
4.80,65.00,0.5295600977569060
4.90,65.00,0.3781764949124500
5.00,65.00,0.2704831411770145
5.10,65.00,0.1941592076293924
5.20,65.00,0.1405391135692668
5.30,65.00,0.1034641709006900
5.40,65.00,0.0785026815767286
5.50,65.00,0.0624218933052301
5.60,65.00,0.0528308789461530
5.70,65.00,0.0479386365451831
5.80,65.00,0.0463894001392052
5.90,65.00,0.0471494482897506
6.00,65.00,0.0494281667172949
6.20,65.00,0.0562730386382018
6.40,65.00,0.0636705739079440
6.60,65.00,0.0698774851235317
6.80,65.00,0.0741056910303598
7.00,65.00,0.0761576046973999
7.20,65.00,0.0761784441461838
7.40,65.00,0.0744888414121424
7.60,65.00,0.0714754472323157
7.80,65.00,0.0675235753124911
8.00,65.00,0.0629795702846461
8.20,65.00,0.0581333272807529
8.40,65.00,0.0532137194602758
8.60,65.00,0.0483916680744138
8.80,65.00,0.0437872026697719
9.00,65.00,0.0394781101702214
9.50,65.00,0.0302275114894012
10.00,65.00,0.0231605496688969
10.50,65.00,0.0179631388168538
11.00,65.00,0.0142067552870628
11.50,65.00,0.0114970735771596
12.00,65.00,0.0095219838131643
12.50,65.00,0.0080533527051083
13.00,65.00,0.0069321428730256
13.50,65.00,0.0060506549342890
14.00,65.00,0.0053371616413569
14.50,65.00,0.0047442321790636
15.00,65.00,0.0042404626074477
16.00,65.00,0.0034231749927435
17.00,65.00,0.0027845280840416
18.00,65.00,0.0022730542225820
19.00,65.00,0.0018585333167618
20.00,65.00,0.0015207210637771
21.00,65.00,0.0012447230267030
22.00,65.00,0.0010189685133614
23.00,65.00,0.0008342150239562
24.00,65.00,0.0006829806264604
25.00,65.00,0.0005591710356056
50.00,65.00,0.0000037676306685
100.00,65.00,0.0000000001710502
2.50,70.00,977.6421024899697159
2.60,70.00,781.2991383015418023
2.70,70.00,604.3598789331695116
2.80,70.00,456.4947997219252898
2.90,70.00,338.6022057730866663
3.00,70.00,247.6006019109138379
3.10,70.00,179.0071429966754408
3.20,70.00,128.2398039687819278
3.30,70.00,91.2047517712328784
3.40,70.00,64.4996028973564393
3.50,70.00,45.4231661705948397
3.60,70.00,31.8983686026441973
3.70,70.00,22.3656433296882398
3.80,70.00,15.6755757690937862
3.90,70.00,10.9936640464688828
4.00,70.00,7.7214989829612746
4.10,70.00,5.4343774848056299
4.20,70.00,3.8334551776439310
4.30,70.00,2.7099140954027341
4.40,70.00,1.9186317945526261
4.50,70.00,1.3591327137139499
4.60,70.00,0.9619897038845334
4.70,70.00,0.6792276273903299
4.80,70.00,0.4776194080011083
4.90,70.00,0.3340442053361251
5.00,70.00,0.2322981276104078
5.10,70.00,0.1609170698129075
5.20,70.00,0.1116978915358775
5.30,70.00,0.0786971386203080
5.40,70.00,0.0575537097620502
5.50,70.00,0.0450297472315652
5.60,70.00,0.0386977116634797
5.70,70.00,0.0367250152065697
5.80,70.00,0.0377236822419273
5.90,70.00,0.0406434504399428
6.00,70.00,0.0446940866867368
6.20,70.00,0.0539942024020771
6.40,70.00,0.0626207854634965
6.60,70.00,0.0691663057644169
6.80,70.00,0.0731771551759671
7.00,70.00,0.0747373743134731
7.20,70.00,0.0742004740733064
7.40,70.00,0.0720223630894518
7.60,70.00,0.0686633429942833
7.80,70.00,0.0645361510068815
8.00,70.00,0.0599834517954127
8.20,70.00,0.0552730848958696
8.40,70.00,0.0506031241994298
8.60,70.00,0.0461115925751581
8.80,70.00,0.0418876659239025
9.00,70.00,0.0379825644920051
9.50,70.00,0.0297170876674513
10.00,70.00,0.0234610239245356
10.50,70.00,0.0188417856441124
11.00,70.00,0.0154485747264549
11.50,70.00,0.0129331269414060
12.00,70.00,0.0110320774956230
12.50,70.00,0.0095581936129237
13.00,70.00,0.0083830306174268
13.50,70.00,0.0074201902118177
14.00,70.00,0.0066120245740296
14.50,70.00,0.0059200081951731
15.00,70.00,0.0053181242872194
16.00,70.00,0.0043183945156339
17.00,70.00,0.0035223185136995
18.00,70.00,0.0028789113375455
19.00,70.00,0.0023552363736146
20.00,70.00,0.0019276344464902
21.00,70.00,0.0015779667614256
22.00,70.00,0.0012918390269316
23.00,70.00,0.0010576348856109
24.00,70.00,0.0008659058954211
25.00,70.00,0.0007089392560112
50.00,70.00,0.0000047767702237
100.00,70.00,0.0000000002168650
2.50,75.00,840.3697458349138287
2.60,75.00,691.3402259558085916
2.70,75.00,544.5802499990960541
2.80,75.00,416.2233759536298408
2.90,75.00,311.1306234733248743
3.00,75.00,228.6596254811126698
3.10,75.00,165.8390114586968593
3.20,75.00,119.0328171225541922
3.30,75.00,84.7474115968253443
3.40,75.00,59.9676158114867164
3.50,75.00,42.2468689700175162
3.60,75.00,29.6789828702698237
3.70,75.00,20.8213713033164645
3.80,75.00,14.6061360438581982
3.90,75.00,10.2564062638924369
4.00,75.00,7.2149441218169592
4.10,75.00,5.0866411958646438
4.20,75.00,3.5939706290614719
4.30,75.00,2.5434445819106646
4.40,75.00,1.8009103858495621
4.50,75.00,1.2736799373317613
4.60,75.00,0.8977953752595204
4.70,75.00,0.6290712600444183
4.80,75.00,0.4368635755802408
4.90,75.00,0.2997774493392872
5.00,75.00,0.2027347304911427
5.10,75.00,0.1349839359273613
5.20,75.00,0.0887561603666347
5.30,75.00,0.0583594456616835
5.40,75.00,0.0395681921864655
5.50,75.00,0.0292096672022805
5.60,75.00,0.0248814683570998
5.70,75.00,0.0247557481204079
5.80,75.00,0.0274409589764945
5.90,75.00,0.0318819422242722
6.00,75.00,0.0372858723937275
6.20,75.00,0.0487976811628055
6.40,75.00,0.0590279259079389
6.60,75.00,0.0666668637009954
6.80,75.00,0.0713754202434455
7.00,75.00,0.0733480678729373
7.20,75.00,0.0730326357333054
7.40,75.00,0.0709586716607642
7.60,75.00,0.0676397400499913
7.80,75.00,0.0635243255245919
8.00,75.00,0.0589771146173629
8.20,75.00,0.0542779875641358
8.40,75.00,0.0496302940289291
8.60,75.00,0.0451730905604145
8.80,75.00,0.0409941880485721
9.00,75.00,0.0371423056753869
9.50,75.00,0.0290275807240577
10.00,75.00,0.0229199469894117
10.50,75.00,0.0184272929993877
11.00,75.00,0.0151333291676831
11.50,75.00,0.0126919008504759
12.00,75.00,0.0108445660759816
12.50,75.00,0.0094092552598823
13.00,75.00,0.0082618769243504
13.50,75.00,0.0073193346163041
14.00,75.00,0.0065263360891044
14.50,75.00,0.0058459737753663
15.00,75.00,0.0052533165406530
16.00,75.00,0.0042673900826209
17.00,75.00,0.0034813360022008
18.00,75.00,0.0028456478715002
19.00,75.00,0.0023281103270908
20.00,75.00,0.0019054653967367
21.00,75.00,0.0015598310007077
22.00,75.00,0.0012769961493680
23.00,75.00,0.0010454845645112
24.00,75.00,0.0008559587899254
25.00,75.00,0.0007007955257432
50.00,75.00,0.0000047218996908
100.00,75.00,0.0000000002143739
2.50,80.00,1050.4116729247905369
2.60,80.00,785.0983539161712770
2.70,80.00,580.0518615268848635
2.80,80.00,424.3944887514952597
2.90,80.00,307.9268175533441649
3.00,80.00,221.8228604870948288
3.10,80.00,158.8120713783005158
3.20,80.00,113.1034788989679498
3.30,80.00,80.1973625186599151
3.40,80.00,56.6638301346896398
3.50,80.00,39.9287336360782632
3.60,80.00,28.0850588847178919
3.70,80.00,19.7356570385141481
3.80,80.00,13.8668488713585827
3.90,80.00,9.7495172978926803
4.00,80.00,6.8632830533181126
4.10,80.00,4.8393298678322809
4.20,80.00,3.4178845311360679
4.30,80.00,2.4169710697358271
4.40,80.00,1.7096917979636368
4.50,80.00,1.2078664671764769
4.60,80.00,0.8503545550888452
4.70,80.00,0.5947895560004230
4.80,80.00,0.4117745263360996
4.90,80.00,0.2808366335387308
5.00,80.00,0.1876277485669522
5.10,80.00,0.1220001885409681
5.20,80.00,0.0766919871598587
5.30,80.00,0.0464331992276062
5.40,80.00,0.0273406747035720
5.50,80.00,0.0165089027322195
5.60,80.00,0.0117331022614652
5.70,80.00,0.0113208806450708
5.80,80.00,0.0139628517312354
5.90,80.00,0.0186423391676326
6.00,80.00,0.0245709585984640
6.20,80.00,0.0378916974849204
6.40,80.00,0.0506497234622147
6.60,80.00,0.0611273424613198
6.80,80.00,0.0686173447873018
7.00,80.00,0.0730425472484666
7.20,80.00,0.0746883292301734
7.40,80.00,0.0740186585610994
7.60,80.00,0.0715551565386053
7.80,80.00,0.0678029331071300
8.00,80.00,0.0632098492043597
8.20,80.00,0.0581485202416293
8.40,80.00,0.0529128591950062
8.60,80.00,0.0477231596510924
8.80,80.00,0.0427355475973739
9.00,80.00,0.0380530608888657
9.50,80.00,0.0280052669565849
10.00,80.00,0.0204011098045282
10.50,80.00,0.0149153100509238
11.00,80.00,0.0110648469759190
11.50,80.00,0.0083959712134266
12.00,80.00,0.0065468624629974
12.50,80.00,0.0052526141655826
13.00,80.00,0.0043289796118093
13.50,80.00,0.0036519453039881
14.00,80.00,0.0031397773952505
14.50,80.00,0.0027392814257302
15.00,80.00,0.0024160345215846
16.00,80.00,0.0019198908346864
17.00,80.00,0.0015501690387652
18.00,80.00,0.0012611195602463
19.00,80.00,0.0010295404127822
20.00,80.00,0.0008418178880000
21.00,80.00,0.0006888173258996
22.00,80.00,0.0005638068183820
23.00,80.00,0.0004615510893348
24.00,80.00,0.0003778658691086
25.00,80.00,0.0003093629738747
50.00,80.00,0.0000020844304429
100.00,80.00,0.0000000000946330
2.50,85.00,1000.0247087921911771
2.60,85.00,750.9086363140452249
2.70,85.00,556.6110927274238520
2.80,85.00,408.1789009855546624
2.90,85.00,296.6288804337164606
3.00,85.00,213.9106232566206529
3.10,85.00,153.2538462046641712
3.20,85.00,109.1946775254991024
3.30,85.00,77.4505558841018313
3.40,85.00,54.7380887806008758
3.50,85.00,38.5835335689673400
3.60,85.00,27.1496990580609392
3.70,85.00,19.0885995021113644
3.80,85.00,13.4215100451688176
3.90,85.00,9.4443330035848518
4.00,85.00,6.6546629132944703
4.10,85.00,4.6966052834258702
4.20,85.00,3.3196583863710445
4.30,85.00,2.3484690502968038
4.40,85.00,1.6608384830249490
4.50,85.00,1.1718904512636645
4.60,85.00,0.8227816163197258
4.70,85.00,0.5727208595376823
4.80,85.00,0.3933738495139248
4.90,85.00,0.2649702069271050
5.00,85.00,0.1736147835391264
5.10,85.00,0.1094429698453297
5.20,85.00,0.0653625289258779
5.30,85.00,0.0361995756770019
5.40,85.00,0.0181207319967298
5.50,85.00,0.0082424979600788
5.60,85.00,0.0043665734009602
5.70,85.00,0.0047993373342830
5.80,85.00,0.0082272532611711
5.90,85.00,0.0136293187815812
6.00,85.00,0.0202140591356858
6.20,85.00,0.0346444041251589
6.40,85.00,0.0482537794636500
6.60,85.00,0.0593562853777224
6.80,85.00,0.0672864990255831
7.00,85.00,0.0720101216412641
7.20,85.00,0.0738510718218348
7.40,85.00,0.0733050343040709
7.60,85.00,0.0709180539132811
7.80,85.00,0.0672130283494841
8.00,85.00,0.0626501228565884
8.20,85.00,0.0576100268464039
8.40,85.00,0.0523916405032378
8.60,85.00,0.0472181028464355
8.80,85.00,0.0422469728058660
9.00,85.00,0.0375818418010808
9.50,85.00,0.0275809558319774
10.00,85.00,0.0200250707717495
10.50,85.00,0.0145846128585798
11.00,85.00,0.0107743570249421
11.50,85.00,0.0081400931762420
12.00,85.00,0.0063204599970225
12.50,85.00,0.0050513334747307
13.00,85.00,0.0041492603327600
13.50,85.00,0.0034909070635716
14.00,85.00,0.0029950797540750
14.50,85.00,0.0026089981618680
15.00,85.00,0.0022985540875602
16.00,85.00,0.0018240902180344
17.00,85.00,0.0014718802427022
18.00,85.00,0.0011970769492175
19.00,85.00,0.0009771271736004
20.00,85.00,0.0007989131225397
21.00,85.00,0.0006536926703438
22.00,85.00,0.0005350502137901
23.00,85.00,0.0004380075527351
24.00,85.00,0.0003585901915646
25.00,85.00,0.0002935814353823
50.00,85.00,0.0000019780955562
100.00,85.00,0.0000000000898054
2.50,90.00,1003.0859943646198644
2.60,90.00,749.2988912442815490
2.70,90.00,553.3941706623937762
2.80,90.00,404.7973228297042851
2.90,90.00,293.6746268329317218
3.00,90.00,211.5536226942070073
3.10,90.00,151.4728930538058762
3.20,90.00,107.8965936062457303
3.30,90.00,76.5277548062473159
3.40,90.00,54.0933548335778198
3.50,90.00,38.1382050980756304
3.60,90.00,26.8440960769125425
3.70,90.00,18.8793347119516568
3.80,90.00,13.2779787857122678
3.90,90.00,9.3454112187780325
4.00,90.00,6.5859881113628482
4.10,90.00,4.6485004179204701
4.20,90.00,3.2856246773682209
4.30,90.00,2.3241317388288798
4.40,90.00,1.6432303405069399
4.50,90.00,1.1589756779482909
4.60,90.00,0.8131447019849883
4.70,90.00,0.5653652762180802
4.80,90.00,0.3875920206643987
4.90,90.00,0.2602587623911073
5.00,90.00,0.1696181449653515
5.10,90.00,0.1059145383838653
5.20,90.00,0.0621368807450557
5.30,90.00,0.0331717180276444
5.40,90.00,0.0152301066991478
5.50,90.00,0.0054603889083003
5.60,90.00,0.0016861252559939
5.70,90.00,0.0022276898655281
5.80,90.00,0.0057794476812199
5.90,90.00,0.0113237062557296
6.00,90.00,0.0180689775022355
6.20,90.00,0.0328648576323187
6.40,90.00,0.0468712772358044
6.60,90.00,0.0583663803844807
6.80,90.00,0.0666545590687879
7.00,90.00,0.0716812523253800
7.20,90.00,0.0737603327532839
7.40,90.00,0.0733859597402324
7.60,90.00,0.0711087576603407
7.80,90.00,0.0674599234006441
8.00,90.00,0.0629096554182658
8.20,90.00,0.0578489459837633
8.40,90.00,0.0525863055824484
8.60,90.00,0.0473532458584805
8.80,90.00,0.0423142278978589
9.00,90.00,0.0375782552663549
9.50,90.00,0.0274109192117574
10.00,90.00,0.0197265687687277
10.50,90.00,0.0142025351891603
11.00,90.00,0.0103477581454403
11.50,90.00,0.0076983151750612
12.00,90.00,0.0058834871741828
12.50,90.00,0.0046316613927958
13.00,90.00,0.0037539609648558
13.50,90.00,0.0031233773456004
14.00,90.00,0.0026563545218701
14.50,90.00,0.0022986691813382
15.00,90.00,0.0020153835473329
16.00,90.00,0.0015900309451293
17.00,90.00,0.0012794169497393
18.00,90.00,0.0010391918475086
19.00,90.00,0.0008477471476515
20.00,90.00,0.0006929433678735
21.00,90.00,0.0005669163548286
22.00,90.00,0.0004639980211426
23.00,90.00,0.0003798328186192
24.00,90.00,0.0003109599677463
25.00,90.00,0.0002545848193426
50.00,90.00,0.0000017153368457
100.00,90.00,0.0000000000778762
