2.5,0.0,2593.329433135596
2.6,0.0,1853.5470319378655
2.7,0.0,1297.2268999554676
2.8,0.0,887.2030066963064
2.9,0.0,590.4420361906252
3.0,0.0,380.8155563439659
3.1,0.0,236.0647067489329
3.2,0.0,137.7881214298105
3.3,0.0,73.41140573748494
3.4,0.0,32.82635380696268
3.5,0.0,7.0174008357582585
3.6,0.0,-8.95650110759575
3.7,0.0,-16.918272085639426
3.8,0.0,-21.142292883465192
3.9,0.0,-23.017569717090687
4.0,0.0,-22.830816560014902
4.1,0.0,-21.537175369475197
4.2,0.0,-19.750117022337157
4.3,0.0,-17.762324104669155
4.4,0.0,-15.79682081004502
4.5,0.0,-13.34039798226794
4.6,0.0,-11.71938404472112
4.7,0.0,-10.278937808623068
4.8,0.0,-9.015468674188003
4.9,0.0,-7.915892435800983
5.0,0.0,-6.966415997404127
5.1,0.0,-6.14835591787405
5.2,0.0,-5.4428114826184695
5.3,0.0,-4.8326994477956005
5.4,0.0,-4.30407768277486
5.5,0.0,-3.8449736281492712
5.6,0.0,-3.4458642791301295
5.7,0.0,-3.0840487204187945
5.8,0.0,-2.7793171956606253
5.9,0.0,-2.510782742163372
6.0,0.0,-2.2754315361637816
6.2,0.0,-1.8838082488738792
6.4,0.0,-1.5752758621978722
6.6,0.0,-1.3318727939333226
6.8,0.0,-1.1378556829264266
7.0,0.0,-0.982001481054318
7.2,0.0,-0.8558397823034305
7.4,0.0,-0.752393707687716
7.6,0.0,-0.6665409391930055
7.8,0.0,-0.5944700791826728
8.0,0.0,-0.533625567114768
8.2,0.0,-0.4816333418799781
8.4,0.0,-0.4367876525167329
8.6,0.0,-0.3979926595141688
8.8,0.0,-0.3641678871715908
9.0,0.0,-0.3347124158906511
9.5,0.0,-0.275830884763992
10.0,0.0,-0.2326659326072304
10.5,0.0,-0.2004233520090771
11.0,0.0,-0.175658274817974
11.5,0.0,-0.1563131231859706
12.0,0.0,-0.1408342341489137
12.5,0.0,-0.1281723056323038
13.0,0.0,-0.1178330758161837
13.5,0.0,-0.1090154620398389
14.0,0.0,-0.1014424884279016
14.5,0.0,-0.0950358045387848
15.0,0.0,-0.0892884233504425
16.0,0.0,-0.0799510942310406
17.0,0.0,-0.0723414701657341
18.0,0.0,-0.0659995319800886
19.0,0.0,-0.0608238803983415
20.0,0.0,-0.0562162313113034
21.0,0.0,-0.0522926834745027
22.0,0.0,-0.0487999617014618
23.0,0.0,-0.0457251224655463
24.0,0.0,-0.0429336248249653
25.0,0.0,-0.0404230547340283
50.0,0.0,-0.0127984437360778
100.0,0.0,0.0
2.5,5.0,2512.0652253571466
2.6,5.0,1824.6843785370395
2.7,5.0,1283.7083315875432
2.8,5.0,879.6786021273175
2.9,5.0,585.6915618150794
3.0,5.0,377.73995037095966
3.1,5.0,234.38790586850996
3.2,5.0,135.7739068382018
3.3,5.0,73.68743897791353
3.4,5.0,32.5904953956165
3.5,5.0,6.950348480440642
3.6,5.0,-9.214680527698702
3.7,5.0,-16.813398109235692
3.8,5.0,-21.043675034343902
3.9,5.0,-22.98798914896402
4.0,5.0,-22.7520069538383
4.1,5.0,-21.444128882055704
4.2,5.0,-19.65097067498823
4.3,5.0,-17.66795989138414
4.4,5.0,-15.710350002188662
4.5,5.0,-13.265268086599876
4.6,5.0,-11.652475010110953
4.7,5.0,-10.219330916025966
4.8,5.0,-8.962186600013247
4.9,5.0,-7.868108862189304
5.0,5.0,-6.938628974776673
5.1,5.0,-6.12462434853603
5.2,5.0,-5.422245394629872
5.3,5.0,-4.800058303263689
5.4,5.0,-4.27408866996928
5.5,5.0,-3.817364159518022
5.6,5.0,-3.4205434942351594
5.7,5.0,-3.073614457046878
5.8,5.0,-2.770250261491001
5.9,5.0,-2.5027203441796244
6.0,5.0,-2.2683688462745297
6.2,5.0,-1.8780946674441248
6.4,5.0,-1.5708819809113166
6.6,5.0,-1.328306110042062
6.8,5.0,-1.1351111531334577
7.0,5.0,-0.9797523047040342
7.2,5.0,-0.8537343633096859
7.4,5.0,-0.7506936581157093
7.6,5.0,-0.6650094455270009
7.8,5.0,-0.5930610531110851
8.0,5.0,-0.5324114331272309
8.2,5.0,-0.4805091950323106
8.4,5.0,-0.435714643515499
8.6,5.0,-0.3970210466697753
8.8,5.0,-0.3632386324079739
9.0,5.0,-0.3339356982492303
9.5,5.0,-0.2751568794645295
10.0,5.0,-0.2321200994106703
10.5,5.0,-0.1999872580859231
11.0,5.0,-0.175296361337585
11.5,5.0,-0.1560267094523868
12.0,5.0,-0.1405893020790019
12.5,5.0,-0.1279850923344156
13.0,5.0,-0.1176414741949281
13.5,5.0,-0.1088866318443776
14.0,5.0,-0.1013270477649322
14.5,5.0,-0.0949396762413385
15.0,5.0,-0.0892987407446851
16.0,5.0,-0.0798126078528177
17.0,5.0,-0.0723649556490011
18.0,5.0,-0.0659896574727814
19.0,5.0,-0.0607716478102577
20.0,5.0,-0.056211842987936
21.0,5.0,-0.0523093634697897
22.0,5.0,-0.0487738469668809
23.0,5.0,-0.0457944779358527
24.0,5.0,-0.0429542564945285
25.0,5.0,-0.0404138383192801
50.0,5.0,-0.0128041482445632
100.0,5.0,0.0
2.5,10.0,2331.18558763619
2.6,10.0,1745.4998627496711
2.7,10.0,1241.3819279964
2.8,10.0,854.739481102795
2.9,10.0,569.5970818232292
3.0,10.0,368.2937811696255
3.1,10.0,228.6877456750901
3.2,10.0,133.9255351800558
3.3,10.0,71.40577896683047
3.4,10.0,31.21088818540241
3.5,10.0,6.236262530866981
3.6,10.0,-8.667529399424282
3.7,10.0,-16.96602493786861
3.8,10.0,-21.042520159875895
3.9,10.0,-22.842123017470975
4.0,10.0,-22.57261739089734
4.1,10.0,-21.231219399573092
4.2,10.0,-19.420054616733243
4.3,10.0,-17.448063870613794
4.4,10.0,-15.510679888575584
4.5,10.0,-13.095927827835188
4.6,10.0,-11.505351728457036
4.7,10.0,-10.09236857438238
4.8,10.0,-8.852625962869407
4.9,10.0,-7.774223104027144
5.0,10.0,-6.85818164756692
5.1,10.0,-6.055263563586442
5.2,10.0,-5.362000928862132
5.3,10.0,-4.7476517136358805
5.4,10.0,-4.228374301547068
5.5,10.0,-3.7775038363003866
5.6,10.0,-3.38554892338242
5.7,10.0,-3.043291186242998
5.8,10.0,-2.7431390001161415
5.9,10.0,-2.4791042155045737
6.0,10.0,-2.247417799090289
6.2,10.0,-1.8615796444215928
6.4,10.0,-1.5579255201069468
6.6,10.0,-1.317930229772573
6.8,10.0,-1.1265454983584722
7.0,10.0,-0.9724767234314045
7.2,10.0,-0.8476678664897446
7.4,10.0,-0.7451686061689607
7.6,10.0,-0.6602235843511993
7.8,10.0,-0.588799295601708
8.0,10.0,-0.5286138647911099
8.2,10.0,-0.4769484402119255
8.4,10.0,-0.4325533321648989
8.6,10.0,-0.3941242011980778
8.8,10.0,-0.3606868020968327
9.0,10.0,-0.3314705583773194
9.5,10.0,-0.273302979704131
10.0,10.0,-0.23067946930164
10.5,10.0,-0.1987516160117182
11.0,10.0,-0.1743655720643045
11.5,10.0,-0.1551953420582697
12.0,10.0,-0.1398437487070104
12.5,10.0,-0.1273778101350235
13.0,10.0,-0.1171647781441288
13.5,10.0,-0.1083932526793691
14.0,10.0,-0.100967988098247
14.5,10.0,-0.0945338701705093
15.0,10.0,-0.0889625053497857
16.0,10.0,-0.0796508574347956
17.0,10.0,-0.0720660319189519
18.0,10.0,-0.0658197853816614
19.0,10.0,-0.0605833397707192
20.0,10.0,-0.0560641370760429
21.0,10.0,-0.052079795210047
22.0,10.0,-0.048708882938864
23.0,10.0,-0.0456314113327125
24.0,10.0,-0.042878978191191
25.0,10.0,-0.0403569959643611
50.0,10.0,-0.0128287315884026
100.0,10.0,0.0
2.5,15.0,2146.1500612809773
2.6,15.0,1643.6141545318403
2.7,15.0,1180.8227362397329
2.8,15.0,816.6993417579042
2.9,15.0,547.7099289166268
3.0,15.0,353.9154744915538
3.1,15.0,219.8830347546359
3.2,15.0,128.53276895739577
3.3,15.0,67.75686268321036
3.4,15.0,29.19860716641867
3.5,15.0,3.497775955083266
3.6,15.0,-9.297618017892216
3.7,15.0,-17.04669130073824
3.8,15.0,-21.720472024820054
3.9,15.0,-22.83168502386825
4.0,15.0,-22.038244074689437
4.1,15.0,-20.93120372554678
4.2,15.0,-19.072488006374325
4.3,15.0,-17.115888579316675
4.4,15.0,-15.207202438721117
4.5,15.0,-12.837446630188484
4.6,15.0,-11.279060657376936
4.7,15.0,-9.895846600911952
4.8,15.0,-8.682229371979853
4.9,15.0,-7.627507824165202
5.0,15.0,-6.731844808865518
5.1,15.0,-5.9457602085655346
5.2,15.0,-5.266627787948954
5.3,15.0,-4.664519331358313
5.4,15.0,-4.155752558805326
5.5,15.0,-3.7138700223130456
5.6,15.0,-3.3298287036063607
5.7,15.0,-2.9942574831640494
5.8,15.0,-2.699773666572467
5.9,15.0,-2.4411963375093952
6.0,15.0,-2.214025611883524
6.2,15.0,-1.835045380512722
6.4,15.0,-1.536868024112095
6.6,15.0,-1.3011364718026197
6.8,15.0,-1.112775881546014
7.0,15.0,-0.960927529626569
7.2,15.0,-0.8377800944069476
7.4,15.0,-0.7365278882962615
7.6,15.0,-0.6524464991215411
7.8,15.0,-0.5817958621130653
8.0,15.0,-0.5223066027811565
8.2,15.0,-0.4712504409168854
8.4,15.0,-0.4273236889230145
8.6,15.0,-0.3893047585882342
8.8,15.0,-0.3562832646275155
9.0,15.0,-0.3275524998433805
9.5,15.0,-0.2701609807190539
10.0,15.0,-0.2281717530244067
10.5,15.0,-0.1967105029534315
11.0,15.0,-0.1726251386891982
11.5,15.0,-0.1537799502667155
12.0,15.0,-0.1387623965892109
12.5,15.0,-0.1264136577522468
13.0,15.0,-0.1161775800460985
13.5,15.0,-0.10764879716795
14.0,15.0,-0.1002564528093887
14.5,15.0,-0.0939041972295005
15.0,15.0,-0.0883747538404624
16.0,15.0,-0.0792138808566927
17.0,15.0,-0.0716516644070114
18.0,15.0,-0.0655452204330617
19.0,15.0,-0.0603568405303038
20.0,15.0,-0.0558356635579504
21.0,15.0,-0.0519481112008819
22.0,15.0,-0.0485594210738395
23.0,15.0,-0.0454902894653315
24.0,15.0,-0.0426239501705043
25.0,15.0,-0.040199852194252
50.0,15.0,-0.0126737835394382
100.0,15.0,0.0
2.5,20.0,2012.6725754387676
2.6,20.0,1543.1776105236806
2.7,20.0,1109.5007932902392
2.8,20.0,768.824755158575
2.9,20.0,516.5801337563969
3.0,20.0,335.3931957789324
3.1,20.0,207.4664790147467
3.2,20.0,120.5827866252807
3.3,20.0,63.36233907024681
3.4,20.0,26.62061602614707
3.5,20.0,3.56885962011449
3.6,20.0,-10.02976804368573
3.7,20.0,-17.352773253259947
3.8,20.0,-20.71250317825316
3.9,20.0,-22.56435987626715
4.0,20.0,-21.947251865298337
4.1,20.0,-20.52814054083851
4.2,20.0,-18.62832973591024
4.3,20.0,-16.69569891314982
4.4,20.0,-14.19398003301782
4.5,20.0,-12.511616130890712
4.6,20.0,-10.992665796390616
4.7,20.0,-9.64560491859611
4.8,20.0,-8.464921831974017
4.9,20.0,-7.439862720871731
5.0,20.0,-6.569200498418314
5.1,20.0,-5.80405421698156
5.2,20.0,-5.128069942745476
5.3,20.0,-4.556430928360946
5.4,20.0,-4.06109271225306
5.5,20.0,-3.6308892945027256
5.6,20.0,-3.256969929024338
5.7,20.0,-2.929776052198551
5.8,20.0,-2.643379438378024
5.9,20.0,-2.391557978363447
6.0,20.0,-2.1697288247361666
6.2,20.0,-1.8005018276252924
6.4,20.0,-1.5097776127313445
6.6,20.0,-1.2790088175013157
6.8,20.0,-1.0946088653028934
7.0,20.0,-0.9456992802868314
7.2,20.0,-0.8245725510183233
7.4,20.0,-0.7249885689987333
7.6,20.0,-0.642112534045893
7.8,20.0,-0.5726189672265676
8.0,20.0,-0.5138673641559421
8.2,20.0,-0.4637053411115823
8.4,20.0,-0.4205259015617564
8.6,20.0,-0.3831506886741138
8.8,20.0,-0.3507329681254464
9.0,20.0,-0.3224986546445693
9.5,20.0,-0.2662051676333293
10.0,20.0,-0.2250815468594001
10.5,20.0,-0.1942407533146854
11.0,20.0,-0.1706597405833402
11.5,20.0,-0.1521780032698322
12.0,20.0,-0.1374071407342929
12.5,20.0,-0.1253094782437394
13.0,20.0,-0.1153214078646743
13.5,20.0,-0.1068922651902349
14.0,20.0,-0.0996019750810729
14.5,20.0,-0.0933379506879229
15.0,20.0,-0.0879232929882172
16.0,20.0,-0.0787955616704761
17.0,20.0,-0.0713937794536988
18.0,20.0,-0.0653602028563183
19.0,20.0,-0.0601536053296875
20.0,20.0,-0.055806473566198
21.0,20.0,-0.0518974100035396
22.0,20.0,-0.0485899272507099
23.0,20.0,-0.0454646082609198
24.0,20.0,-0.0426294363544441
25.0,20.0,-0.0402654743148279
50.0,20.0,-0.0128379480031507
100.0,20.0,0.0
2.5,25.0,1909.979426859005
2.6,25.0,1445.1609261823198
2.7,25.0,1035.1652683345
2.8,25.0,717.0473752151598
2.9,25.0,480.7239552862747
3.0,25.0,311.4425077210218
3.1,25.0,192.0402494526388
3.2,25.0,110.90999998885994
3.3,25.0,57.920473955917416
3.4,25.0,23.00522690420568
3.5,25.0,1.6552140097833563
3.6,25.0,-10.92854013774793
3.7,25.0,-17.49314308302998
3.8,25.0,-21.631540025647144
3.9,25.0,-22.198769791816023
4.0,25.0,-21.49586673424345
4.1,25.0,-19.957048678954585
4.2,25.0,-18.117837890673396
4.3,25.0,-16.204275465113074
4.4,25.0,-13.771341030557236
4.5,25.0,-12.13635423787842
4.6,25.0,-10.66299997732386
4.7,25.0,-9.35746084758795
4.8,25.0,-8.214419635453547
4.9,25.0,-7.237962521830423
5.0,25.0,-6.3800583624289064
5.1,25.0,-5.638842494088499
5.2,25.0,-4.983449989045426
5.3,25.0,-4.429615637655614
5.4,25.0,-3.949826976002364
5.5,25.0,-3.533289807748893
5.6,25.0,-3.170413088821308
5.7,25.0,-2.8540035369439205
5.8,25.0,-2.5765373451924707
5.9,25.0,-2.332465973018022
6.0,25.0,-2.1170731330396246
6.2,25.0,-1.7596317034813085
6.4,25.0,-1.4765287431131051
6.6,25.0,-1.2522256698482574
6.8,25.0,-1.0721333482651738
7.0,25.0,-0.9269058909222634
7.2,25.0,-0.808380152414731
7.4,25.0,-0.7107598125478677
7.6,25.0,-0.6295436648074021
7.8,25.0,-0.5612313086341308
8.0,25.0,-0.5036189978967963
8.2,25.0,-0.4544206874671998
8.4,25.0,-0.4121364845978576
8.6,25.0,-0.3755904465021095
8.8,25.0,-0.3437868167597361
9.0,25.0,-0.3162401164353591
9.5,25.0,-0.2612650165011223
10.0,25.0,-0.2211566859564034
10.5,25.0,-0.1910895379148601
11.0,25.0,-0.1680385579208146
11.5,25.0,-0.149955163097597
12.0,25.0,-0.1355699178502593
12.5,25.0,-0.1236980965075622
13.0,25.0,-0.1139558377344357
13.5,25.0,-0.1056849366906777
14.0,25.0,-0.0986160994060048
14.5,25.0,-0.0925057037577791
15.0,25.0,-0.087131429861173
16.0,25.0,-0.0781296780441115
17.0,25.0,-0.0709864357542838
18.0,25.0,-0.064885481083196
19.0,25.0,-0.059796741384147
20.0,25.0,-0.0553967158210926
21.0,25.0,-0.0516518198410688
22.0,25.0,-0.0482304278160113
23.0,25.0,-0.0451876323855519
24.0,25.0,-0.042472950676894
25.0,25.0,-0.0400703639062317
50.0,25.0,-0.0128307089850017
100.0,25.0,0.0
2.5,30.0,1813.8341017356224
2.6,30.0,1346.7882274398903
2.7,30.0,959.1233285702208
2.8,30.0,660.2639641995057
2.9,30.0,441.37515983265587
3.0,30.0,284.6424637255273
3.1,30.0,173.8207899819127
3.2,30.0,100.28626578087534
3.3,30.0,50.548481792787314
3.4,30.0,18.939737678295828
3.5,30.0,-0.5568117461431635
3.6,30.0,-11.697253761168504
3.7,30.0,-17.734073550961003
3.8,30.0,-20.86347363157997
3.9,30.0,-21.767578520994025
4.0,30.0,-20.926069770834328
4.1,30.0,-19.330057723994347
4.2,30.0,-17.521656786431915
4.3,30.0,-15.02073108561208
4.4,30.0,-13.308048301004462
4.5,30.0,-11.727598321734506
4.6,30.0,-10.305062754554845
4.7,30.0,-9.04534246465516
4.8,30.0,-7.943326985925187
4.9,30.0,-7.002261694022364
5.0,30.0,-6.174336008588717
5.1,30.0,-5.4439369518891
5.2,30.0,-4.825864130444946
5.3,30.0,-4.291146457169044
5.4,30.0,-3.828141460653895
5.5,30.0,-3.4259974378773923
5.6,30.0,-3.0760681847828963
5.7,30.0,-2.7707888525504902
5.8,30.0,-2.502995345777315
5.9,30.0,-2.267226042034976
6.0,30.0,-2.05968336986843
6.2,30.0,-1.7134733315495456
6.4,30.0,-1.4394853741780729
6.6,30.0,-1.221686432403828
6.8,30.0,-1.0469321740319943
7.0,30.0,-0.9053736700353672
7.2,30.0,-0.7897965760574472
7.4,30.0,-0.6944611865771322
7.6,30.0,-0.6150212462480373
7.8,30.0,-0.548395331789735
8.0,30.0,-0.4920127371746521
8.2,30.0,-0.4438101831652751
8.4,30.0,-0.4024938660284401
8.6,30.0,-0.36688432483338
8.8,30.0,-0.3360378267801799
9.0,30.0,-0.3090872179627698
9.5,30.0,-0.2557208642755521
10.0,30.0,-0.216651527767856
10.5,30.0,-0.1874853240342039
11.0,30.0,-0.1650569931686416
11.5,30.0,-0.1474860746703321
12.0,30.0,-0.1334127029175221
12.5,30.0,-0.1218729438519805
13.0,30.0,-0.1123358945571473
13.5,30.0,-0.1042680072705378
14.0,30.0,-0.0974498096831843
14.5,30.0,-0.0914388359141219
15.0,30.0,-0.0861881274725051
16.0,30.0,-0.077301816318413
17.0,30.0,-0.0702231014075108
18.0,30.0,-0.0643576440670411
19.0,30.0,-0.0593545000655721
20.0,30.0,-0.0550376530354853
21.0,30.0,-0.0512615927860321
22.0,30.0,-0.0478489805266315
23.0,30.0,-0.0449492812412302
24.0,30.0,-0.0422554495266811
25.0,30.0,-0.0398462787115066
50.0,30.0,-0.0126259361557997
100.0,30.0,0.0
2.5,35.0,1711.1870588491977
2.6,35.0,1247.9913829967654
2.7,35.0,880.3931961586549
2.8,35.0,602.341168418186
2.9,35.0,399.8764784734212
3.0,35.0,254.34701541265636
3.1,35.0,155.65111525382147
3.2,35.0,87.52810128915327
3.3,35.0,43.00653725124499
3.4,35.0,14.503008431229071
3.5,35.0,-2.919925594899526
3.6,35.0,-12.60731145957374
3.7,35.0,-19.028000936909752
3.8,35.0,-21.15789950795606
3.9,35.0,-21.253056903672157
4.0,35.0,-20.206171039395215
4.1,35.0,-18.64716329387229
4.2,35.0,-16.882213064107642
4.3,35.0,-14.472123523650447
4.4,35.0,-12.820520526997884
4.5,35.0,-11.299768965093486
4.6,35.0,-9.931929107927004
4.7,35.0,-8.721197312330707
4.8,35.0,-7.67749031893568
4.9,35.0,-6.7576890424532765
5.0,35.0,-5.96093095121995
5.1,35.0,-5.257448482135687
5.2,35.0,-4.662336438340087
5.3,35.0,-4.147901293132903
5.4,35.0,-3.702216575418744
5.5,35.0,-3.3155435383307457
5.6,35.0,-2.978710776285272
5.7,35.0,-2.684900528344061
5.8,35.0,-2.4270713912610606
5.9,35.0,-2.2000650484234474
6.0,35.0,-1.999516156681704
6.2,35.0,-1.6648816514646263
6.4,35.0,-1.3996770683428974
6.6,35.0,-1.1889309419505971
6.8,35.0,-1.0198250826559565
7.0,35.0,-0.8823911659756014
7.2,35.0,-0.7698665236109022
7.4,35.0,-0.6770386320832747
7.6,35.0,-0.5995594769742807
7.8,35.0,-0.5345317792820533
8.0,35.0,-0.4795634817168744
8.2,35.0,-0.432612810008976
8.4,35.0,-0.3924645354291708
8.6,35.0,-0.3577704228161443
8.8,35.0,-0.327758145970765
9.0,35.0,-0.3017227474108428
9.5,35.0,-0.249856944563668
10.0,35.0,-0.2120017389245869
10.5,35.0,-0.1837066314145147
11.0,35.0,-0.1620273658272066
11.5,35.0,-0.1449948169449182
12.0,35.0,-0.1312967482049892
12.5,35.0,-0.1201713597703103
13.0,35.0,-0.110855760181044
13.5,35.0,-0.103049703284179
14.0,35.0,-0.0963195154400959
14.5,35.0,-0.090438033077976
15.0,35.0,-0.0853194452946156
16.0,35.0,-0.0767467667071048
17.0,35.0,-0.0697696693965107
18.0,35.0,-0.0640484029427493
19.0,35.0,-0.059010146116497
20.0,35.0,-0.054843200719448
21.0,35.0,-0.0510928185554844
22.0,35.0,-0.0478026738905008
23.0,35.0,-0.0448672005688349
24.0,35.0,-0.0421656869492014
25.0,35.0,-0.03975431729396
50.0,35.0,-0.0127914199235523
100.0,35.0,0.0
2.5,40.0,1593.5025591584754
2.6,40.0,1146.5457214118471
2.7,40.0,799.9162669225914
2.8,40.0,543.1522564202397
2.9,40.0,356.486997717258
3.0,40.0,226.53790892992413
3.1,40.0,135.88109034521702
3.2,40.0,75.23181742253631
3.3,40.0,35.295197361417266
3.4,40.0,10.055499905629846
3.5,40.0,-4.773814186438132
3.6,40.0,-13.765849993574696
3.7,40.0,-19.151230895688705
3.8,40.0,-20.790216951156747
3.9,40.0,-20.664833729119337
4.0,40.0,-19.489752734938303
4.1,40.0,-17.94125123750891
4.2,40.0,-15.579450944619248
4.3,40.0,-13.911042996185383
4.4,40.0,-12.323953252860305
4.5,40.0,-10.865473883368365
4.6,40.0,-9.55451680235103
4.7,40.0,-8.394481232535215
4.8,40.0,-7.394564254471122
4.9,40.0,-6.511899184758403
5.0,40.0,-5.732379509978217
5.1,40.0,-5.07099885855679
5.2,40.0,-4.499366867984784
5.3,40.0,-4.005214472289786
5.4,40.0,-3.577357020398664
5.5,40.0,-3.205969733097881
5.6,40.0,-2.8823669020637266
5.7,40.0,-2.599608517088066
5.8,40.0,-2.351192205752351
5.9,40.0,-2.1325373132401495
6.0,40.0,-1.9388937524119252
6.2,40.0,-1.6155323415414196
6.4,40.0,-1.3598461534415598
6.6,40.0,-1.1558567756337812
6.8,40.0,-0.991483225622818
7.0,40.0,-0.8583332357499892
7.2,40.0,-0.7490941282834385
7.4,40.0,-0.6586725568762039
7.6,40.0,-0.5832536119853962
7.8,40.0,-0.5200771816833313
8.0,40.0,-0.4665811182646254
8.2,40.0,-0.4208632348172281
8.4,40.0,-0.3818944180492679
8.6,40.0,-0.348232715428752
8.8,40.0,-0.3191492535789763
9.0,40.0,-0.2938192491503356
9.5,40.0,-0.2437274548744648
10.0,40.0,-0.2070852884812704
10.5,40.0,-0.1796860757442409
11.0,40.0,-0.1586452628635984
11.5,40.0,-0.1422063914425865
12.0,40.0,-0.1288948164079637
12.5,40.0,-0.1180900812334695
13.0,40.0,-0.1090894272769804
13.5,40.0,-0.101456317728407
14.0,40.0,-0.0949576755406657
14.5,40.0,-0.0892416769462984
15.0,40.0,-0.0842273422524043
16.0,40.0,-0.0758822576469592
17.0,40.0,-0.0690627407555655
18.0,40.0,-0.0633241393328801
19.0,40.0,-0.0585674650299087
20.0,40.0,-0.0543741834548112
21.0,40.0,-0.0506518934220275
22.0,40.0,-0.0474128866034774
23.0,40.0,-0.0444308852022132
24.0,40.0,-0.0418340613211371
25.0,40.0,-0.0395398914009186
50.0,40.0,-0.0127187739904509
100.0,40.0,0.0
2.5,45.0,1470.7401897392533
2.6,45.0,1042.009303084845
2.7,45.0,718.5110181628861
2.8,45.0,483.5016189635619
2.9,45.0,317.18156737885823
3.0,45.0,198.0012598552798
3.1,45.0,117.38788477705111
3.2,45.0,63.17682660166116
3.3,45.0,27.980555893840386
3.4,45.0,6.438168877303709
3.5,45.0,-8.587842989396691
3.6,45.0,-15.802005241392424
3.7,45.0,-18.86012479061844
3.8,45.0,-20.405202045327993
3.9,45.0,-19.942508042771344
4.0,45.0,-18.778550899396407
4.1,45.0,-16.596615555551228
4.2,45.0,-14.96590654228452
4.3,45.0,-13.356968097930103
4.4,45.0,-11.83420087960944
4.5,45.0,-10.437923695204931
4.6,45.0,-9.184080059575988
4.7,45.0,-8.089939771769716
4.8,45.0,-7.118339409302363
4.9,45.0,-6.258048900238536
5.0,45.0,-5.525228377932903
5.1,45.0,-4.891144223787624
5.2,45.0,-4.343110587153732
5.3,45.0,-3.8691781695451266
5.4,45.0,-3.4586921343014274
5.5,45.0,-3.10188586386806
5.6,45.0,-2.790605214049353
5.7,45.0,-2.5178087847181767
5.8,45.0,-2.278026825535194
5.9,45.0,-2.066558409810702
6.0,45.0,-1.8803133376175376
6.2,45.0,-1.567259992293723
6.4,45.0,-1.3206815619346
6.6,45.0,-1.1233143917695525
6.8,45.0,-0.9640657952619156
7.0,45.0,-0.8345116761531775
7.2,45.0,-0.728192459873578
7.4,45.0,-0.6405457061116373
7.6,45.0,-0.5671615085591498
7.8,45.0,-0.5056587916510429
8.0,45.0,-0.4536255276395164
8.2,45.0,-0.4093838331317904
8.4,45.0,-0.3714939513170172
8.6,45.0,-0.3388762891494506
8.8,45.0,-0.3107523730345386
9.0,45.0,-0.28624912623318
9.5,45.0,-0.2377417225418007
10.0,45.0,-0.2023887501149352
10.5,45.0,-0.175796764315119
11.0,45.0,-0.1554670469553214
11.5,45.0,-0.1395266073530885
12.0,45.0,-0.1267303562192333
12.5,45.0,-0.1162295943096367
13.0,45.0,-0.1074833102812753
13.5,45.0,-0.1000650663937567
14.0,45.0,-0.0936836239410382
14.5,45.0,-0.0881965386327768
15.0,45.0,-0.0832868905585181
16.0,45.0,-0.0750607616412271
17.0,45.0,-0.0684291161402806
18.0,45.0,-0.0627971787338297
19.0,45.0,-0.0581429984482711
20.0,45.0,-0.0539383047372807
21.0,45.0,-0.0503793027511049
22.0,45.0,-0.0471060595248761
23.0,45.0,-0.0442748361737544
24.0,45.0,-0.041690962057157
25.0,45.0,-0.0393761635862974
50.0,45.0,-0.0126878280455672
100.0,45.0,0.0
2.5,50.0,1340.023193679019
2.6,50.0,938.0925064110412
2.7,50.0,642.1083518739184
2.8,50.0,429.6106770448285
2.9,50.0,277.1944797869203
3.0,50.0,172.0810677023273
3.1,50.0,99.9751273539035
3.2,50.0,52.97072891022823
3.3,50.0,21.934645244626974
3.4,50.0,0.7570156258432728
3.5,50.0,-10.43411515138201
3.6,50.0,-16.50207180775449
3.7,50.0,-19.32233638637796
3.8,50.0,-19.88482989158889
3.9,50.0,-19.316754049189356
4.0,50.0,-18.098674899685513
4.1,50.0,-15.970724167213746
4.2,50.0,-14.380529296800429
4.3,50.0,-12.82829760910862
4.4,50.0,-11.366855113931846
4.5,50.0,-10.0302539592702
4.6,50.0,-8.84666064076284
4.7,50.0,-7.786047296310748
4.8,50.0,-6.841902773729721
4.9,50.0,-6.032770262455019
5.0,50.0,-5.330957118441347
5.1,50.0,-4.723605632195252
5.2,50.0,-4.198515213678599
5.3,50.0,-3.743910169846137
5.4,50.0,-3.3494457846978056
5.5,50.0,-3.0053874782466417
5.6,50.0,-2.704796341264005
5.7,50.0,-2.4409961744470285
5.8,50.0,-2.209272228043348
5.9,50.0,-2.004575921594624
6.0,50.0,-1.8241912603260035
6.2,50.0,-1.5217288823762003
6.4,50.0,-1.2832593811993456
6.6,50.0,-1.0916259874845249
6.8,50.0,-0.937571035620118
7.0,50.0,-0.8117179199009634
7.2,50.0,-0.7085288507025347
7.4,50.0,-0.6231426823078486
7.6,50.0,-0.5516694545519906
7.8,50.0,-0.4919174852943105
8.0,50.0,-0.4413176092547433
8.2,50.0,-0.3983256013273511
8.4,50.0,-0.3615846711475524
8.6,50.0,-0.329992395159971
8.8,50.0,-0.3026583678944262
9.0,50.0,-0.2789880292346924
9.5,50.0,-0.2320456975244376
10.0,50.0,-0.1977404957813297
10.5,50.0,-0.1721888202036544
11.0,50.0,-0.1524863617391751
11.5,50.0,-0.1370419336721867
12.0,50.0,-0.1245867491435338
12.5,50.0,-0.1143427680888332
13.0,50.0,-0.1058679768708221
13.5,50.0,-0.0987308819764152
14.0,50.0,-0.0925114082662645
14.5,50.0,-0.0870980667516768
15.0,50.0,-0.0823668522096494
16.0,50.0,-0.0744411846509933
17.0,50.0,-0.0678189770082627
18.0,50.0,-0.0623577881100365
19.0,50.0,-0.0577123907090569
20.0,50.0,-0.0537113657288519
21.0,50.0,-0.0501348073302844
22.0,50.0,-0.0469058964625092
23.0,50.0,-0.0441126428687968
24.0,50.0,-0.0415634449278915
25.0,50.0,-0.0391799521982066
50.0,50.0,-0.0127249182669497
100.0,50.0,0.0
2.5,55.0,1213.373189369812
2.6,55.0,840.9470182765454
2.7,55.0,570.2517417277837
2.8,55.0,377.1671452914146
2.9,55.0,241.59929637811757
3.0,55.0,148.01252199149454
3.1,55.0,84.96221636657549
3.2,55.0,40.446751309060616
3.3,55.0,13.89046681224601
3.4,55.0,-2.504237790220578
3.5,55.0,-12.055138966555058
3.6,55.0,-17.090454540123115
3.7,55.0,-19.144115305762043
3.8,55.0,-19.4518933593004
3.9,55.0,-18.73533305344008
4.0,55.0,-16.860568471577103
4.1,55.0,-15.379279545373686
4.2,55.0,-13.84272690666238
4.3,55.0,-12.34220958879397
4.4,55.0,-10.936798965444314
4.5,55.0,-9.670204951787474
4.6,55.0,-8.52209892208638
4.7,55.0,-7.492010767453667
4.8,55.0,-6.602343798761969
4.9,55.0,-5.827363078809996
5.0,55.0,-5.155035690810666
5.1,55.0,-4.573033306153111
5.2,55.0,-4.069082904071719
5.3,55.0,-3.6313670915330194
5.4,55.0,-3.249916892198925
5.5,55.0,-2.916900574206005
5.6,55.0,-2.6256680529859704
5.7,55.0,-2.3703071279131303
5.8,55.0,-2.145875664220834
5.9,55.0,-1.947940054911986
6.0,55.0,-1.773297285528846
6.2,55.0,-1.4804808197301773
6.4,55.0,-1.2487753092749152
6.6,55.0,-1.0630389769380066
6.8,55.0,-0.9128088122427188
7.0,55.0,-0.790407370163102
7.2,55.0,-0.6898706510155503
7.4,55.0,-0.6067053516343445
7.6,55.0,-0.5372626980990629
7.8,55.0,-0.4790222520493053
8.0,55.0,-0.4298208694814595
8.2,55.0,-0.3880750393470605
8.4,55.0,-0.3522831160644151
8.6,55.0,-0.3216655281783987
8.8,55.0,-0.2951159004593592
9.0,55.0,-0.2721538066256888
9.5,55.0,-0.2266791024139939
10.0,55.0,-0.1935357989514172
10.5,55.0,-0.1686675696503422
11.0,55.0,-0.1496000519862659
11.5,55.0,-0.1346604121012568
12.0,55.0,-0.122450599410529
12.5,55.0,-0.112574900675106
13.0,55.0,-0.1044069334167741
13.5,55.0,-0.0973189989722017
14.0,55.0,-0.0913622383067443
14.5,55.0,-0.0860259341675475
15.0,55.0,-0.081472055297179
16.0,55.0,-0.0735968643734754
17.0,55.0,-0.0672935540377982
18.0,55.0,-0.0619565886871203
19.0,55.0,-0.0573634238742245
20.0,55.0,-0.0533332120211892
21.0,55.0,-0.0497926459834319
22.0,55.0,-0.0466434048612836
23.0,55.0,-0.0438837327016131
24.0,55.0,-0.0413360692703715
25.0,55.0,-0.0390168824761444
50.0,55.0,-0.0126722427919304
100.0,55.0,0.0
2.5,60.0,1097.1320081741972
2.6,60.0,752.4471478506943
2.7,60.0,505.7437876672367
2.8,60.0,331.35698248979173
2.9,60.0,209.90487419531385
3.0,60.0,127.03145362900486
3.1,60.0,68.36000728002432
3.2,60.0,31.98940090995103
3.3,60.0,8.833540009256913
3.4,60.0,-5.321063202082051
3.5,60.0,-13.426092952018903
3.6,60.0,-17.451611457345155
3.7,60.0,-19.018329349792047
3.8,60.0,-19.05571377909444
3.9,60.0,-17.601030883196966
4.0,60.0,-16.347329027527962
4.1,60.0,-14.872668453243772
4.2,60.0,-13.368978408769946
4.3,60.0,-11.913490481656408
4.4,60.0,-10.572036302950874
4.5,60.0,-9.33820589830144
4.6,60.0,-8.22001667835976
4.7,60.0,-7.245199696696552
4.8,60.0,-6.391059087548024
4.9,60.0,-5.647251444861388
5.0,60.0,-5.00182989043408
5.1,60.0,-4.44184256699072
5.2,60.0,-3.954962680430103
5.3,60.0,-3.5306835460096013
5.4,60.0,-3.1606881650171057
5.5,60.0,-2.837685377164194
5.6,60.0,-2.5553619913700376
5.7,60.0,-2.3078128277025476
5.8,60.0,-2.0896747967196996
5.9,60.0,-1.897977533718512
6.0,60.0,-1.7283486654990967
6.2,60.0,-1.4439319309396477
6.4,60.0,-1.2181414811616251
6.6,60.0,-1.0371607252671156
6.8,60.0,-0.8907344946279152
7.0,60.0,-0.7713328349243443
7.2,60.0,-0.6733466299028159
7.4,60.0,-0.5919248329160436
7.6,60.0,-0.524210763970884
7.8,60.0,-0.46733259758857
8.0,60.0,-0.4194974432435218
8.2,60.0,-0.3787043533560066
8.4,60.0,-0.3439940005157064
8.6,60.0,-0.3140910200567977
8.8,60.0,-0.2883424781173947
9.0,60.0,-0.2660695350688101
9.5,60.0,-0.2217876750825301
10.0,60.0,-0.1896849001666399
10.5,60.0,-0.1655400580583295
11.0,60.0,-0.1469762338345822
11.5,60.0,-0.1323611988840339
12.0,60.0,-0.12063708345323
12.5,60.0,-0.1109646167995012
13.0,60.0,-0.1030143690159279
13.5,60.0,-0.096115403822375
14.0,60.0,-0.0901996850525763
14.5,60.0,-0.0851010677272981
15.0,60.0,-0.0806229100472025
16.0,60.0,-0.0729064005221937
17.0,60.0,-0.0665973825591089
18.0,60.0,-0.0613328448169868
19.0,60.0,-0.0569077961420796
20.0,60.0,-0.0529673499854462
21.0,60.0,-0.0494428058504169
22.0,60.0,-0.0463372389941633
23.0,60.0,-0.0436144387313297
24.0,60.0,-0.0411545667188129
25.0,60.0,-0.0388520568009508
50.0,60.0,-0.0126423978265411
100.0,60.0,0.0
2.5,65.0,992.7526329447376
2.6,65.0,675.5483962514991
2.7,65.0,450.10794957328926
2.8,65.0,292.4446531621312
2.9,65.0,182.7498545682255
3.0,65.0,106.12726196751616
3.1,65.0,56.89083111786045
3.2,65.0,24.8344728861476
3.3,65.0,4.569991390258679
3.4,65.0,-7.669540507801198
3.5,65.0,-14.395758862325284
3.6,65.0,-17.75386292130818
3.7,65.0,-18.900926441947068
3.8,65.0,-18.101580746366334
3.9,65.0,-17.206899658186366
4.0,65.0,-15.9171670914413
4.1,65.0,-14.448188057900332
4.2,65.0,-12.971396604861456
4.3,65.0,-11.567937553436074
4.4,65.0,-10.251468585442094
4.5,65.0,-9.042710085062366
4.6,65.0,-7.977002078078194
4.7,65.0,-7.036429504128899
4.8,65.0,-6.213093911369898
4.9,65.0,-5.496192323698752
5.0,65.0,-4.872587205051857
5.1,65.0,-4.329173727501469
5.2,65.0,-3.855691014791976
5.3,65.0,-3.443324082398349
5.4,65.0,-3.084022384240746
5.5,65.0,-2.77018002960359
5.6,65.0,-2.49573161328967
5.7,65.0,-2.254886737937306
5.8,65.0,-2.0427287347786365
5.9,65.0,-1.8559821617473664
6.0,65.0,-1.6904980696268508
6.2,65.0,-1.4127891384077125
6.4,65.0,-1.1922579585124178
6.6,65.0,-1.0151208623845365
6.8,65.0,-0.8717819809777169
7.0,65.0,-0.7549795592009124
7.2,65.0,-0.658722593743143
7.4,65.0,-0.5792363467779174
7.6,65.0,-0.5130478455468093
7.8,65.0,-0.457402685749542
8.0,65.0,-0.4106431790138079
8.2,65.0,-0.3708882005083667
8.4,65.0,-0.3369201136961849
8.6,65.0,-0.3077275737844843
8.8,65.0,-0.2826256031059228
9.0,65.0,-0.2608899318127869
9.5,65.0,-0.2178507377132373
10.0,65.0,-0.1864533538097066
10.5,65.0,-0.1628141825383244
11.0,65.0,-0.144750761292111
11.5,65.0,-0.1305086121898312
12.0,65.0,-0.1190996638352723
12.5,65.0,-0.1096490866551238
13.0,65.0,-0.1017464616927992
13.5,65.0,-0.095126668095759
14.0,65.0,-0.0893608509589982
14.5,65.0,-0.0843197372001201
15.0,65.0,-0.0798681340226187
16.0,65.0,-0.0724369434895434
17.0,65.0,-0.066210667410335
18.0,65.0,-0.0610819836761997
19.0,65.0,-0.0566121628748256
20.0,65.0,-0.0527469950215295
21.0,65.0,-0.0492632744576133
22.0,65.0,-0.0462727147341598
23.0,65.0,-0.0434935056465764
24.0,65.0,-0.0409719631877598
25.0,65.0,-0.0387996027693992
50.0,65.0,-0.012679927815937
100.0,65.0,0.0
2.5,70.0,906.08827406285
2.6,70.0,612.2185201136954
2.7,70.0,404.9292916645808
2.8,70.0,259.8482045177555
2.9,70.0,158.36658947746113
3.0,70.0,91.70534721955208
3.1,70.0,47.55682003876269
3.2,70.0,19.004786010776535
3.3,70.0,1.1589041808310758
3.4,70.0,-9.369105293273128
3.5,70.0,-15.238985436793923
3.6,70.0,-18.005527452758272
3.7,70.0,-18.20398321717819
3.8,70.0,-17.88648397630428
3.9,70.0,-16.901274431257374
4.0,70.0,-15.579604136715082
4.1,70.0,-14.112580402210275
4.2,70.0,-12.670405366316476
4.3,70.0,-11.2796923014767
4.4,70.0,-9.994215347964513
4.5,70.0,-8.817111891879234
4.6,70.0,-7.781404309836537
4.7,70.0,-6.868805313720025
4.8,70.0,-6.07040599266621
4.9,70.0,-5.373512371234104
5.0,70.0,-4.765143838805668
5.1,70.0,-4.234793710638273
5.2,70.0,-3.773140897839793
5.3,70.0,-3.371420022340887
5.4,70.0,-3.021255271915773
5.5,70.0,-2.7151847315299595
5.6,70.0,-2.4473203378957367
5.7,70.0,-2.211829765981897
5.8,70.0,-2.004705191558099
5.9,70.0,-1.8214421207661993
6.0,70.0,-1.6594999108685593
6.2,70.0,-1.3874951263398818
6.4,70.0,-1.1710365163783991
6.6,70.0,-0.997068195181657
6.8,70.0,-0.856066939636405
7.0,70.0,-0.7412654654393334
7.2,70.0,-0.646848798122769
7.4,70.0,-0.5687017819908112
7.6,70.0,-0.5035489812150088
7.8,70.0,-0.4490613313749053
8.0,70.0,-0.4031880632294524
8.2,70.0,-0.3641814950286284
8.4,70.0,-0.330927575875541
8.6,70.0,-0.3024123348450199
8.8,70.0,-0.2778026454708944
9.0,70.0,-0.2564920988519552
9.5,70.0,-0.214362407382486
10.0,70.0,-0.1835591407082451
10.5,70.0,-0.1604938947646029
11.0,70.0,-0.1427954591370279
11.5,70.0,-0.1289310270933195
12.0,70.0,-0.1176166725265432
12.5,70.0,-0.108458874799945
13.0,70.0,-0.1007083471918031
13.5,70.0,-0.0941368376274927
14.0,70.0,-0.0885272847248143
14.5,70.0,-0.083492318361357
15.0,70.0,-0.0791917115585438
16.0,70.0,-0.0718292152842939
17.0,70.0,-0.0658158305884632
18.0,70.0,-0.0606417166353018
19.0,70.0,-0.0562853653381421
20.0,70.0,-0.0523692779629581
21.0,70.0,-0.0490227307110689
22.0,70.0,-0.0460319495441477
23.0,70.0,-0.0432571318988537
24.0,70.0,-0.040814597974183
25.0,70.0,-0.0386738415932651
50.0,70.0,-0.0126184725752608
100.0,70.0,0.0
2.5,75.0,838.2421710157595
2.6,75.0,562.2837554491476
2.7,75.0,366.8037134789392
2.8,75.0,232.8456752040806
2.9,75.0,143.174378474564
3.0,75.0,81.679689057465
3.1,75.0,41.34874112017925
3.2,75.0,15.137650491918285
3.3,75.0,-1.3138418531416565
3.4,75.0,-10.784248516094229
3.5,75.0,-15.241176672928718
3.6,75.0,-17.605500482554874
3.7,75.0,-18.201746332499827
3.8,75.0,-17.738890579525155
3.9,75.0,-16.68255874471598
4.0,75.0,-15.333401009368838
4.1,75.0,-13.879617959918686
4.2,75.0,-12.434505254982076
4.3,75.0,-11.063181677251675
4.4,75.0,-9.786041028579278
4.5,75.0,-8.646920950235986
4.6,75.0,-7.634180948210898
4.7,75.0,-6.7425580192715575
4.8,75.0,-5.960944555958065
4.9,75.0,-5.277138427484779
5.0,75.0,-4.680602430456513
5.1,75.0,-4.161319750508306
5.2,75.0,-3.709566121928515
5.3,75.0,-3.316287775517619
5.4,75.0,-2.9732377354831394
5.5,75.0,-2.672967033436142
5.6,75.0,-2.4101101690078335
5.7,75.0,-2.178984946481356
5.8,75.0,-1.9752040717335877
5.9,75.0,-1.7950263727774696
6.0,75.0,-1.6356950343859569
6.2,75.0,-1.3678708031113658
6.4,75.0,-1.1544084605007443
6.6,75.0,-0.9828721375098844
6.8,75.0,-0.843812351700288
7.0,75.0,-0.7305153800175355
7.2,75.0,-0.6373293052403274
7.4,75.0,-0.560320705024556
7.6,75.0,-0.4961566368564475
7.8,75.0,-0.4425409627759505
8.0,75.0,-0.3973373084876705
8.2,75.0,-0.3589738027603474
8.4,75.0,-0.3262343310909229
8.6,75.0,-0.2981907428141967
8.8,75.0,-0.2739835690481055
9.0,75.0,-0.2530740004086148
9.5,75.0,-0.2115625697442614
10.0,75.0,-0.1814096076805924
10.5,75.0,-0.1587073699589895
11.0,75.0,-0.1412854766766132
11.5,75.0,-0.1275810390977956
12.0,75.0,-0.1165146918581025
12.5,75.0,-0.1074380983867949
13.0,75.0,-0.0998888285826701
13.5,75.0,-0.0934200344792402
14.0,75.0,-0.0879022215506407
14.5,75.0,-0.0830099115642281
15.0,75.0,-0.0786474159905695
16.0,75.0,-0.0713841232709373
17.0,75.0,-0.0653193792852053
18.0,75.0,-0.0603263312345113
19.0,75.0,-0.0559906116069147
20.0,75.0,-0.0522176234957109
21.0,75.0,-0.0488504414553364
22.0,75.0,-0.0457422422288468
23.0,75.0,-0.0430675045552752
24.0,75.0,-0.0406660156451852
25.0,75.0,-0.0384484433323442
50.0,75.0,-0.0126415182905144
100.0,75.0,0.0
2.5,80.0,787.0823483484442
2.6,80.0,525.0027220067271
2.7,80.0,343.53205095618546
2.8,80.0,217.18755116226637
2.9,80.0,131.47733562738227
3.0,80.0,73.58033952896731
3.1,80.0,35.95949636951598
3.2,80.0,11.596800663440854
3.3,80.0,-3.181373866786417
3.4,80.0,-11.139261241028375
3.5,80.0,-15.784073504155376
3.6,80.0,-17.81349922222158
3.7,80.0,-18.215387558884835
3.8,80.0,-17.646542019537485
3.9,80.0,-16.53804501838307
4.0,80.0,-15.167995270808833
4.1,80.0,-13.711116092360642
4.2,80.0,-12.258555516895669
4.3,80.0,-10.900270926647892
4.4,80.0,-9.65321300503283
4.5,80.0,-8.53065887235288
4.6,80.0,-7.533411585546433
4.7,80.0,-6.654054216911088
4.8,80.0,-5.882330718282615
4.9,80.0,-5.208024327439312
5.0,80.0,-4.620594116993028
5.1,80.0,-4.109465578121569
5.2,80.0,-3.664895351072317
5.3,80.0,-3.277523288691925
5.4,80.0,-2.9391300613132403
5.5,80.0,-2.643472715980689
5.6,80.0,-2.3841322740143114
5.7,80.0,-2.156157390470554
5.8,80.0,-1.9543855849756169
5.9,80.0,-1.7770731274537537
6.0,80.0,-1.619270868682555
6.2,80.0,-1.3539769596324374
6.4,80.0,-1.1428101031271525
6.6,80.0,-0.9729308135349636
6.8,80.0,-0.8350847250638128
7.0,80.0,-0.7228381564350539
7.2,80.0,-0.6306671504435885
7.4,80.0,-0.5543744769589648
7.6,80.0,-0.4909052672033496
7.8,80.0,-0.4378975365337259
8.0,80.0,-0.3931769471351338
8.2,80.0,-0.355249317006419
8.4,80.0,-0.3230093718974238
8.6,80.0,-0.2952460499588606
8.8,80.0,-0.2714453434750798
9.0,80.0,-0.2506251007639776
9.5,80.0,-0.2097600230359199
10.0,80.0,-0.1798636266215234
10.5,80.0,-0.1574787516973101
11.0,80.0,-0.1403127628527252
11.5,80.0,-0.1266706600506106
12.0,80.0,-0.1157605739260778
12.5,80.0,-0.1068297152079084
13.0,80.0,-0.0993133656263444
13.5,80.0,-0.0929167776880025
14.0,80.0,-0.0874178404758348
14.5,80.0,-0.0825968602374055
15.0,80.0,-0.078389534156179
16.0,80.0,-0.0711075840446606
17.0,80.0,-0.0651490674260719
18.0,80.0,-0.0601002717621092
19.0,80.0,-0.0557836461754901
20.0,80.0,-0.0520477482856688
21.0,80.0,-0.0487176595855989
22.0,80.0,-0.0456961539172617
23.0,80.0,-0.0430782585986091
24.0,80.0,-0.04067479229192
25.0,80.0,-0.0383979635784696
50.0,80.0,-0.0125978440246197
100.0,80.0,0.0
2.5,85.0,760.3064757495605
2.6,85.0,505.7639889879312
2.7,85.0,328.74999545764564
2.8,85.0,207.13448786149033
2.9,85.0,124.0551614645119
3.0,85.0,68.72510091317218
3.1,85.0,32.570893017123744
3.2,85.0,9.707071640024484
3.3,85.0,-4.319191583074357
3.4,85.0,-11.809394542198133
3.5,85.0,-16.13653835045266
3.6,85.0,-17.94703790463978
3.7,85.0,-18.23003858931512
3.8,85.0,-17.59616995892345
3.9,85.0,-16.455698794724064
4.0,85.0,-15.072793982502295
4.1,85.0,-13.599878451360048
4.2,85.0,-12.166599816333273
4.3,85.0,-10.816557376905514
4.4,85.0,-9.579315460976174
4.5,85.0,-8.465490052793271
4.6,85.0,-7.474598970122067
4.7,85.0,-6.600734834190404
4.8,85.0,-5.8349419783738865
4.9,85.0,-5.16671832769672
5.0,85.0,-4.58498699296258
5.1,85.0,-4.078945874486131
5.2,85.0,-3.6382616684032048
5.3,85.0,-3.254472090373334
5.4,85.0,-2.919486644043747
5.5,85.0,-2.6259970493627205
5.6,85.0,-2.3689213658813415
5.7,85.0,-2.1423131534473177
5.8,85.0,-1.9425232014911356
5.9,85.0,-1.7659235985621708
6.0,85.0,-1.6091761374061777
6.2,85.0,-1.3456904764539648
6.4,85.0,-1.1359565712715476
6.6,85.0,-0.9666716203521164
6.8,85.0,-0.8299121487392372
7.0,85.0,-0.7182796709167724
7.2,85.0,-0.6267089295500177
7.4,85.0,-0.5508034078632592
7.6,85.0,-0.4877983872809001
7.8,85.0,-0.4350480986776535
8.0,85.0,-0.3906586951391122
8.2,85.0,-0.3530495225494374
8.4,85.0,-0.3210086426422367
8.6,85.0,-0.2933963201972838
8.8,85.0,-0.2697885315198766
9.0,85.0,-0.2492268318546459
9.5,85.0,-0.2085684981145452
10.0,85.0,-0.1789040871245039
10.5,85.0,-0.1566807442937671
11.0,85.0,-0.1396122030506686
11.5,85.0,-0.1262042782751318
12.0,85.0,-0.1153383093034291
12.5,85.0,-0.1065281559887012
13.0,85.0,-0.0988959259761544
13.5,85.0,-0.0926672358512556
14.0,85.0,-0.0871562284106359
14.5,85.0,-0.0823716834199523
15.0,85.0,-0.0781599627775142
16.0,85.0,-0.0708856976900024
17.0,85.0,-0.0649680015236046
18.0,85.0,-0.0600787667943635
19.0,85.0,-0.0557744297607419
20.0,85.0,-0.0519123340456953
21.0,85.0,-0.0486579634169761
22.0,85.0,-0.045679913689988
23.0,85.0,-0.0429553543551008
24.0,85.0,-0.0405962235257875
25.0,85.0,-0.0384712707230521
50.0,85.0,-0.0125732637997025
100.0,85.0,0.0
2.5,90.0,750.204876952962
2.6,90.0,498.85330681504126
2.7,90.0,324.14122509628714
2.8,90.0,203.70322851824105
2.9,90.0,121.69134595497398
3.0,90.0,67.04718795613002
3.1,90.0,31.57658493386977
3.2,90.0,9.073172943223964
3.3,90.0,-4.04416353692421
3.4,90.0,-12.054442355308357
3.5,90.0,-16.250593388622793
3.6,90.0,-18.007094723579463
3.7,90.0,-18.249589390193428
3.8,90.0,-17.57960643042472
3.9,90.0,-16.428747312608472
4.0,90.0,-15.041720982089757
4.1,90.0,-13.581833466062252
4.2,90.0,-12.148307706363342
4.3,90.0,-10.797963267948363
4.4,90.0,-9.55989261387622
4.5,90.0,-8.445482747765713
4.6,90.0,-7.455147154473829
4.7,90.0,-6.58287376860878
4.8,90.0,-5.819174483001023
4.9,90.0,-5.153057127734706
5.0,90.0,-4.5732044975482715
5.1,90.0,-4.068742062028907
5.2,90.0,-3.629634561506465
5.3,90.0,-3.2469656184179994
5.4,90.0,-2.912797716419868
5.5,90.0,-2.620366428141387
5.6,90.0,-2.3637518616950155
5.7,90.0,-2.137952850475882
5.8,90.0,-1.9386793233999615
5.9,90.0,-1.7624264915846846
6.0,90.0,-1.60597422080901
6.2,90.0,-1.3431959282657555
6.4,90.0,-1.1335366432941172
6.6,90.0,-0.9646575015644372
6.8,90.0,-0.8281115794274949
7.0,90.0,-0.7167176679549754
7.2,90.0,-0.6252388880057671
7.4,90.0,-0.5496020053156552
7.6,90.0,-0.4867231825585215
7.8,90.0,-0.4341271839116801
8.0,90.0,-0.3897950656149933
8.2,90.0,-0.352262487513774
8.4,90.0,-0.3202475040166085
8.6,90.0,-0.2928616808120711
8.8,90.0,-0.2692273345131475
9.0,90.0,-0.2486928505619921
9.5,90.0,-0.2082522331777279
10.0,90.0,-0.1786455471975544
10.5,90.0,-0.156478170304632
11.0,90.0,-0.1394623014176306
11.5,90.0,-0.126020137115493
12.0,90.0,-0.1151723857676631
12.5,90.0,-0.1063253636750204
13.0,90.0,-0.0988948312345041
13.5,90.0,-0.0925550856510813
14.0,90.0,-0.0871165058190173
14.5,90.0,-0.0823460053344627
15.0,90.0,-0.0780949987494973
16.0,90.0,-0.0709348581398369
17.0,90.0,-0.0650338450876482
18.0,90.0,-0.0600502348951701
19.0,90.0,-0.0557296576342749
20.0,90.0,-0.0519790540268435
21.0,90.0,-0.0486434791428338
22.0,90.0,-0.0456904494087763
23.0,90.0,-0.043016151503218
24.0,90.0,-0.0406188294730277
25.0,90.0,-0.0384036712058771
50.0,90.0,-0.0126193521112875
100.0,90.0,0.0
