2D 
0
100000015.4198443,-99999999.57905851,48933103.8253583,-8350808.580379397,502835.561594829,-11266.86263427138,-678.5675881654024,-1.392114549875259
5
100474794.5991117,-89351781.99864489,43666864.34018514,-7428023.910439834,433693.221870929,-9280.628995016217,-681.5634326040745,-1.416456148028374
10
100000015.5044348,-99999976.47182162,49203248.13092697,-8559722.956574991,545335.3115172535,-14445.55896268785,-580.8880112320185,-1.447937786579132
15
135275252.2358785,-99999883.33186783,42550582.55206126,-6798385.515620649,357177.227279678,-4902.724088788033,-766.025969132781,-1.338225543498993
20
112023949.685836,-99999999.90109329,46064119.68237424,-7711049.170832992,446369.0862951428,-7939.940613493323,-737.9181786477566,-1.287744507193565
25
100000015.4195112,-99999999.88353944,47196062.47145537,-7890332.85870187,437374.8391369879,-4579.310526818037,-877.2006472051144,-1.10721980035305
30
100430036.0624501,-99999999.92176722,48366451.62829748,-8782885.559939727,627141.5103583634,-19838.12515640259,-421.6471204161644,-1.390268981456757
35
100000001.0957361,-99999999.99698341,46020813.21467662,-7807813.153646082,464332.2929302305,-7001.055048272014,-789.4465090930462,-1.060373961925507
40
100000015.4198443,-99999999.97967802,45676927.07626113,-7942372.320643276,517611.6270643473,-11676.39633873105,-640.6795207858086,-1.10840380191803
45
100004372.0936953,-99999992.25258785,45635275.86452448,-8151672.330532372,567956.3937336802,-14702.83746314049,-584.7009996175766,-1.03335565328598
50
100000015.4198443,-99999999.92040814,44715187.29042017,-7903680.989557371,537284.6326202154,-11911.10382379591,-679.3946008384228,-0.8720382899045944
55
146581310.0743196,-99999999.83535694,35910670.94971514,-6039266.506669596,454947.7150724679,-17997.30131685734,-236.4298920631409,-1.361038014292717
60
128997431.9198821,-99999933.34798606,38775069.44008645,-6958948.5946161,580559.1056512743,-25580.51392930746,-50.57929016649723,-1.420681610703468
65
100000015.4198443,-99999999.98900643,45790155.36245403,-9387621.239513859,922758.0966434777,-47113.36361892521,474.8933301717043,-1.677991613745689
70
100000015.4198443,-96089516.1009167,42989989.9275232,-8826754.924024105,886933.3176840097,-47241.52570979297,545.2406940162182,-1.749828323721886
75
100000013.7008913,-88162450.35675997,37151541.02909026,-7325668.436203673,711323.6801970899,-37602.87465065718,348.6156096756458,-1.641740933060646
80
100000015.4198443,-74120118.94464554,26903250.264411,-4574730.217691377,365211.1930636466,-16889.04259498417,-131.8812239915133,-1.361539423465729
85
100000012.2625747,-82819979.82800786,32702303.34695889,-6111107.546536148,561896.7624328285,-28906.35137611628,159.956776291132,-1.523392915725708
90
100000015.4198443,-77152093.97429185,28337170.98999347,-4853394.548560873,391381.623857528,-17962.8317270577,-112.8937282711267,-1.354151919484138
2D 
0
100000015.4198443,-99999999.57905851,48933103.8253583,-8350808.580379397,502835.561594829,-11266.86263427138,-678.5675881654024,-1.392114549875259
5
100474794.5991117,-89351781.99864489,43666864.34018514,-7428023.910439834,433693.221870929,-9280.628995016217,-681.5634326040745,-1.416456148028374
10
100000015.5044348,-99999976.47182162,49203248.13092697,-8559722.956574991,545335.3115172535,-14445.55896268785,-580.8880112320185,-1.447937786579132
15
135275252.2358785,-99999883.33186783,42550582.55206126,-6798385.515620649,357177.227279678,-4902.724088788033,-766.025969132781,-1.338225543498993
20
112023949.685836,-99999999.90109329,46064119.68237424,-7711049.170832992,446369.0862951428,-7939.940613493323,-737.9181786477566,-1.287744507193565
25
100000015.4195112,-99999999.88353944,47196062.47145537,-7890332.85870187,437374.8391369879,-4579.310526818037,-877.2006472051144,-1.10721980035305
30
100430036.0624501,-99999999.92176722,48366451.62829748,-8782885.559939727,627141.5103583634,-19838.12515640259,-421.6471204161644,-1.390268981456757
35
100000001.0957361,-99999999.99698341,46020813.21467662,-7807813.153646082,464332.2929302305,-7001.055048272014,-789.4465090930462,-1.060373961925507
40
100000015.4198443,-99999999.97967802,45676927.07626113,-7942372.320643276,517611.6270643473,-11676.39633873105,-640.6795207858086,-1.10840380191803
45
100004372.0936953,-99999992.25258785,45635275.86452448,-8151672.330532372,567956.3937336802,-14702.83746314049,-584.7009996175766,-1.03335565328598
50
100000015.4198443,-99999999.92040814,44715187.29042017,-7903680.989557371,537284.6326202154,-11911.10382379591,-679.3946008384228,-0.8720382899045944
55
146581310.0743196,-99999999.83535694,35910670.94971514,-6039266.506669596,454947.7150724679,-17997.30131685734,-236.4298920631409,-1.361038014292717
60
128997431.9198821,-99999933.34798606,38775069.44008645,-6958948.5946161,580559.1056512743,-25580.51392930746,-50.57929016649723,-1.420681610703468
65
100000015.4198443,-99999999.98900643,45790155.36245403,-9387621.239513859,922758.0966434777,-47113.36361892521,474.8933301717043,-1.677991613745689
70
100000015.4198443,-96089516.1009167,42989989.9275232,-8826754.924024105,886933.3176840097,-47241.52570979297,545.2406940162182,-1.749828323721886
75
100000013.7008913,-88162450.35675997,37151541.02909026,-7325668.436203673,711323.6801970899,-37602.87465065718,348.6156096756458,-1.641740933060646
80
100000015.4198443,-74120118.94464554,26903250.264411,-4574730.217691377,365211.1930636466,-16889.04259498417,-131.8812239915133,-1.361539423465729
85
100000012.2625747,-82819979.82800786,32702303.34695889,-6111107.546536148,561896.7624328285,-28906.35137611628,159.956776291132,-1.523392915725708
90
100000015.4198443,-77152093.97429185,28337170.98999347,-4853394.548560873,391381.623857528,-17962.8317270577,-112.8937282711267,-1.354151919484138
