1.000000000000000000e+00,-1.890062357756470919e+09,1.795926649335620403e+09,-8.731980088796817780e+09,3.277183558017680645e+09,-1.306696888498954010e+10,3.197432586888545990e+09,-1.415518133611675262e+10,1.958567907142930508e+09,-1.260901318657955933e+10,6.536645619202169180e+08,-9.858081509952655792e+09,4.342198396197372079e+08,-7.345726208305148125e+09,2.118413616561651230e+09,-6.145955856412896156e+09,6.239929843404394150e+09,-8.394677284184748650e+09,1.758698383778149414e+10,-5.612183280844696999e+09
1.100000000000000089e+00,-1.235912450319215059e+09,1.171373871247037888e+09,-5.709608925621266365e+09,2.138142866613205671e+09,-8.543726556598444939e+09,2.086902323498004436e+09,-9.255399080910007477e+09,1.278566830064229012e+09,-8.247003274193086624e+09,4.260535877053936124e+08,-6.453334276755525589e+09,2.830983836324943304e+08,-4.817546228678132057e+09,1.384685161113746643e+09,-4.042323606169909477e+09,4.080398555723957539e+09,-5.534972155866642952e+09,1.150029987431487656e+10,-3.702595029291162014e+09
1.199999999999999956e+00,-8.068828863525568247e+08,7.627273638145356178e+08,-3.727471286536057472e+09,1.392652329464508057e+09,-5.577504016900754929e+09,1.359785518099059582e+09,-6.042329660950270653e+09,8.331853933160725832e+08,-5.385896750595916748e+09,2.770871162476978302e+08,-4.218473432498621941e+09,1.841520026581113935e+08,-3.155399355599922180e+09,9.037085384158060551e+08,-2.655768872243762016e+09,2.664411454537345886e+09,-3.645945605327553749e+09,7.509458355686601639e+09,-2.440494578305027485e+09
1.300000000000000044e+00,-5.258832562102031112e+08,4.957415537042869925e+08,-2.429305956724563599e+09,9.054482901386482716e+08,-3.634960197569320202e+09,8.844007748969049454e+08,-3.938151300614801407e+09,5.419107992447453737e+08,-3.511708348037013531e+09,1.797658774073462188e+08,-2.753350192643188477e+09,1.194855498993132710e+08,-2.063864800096792698e+09,5.888365866331160069e+08,-1.742749193129183531e+09,1.737140032472245693e+09,-2.399170321502837181e+09,4.896096272673392296e+09,-1.607017108700594187e+09
1.399999999999999911e+00,-3.421077146770871878e+08,3.215832402469471097e+08,-1.580337080203362703e+09,5.875419340308728218e+08,-2.364656770784187317e+09,5.740833820766669512e+08,-2.562140713144406796e+09,3.517293114850713611e+08,-2.285727123839667320e+09,1.163098839161611050e+08,-1.794130087086725235e+09,7.730804768826311827e+07,-1.347920753685834885e+09,3.829989389531577826e+08,-1.142168375759920597e+09,1.130729898319625854e+09,-1.577025971057548046e+09,3.187060590449020386e+09,-1.057075238427873969e+09
1.500000000000000000e+00,-2.221071589269385636e+08,2.081695697866564691e+08,-1.026005149686405420e+09,3.804532325185685754e+08,-1.535253727139324188e+09,3.718584980136055350e+08,-1.663696028342256308e+09,2.277725331640975177e+08,-1.484968795242527246e+09,7.502465850670951605e+07,-1.167022808382540226e+09,4.986005103377299756e+07,-8.789365926328802109e+08,2.486444515650936961e+08,-7.475466095009516478e+08,7.347260467684608698e+08,-1.035408835743387580e+09,2.071016092932019472e+09,-6.945500531205983162e+08
1.600000000000000089e+00,-1.438836753244073987e+08,1.344477009128248096e+08,-6.646702274026538134e+08,2.457969304978092015e+08,-9.946335473959996700e+08,2.403139028030992746e+08,-1.078043346311149597e+09,1.471338976605829597e+08,-9.627919565581084490e+08,4.822856698274470866e+07,-7.576678349701673985e+08,3.204204144968744740e+07,-5.721505288311995268e+08,1.610921462061566114e+08,-4.885604843504202366e+08,4.765214205154452324e+08,-6.789627712465423346e+08,1.343319756235403776e+09,-4.558064958027375340e+08
1.699999999999999956e+00,-9.298717104089823365e+07,8.662039265003943443e+07,-4.295708901537512541e+08,1.584095928668088019e+08,-6.428880207796601057e+08,1.549139838501176536e+08,-6.969672644506329298e+08,9.478429133479711413e+07,-6.228703438154691458e+08,3.088314966198407486e+07,-4.908936016975135207e+08,2.050751948826767504e+07,-3.717638827163113952e+08,1.041389899825981408e+08,-3.188054120549353957e+08,3.084417882080208659e+08,-4.446354776508768201e+08,8.696088351711009741e+08,-2.987453535557514429e+08
1.800000000000000044e+00,-5.993750972057217360e+07,5.565784277863253653e+07,-2.769103456798869967e+08,1.018177621687465012e+08,-4.144811174966901541e+08,9.958956634623296559e+07,-4.494853865463597178e+08,6.087659866529871523e+07,-4.020058300711291432e+08,1.968885633000640571e+07,-3.173457192823936343e+08,1.306391317748789489e+07,-2.410833161611658335e+08,6.716092764574320614e+07,-2.076880974958482087e+08,1.992214303831160367e+08,-2.907676997928512692e+08,5.617697183706263304e+08,-1.955360819587079287e+08
1.899999999999999911e+00,-3.852353635734976083e+07,3.565904968871910870e+07,-1.779957260547255278e+08,6.525267153556482494e+07,-2.664813278761207759e+08,6.383168796860628575e+07,-2.890997166124477386e+08,3.896854206098552793e+07,-2.587891372403161228e+08,1.248864638346017711e+07,-2.046605186649849415e+08,8.277223900300309993e+06,-1.560064968493148386e+08,4.320120504679094255e+07,-1.350587740626489520e+08,1.283818079582534581e+08,-1.898578095420020521e+08,3.620917578476765752e+08,-1.277955977442883104e+08
2.000000000000000000e+00,-2.468176386382451653e+07,2.277377408560340106e+07,-1.140565279888048917e+08,4.168575840146970749e+07,-1.708055251680314839e+08,4.077839620346892625e+07,-1.853945980427169204e+08,2.485215908468313888e+07,-1.661255751521538496e+08,7.875068435669159517e+06,-1.316440720057756603e+08,5.211408274361755699e+06,-1.007207293429334909e+08,2.771094550087876245e+07,-8.765986205813421309e+07,8.252804933709526062e+07,-1.237666133751567751e+08,2.328280166240627170e+08,-8.339165941954116523e+07
2.100000000000000089e+00,-1.575792709119195119e+07,1.449410219998740777e+07,-7.283251297126105428e+07,2.653734772475998849e+07,-1.091120016564599574e+08,2.595663543925281987e+07,-1.185048411204387099e+08,1.578368016954050772e+07,-1.063132792597914636e+08,4.931703156527733430e+06,-8.443694998353040218e+07,3.256782463512161281e+06,-6.486526201605663449e+07,1.772027627695001289e+07,-5.677814145959719270e+07,5.291137689065689594e+07,-8.054144815301622450e+07,1.493248333829790950e+08,-5.432472524268528074e+07
2.200000000000000178e+00,-1.002120016375683621e+07,9.189448646072752774e+06,-4.632923435861150920e+07,1.682883112739201263e+07,-6.944145749819867313e+07,1.645588239684843458e+07,-7.547748072759604454e+07,9.977435181294586509e+06,-6.780568126303552091e+07,3.063241667869919445e+06,-5.398987350394386053e+07,2.017186930387960980e+06,-4.166094217793139070e+07,1.129340701897895522e+07,-3.669381628571981937e+07,3.382644060910913348e+07,-5.231419423924663663e+07,9.550491103102345765e+07,-3.532536185964606702e+07
2.299999999999999822e+00,-6.344996437636099756e+06,5.801735183447337709e+06,-2.934333394879280031e+07,1.062672864086243697e+07,-4.401022548889513314e+07,1.038604461610601842e+07,-4.788170184225159138e+07,6.273688239579902962e+06,-4.308427255931761861e+07,1.883971286373872776e+06,-3.440399119651084393e+07,1.235895110676027369e+06,-2.667867488808117434e+07,7.170799625701388344e+06,-2.365686100817028433e+07,2.155877417473005876e+07,-3.391108326304253936e+07,6.090103806449884921e+07,-2.292613138893976063e+07
2.399999999999999911e+00,-3.997487642739751376e+06,3.645843302156628110e+06,-1.849480843995349854e+07,6.678639170103195123e+06,-2.776227861511436105e+07,6.522314897423502989e+06,-3.024065957064441964e+07,3.920923338467681315e+06,-2.726258207088809088e+07,1.144704453746078769e+06,-2.184089797607037053e+07,7.470381703251732979e+05,-1.702936069453328103e+07,4.534485084480195306e+06,-1.521199570136783272e+07,1.369436937610347383e+07,-2.193398156667058915e+07,3.871044327630711347e+07,-1.484790813614927605e+07
2.500000000000000000e+00,-2.504311825192988385e+06,2.279174646000133362e+06,-1.159280804233761132e+07,4.175193656939224806e+06,-1.742038326131557673e+07,4.072841421159118880e+06,-1.900392208972309902e+07,2.433354976749546826e+06,-1.717120879518775269e+07,6.849784994691080647e+05,-1.380770274008102715e+07,4.438127968415622599e+05,-1.083166617817387171e+07,2.854350323257920798e+06,-9.753985148620244116e+06,8.667363944189205766e+06,-1.415375439494915120e+07,2.452022913409651443e+07,-9.594425768189463764e+06
2.600000000000000089e+00,-1.558722706097074086e+06,1.416520102072109468e+06,-7.220611437009853311e+06,2.594643042637191713e+06,-1.086522502015934139e+07,2.526977881308339071e+06,-1.187511548522322252e+07,1.497820004134144634e+06,-1.075897660424253717e+07,4.018443425193310832e+05,-8.688717177940646186e+06,2.577125427575359354e+05,-6.862757715191960335e+06,1.787602006020932226e+06,-6.234974643393345177e+06,5.464126730866036378e+06,-9.110053406893108040e+06,1.547355317206017487e+07,-6.184628083119317889e+06
2.700000000000000178e+00,-9.628783491896843771e+05,8.745937497377311811e+05,-4.464451861314943060e+06,1.601566378210006515e+06,-6.729768991516666487e+06,1.556331904298162088e+06,-7.372658156685260125e+06,9.130418619631053880e+05,-6.701576515760278329e+06,2.295284868465130276e+05,-5.439128283998167142e+06,1.449886870883864176e+05,-4.329396808895329945e+06,1.113111090850481996e+06,-3.972094864205808844e+06,3.429944584659606218e+06,-5.847535567950285971e+06,9.724936306622408330e+06,-3.976147943837575614e+06
2.799999999999999822e+00,-5.895417120571007254e+05,5.359607723374189809e+05,-2.736631110227445140e+06,9.809724900793001289e+05,-4.134682153676595539e+06,9.503586295116875554e+05,-4.543251133298036642e+06,5.500859629201336065e+05,-4.146217817529255990e+06,1.262101746553770645e+05,-3.384932401167860720e+06,7.784444329860075959e+04,-2.718125940594921820e+06,6.886067328378008679e+05,-2.521131349428583402e+06,2.142933214403411839e+06,-3.742179286903663073e+06,6.084994440793853253e+06,-2.549000453947000671e+06
2.899999999999999911e+00,-3.571420789364808006e+05,3.256245605649499339e+05,-1.660346654580100672e+06,5.955122160311047919e+05,-2.516074261861238163e+06,5.745216678006025031e+05,-2.775335685310118832e+06,3.266650127333094715e+05,-2.545309862647689879e+06,6.544602411380524427e+04,-2.092484763001072221e+06,3.872248083896815660e+04,-1.697363051209712634e+06,4.228168713954892009e+05,-1.593677587585146772e+06,1.331932633766327752e+06,-2.387047113853328396e+06,3.789103205146205146e+06,-1.629029823225871427e+06
3.000000000000000000e+00,-2.135685282397762348e+05,1.958629353607587982e+05,-9.948487789186815498e+05,3.577555158733043936e+05,-1.513564018368357327e+06,3.431720282009725925e+05,-1.677872320587333292e+06,1.904807763024055457e+05,-1.548335950905779842e+06,3.062423379481890879e+04,-1.283591735063676955e+06,1.660984270172301331e+04,-1.053520877569074277e+06,2.573711463041024108e+05,-1.002877632983352058e+06,8.231396243184413761e+05,-1.517234741863870760e+06,2.347030090128932614e+06,-1.037578033442594809e+06
3.100000000000000089e+00,-1.256606993279877206e+05,1.164299042334496044e+05,-5.869097504888944095e+05,2.122709343992580543e+05,-8.976991579639652045e+05,2.020084249200003105e+05,-1.001732400433037663e+06,1.084507300443150016e+05,-9.317015373267994728e+05,1.138930159033101700e+04,-7.803517771527114091e+05,4.655582855700678010e+03,-6.493980281698824838e+05,1.550695552234410716e+05,-6.279437016551817069e+05,5.054859541921318742e+05,-9.606251608860493870e+05,1.445381589543746551e+06,-6.584328626968181925e+05
3.200000000000000178e+00,-7.241007675801632286e+04,6.824044597161197453e+04,-3.394284028008147143e+05,1.240706755558648001e+05,-5.230033897205287358e+05,1.167628168400374998e+05,-5.888388438078975305e+05,5.975940427882382937e+04,-5.533203482709032251e+05,1.345266092627015496e+03,-4.693964895530143986e+05,-1.359569257266783097e+03,-3.971269592225154047e+05,9.229469300224813924e+04,-3.909879933925593505e+05,3.082243288257202366e+05,-6.056179372059573652e+05,8.844442174036898650e+05,-4.161507085219552973e+05
3.299999999999999822e+00,-4.057308465348811296e+04,3.931144382825984212e+04,-1.911720548526952043e+05,7.118066363771984470e+04,-2.976787387678464875e+05,6.592199524694986758e+04,-3.393420996807396878e+05,3.138994132150341102e+04,-3.232855091421154211e+05,-3.413791087142195465e+03,-2.787606456960938522e+05,-4.002098091788257079e+03,-2.406212596649918705e+05,5.411597558178147301e+04,-2.419203683542059152e+05,1.864500189174653497e+05,-3.800122524073134991e+05,5.373833135404626373e+05,-2.618590266710151918e+05
3.399999999999999911e+00,-2.184847252125987870e+04,2.216064076465997277e+04,-1.037417732382802933e+05,3.987744314590396243e+04,-1.641096033290476480e+05,3.605981287888978841e+04,-1.904934854822946072e+05,1.526009482344747448e+04,-1.849781898657912097e+05,-5.239617462140186944e+03,-1.629576416367210913e+05,-4.808824091825260439e+03,-1.442112161591717158e+05,3.113916540293248909e+04,-1.486215539800912084e+05,1.117711090911434585e+05,-2.372096820806336182e+05,3.239477024395149201e+05,-1.639712407845268026e+05
3.500000000000000000e+00,-1.106691144720818556e+04,1.214543805482121570e+04,-5.321153310140779649e+04,2.164485290772496592e+04,-8.635596410636052315e+04,1.885377015574305551e+04,-1.030879794998865400e+05,6.393352338726012022e+03,-1.029341905239522748e+05,-5.522642382163054208e+03,-9.337517962498613633e+04,-4.681330066249151969e+03,-8.530324494941420562e+04,1.748489469553875824e+04,-9.056149283351520717e+04,6.631217166753052152e+04,-1.472142781844069250e+05,1.935664243141119950e+05,-1.021239703730447218e+05
3.600000000000000089e+00,-5.033875895900436262e+03,6.405836205374428573e+03,-2.478390306230195347e+04,1.123667083204805749e+04,-4.215741347769951244e+04,9.185305033354994521e+03,-5.279309839316645957e+04,1.755899173453309231e+03,-5.507555583704724995e+04,-5.065203770141059977e+03,-5.211271738469905540e+04,-4.133981653553183605e+03,-4.965056720111639879e+04,9.495731088683853159e+03,-5.466374825094255357e+04,3.887127559288299381e+04,-9.077231753093925363e+04,1.145130251332474581e+05,-6.322504274738529057e+04
3.700000000000000178e+00,-1.792962389020762657e+03,3.194543352430827781e+03,-9.387102736472395918e+03,5.448339691092122848e+03,-1.784038802499202939e+04,3.935193756327694700e+03,-2.462316274916646580e+04,-4.795270640759301273e+02,-2.775421240612568727e+04,-4.314789074951312614e+03,-2.804000310533934316e+04,-3.448665268184954130e+03,-2.831474647258624100e+04,4.912119977140268020e+03,-3.263158387561645577e+04,2.246462689891019909e+04,-5.556372167907276162e+04,6.698027682924045075e+04,-3.888214761721054674e+04
3.799999999999999822e+00,-1.589403440818026638e+02,1.454370488237496374e+03,-1.517598295728363837e+03,2.341792649094639273e+03,-5.088201327835499796e+03,1.223300661097698367e+03,-9.432329380882347323e+03,-1.397096028105191408e+03,-1.260194608710481225e+04,-3.508516348281970295e+03,-1.428511170584594220e+04,-2.770416958906263972e+03,-1.571953228782822225e+04,2.349208162127707510e+03,-1.922340566731149011e+04,1.276305506790051732e+04,-3.373197871508408571e+04,3.866856763314821001e+04,-2.373312899596559510e+04
3.899999999999999911e+00,5.767537790660443306e+02,5.529858315202789072e+02,2.120955968829582616e+03,7.587365917295285271e+02,1.097740311260585713e+03,-6.869074942058720978e+01,-1.699024093726217188e+03,-1.627879501263159909e+03,-4.537033183917117640e+03,-2.761677393327407117e+03,-6.639814907073721770e+03,-2.165836933352646611e+03,-8.408527523391809154e+03,9.661267832097695418e+02,-1.114351533057673259e+04,7.100056710641240898e+03,-2.028575194853932044e+04,2.198557240265857399e+04,-1.436409323998267791e+04
4.000000000000000000e+00,8.307070638597663219e+02,1.173917504064702797e+02,3.471588571237114138e+03,1.682153587959690100e+01,3.677888456410825711e+03,-5.950886216412944805e+02,1.866547438985878671e+03,-1.530014888596130504e+03,-5.089209452820057891e+02,-2.121280034088631055e+03,-2.551719142224841107e+03,-1.658252817106111024e+03,-4.255089687378962481e+03,2.579463530001332288e+02,-6.330751302011703956e+03,3.844990759752534359e+03,-1.206707997012958367e+04,1.227561529700455867e+04,-8.610033919177756616e+03
4.099999999999999645e+00,8.425949789637808180e+02,-6.869175362395958473e+01,3.656256160317051581e+03,-2.787711253370609938e+02,4.373139045565918423e+03,-7.307337971922764837e+02,3.192442072162926706e+03,-1.299697720852179600e+03,1.287979609315340440e+03,-1.597877179556880037e+03,-4.903885738645955712e+02,-1.248488770781627181e+03,-1.961915630000500187e+03,-7.448408614406663730e+01,-3.503778885064208680e+03,2.008763834640365531e+03,-7.087094126244980544e+03,6.704875037959141082e+03,-5.103880369923193939e+03
4.200000000000000178e+00,7.463210398164962953e+02,-1.279658709254138387e+02,3.305133331977900980e+03,-3.512770358247122431e+02,4.159522718962608451e+03,-6.844294270201592099e+02,3.384921466311855056e+03,-1.038877400062848437e+03,1.903621537743806130e+03,-1.184065707545022860e+03,4.491099920330896111e+02,-9.268236139224987937e+02,-7.455575101817209998e+02,-2.054651981852672691e+02,-1.871475342588534886e+03,9.969884868742658455e+02,-4.099588222453001435e+03,3.562801818462930896e+03,-2.986534983152621862e+03
4.299999999999999822e+00,6.136024372192308647e+02,-1.280618577767537545e+02,2.758546251391177520e+03,-3.230697788619094695e+02,3.572077374519865316e+03,-5.679984315870713090e+02,3.060907275135078635e+03,-7.960446104477509834e+02,1.934684930479596460e+03,-8.649070170145148495e+02,7.926019421966603886e+02,-6.796312712072113982e+02,-1.385549288888822730e+02,-2.344066343913694084e+02,-9.491987970758655138e+02,4.563022998855016112e+02,-2.328145880763688183e+03,1.826621757180344503e+03,-1.720992638313782436e+03
4.400000000000000355e+00,4.803843273878596847e+02,-1.047858488532042855e+02,2.189502645521210525e+03,-2.583429206955310065e+02,2.889648800115229278e+03,-4.378479456637443263e+02,2.550789511699714694e+03,-5.904355316677634846e+02,1.709845617012535286e+03,-6.235320783676356768e+02,8.388257598113800668e+02,-4.928698373240032424e+02,1.339405015635155394e+02,-2.164134505463434266e+02,-4.427430866083508931e+02,1.792713453684119145e+02,-1.292139960053679260e+03,8.914127777229314233e+02,-9.735788558397788393e+02
4.500000000000000000e+00,3.626348910613776866e+02,-7.597670122179337682e+01,1.677085558561335347e+03,-1.885442543011198211e+02,2.245923233292847726e+03,-3.196384007991572958e+02,2.020776999804424804e+03,-4.261182433774187643e+02,1.402171354903448446e+03,-4.439376369133830167e+02,7.524343791524572680e+02,-3.537480481859330439e+02,2.305801112852882113e+02,-1.808299371488868417e+02,-1.754041531759196175e+02,4.594920900928708818e+01,-6.962071682966652588e+02,4.038787115308247735e+02,-5.383492710702477098e+02
4.599999999999999645e+00,2.656324960240013411e+02,-4.964288716381039279e+01,1.249708842640617604e+03,-1.272965988859356372e+02,1.695143672811956094e+03,-2.226701608013659097e+02,1.545711450035832058e+03,-2.999810734267630323e+02,1.096496410563618610e+03,-3.121922779213696799e+02,6.203230737940033350e+02,-2.513731819641777463e+02,2.407838423847643696e+02,-1.423516801508550600e+02,-4.239558244449878543e+01,-1.175770529358403671e+01,-3.603425252515013426e+02,1.607227879486939344e+02,-2.891593547493225174e+02
4.700000000000000178e+00,1.893078774630360783e+02,-2.864971760713579485e+01,9.100822256771483580e+02,-7.897919936519188866e+01,1.250267117268510219e+03,-1.480849047542963035e+02,1.151667766271690653e+03,-2.061012162258948024e+02,8.292174497045800763e+02,-2.167808176708023780e+02,4.853372706621587440e+02,-1.768584435967015054e+02,2.133475329767160531e+02,-1.075898941018168671e+02,1.746351868230479099e+01,-3.162470081193070470e+01,-1.758958886775984638e+02,4.702370640009813485e+01,-1.494134799014193788e+02
4.799999999999999822e+00,1.312268002802412923e+02,-1.335303504370926575e+01,6.492194193563392446e+02,-4.353641723342757075e+01,9.045652980392127347e+02,-9.339926593751721384e+01,8.403324288659428021e+02,-1.380063359756464081e+02,6.113656366266737905e+02,-1.485134535296356830e+02,3.661483333426129434e+02,-1.231675300426217348e+02,1.736833399372527538e+02,-7.888048034621296267e+01,3.920685395489427805e+01,-3.398786848150441386e+01,-7.802085920647360240e+01,-7.827569076158972239e-01,-7.306788535737939583e+01
4.900000000000000355e+00,8.818513741647191750e+01,-3.029694371867446723e+00,4.539883858509672905e+02,-1.907738455945950307e+01,6.434285372764925341e+02,-5.490244520305981979e+01,6.025428531220172772e+02,-8.974125258716163955e+01,4.416603737813865109e+02,-1.002422771816790288e+02,2.687571656363294323e+02,-8.485253421139496766e+01,1.340773086641691521e+02,-5.644365026610748259e+01,4.239728976516801850e+01,-2.935315859544081007e+01,-2.852844097157363024e+01,-1.690168393144875125e+01,-3.276789934559241146e+01
5.000000000000000000e+00,5.700571094244865833e+01,3.382929189966059180e+00,3.109347795468707432e+02,-3.208714107662515858e+00,4.504837685941040490e+02,-2.883874164132031481e+01,4.254902257671890879e+02,-5.628133534777902724e+01,3.136512198011696455e+02,-6.651757561071003977e+01,1.929923720953729003e+02,-5.776884693677262561e+01,9.969653916986018771e+01,-3.957051150839881615e+01,3.759263740793862496e+01,-2.282676063699143043e+01,-5.288911181117056159e+00,-1.908663409986550974e+01,-1.248712768437708043e+01
5.099999999999999645e+00,3.488948737881162288e+01,6.933898861366845523e+00,2.080148705713018273e+02,6.339746603452502960e+00,3.104963734123392101e+02,-1.192068316638654046e+01,2.963005997074293987e+02,-3.360799263638915590e+01,2.194372358426300309e+02,-4.325161797757025539e+01,1.360608793756747730e+02,-3.880842142368285863e+01,7.203728983469301284e+01,-2.724615385715336302e+01,3.021651368711490804e+01,-1.664913773546795639e+01,4.267675104808623665e+00,-1.610031836792817117e+01,-2.992990534425618243e+00
5.200000000000000178e+00,1.952853116413074730e+01,8.514080148881394194e+00,1.352024641308108244e+02,1.146880370839153152e+01,2.105169314928430708e+02,-1.490167159596450297e+00,2.036083933088371225e+02,-1.862516762507546630e+01,1.514540497639913212e+02,-2.742062362293413713e+01,9.439586648668583280e+01,-2.566883738720818897e+01,5.085258132294703159e+01,-1.845417542755672358e+01,2.284359210211109215e+01,-1.161236232718289330e+01,7.101391251820410311e+00,-1.194906151294627605e+01,9.235718858456057889e-01
5.299999999999999822e+00,9.100053091750414325e+00,8.817953114592016917e+00,8.452643938981330507e+01,1.365621606766010032e+01,1.401205532514169647e+02,4.492175170179251609e+00,1.380652649836302146e+02,-9.014664390334775845e+00,1.032072640019462568e+02,-1.681526446697786881e+01,6.454560447495283881e+01,-1.666266610350332655e+01,3.519106085954010865e+01,-1.230695314779502958e+01,1.652565483736762175e+01,-7.830113305473854091e+00,6.937499288347974691e+00,-8.232389175995844965e+00,2.124409346330044634e+00
5.400000000000000355e+00,2.208184136203931391e+00,8.355100261980444643e+00,4.985108572946201377e+01,1.399134880598179542e+01,9.121794653808426290e+01,7.530417362675084547e+00,9.232272843852638289e+01,-3.080888401838278501e+00,6.946018748857193259e+01,-9.839535001571569239e+00,4.354053074548712488e+01,-1.056514066679206287e+01,2.392714629139661753e+01,-8.085065419937620845e+00,1.154429516704605163e+01,-5.139639280980936142e+00,5.676614682077360641e+00,-5.409408805247633900e+00,2.127133322208028865e+00
5.500000000000000000e+00,-2.190908486046588166e+00,7.480969554891625961e+00,2.656730066366385756e+01,1.324266281602327666e+01,5.769937192897098299e+01,8.697811974785954803e+00,6.078639308222139448e+01,3.912261171522048442e-01,4.616208965704412748e+01,-5.352944712648973535e+00,2.899071572869737423e+01,-6.495302816310971394e+00,1.600794938795776901e+01,-5.232884947946232046e+00,7.825865912244794664e+00,-3.299606605874913612e+00,4.219247409597590703e+00,-3.455204789186256509e+00,1.697214606973560524e+00
5.599999999999999645e+00,-4.862796264107308808e+00,6.431570879640021943e+00,1.127953700206958843e+01,1.193021877487461779e+01,3.504620249339874505e+01,8.737289865066557581e+00,3.929931467555578450e+01,2.255996015794006659e+00,3.027252773937697938e+01,-2.549232360086358895e+00,1.905536148870854518e+01,-3.824962999245911099e+00,1.054853790397382696e+01,-3.335948057902862640e+00,5.161045068943169944e+00,-2.078418390182135589e+00,2.938850411604840396e+00,-2.182473568030236066e+00,1.191874311158979571e+00
5.700000000000000178e+00,-6.359657424904956002e+00,5.355113938140731555e+00,1.526739662434380973e+00,1.039070876803628707e+01,1.997337424278167362e+01,8.147627513690880008e+00,2.483186577187111865e+01,3.102956504062318377e+00,1.956186081692468548e+01,-8.646791416793588869e-01,1.236105234335876624e+01,-2.109994014615669489e+00,6.850636877017262094e+00,-2.093353757034770890e+00,3.313992545067433682e+00,-1.286437608399397803e+00,1.946702356858406979e+00,-1.385598039959309524e+00,7.558088949194793349e-01
5.799999999999999822e+00,-7.073769570572734366e+00,4.338036087995287282e+00,-4.449593120096662524e+00,8.830659520109300331e+00,1.012712349480270646e+01,7.252552673834306241e+00,1.521130338724462483e+01,3.331061056078145732e+00,1.242564604784107196e+01,9.025142009017148026e-02,7.908112431464092040e+00,-1.039119931117393758e+00,4.386408726251476153e+00,-1.291501536194682442e+00,2.071049539689308716e+00,-7.814785519760397703e-01,1.235507973611984722e+00,-8.949320232699776723e-01,4.297255561160978066e-01
5.900000000000000355e+00,-7.279816565059017641e+00,3.425082809708638099e+00,-7.889759689974512824e+00,7.367480777935572434e+00,3.842386823937123719e+00,6.253709150400561967e+00,8.900894434322394133e+00,3.204522478456329093e+00,7.727630957690892366e+00,5.812741261120653036e-01,4.983493689367738178e+00,-3.961526427542516604e-01,2.769465124091308628e+00,-7.817114441089044741e-01,1.257788659501726025e+00,-4.631083058189497947e-01,7.537736492349934592e-01,-5.888753033417053473e-01,2.084650119699124060e-01
6.000000000000000000e+00,-7.167364985303306568e+00,2.634088164813571886e+00,-9.657847007676775064e+00,6.059799277067651424e+00,-4.512593753600394053e-02,5.269879428282664868e+00,4.827060485241821297e+00,2.893927419685112579e+00,4.674283886431590318e+00,7.869847313449287451e-01,3.087328680766571409e+00,-3.240910970024149518e-02,1.724169179411972674e+00,-4.623351850316124723e-01,7.406211682808219177e-01,-2.635437086869005796e-01,4.417133964002203372e-01,-3.885132520588348015e-01,7.061675237111836312e-02
6.200000000000000178e+00,-6.459443551918746529e+00,1.414211689401651206e+00,-1.036595537928841892e+01,3.974629575948187998e+00,-3.595683966342519078e+00,3.569049531726935953e+00,6.572963527746567003e-01,2.104426784855141452e+00,1.486632756907681596e+00,7.725882603370446411e-01,1.110197848818062383e+00,2.288162684919543000e-01,6.397934271052614363e-01,-1.447414773629699392e-01,2.322052968816601115e-01,-6.081659716747489508e-02,1.272900077832626597e-01,-1.389432850968009558e-01,-4.625767766164204375e-02
6.400000000000000355e+00,-5.541455981053878155e+00,6.042682351717891809e-01,-9.372262752687923637e+00,2.536825253384654921e+00,-4.353639391194148445e+00,2.322275987964564248e+00,-8.194986279649638661e-01,1.386026741523757710e+00,2.731755372957670458e-01,5.664999632552676356e-01,3.487018116350108499e-01,2.138029581743742802e-01,2.221245591919957241e-01,-2.835285079081492632e-02,6.752105931767710123e-02,1.580794236454041712e-02,9.471177595713947683e-03,1.819400562329526183e-02,-6.201593778490863129e-02
6.599999999999999645e+00,-4.655619956436472862e+00,9.397944479326403311e-02,-7.903674108221144579e+00,1.595550145436736678e+00,-4.047489822303888651e+00,1.480583427995738388e+00,-1.193553287482732372e+00,8.488386031298322809e-01,-1.270897800862503257e-01,3.618287245286641030e-01,8.056406820264938595e-02,1.224137999671114085e-01,6.928734543518885736e-02,1.439505412363220604e-02,3.059687357020085541e-02,3.741059912002903109e-02,-4.260901493076130198e-02,1.155405856702490519e-01,-4.803817173062283064e-02
6.799999999999999822e+00,-3.884648826087150120e+00,-2.139932972666384048e-01,-6.454159876369681470e+00,9.992200310064702773e-01,-3.419381586356050384e+00,9.402309968678115304e-01,-1.154340187721952571e+00,4.857856333826551243e-01,-2.138531721367450955e-01,2.124085743212137389e-01,7.055045985552524813e-04,3.124510705010294376e-02,1.565485610098899666e-02,3.179660983349189007e-02,3.390884269187643962e-02,3.179786170667579792e-02,-7.473894169237199625e-02,1.588084250854438495e-01,-3.062031570526890789e-02
7.000000000000000000e+00,-3.243301548259775124e+00,-3.920368648337742012e-01,-5.192187040663490016e+00,6.291597487761868557e-01,-2.765890701864817558e+00,6.044280017612235767e-01,-9.870694221426905557e-01,2.567013249275484355e-01,-1.931480556983048436e-01,1.192164680152756895e-01,-1.344656200573887857e-02,-3.638133928393624816e-02,-2.529522494923254483e-03,4.027874106793905007e-02,4.588321415630697286e-02,1.269216715642271232e-02,-9.723059438308474800e-02,1.577532241255934775e-01,-1.597597963929797693e-02
7.200000000000000178e+00,-2.720527427081585792e+00,-4.895057580885718851e-01,-4.150763198770064832e+00,4.021990718110731167e-01,-2.190588429071401499e+00,3.998821741631838900e-01,-8.021863334518738453e-01,1.204096758302539427e-01,-1.455286820199185038e-01,6.775188763035558392e-02,-8.432959419424337563e-03,-7.818416175883502461e-02,-8.200964610551468581e-03,4.464182054027882041e-02,5.668934185666943404e-02,-1.108981779010431712e-02,-1.100640783589893618e-01,1.277649078745370370e-01,-3.988252979090278760e-03
7.400000000000000355e+00,-2.297805321490325792e+00,-5.383443303048781603e-01,-3.312341768590735924e+00,2.635477499372035348e-01,-1.717830098887706436e+00,2.763577905929970324e-01,-6.375559325005550892e-01,4.436770518969253285e-02,-9.989554260488645032e-02,4.256782825481539301e-02,-6.149996968634976503e-04,-9.882748491494297571e-02,-9.185811293383139287e-03,4.603663574591748686e-02,6.390384739561255634e-02,-3.350162439165699224e-02,-1.125642753301860782e-01,8.467988699225349747e-02,6.261931529249309403e-03
7.599999999999999645e+00,-1.956489774016358041e+00,-5.585313531395555975e-01,-2.644791464375808587e+00,1.784680731637600104e-01,-1.342164959302070582e+00,2.014073490007250167e-01,-5.023719657598415544e-01,5.608315087204898686e-03,-6.471523446796598189e-02,3.177968597314395627e-02,5.044563812599878183e-03,-1.042225877352597752e-01,-8.181318497035607040e-03,4.478053115584254562e-02,6.724108216580193531e-02,-5.087216089062894520e-02,-1.057288820372622729e-01,4.085412846799042069e-02,1.506023447314883135e-02
7.799999999999999822e+00,-1.680319873632189820e+00,-5.622582553550810047e-01,-2.115468549137679677e+00,1.254826329011090869e-01,-1.048895485166078778e+00,1.549024267363982299e-01,-3.953695263813943317e-01,-1.106044882009517283e-02,-4.079226639579616731e-02,2.757868844481282944e-02,7.652665466825633173e-03,-9.953423184561505099e-02,-6.269696513346460776e-03,4.117726968966298196e-02,6.693361454064289395e-02,-6.158837870248154434e-02,-9.188546994755911190e-02,3.853296100868687513e-03,2.213967919113429828e-02
8.000000000000000000e+00,-1.455933881500777627e+00,-5.568176957583793607e-01,-1.695930192620105581e+00,9.154324134867772300e-02,-8.221399937219203702e-01,1.247349639407017985e-01,-3.120968229622642642e-01,-1.525929026832259505e-02,-2.635079205905611899e-02,2.543006741062682485e-02,7.648674045548353555e-03,-8.871085018815078049e-02,-4.012653526062621989e-03,3.565305835101603704e-02,6.336422078524234225e-02,-6.558862740704651806e-02,-7.380739168613888179e-02,-2.305195214345551885e-02,2.707631232509666308e-02
8.199999999999999289e+00,-1.272647042907698811e+00,-5.464890019086979800e-01,-1.362891332202973649e+00,6.883026585204118919e-02,-6.476724685124296554e-01,1.038124447647189169e-01,-2.476782763185076952e-01,-1.287838616225908672e-02,-1.900998565030314127e-02,2.305118321942689619e-02,5.814743869808083887e-03,-7.456966984462107262e-02,-1.747288038952191785e-03,2.870684690999733557e-02,5.702156761599885826e-02,-6.378568335666852385e-02,-5.403503789966522530e-02,-3.963378594844031710e-02,2.958063607177416343e-02
8.400000000000000355e+00,-1.122019058347134557e+00,-5.337276926772962504e-01,-1.097826480196616661e+00,5.271709302119609308e-02,-5.136697843345829906e-01,8.808862058975949760e-02,-1.977735158195207954e-01,-7.414067344937713688e-03,-1.652762156508151212e-02,1.955061425798196306e-02,2.923758896197030908e-03,-5.903310977536782578e-02,3.350031800833305762e-04,2.084035180290980116e-02,4.848644721082176479e-02,-5.755728012035840613e-02,-3.453612196430161374e-02,-4.740229438973692089e-02,2.961533603562684080e-02
8.599999999999999645e+00,-9.974140138646333531e-01,-5.199008136539665648e-01,-8.861928759385327981e-01,4.050610958430241049e-02,-4.106705871624670157e-01,7.532361879199132859e-02,-1.588333011646913262e-01,-8.715567706935253844e-04,-1.705338690744623992e-02,1.481055443874179645e-02,-3.825419771183363521e-04,-4.336535429716306678e-02,2.150314278772026688e-03,1.250961349222136365e-02,3.839183217542990745e-02,-4.837261292037482729e-02,-1.662792517664823944e-02,-4.857735870418621732e-02,2.738715807275400593e-02
8.800000000000000711e+00,-8.936190520583333630e-01,-5.057359612689393824e-01,-7.166413588847716509e-01,3.065412818077643820e-02,-3.312721867068190162e-01,6.432414714819217894e-02,-1.280898729352853427e-01,5.651372649469993403e-03,-1.918129977058241967e-02,9.085720938013408521e-03,-3.627495127954130042e-03,-2.836424374995745457e-02,3.687116621200779015e-03,4.100264245074147773e-03,2.736823866478582667e-02,-3.756218096477222101e-02,-1.048814597222419431e-03,-4.541673474127591592e-02,2.327702949234555785e-02
9.000000000000000000e+00,-8.065342973841153063e-01,-4.915932152964630486e-01,-5.803322355806767030e-01,2.230100181407011772e-02,-2.697707667236178830e-01,5.448717844114313313e-02,-1.034541068559973742e-01,1.159762319019118360e-02,-2.191727230326765211e-02,2.763778338216657526e-03,-6.495346463372782785e-03,-1.450417260540692865e-02,4.974087661476361832e-03,-4.080461484777711534e-03,1.599354286292539729e-02,-2.620543638673959730e-02,1.190939886923358254e-02,-3.985441899407208416e-02,1.775549527671548000e-02
9.500000000000000000e+00,-6.423473540454366359e-01,-4.571071560576603354e-01,-3.434294681538740956e-01,5.465659491557570138e-03,-1.683581536330223116e-01,3.351298481685617559e-02,-5.952185097985600304e-02,2.276567726717482892e-02,-2.780357883254771026e-02,-1.324406459701805983e-02,-1.111333830063976347e-02,1.384639209197120746e-02,7.385401420939730760e-03,-2.218509650426309099e-02,-1.101908427556833048e-02,-2.669671115743121881e-05,3.337981181396201119e-02,-2.396454369105598114e-02,8.740527208314224916e-04
1.000000000000000000e+01,-5.294323953090958046e-01,-4.239415557415721070e-01,-2.025708722530515649e-01,-7.192132193904902937e-03,-1.110562853081339257e-01,1.705452075476007745e-02,-3.093448970050592661e-02,2.890860002878089391e-02,-2.997625636239940536e-02,-2.652880217664566054e-02,-1.216445262616373119e-02,3.308050624975647502e-02,9.067525186545449117e-03,-3.568906673910045985e-02,-3.261654047802654832e-02,1.906902362299966319e-02,4.278400069636345560e-02,-1.276320673488826052e-02,-1.578146164255181394e-02
1.050000000000000000e+01,-4.480400217650287731e-01,-3.918257103136686958e-01,-1.177704680196366704e-01,-1.623873859073955706e-02,-7.675622254753781959e-02,4.884255218848620322e-03,-1.154683325665063071e-02,3.142022000623483774e-02,-2.885329517463871077e-02,-3.563417192150308832e-02,-1.090627277200737627e-02,4.465165236676613136e-02,1.025567016185805619e-02,-4.440826735151068294e-02,-4.739743627028801531e-02,3.063350789805720578e-02,4.494477960665579225e-02,-7.706963665039492928e-03,-2.895047720357948884e-02
1.100000000000000000e+01,-3.866918568821728353e-01,-3.607199811109217391e-01,-6.643044009196084898e-02,-2.209440830530796929e-02,-5.516748169847880690e-02,-3.484829954805201968e-03,1.498434980396319560e-03,3.165543546349547377e-02,-2.594911062555855727e-02,-4.078213895552337126e-02,-8.682241091077383746e-03,5.051722628711237395e-02,1.099502205203842925e-02,-4.903956205714497807e-02,-5.598145386776729598e-02,3.637610519118944508e-02,4.341996594205034532e-02,-6.710606341213037895e-03,-3.775353220425952533e-02
1.150000000000000000e+01,-3.385477996828867853e-01,-3.308181961465821441e-01,-3.538142074799027759e-02,-2.535254679761522745e-02,-4.105377920302544226e-02,-8.797525689408985244e-03,9.899955750312192798e-03,3.058605457106224404e-02,-2.250151147498994503e-02,-4.283819009911069009e-02,-6.376115475173433494e-03,5.245743391473617345e-02,1.130807999103400352e-02,-5.057112976920190989e-02,-5.976247175965111735e-02,3.825700589468646051e-02,4.032494962428754409e-02,-7.542882352244019428e-03,-4.261873693318683765e-02
1.200000000000000000e+01,-2.994326794796937641e-01,-3.023870329821765623e-01,-1.674628001714353193e-02,-2.667156919002970639e-02,-3.156164485608752707e-02,-1.184247320189256263e-02,1.491587120973120184e-02,2.883595125868207779e-02,-1.921023082510526017e-02,-4.274058312158604545e-02,-4.409702060873607957e-03,5.186862030992930861e-02,1.125240899121959619e-02,-4.995585890018805486e-02,-6.018814461798028398e-02,3.782168635387619937e-02,3.676100261143315506e-02,-8.783001611317675650e-03,-4.445129204184600225e-02
1.250000000000000000e+01,-2.667384506414761658e-01,-2.756532175116615524e-01,-5.727359719987159745e-03,-2.665143145607743944e-02,-2.502221057321145706e-02,-1.330988330808355324e-02,1.754536646161415636e-02,2.678252863894609037e-02,-1.636199932198693224e-02,-4.127240275236165878e-02,-2.903278577040811423e-03,4.975843671660627049e-02,1.091297580539101787e-02,-4.797379557851502024e-02,-5.845925065290771133e-02,3.611560316506956525e-02,3.323923481042890399e-02,-9.764531291841325317e-03,-4.417927184717521105e-02
1.300000000000000000e+01,-2.387973589078470349e-01,-2.507581383116170293e-01,6.272816774985940508e-04,-2.577380345323788610e-02,-2.040585808382521307e-02,-1.373922077640651884e-02,1.856519952771938653e-02,2.464461652715595891e-02,-1.400926711893761903e-02,-3.901158796444172128e-02,-1.825973540413557486e-03,4.681375346023380207e-02,1.037954421807096503e-02,-4.520421924205235420e-02,-5.546368190939349185e-02,3.378848128861632744e-02,2.996438232735043269e-02,-1.028703882353341342e-02,-4.256917071011908499e-02
1.350000000000000000e+01,-2.145153472438174058e-01,-2.277554523297556366e-01,4.141163537295453577e-03,-2.439345716947170090e-02,-1.705728586914244740e-02,-1.352176765821459965e-02,1.855135088241304658e-02,2.254393662977846255e-02,-1.210010695600536798e-02,-3.635369473977259624e-02,-1.092138247681334086e-03,4.348221740425007448e-02,9.730578012539719407e-03,-4.204873597049683248e-02,-5.181172818514963307e-02,3.122213818048936648e-02,2.699611719449128075e-02,-1.037446078987492096e-02,-4.018698819436043040e-02
1.400000000000000000e+01,-1.931534693303831318e-01,-2.066277462668976439e-01,5.940461077152930057e-03,-2.275554772402434145e-02,-1.455353059206840154e-02,-1.292648226884122661e-02,1.791094951136310010e-02,2.054447862171693631e-02,-1.055129865578588455e-02,-3.355473486764511126e-02,-6.106122121919035483e-04,4.004385379011175805e-02,9.026738651256003415e-03,-3.877064662881946067e-02,-4.790055927786820988e-02,2.863096949578864195e-02,2.433201729422035733e-02,-1.012991405452426559e-02,-3.742144501745178764e-02
1.450000000000000000e+01,-1.741956720233514277e-01,-1.873076951665744727e-01,6.718640229435600408e-03,-2.102082870015563321e-02,-1.262033478433595771e-02,-1.213063212432005135e-02,1.691973735080997202e-02,1.867662377783788422e-02,-9.282070144395863226e-03,-3.077223655504599670e-02,-3.044862832689085720e-04,3.666620972221634051e-02,8.310868882612027636e-03,-3.553361226273060725e-02,-4.397632871089541401e-02,2.612950913181603246e-02,2.194699137256049190e-02,-9.664863371004375758e-03,-3.452504839154869887e-02
1.500000000000000000e+01,-1.572679866055756159e-01,-1.696969696612260214e-01,6.900693072234952673e-03,-1.928960918942612679e-02,-1.107964911223174517e-02,-1.124686464687193674e-02,1.575745381567001183e-02,1.695156163611346786e-02,-8.225974659449079157e-03,-2.809772143413546280e-02,-1.156885771105375211e-04,3.344380883034710900e-02,7.610971899090773415e-03,-3.243323817827640371e-02,-4.018358666658591871e-02,2.377447961454426037e-02,1.981053713429405116e-02,-9.071842410140437338e-03,-3.165359440830292637e-02
1.600000000000000000e+01,-1.284376590275099761e-01,-1.391378486894775945e-01,6.409237918946692966e-03,-1.604737321164999633e-02,-8.752692750496313817e-03,-9.463163286757008894e-03,1.332650258746769824e-02,1.392602561452821117e-02,-6.564734897476606941e-03,-2.324168343109252882e-02,6.096371579604462142e-05,2.763009181468841988e-02,6.318831727091298207e-03,-2.681815028405686377e-02,-3.326616436187446874e-02,1.958157672176305888e-02,1.617004907479670586e-02,-7.750537721145990197e-03,-2.630567632098779196e-02
1.700000000000000000e+01,-1.050368805429336000e-01,-1.139926669882370402e-01,5.529196502216012811e-03,-1.323482402149213366e-02,-7.046237962391299799e-03,-7.844106526139638796e-03,1.107275166585970291e-02,1.141881333670598589e-02,-5.307852425385153373e-03,-1.911755597611782334e-02,1.105509769758950716e-04,2.271450026448867954e-02,5.207114480286683354e-03,-2.205629236047037048e-02,-2.737345005275559212e-02,1.607348846776239862e-02,1.321873372388254059e-02,-6.473191463907766036e-03,-2.168442624695244084e-02
1.800000000000000000e+01,-8.595307216810393891e-02,-9.335780617376301938e-02,4.631125542492501267e-03,-1.087183168005653386e-02,-5.724254284278304690e-03,-6.458217957143599225e-03,9.126425066573299466e-03,9.355186445053821631e-03,-4.320097244644280701e-03,-1.568518749059827702e-02,1.135936704969318017e-04,1.863155731088458542e-02,4.275966938479320266e-03,-1.809527337171813743e-02,-2.246260986269164525e-02,1.317475912457012448e-02,1.081470678865449446e-02,-5.348749075230156171e-03,-1.780868519574086914e-02
1.900000000000000000e+01,-7.035627245652993633e-02,-7.644549691121585444e-02,3.830104171529553556e-03,-8.914516424658947696e-03,-4.670029594590692675e-03,-5.300916729922524467e-03,7.494744335773416248e-03,7.661666398305312480e-03,-3.527350703909630947e-03,-1.285418707322402189e-02,1.016701997785727206e-04,1.526699250908454195e-02,3.505632318672624159e-03,-1.482892636443162472e-02,-1.840976503657413763e-02,1.079198130833760802e-02,8.851333294810061203e-03,-4.397650444802582263e-03,-1.460093294962151213e-02
2.000000000000000000e+01,-5.759689803484605714e-02,-6.259219843026646302e-02,3.150000785718470343e-03,-7.303555340266466682e-03,-3.817360086732540965e-03,-4.344972939336777529e-03,6.144577685674328972e-03,6.273680561127408656e-03,-2.884350920266922930e-03,-1.052863982871847862e-02,8.646887954568053636e-05,1.250426800994263420e-02,2.871940423151596138e-03,-1.214599011791206266e-02,-1.507963539110286459e-02,8.837695515945662508e-03,7.245732345239817157e-03,-3.607388068368716071e-03,-1.196178540345237129e-02
2.100000000000000000e+01,-4.715416336928004992e-02,-5.124760477353814542e-02,2.584224209540728068e-03,-5.981479656969775072e-03,-3.123125215468999013e-03,-3.559190240054015998e-03,5.033859294196433611e-03,5.136763087064577689e-03,-2.360171106326694728e-03,-8.621788649935862095e-03,7.199130615996005055e-05,1.023936575788730700e-02,2.352001636809659957e-03,-9.946174845746478393e-03,-1.234874079878095499e-02,7.236413147469523272e-03,5.931884383824802785e-03,-2.956039860075916018e-03,-9.796269501201283411e-03
2.200000000000000000e+01,-3.860575842741744562e-02,-4.195852354760209318e-02,2.117706215787471674e-03,-4.897897750601181918e-03,-2.556163818341584352e-03,-2.914692174521482312e-03,4.122520744115278253e-03,4.205739026416369097e-03,-1.931850718997191792e-03,-7.059537831810663161e-03,5.938369208876533619e-05,8.383923456213925735e-03,1.925898187069332570e-03,-8.143931873418665604e-03,-1.011124424730545576e-02,5.924937943850186288e-03,4.856460691227511804e-03,-2.421147840630165100e-03,-8.021534849942269646e-03
2.300000000000000000e+01,-3.160742538400152651e-02,-3.435293010667831576e-02,1.734538729580762219e-03,-4.010308709282125843e-03,-2.092502440401626182e-03,-2.386596272627995643e-03,3.375656578795831024e-03,3.443409460678894043e-03,-1.581483304807486823e-03,-5.780086921781166405e-03,4.878237713460836122e-05,6.864411522831480317e-03,1.576881343893872826e-03,-6.667942585067115034e-03,-8.278736565930776281e-03,4.851025800846932301e-03,3.976076265925110320e-03,-1.982617780121859359e-03,-6.567855828324255588e-03
2.400000000000000000e+01,-2.587786217900974253e-02,-2.812587269242855167e-02,1.420380555573603132e-03,-3.283454823775224570e-03,-1.713082898504725152e-03,-1.954071126692822399e-03,2.763909283137488439e-03,2.819240510150391316e-03,-1.294741828000871937e-03,-4.732418176303889411e-03,3.999974166052227713e-05,5.620191512978488756e-03,1.291074136132077960e-03,-5.459343569958120812e-03,-6.778185033213746796e-03,3.971719606554474473e-03,3.255314722488657480e-03,-1.623359014166617965e-03,-5.377444918615445317e-03
2.500000000000000000e+01,-2.118696148547200009e-02,-2.302754356168547345e-02,1.163005037231302618e-03,-2.688299212954992946e-03,-1.402511989182062381e-03,-1.599891751923136372e-03,2.262954744385746366e-03,2.308204528955136534e-03,-1.060020205643211503e-03,-3.874606936303440653e-03,3.277115391722984088e-05,4.601455533134075904e-03,1.057054207869112311e-03,-4.469767036845114991e-03,-5.549555939181968593e-03,3.251782070355218983e-03,2.665218465008989228e-03,-1.329141413570994554e-03,-4.402730822899549382e-03
5.000000000000000000e+01,-1.427564030582428552e-04,-1.551585145144599484e-04,7.836793050343421956e-06,-1.811380337523489173e-05,-9.449822307415206506e-06,-1.078017078098850103e-05,1.524798386156398097e-05,1.555259068641498543e-05,-7.142223778490327527e-06,-2.610706467608626656e-05,2.209320991421981684e-07,3.100453894462354502e-05,7.122441843563678449e-06,-3.011724349388490924e-05,-3.739287447502417575e-05,2.191040714002900872e-05,1.795805776495427129e-05,-8.955945627810943952e-06,-2.966564906118298895e-05
1.000000000000000000e+02,-6.481130671989181831e-09,-7.044185661007981153e-09,3.557898540487700517e-10,-8.223654009671424739e-10,-4.290212690245914183e-10,-4.894189962844867128e-10,6.922573963345367246e-10,7.060865247879192842e-10,-3.242564578913972706e-10,-1.185258902598981591e-09,1.003030178334554192e-11,1.407603890404151491e-09,3.233583594351803387e-10,-1.367320739262046510e-09,-1.697633874783534334e-09,9.947309452247703133e-10,8.152945611995654646e-10,-4.065993024592746073e-10,-1.346818383736258741e-09
