1.00,0.00,-146591273.6926317512989044
1.10,0.00,-92963249.5082655698060989
1.20,0.00,-58673532.3727250099182129
1.30,0.00,-36831383.9048746079206467
1.40,0.00,-22976948.8688230812549591
1.50,0.00,-14230957.7530773319303989
1.60,0.00,-8739698.4278121907263994
1.70,0.00,-5313364.1955718528479338
1.80,0.00,-3190856.7737959446385503
1.90,0.00,-1887147.7975180905777961
2.00,0.00,-1094445.3485790747217834
2.10,0.00,-618359.2482972276629880
2.20,0.00,-336784.7343229453545064
2.30,0.00,-173499.5543395210115705
2.40,0.00,-81266.3678171610517893
2.50,0.00,-31059.0342405494957347
2.60,0.00,-5222.3347760744518382
2.70,0.00,6850.3052454153948929
2.80,0.00,11433.2232995944268623
2.90,0.00,12165.0761049488082790
3.00,0.00,11100.7876530596095108
3.10,0.00,9358.2675237523562828
3.20,0.00,7511.9664139522728874
3.30,0.00,5829.4127082806862745
3.40,0.00,4411.1886215341592106
3.50,0.00,3272.1283790709171626
3.60,0.00,2387.1796102548669296
3.70,0.00,1716.3479540324478876
3.80,0.00,1217.5053928178429032
3.90,0.00,852.3427652189333230
4.00,0.00,588.5930659300162233
4.10,0.00,400.3401710629360082
4.20,0.00,267.4383446736896985
4.30,0.00,174.6003694763770966
4.40,0.00,110.4407090831306988
4.50,0.00,66.6066819608813177
4.60,0.00,37.0471292875001552
4.70,0.00,17.4251791280535677
4.80,0.00,4.6617990709729185
4.90,0.00,-3.4105746623729036
5.00,0.00,-8.3060223407671394
5.10,0.00,-11.0744246530219588
5.20,0.00,-12.4386134570850402
5.30,0.00,-12.8926940865618143
5.40,0.00,-12.7718820528077703
5.50,0.00,-12.3017034057693593
5.60,0.00,-11.6324050349726438
5.70,0.00,-10.8628637080741370
5.80,0.00,-10.0571003949715347
5.90,0.00,-9.2556257229713523
6.00,0.00,-8.4831962826778184
6.20,0.00,-7.0757015844768016
6.40,0.00,-5.8798030919854289
6.60,0.00,-4.8905996201443749
6.80,0.00,-4.0844884601980560
7.00,0.00,-3.4329856713275344
7.20,0.00,-2.9085617730948892
7.40,0.00,-2.4868643823376071
7.60,0.00,-2.1473174176060050
7.80,0.00,-1.8730084363373125
8.00,0.00,-1.6502876106399165
8.20,0.00,-1.4682778032075103
8.40,0.00,-1.3183893918921226
8.60,0.00,-1.1938815977699282
8.80,0.00,-1.0894857525831814
9.00,0.00,-1.0010924550864375
9.50,0.00,-0.8307868803387285
10.00,0.00,-0.7085573264015218
10.50,0.00,-0.6158739167147713
11.00,0.00,-0.5422978740691059
11.50,0.00,-0.4817384444574104
12.00,0.00,-0.4305070058638993
12.50,0.00,-0.3862838796124055
13.00,0.00,-0.3475532264429536
13.50,0.00,-0.3132842600816726
14.00,0.00,-0.2827463896680446
14.50,0.00,-0.2553995723876119
15.00,0.00,-0.2308280744938499
16.00,0.00,-0.1887410528041746
17.00,0.00,-0.1544378823847063
18.00,0.00,-0.1264098284339627
19.00,0.00,-0.1034833888680728
20.00,0.00,-0.0847205341273903
21.00,0.00,-0.0693616513839770
22.00,0.00,-0.0567879080408756
23.00,0.00,-0.0464937826496439
24.00,0.00,-0.0380658072491272
25.00,0.00,-0.0311656167093556
50.00,0.00,-0.0002099921068459
100.00,0.00,-0.0000000095336269
1.00,10.00,-94821396.0886802524328232
1.10,10.00,-59872720.6200740039348602
1.20,10.00,-37594409.9411627650260925
1.30,10.00,-23453878.0032509528100491
1.40,10.00,-14522218.3902620393782854
1.50,10.00,-8912011.3983369544148445
1.60,10.00,-5410684.9475907180458307
1.70,10.00,-3241858.7374998484738171
1.80,10.00,-1910315.9564533052034676
1.90,10.00,-1101525.2058481471613050
2.00,10.00,-616678.7931547446642071
2.10,10.00,-330807.6176733667962253
2.20,10.00,-165856.4190304611111060
2.30,10.00,-73433.8839965555816889
2.40,10.00,-23802.5444326054785051
2.50,10.00,1119.0322235380529037
2.60,10.00,12182.6745827239774371
2.70,10.00,15795.2461196862677753
2.80,10.00,15659.4136624099846813
2.90,10.00,13853.8641744773067330
3.00,10.00,11497.7991869683210098
3.10,10.00,9155.4300912173075631
3.20,10.00,7079.0539223384985235
3.30,10.00,5352.7780940320972149
3.40,10.00,3975.7308203219708957
3.50,10.00,2908.8812124010587468
3.60,10.00,2100.3253676812828417
3.70,10.00,1498.0931060460795834
3.80,10.00,1055.9243110623760913
3.90,10.00,735.2420249756253270
4.00,10.00,505.1943992619228538
4.10,10.00,341.8215387264123706
4.20,10.00,226.9195345303484999
4.30,10.00,146.8930560476335359
4.40,10.00,91.7291871006302983
4.50,10.00,54.1390366304049735
4.60,10.00,28.8696658539583559
4.70,10.00,12.1687390776866504
4.80,10.00,1.3771466096473564
4.90,10.00,-5.3756656018357747
5.00,10.00,-9.3963807306420648
5.10,10.00,-11.5915843495822681
5.20,10.00,-12.5859549669443105
5.30,10.00,-12.8068217046859694
5.40,10.00,-12.5441967312255329
5.50,10.00,-11.9931025609485147
5.60,10.00,-11.2832290482318278
5.70,10.00,-10.4995930173733960
5.80,10.00,-9.6968528868299781
5.90,10.00,-8.9091767662167918
6.00,10.00,-8.1570122822470346
6.20,10.00,-6.7986590570811973
6.40,10.00,-5.6531517797812354
6.60,10.00,-4.7095105352584623
6.80,10.00,-3.9419004079625291
7.00,10.00,-3.3215439599284364
7.20,10.00,-2.8215558913151426
7.40,10.00,-2.4186132959190481
7.60,10.00,-2.0932486148913894
7.80,10.00,-1.8295766615066178
8.00,10.00,-1.6148220724912505
8.20,10.00,-1.4388104312559626
8.40,10.00,-1.2934928997285344
8.60,10.00,-1.1725307513310494
8.80,10.00,-1.0709458786482959
9.00,10.00,-0.9848340281214287
9.50,10.00,-0.8187415206526171
10.00,10.00,-0.6994332251919125
10.50,10.00,-0.6088751286895496
11.00,10.00,-0.5368616029550355
11.50,10.00,-0.4774477280282666
12.00,10.00,-0.4270543223692708
12.50,10.00,-0.3834469276837632
13.00,10.00,-0.3451743440109231
13.50,10.00,-0.3112529617284771
14.00,10.00,-0.2809854766364127
14.50,10.00,-0.2538547486223549
15.00,10.00,-0.2294605494109311
16.00,10.00,-0.1876500183008365
17.00,10.00,-0.1535554438818930
18.00,10.00,-0.1256914005263239
19.00,10.00,-0.1028966960508170
20.00,10.00,-0.0842407483085500
21.00,10.00,-0.0689690419131010
22.00,10.00,-0.0564665425292616
23.00,10.00,-0.0462306987972872
24.00,10.00,-0.0378504227088387
25.00,10.00,-0.0309892785537199
50.00,10.00,-0.0002088039705524
100.00,10.00,-0.0000000094796856
1.00,20.00,-7199237.0764172980561852
1.10,20.00,-3987178.1545289871282876
1.20,20.00,-2082219.6855653175152838
1.30,20.00,-980205.0420712865889072
1.40,20.00,-364759.1168213802156970
1.50,20.00,-39034.5785520657445886
1.60,20.00,118174.6086721185420174
1.70,20.00,180533.8699567943403963
1.80,20.00,192074.2395508642366622
1.90,20.00,178538.3939015105133876
2.00,20.00,154522.3220912698598113
2.10,20.00,127935.0726928133226465
2.20,20.00,102757.0401683941308875
2.30,20.00,80725.7224979747261386
2.40,20.00,62350.5533535384820425
2.50,20.00,47511.8989601853172644
2.60,20.00,35805.2448547248204704
2.70,20.00,26731.4723909324202396
2.80,20.00,19795.8898599242093042
2.90,20.00,14554.5142213312574313
3.00,20.00,10630.9302846037753625
3.10,20.00,7717.6146320534735423
3.20,20.00,5569.7986173322778995
3.30,20.00,3996.4115775238710739
3.40,20.00,2850.5335682676759461
3.50,20.00,2020.5524403841689036
3.60,20.00,1422.5204098435949618
3.70,20.00,993.8264902584627407
3.80,20.00,688.1109065656320354
3.90,20.00,471.2649816405032652
4.00,20.00,318.3362652247892584
4.10,20.00,211.1650945567830036
4.20,20.00,136.5988090680360187
4.30,20.00,85.1543493886301377
4.40,20.00,50.0241991019621892
4.50,20.00,26.3423566364448121
4.60,20.00,10.6454492572802355
4.70,20.00,0.4791632474925769
4.80,20.00,-5.8878352476471241
4.90,20.00,-9.6709345847090464
5.00,20.00,-11.7187897957285276
5.10,20.00,-12.6204381746549466
5.20,20.00,-12.7819011750576585
5.30,20.00,-12.4807588918468859
5.40,20.00,-11.9048848608254154
5.50,20.00,-11.1798331433073486
5.60,20.00,-10.3881253320999143
5.70,20.00,-9.5827764596645615
5.80,20.00,-8.7967381837533551
5.90,20.00,-8.0494593157382646
6.00,20.00,-7.3514187622724982
6.20,20.00,-6.1178027980642424
6.40,20.00,-5.0961593928146725
6.60,20.00,-4.2626005909344187
6.80,20.00,-3.5871681088060265
7.00,20.00,-3.0411667692784410
7.20,20.00,-2.5996696416340415
7.40,20.00,-2.2419707392598012
7.60,20.00,-1.9512483547632651
7.80,20.00,-1.7139900917659143
8.00,20.00,-1.5194040778170492
8.20,20.00,-1.3588962415040646
8.40,20.00,-1.2256328091211421
8.60,20.00,-1.1141839061507426
8.80,20.00,-1.0202368739356689
9.00,20.00,-0.9403669979781826
9.50,20.00,-0.7857799017173996
10.00,20.00,-0.6742950618230449
10.50,20.00,-0.5892975440802438
11.00,20.00,-0.5213124557797155
11.50,20.00,-0.4648455021165591
12.00,20.00,-0.4166299852555273
12.50,20.00,-0.3746565147096330
13.00,20.00,-0.3376351653674270
13.50,20.00,-0.3046957356292027
14.00,20.00,-0.2752191839578628
14.50,20.00,-0.2487416529050865
15.00,20.00,-0.2248989595810429
16.00,20.00,-0.1839763453218970
17.00,20.00,-0.1505707032483797
18.00,20.00,-0.1232562921560171
19.00,20.00,-0.1009061868092900
20.00,20.00,-0.0826122367271742
21.00,20.00,-0.0676361647736072
22.00,20.00,-0.0553754355129846
23.00,20.00,-0.0453374350405212
24.00,20.00,-0.0371191019629056
25.00,20.00,-0.0303905317781776
50.00,20.00,-0.0002047696905652
100.00,20.00,-0.0000000092965296
1.00,30.00,14095123.8886315729469061
1.10,30.00,9240722.0893278401345015
1.20,30.00,6066599.1476383088156581
1.30,30.00,3989858.4175959960557520
1.40,30.00,2629833.0946609871461987
1.50,30.00,1738022.2661871584132314
1.60,30.00,1152243.7897789222188294
1.70,30.00,766658.2914338631089777
1.80,30.00,512185.4423139543505386
1.90,30.00,343718.9903100053779781
2.00,30.00,231785.7534991129359696
2.10,30.00,157106.9392540739208926
2.20,30.00,107053.4466028274182463
2.30,30.00,73336.2281314840220148
2.40,30.00,50501.5094099496272975
2.50,30.00,34950.2349700179402134
2.60,30.00,24298.8263619870340335
2.70,30.00,16962.1163124265731312
2.80,30.00,11880.9120174419458635
2.90,30.00,8343.7362906405378453
3.00,30.00,5869.9340127295945422
3.10,30.00,4132.8054514429968549
3.20,30.00,2908.8875191180850379
3.30,30.00,2044.3514123279210253
3.40,30.00,1432.6342691045178981
3.50,30.00,999.4684369926750378
3.60,30.00,692.8015903668675719
3.70,30.00,475.9656673301746537
3.80,30.00,323.0156256638512673
3.90,30.00,215.5262279482302574
4.00,30.00,140.3751154947380257
4.10,30.00,88.1978244090725099
4.20,30.00,52.3039836769369657
4.30,30.00,27.9124207523151746
4.40,30.00,11.6084233501137479
4.50,30.00,0.9568539024746421
4.60,30.00,-5.7746805143445759
4.70,30.00,-9.8144843188682014
4.80,30.00,-12.0296179534719929
4.90,30.00,-13.0287273011186482
5.00,30.00,-13.2360880651580608
5.10,30.00,-12.9448936230221676
5.20,30.00,-12.3555530905465467
5.30,30.00,-11.6031573524867966
5.40,30.00,-10.7771191836047713
5.50,30.00,-9.9351650023821279
5.60,30.00,-9.1132571243797962
5.70,30.00,-8.3325914256617626
5.80,30.00,-7.6045000623584080
5.90,30.00,-6.9338595585387921
6.00,30.00,-6.3214376804401393
6.20,30.00,-5.2628377319142903
6.40,30.00,-4.4014764519976737
6.60,30.00,-3.7042949158279468
6.80,30.00,-3.1403823797306258
7.00,30.00,-2.6834740658679133
7.20,30.00,-2.3121703577145656
7.40,30.00,-2.0093467754594609
7.60,30.00,-1.7613828841402772
7.80,30.00,-1.5574479113871258
8.00,30.00,-1.3889106281727823
8.20,30.00,-1.2488741070625027
8.40,30.00,-1.1318147772849594
8.60,30.00,-1.0333024752207465
8.80,30.00,-0.9497816991566179
9.00,30.00,-0.8783989659062010
9.50,30.00,-0.7391194518635400
10.00,30.00,-0.6375779008334603
10.50,30.00,-0.5593894591382925
11.00,30.00,-0.4962840401105760
11.50,30.00,-0.4434574932858641
12.00,30.00,-0.3980585723032427
12.50,30.00,-0.3583370719931749
13.00,30.00,-0.3231687260308614
13.50,30.00,-0.2917911330645149
14.00,30.00,-0.2636565845044329
14.50,30.00,-0.2383493388957221
15.00,30.00,-0.2155384504213752
16.00,30.00,-0.1763522892258570
17.00,30.00,-0.1443434003800795
18.00,30.00,-0.1181632668892339
19.00,30.00,-0.0967383864720391
20.00,30.00,-0.0792006738476297
21.00,30.00,-0.0648432872150893
22.00,30.00,-0.0530889216120832
23.00,30.00,-0.0434654329114055
24.00,30.00,-0.0355864499096692
25.00,30.00,-0.0291357074345342
50.00,30.00,-0.0001963147782824
100.00,30.00,-0.0000000089126771
1.00,40.00,1484918.0651625120081007
1.10,40.00,1004268.6912000041920692
1.20,40.00,685864.5125612434931099
1.30,40.00,473210.4757308048428968
1.40,40.00,329867.0679946659947746
1.50,40.00,232263.0181257833319250
1.60,40.00,165089.9629882637527771
1.70,40.00,118353.4284039184567519
1.80,40.00,85484.8022543094557477
1.90,40.00,62132.1151249532995280
2.00,40.00,45384.7031255563560990
2.10,40.00,33275.0502103481485392
2.20,40.00,24457.7013185026007704
2.30,40.00,18001.3720634861711005
2.40,40.00,13253.5365334562065982
2.50,40.00,9751.5468100917314587
2.60,40.00,7163.7468989376566242
2.70,40.00,5250.0293906323158808
2.80,40.00,3835.0877951948700684
2.90,40.00,2790.0352241831074025
3.00,40.00,2019.5973344410151640
3.10,40.00,1453.0663887237083145
3.20,40.00,1037.8284896654793101
3.30,40.00,734.6771174852614195
3.40,40.00,514.3850367512194453
3.50,40.00,355.1752314445737966
3.60,40.00,240.8424850278400982
3.70,40.00,159.3511979742604296
3.80,40.00,101.7850927991538299
3.90,40.00,61.5588831302918038
4.00,40.00,33.8260617711233351
4.10,40.00,15.0340854847315821
4.20,40.00,2.5906014773503818
4.30,40.00,-5.3865825733930874
4.40,40.00,-10.2563726027743307
4.50,40.00,-12.9936753100325824
4.60,40.00,-14.2928873413560265
4.70,40.00,-14.6445143687982284
4.80,40.00,-14.3916756499941823
4.90,40.00,-13.7715978392700098
5.00,40.00,-12.9459454536564635
5.10,40.00,-12.0228805399822445
5.20,40.00,-11.0730195246053125
5.30,40.00,-10.1409066246150026
5.40,40.00,-9.2532089462986544
5.50,40.00,-8.4245265583331310
5.60,40.00,-7.6614768837528828
5.70,40.00,-6.9655378936952905
5.80,40.00,-6.3350043973222894
5.90,40.00,-5.7663151943349966
6.00,40.00,-5.2549375980986524
6.20,40.00,-4.3843726581755824
6.40,40.00,-3.6847160491527315
6.60,40.00,-3.1217968550022936
6.80,40.00,-2.6674101431747599
7.00,40.00,-2.2990218622640772
7.20,40.00,-1.9988812567861642
7.40,40.00,-1.7530647567743909
7.60,40.00,-1.5506400819112793
7.80,40.00,-1.3829940919669408
8.00,40.00,-1.2433121603685775
8.20,40.00,-1.1261807095932486
8.40,40.00,-1.0272842803642210
8.60,40.00,-0.9431734038673441
8.80,40.00,-0.8710851798514946
9.00,40.00,-0.8088032823082927
9.50,40.00,-0.6851621534389294
10.00,40.00,-0.5930441519161939
10.50,40.00,-0.5210244870493719
11.00,40.00,-0.4623761713013848
11.50,40.00,-0.4130732322290508
12.00,40.00,-0.3706471559792038
12.50,40.00,-0.3335338818080309
13.00,40.00,-0.3007010181966637
13.50,40.00,-0.2714343316023469
14.00,40.00,-0.2452146142459408
14.50,40.00,-0.2216459363821237
15.00,40.00,-0.2004132599533055
16.00,40.00,-0.1639571433380215
17.00,40.00,-0.1341903456122710
18.00,40.00,-0.1098487890402012
19.00,40.00,-0.0899303598504763
20.00,40.00,-0.0736264673297594
21.00,40.00,-0.0602794139566993
22.00,40.00,-0.0493523015510967
23.00,40.00,-0.0404061336048044
24.00,40.00,-0.0330817024863901
25.00,40.00,-0.0270849918487401
50.00,40.00,-0.0001824971552161
100.00,40.00,-0.0000000082853580
1.00,50.00,-151149.5305016483180225
1.10,50.00,-73789.6405238092556829
1.20,50.00,-28327.8602542304433882
1.30,50.00,-2890.7333777730241309
1.40,50.00,10235.8512264021283045
1.50,50.00,16005.6523565875686472
1.60,50.00,17554.1646435533621116
1.70,50.00,16829.7016155920464371
1.80,50.00,15013.6162509709756705
1.90,50.00,12798.1816035991396348
2.00,50.00,10568.8593380811162206
2.10,50.00,8522.7027566168817430
2.20,50.00,6744.3736242006625616
2.30,50.00,5254.2381953947351576
2.40,50.00,4038.2333603109741489
2.50,50.00,3065.9564469457691303
2.60,50.00,2301.2466415220369527
2.70,50.00,1708.0577217767631737
2.80,50.00,1253.4409121282758406
2.90,50.00,908.8055785196613670
3.00,50.00,650.1965247725844392
3.10,50.00,458.0465381553425459
3.20,50.00,316.6818558217304940
3.30,50.00,213.7428250733016171
3.40,50.00,139.6096586755902820
3.50,50.00,86.8787734820315336
3.60,50.00,49.9087419396231198
3.70,50.00,24.4397886656210197
3.80,50.00,7.2827215814586248
3.90,50.00,-3.9305842450172190
4.00,50.00,-10.9443072416113125
4.10,50.00,-15.0324548153707358
4.20,50.00,-17.1175387836946626
4.30,50.00,-17.8612996714114658
4.40,50.00,-17.7334742345225393
4.50,50.00,-17.0635115414545773
4.60,50.00,-16.0791775053207537
4.70,50.00,-14.9351654847142505
4.80,50.00,-13.7341496913095682
4.90,50.00,-12.5421661051911020
5.00,50.00,-11.3997653475256300
5.10,50.00,-10.3300355315505357
5.20,50.00,-9.3443235533971905
5.30,50.00,-8.4462755515786903
5.40,50.00,-7.6346585324808744
5.50,50.00,-6.9053047957089522
5.60,50.00,-6.2524301646307876
5.70,50.00,-5.6695092384957979
5.80,50.00,-5.1498404980170136
5.90,50.00,-4.6868968793625632
6.00,50.00,-4.2745301103598692
6.20,50.00,-3.5794028016122552
6.40,50.00,-3.0254755604646939
6.60,50.00,-2.5817742760746105
6.80,50.00,-2.2241816251984439
7.00,50.00,-1.9340811044440662
7.20,50.00,-1.6971281192924308
7.40,50.00,-1.5022448753670234
7.60,50.00,-1.3408382839844624
7.80,50.00,-1.2062063547432809
8.00,50.00,-1.0930924891513156
8.20,50.00,-0.9973515444786224
8.40,50.00,-0.9156988304148952
8.60,50.00,-0.8455202356222332
8.80,50.00,-0.7847274555911814
9.00,50.00,-0.7316466887793036
9.50,50.00,-0.6244835324490187
10.00,50.00,-0.5429268069553597
10.50,50.00,-0.4781582613536912
11.00,50.00,-0.4248679315468420
11.50,50.00,-0.3797918042278598
12.00,50.00,-0.3408714051987320
12.50,50.00,-0.3067668348971312
13.00,50.00,-0.2765725294382601
13.50,50.00,-0.2496500784612288
14.00,50.00,-0.2255290455973647
14.50,50.00,-0.2038475406169704
15.00,50.00,-0.1843161821504113
16.00,50.00,-0.1507841363984741
17.00,50.00,-0.1234071883850792
18.00,50.00,-0.1010209551003378
19.00,50.00,-0.0827029724725659
20.00,50.00,-0.0677092650997504
21.00,50.00,-0.0554348480041565
22.00,50.00,-0.0453859171087223
23.00,50.00,-0.0371587365798450
24.00,50.00,-0.0304229601001435
25.00,50.00,-0.0249081982152685
50.00,50.00,-0.0001678300379513
100.00,50.00,-0.0000000076194719
1.00,60.00,525840.5813636211678386
1.10,60.00,341937.6035863372380845
1.20,60.00,223263.1556127320218366
1.30,60.00,146499.9057824800838716
1.40,60.00,96686.8109101791051216
1.50,60.00,64228.3312917129369453
1.60,60.00,42970.0792046035858220
1.70,60.00,28962.5816014146475936
1.80,60.00,19668.2756587466828933
1.90,60.00,13453.5067853088967240
2.00,60.00,9263.4725963429973490
2.10,60.00,6414.4087115154979983
2.20,60.00,4460.7943761318592806
2.30,60.00,3110.4958378730593722
2.40,60.00,2170.5078820664884915
2.50,60.00,1512.2108060288414890
2.60,60.00,1049.0704698480692514
2.70,60.00,722.2744380024601014
2.80,60.00,491.4351182016031885
2.90,60.00,328.5346368605526663
3.00,60.00,213.9503380436935913
3.10,60.00,133.8217813915934471
3.20,60.00,78.2879730179830631
3.30,60.00,40.2935078363684269
3.40,60.00,14.7701498862318132
3.50,60.00,-1.9311020488012334
3.60,60.00,-12.4387804954706347
3.70,60.00,-18.6439708623004279
3.80,60.00,-21.9030846746826313
3.90,60.00,-23.1842725195194426
4.00,60.00,-23.1737771804397994
4.10,60.00,-22.3535105223353696
4.20,60.00,-21.0577759659627759
4.30,60.00,-19.5147723874027434
4.40,60.00,-17.8769365429644509
4.50,60.00,-16.2430738707538431
4.60,60.00,-14.6744395009589113
4.70,60.00,-13.2063630556110390
4.80,60.00,-11.8565964339279315
4.90,60.00,-10.6312588770176966
5.00,60.00,-9.5290277549014704
5.10,60.00,-8.5440554682498480
5.20,60.00,-7.6679674986429491
5.30,60.00,-6.8912030563791165
5.40,60.00,-6.2038899615671070
5.50,60.00,-5.5963934198781793
5.60,60.00,-5.0596397826049602
5.70,60.00,-4.5852878742891221
5.80,60.00,-4.1657995106185659
5.90,60.00,-3.7944455094867240
6.00,60.00,-3.4652723788360622
6.20,60.00,-2.9131897871552117
6.40,60.00,-2.4751199474870336
6.60,60.00,-2.1249302945028110
6.80,60.00,-1.8428478258667085
7.00,60.00,-1.6138815888270928
7.20,60.00,-1.4266087231370390
7.40,60.00,-1.2722673764932069
7.60,60.00,-1.1440885892231512
7.80,60.00,-1.0368064220622673
8.00,60.00,-0.9462980025069853
8.20,60.00,-0.8693172879257918
8.40,60.00,-0.8032963239280031
8.60,60.00,-0.7461953420603227
8.80,60.00,-0.6963885168175121
9.00,60.00,-0.6525760611802464
9.50,60.00,-0.5629253604834664
10.00,60.00,-0.4933009435946002
10.50,60.00,-0.4369516728174795
11.00,60.00,-0.3898324490042014
11.50,60.00,-0.3494591186829981
12.00,60.00,-0.3142576069309257
12.50,60.00,-0.2831916194099375
13.00,60.00,-0.2555482080559403
13.50,60.00,-0.2308132091666112
14.00,60.00,-0.2085981239295339
14.50,60.00,-0.1885966412697994
15.00,60.00,-0.1705583763138386
16.00,60.00,-0.1395585239496037
17.00,60.00,-0.1142305438127203
18.00,60.00,-0.0935129468733794
19.00,60.00,-0.0765578461127754
20.00,60.00,-0.0626787642515889
21.00,60.00,-0.0513164809321559
22.00,60.00,-0.0420141785016232
23.00,60.00,-0.0343982255022088
24.00,60.00,-0.0281628576669059
25.00,60.00,-0.0230577875865079
50.00,60.00,-0.0001553620952601
100.00,60.00,-0.0000000070534282
1.00,70.00,419293.7499456859077327
1.10,70.00,273424.6186014422564767
1.20,70.00,178747.7609050289029256
1.30,70.00,117203.3529639207699802
1.40,70.00,77114.5987211007159203
1.50,70.00,50933.5402949572089710
1.60,70.00,33780.8323885671707103
1.70,70.00,22500.8963751036535541
1.80,70.00,15051.1865742265199515
1.90,70.00,10107.7813755641363969
2.00,70.00,6810.8653424875492419
2.10,70.00,4600.5709868602216375
2.20,70.00,3111.1259441929310015
2.30,70.00,2102.5889473938123047
2.40,70.00,1416.8023747987533625
2.50,70.00,948.9398916291676187
2.60,70.00,629.0963862928551862
2.70,70.00,410.3468560141634498
2.80,70.00,260.9760848893200773
2.90,70.00,159.4014790394865599
3.00,70.00,90.8388528107091844
3.10,70.00,45.0997232875808578
3.20,70.00,15.1261500377617075
3.30,70.00,-3.9912374640630222
3.40,70.00,-15.6767289660150713
3.50,70.00,-22.3216090844803041
3.60,70.00,-25.5947722182872397
3.70,70.00,-26.6578610029031182
3.80,70.00,-26.3153770179160951
3.90,70.00,-25.1200934895042636
4.00,70.00,-23.4474683165455282
4.10,70.00,-21.5483776947966668
4.20,70.00,-19.5865753462825012
4.30,70.00,-17.6653224213826263
4.40,70.00,-15.8463017612764947
4.50,70.00,-14.1630160364359270
4.60,70.00,-12.6302348075028110
4.70,70.00,-11.2506106647519069
4.80,70.00,-10.0192696946229969
4.90,70.00,-8.9269567773923342
5.00,70.00,-7.9621547267815167
5.10,70.00,-7.1124796267567465
5.20,70.00,-6.3655701451717128
5.30,70.00,-5.7096271595408385
5.40,70.00,-5.1337153673490068
5.50,70.00,-4.6279061196196842
5.60,70.00,-4.1833172195746684
5.70,70.00,-3.7920884701007167
5.80,70.00,-3.4473195785961224
5.90,70.00,-3.1429883455275829
6.00,70.00,-2.8738609240478361
6.20,70.00,-2.4236869205889660
6.40,70.00,-2.0673881570355745
6.60,70.00,-1.7829939456904960
6.80,70.00,-1.5540574403649496
7.00,70.00,-1.3682032832061048
7.20,70.00,-1.2160549841690946
7.40,70.00,-1.0904534418595497
7.60,70.00,-0.9858903091029574
7.80,70.00,-0.8980965536920498
8.00,70.00,-0.8237419753042956
8.20,70.00,-0.7602138578621598
8.40,70.00,-0.7054522561836309
8.60,70.00,-0.6578261258914467
8.80,70.00,-0.6160392186611503
9.00,70.00,-0.5790579303413875
9.50,70.00,-0.5025978005436023
10.00,70.00,-0.4423599922387646
10.50,70.00,-0.3930096874920243
11.00,70.00,-0.3513454582761245
11.50,70.00,-0.3153908123770673
12.00,70.00,-0.2838818011925220
12.50,70.00,-0.2559756165498695
13.00,70.00,-0.2310834068234596
13.50,70.00,-0.2087733738339680
14.00,70.00,-0.1887139159350482
14.50,70.00,-0.1706397748200080
15.00,70.00,-0.1543315172965304
16.00,70.00,-0.1262924125686289
17.00,70.00,-0.1033762397221698
18.00,70.00,-0.0846287865842236
19.00,70.00,-0.0692850626339362
20.00,70.00,-0.0567246624709758
21.00,70.00,-0.0464418032558732
22.00,70.00,-0.0380231772496907
23.00,70.00,-0.0311306874277404
24.00,70.00,-0.0254876301534113
25.00,70.00,-0.0208674989020573
50.00,70.00,-0.0001406040591234
100.00,70.00,-0.0000000063834144
1.00,80.00,381329.2799704742501490
1.10,80.00,248166.9143597565707751
1.20,80.00,161895.8330669927527197
1.30,80.00,105922.1715245940140449
1.40,80.00,69533.8042020577850053
1.50,80.00,45817.6678826731513254
1.60,80.00,30312.4362328931929369
1.70,80.00,20137.9478153448690136
1.80,80.00,13433.3095816721051960
1.90,80.00,8994.5859644604715868
2.00,80.00,6041.3706182240266571
2.10,80.00,4066.4828107050243489
2.20,80.00,2739.2167053465645949
2.30,80.00,1843.0590042731244012
2.40,80.00,1235.5749427699179250
2.50,80.00,822.5451094633764342
2.60,80.00,541.2622107008580770
2.70,80.00,349.7173964505332719
2.80,80.00,219.5766406123613024
2.90,80.00,131.5997815950577490
3.00,80.00,72.6374220494062399
3.10,80.00,33.6502768455662888
3.20,80.00,8.3938005133208868
3.30,80.00,-7.4620677954755070
3.40,80.00,-16.9268033513187142
3.50,80.00,-22.0933756306866584
3.60,80.00,-24.4154778908138397
3.70,80.00,-24.8992400200003097
3.80,80.00,-24.2367594465387448
3.90,80.00,-22.8996815098338651
4.00,80.00,-21.2051031158456880
4.10,80.00,-19.3621447779484868
4.20,80.00,-17.5049223450769063
4.30,80.00,-15.7158935081739308
4.40,80.00,-14.0423616215397455
4.50,80.00,-12.5081006829854608
4.60,80.00,-11.1214971767659510
4.70,80.00,-9.8812061597786762
4.80,80.00,-8.7800371073722907
4.90,80.00,-7.8075839857776792
5.00,80.00,-6.9519696863344658
5.10,80.00,-6.2009708442307820
5.20,80.00,-5.5427137303032890
5.30,80.00,-4.9660773152057462
5.40,80.00,-4.4609000551350979
5.50,80.00,-4.0180583435124397
5.60,80.00,-3.6294639515087841
5.70,80.00,-3.2880129847814827
5.80,80.00,-2.9875083356723704
5.90,80.00,-2.7225701509914217
6.00,80.00,-2.4885436142839614
6.20,80.00,-2.0977023681916855
6.40,80.00,-1.7890245294405356
6.60,80.00,-1.5431917267676538
6.80,80.00,-1.3457718736005027
7.00,80.00,-1.1859126511845726
7.20,80.00,-1.0553897960726000
7.40,80.00,-0.9479204373328827
7.60,80.00,-0.8586682694917644
7.80,80.00,-0.7838852809960580
8.00,80.00,-0.7206500844641688
8.20,80.00,-0.6666746886982247
8.40,80.00,-0.6201601164333923
8.60,80.00,-0.5796872785100750
8.80,80.00,-0.5441336435116237
9.00,80.00,-0.5126090515229620
9.50,80.00,-0.4471273829028305
10.00,80.00,-0.3950949231986037
10.50,80.00,-0.3520733241093516
11.00,80.00,-0.3154441709595514
11.50,80.00,-0.2836118214235949
12.00,80.00,-0.2555624264963651
12.50,80.00,-0.2306189049160400
13.00,80.00,-0.2083038419852871
13.50,80.00,-0.1882619750560982
14.00,80.00,-0.1702157416871652
14.50,80.00,-0.1539393149374076
15.00,80.00,-0.1392430821405326
16.00,80.00,-0.1139600044454393
17.00,80.00,-0.0932870594492746
18.00,80.00,-0.0763713194679254
19.00,80.00,-0.0625254722679174
20.00,80.00,-0.0511907652903253
21.00,80.00,-0.0419111740201233
22.00,80.00,-0.0343138642300925
23.00,80.00,-0.0280937780911204
24.00,80.00,-0.0230012261881263
25.00,80.00,-0.0188318061243177
50.00,80.00,-0.0001268876834488
100.00,80.00,-0.0000000057606919
1.00,90.00,378209.1517956827883609
1.10,90.00,246074.9134925106773153
1.20,90.00,160483.4225129020051099
1.30,90.00,104957.9545870540314354
1.40,90.00,68865.3804525550222024
1.50,90.00,45345.3507127615521313
1.60,90.00,29971.3557024356887268
1.70,90.00,19886.0032579269864073
1.80,90.00,13243.1523884420148534
1.90,90.00,8848.3454842194314551
2.00,90.00,5927.2248043511326614
2.10,90.00,3976.4544213799808858
2.20,90.00,2667.7735187417788438
2.30,90.00,1786.2346043651907621
2.40,90.00,1190.4218983169835155
2.50,90.00,786.7972772522136893
2.60,90.00,513.1265651336162819
2.70,90.00,327.7447878634713447
2.80,90.00,202.5798762514995133
2.90,90.00,118.5996723302314280
3.00,90.00,62.8252048620690005
3.10,90.00,26.3596525361126162
3.20,90.00,3.0787603531439194
3.30,90.00,-11.2457193858096147
3.40,90.00,-19.5373348457420946
3.50,90.00,-23.8169904773731993
3.60,90.00,-25.4784464612556327
3.70,90.00,-25.4784698006286021
3.80,90.00,-24.4689243660009232
3.90,90.00,-22.8890209359054424
4.00,90.00,-21.0300051118320752
4.10,90.00,-19.0806349595356330
4.20,90.00,-17.1591838177615514
4.30,90.00,-15.3359431422718426
4.40,90.00,-13.6490034073223221
4.50,90.00,-12.1152689778589391
4.60,90.00,-10.7380924222663623
4.70,90.00,-9.5125141676294387
4.80,90.00,-8.4288111679533912
4.90,90.00,-7.4748574968129189
5.00,90.00,-6.6376561831734140
5.10,90.00,-5.9042985073019825
5.20,90.00,-5.2625327826971429
5.30,90.00,-4.7010712344816197
5.40,90.00,-4.2097251689548063
5.50,90.00,-3.7794310750839100
5.60,90.00,-3.4022106201937929
5.70,90.00,-3.0710935316267354
5.80,90.00,-2.7800225149014515
5.90,90.00,-2.5237524946299805
6.00,90.00,-2.2977517359363029
6.20,90.00,-1.9214503417836806
6.40,90.00,-1.6258279617522327
6.60,90.00,-1.3920003080083529
6.80,90.00,-1.2057858910897554
7.00,90.00,-1.0564571817550954
7.20,90.00,-0.9358381907374379
7.40,90.00,-0.8376545337548289
7.60,90.00,-0.7570632367797230
7.80,90.00,-0.6903092888329119
8.00,90.00,-0.6344716473033285
8.20,90.00,-0.5872729119429503
8.40,90.00,-0.5469349396112753
8.60,90.00,-0.5120681567617377
8.80,90.00,-0.4815860095143783
9.00,90.00,-0.4546384574174185
9.50,90.00,-0.3987131569972229
10.00,90.00,-0.3540522387712959
10.50,90.00,-0.3167752435083316
11.00,90.00,-0.2847024714904928
11.50,90.00,-0.2565625708648500
12.00,90.00,-0.2315724905731655
12.50,90.00,-0.2092159804795761
13.00,90.00,-0.1891268183790479
13.50,90.00,-0.1710268766049499
14.00,90.00,-0.1546928246181711
14.50,90.00,-0.1399378151758253
15.00,90.00,-0.1266010671010027
16.00,90.00,-0.1036346424453907
17.00,90.00,-0.0848426645672900
18.00,90.00,-0.0694610723537347
19.00,90.00,-0.0568691096389035
20.00,90.00,-0.0465601951007149
21.00,90.00,-0.0381201561211050
22.00,90.00,-0.0312101047301312
23.00,90.00,-0.0255526580868177
24.00,90.00,-0.0209207416850889
25.00,90.00,-0.0171284526416244
50.00,90.00,-0.0001154105953444
100.00,90.00,-0.0000000052396329
1.00,100.00,-22556800.2592171952128410
1.10,100.00,-13813125.0894548203796148
1.20,100.00,-8401518.2716200612485409
1.30,100.00,-5071781.4416732480749488
1.40,100.00,-3036219.2304582861252129
1.50,100.00,-1800704.0058801779523492
1.60,100.00,-1056745.1254862712230533
1.70,100.00,-612757.2125510139157996
1.80,100.00,-350445.4894399048062041
1.90,100.00,-197236.0961622853355948
2.00,100.00,-108922.1893605703517096
2.10,100.00,-58790.9474589341989486
2.20,100.00,-30845.8716376029806270
2.30,100.00,-15605.7255622160118946
2.40,100.00,-7516.9038138469422847
2.50,100.00,-3370.7726465501768871
2.60,100.00,-1343.3265165744694514
2.70,100.00,-417.6867167654605737
2.80,100.00,-40.3892078083372894
2.90,100.00,80.7492589752915961
3.00,100.00,93.8442903361631551
3.10,100.00,69.7806616299877760
3.20,100.00,39.5497717933995787
3.30,100.00,14.5772029781662020
3.40,100.00,-2.5760061389050724
3.50,100.00,-12.8341710139455785
3.60,100.00,-18.0829402993574284
3.70,100.00,-20.1158650168821396
3.80,100.00,-20.2949330630664413
3.90,100.00,-19.5260332017588532
4.00,100.00,-18.3492100005077781
4.10,100.00,-17.0508522364423527
4.20,100.00,-15.7604236515418652
4.30,100.00,-14.5212716756455968
4.40,100.00,-13.3368055540033570
4.50,100.00,-12.1974266660621282
4.60,100.00,-11.0941118758292312
4.70,100.00,-10.0236353038186330
4.80,100.00,-8.9891172873886838
4.90,100.00,-7.9983778077688994
5.00,100.00,-7.0616105582181747
5.10,100.00,-6.1892048736904997
5.20,100.00,-5.3900881201716855
5.30,100.00,-4.6706857049651234
5.40,100.00,-4.0344465625429118
5.50,100.00,-3.4818152354506946
5.60,100.00,-3.0105149334971673
5.70,100.00,-2.6160165132677453
5.80,100.00,-2.2920913343459590
5.90,100.00,-2.0313723808840667
6.00,100.00,-1.8258728752212257
6.20,100.00,-1.5480773301431094
6.40,100.00,-1.3972070540188124
6.60,100.00,-1.3215363491313399
6.80,100.00,-1.2820475052024609
7.00,100.00,-1.2522624777607150
7.20,100.00,-1.2163718557905330
7.40,100.00,-1.1667158672387155
7.60,100.00,-1.1012827633584441
7.80,100.00,-1.0215706613132531
8.00,100.00,-0.9309387708966248
8.20,100.00,-0.8334427890235039
8.40,100.00,-0.7330840474354030
8.60,100.00,-0.6333795407125583
8.80,100.00,-0.5371618368325699
9.00,100.00,-0.4465313588020290
9.50,100.00,-0.2522332031062275
10.00,100.00,-0.1081496217169319
10.50,100.00,-0.0095491536809927
11.00,100.00,0.0531370761618412
11.50,100.00,0.0897878475627725
12.00,100.00,0.1086801939678676
12.50,100.00,0.1160429781774338
13.00,100.00,0.1162613132834519
13.50,100.00,0.1122823421178964
14.00,100.00,0.1060174144924909
14.50,100.00,0.0986686541142574
15.00,100.00,0.0909694093832620
16.00,100.00,0.0760558594411811
17.00,100.00,0.0628588266973823
18.00,100.00,0.0516835091962095
19.00,100.00,0.0423959510032943
20.00,100.00,0.0347408028603678
21.00,100.00,0.0284544001593752
22.00,100.00,0.0233005580085746
23.00,100.00,0.0190783802495763
24.00,100.00,0.0156206075589395
25.00,100.00,0.0127892745265795
50.00,100.00,0.0000861745688262
100.00,100.00,0.0000000039123194
1.00,110.00,728154.6039029232924804
1.10,110.00,472630.1598116718232632
1.20,110.00,307337.0763272225740366
1.30,110.00,200324.2067797035560943
1.40,110.00,130952.6609413079422666
1.50,110.00,85899.8205256866349373
1.60,110.00,56569.7683170598684228
1.70,110.00,37417.3225010358219151
1.80,110.00,24864.7246864594781073
1.90,110.00,16602.2446865355996124
2.00,110.00,11137.1387908106025861
2.10,110.00,7503.0480892847526775
2.20,110.00,5072.9081560406457356
2.30,110.00,3438.5598932371367482
2.40,110.00,2333.2946390254446669
2.50,110.00,1582.0099368757366847
2.60,110.00,1069.1094581977240523
2.70,110.00,717.8021414408257215
2.80,110.00,476.7246749501885006
2.90,110.00,311.2713220299779664
3.00,110.00,197.9530331579958897
3.10,110.00,120.7096510351591832
3.20,110.00,68.4848057072014171
3.30,110.00,33.6201922320988942
3.40,110.00,10.7841159790189671
3.50,110.00,-3.7495301596300030
3.60,110.00,-12.5908104668925578
3.70,110.00,-17.5691455415589530
3.80,110.00,-19.9651385337304639
3.90,110.00,-20.6721392918572739
4.00,110.00,-20.3096719308172595
4.10,110.00,-19.3035610752162761
4.20,110.00,-17.9428060035340380
4.30,110.00,-16.4200827898041730
4.40,110.00,-14.8606353291760662
4.50,110.00,-13.3428835988764725
4.60,110.00,-11.9130980145659198
4.70,110.00,-10.5958112082192049
4.80,110.00,-9.4011645803808541
4.90,110.00,-8.3300519188147870
5.00,110.00,-7.3776833067488781
5.10,110.00,-6.5360206309557061
5.20,110.00,-5.7954116164112506
5.30,110.00,-5.1456589204840482
5.40,110.00,-4.5766949482926478
5.50,110.00,-4.0789849973233245
5.60,110.00,-3.6437463001833663
5.70,110.00,-3.2630450338512729
5.80,110.00,-2.9298148667985355
5.90,110.00,-2.6378272613998792
6.00,110.00,-2.3816341670553673
6.20,110.00,-1.9583103266233179
6.40,110.00,-1.6290896979006866
6.60,110.00,-1.3710665787919005
6.80,110.00,-1.1672223817384566
7.00,110.00,-1.0048833873696581
7.20,110.00,-0.8745612900342334
7.40,110.00,-0.7691029685115579
7.60,110.00,-0.6830746787627916
7.80,110.00,-0.6123177267298243
8.00,110.00,-0.5536271348998694
8.20,110.00,-0.5045177370879084
8.40,110.00,-0.4630523446311321
8.60,110.00,-0.4277141828791440
8.80,110.00,-0.3973111776320091
9.00,110.00,-0.3709034163436515
9.50,110.00,-0.3178564685480541
10.00,110.00,-0.2775241028400492
10.50,110.00,-0.2453424068943561
11.00,110.00,-0.2186667073999372
11.50,110.00,-0.1959245782387851
12.00,110.00,-0.1761492879406314
12.50,110.00,-0.1587211730351110
13.00,110.00,-0.1432232372632607
13.50,110.00,-0.1293597717823900
14.00,110.00,-0.1169099383887634
14.50,110.00,-0.1057008947307575
15.00,110.00,-0.0955919451439714
16.00,110.00,-0.0782185592061730
17.00,110.00,-0.0640233749781113
18.00,110.00,-0.0524118516190408
19.00,110.00,-0.0429089763091503
20.00,110.00,-0.0351300843493746
21.00,110.00,-0.0287617813527430
22.00,110.00,-0.0235480449867056
23.00,110.00,-0.0192794681901930
24.00,110.00,-0.0157846786472693
25.00,110.00,-0.0129233963692680
50.00,110.00,-0.0000870771297337
100.00,110.00,-0.0000000039532956
1.00,120.00,778864.5749832815490663
1.10,120.00,520992.3717111131409183
1.20,120.00,349462.4032292442279868
1.30,120.00,235108.9192291427170858
1.40,120.00,158678.6913975464703981
1.50,120.00,107449.6500564468587982
1.60,120.00,73004.9178384914557682
1.70,120.00,49767.3717287058316288
1.80,120.00,34034.6986653084677528
1.90,120.00,23343.7743281019465940
2.00,120.00,16051.7313386534115125
2.10,120.00,11059.6229020829941874
2.20,120.00,7629.9503482853324385
2.30,120.00,5266.0067714070664806
2.40,120.00,3631.9599547815801088
2.50,120.00,2499.8102316344866267
2.60,120.00,1714.0997298332367791
2.70,120.00,1168.3654936747939246
2.80,120.00,789.3773346033385678
2.90,120.00,526.5481681548445749
3.00,120.00,344.7907083931299326
3.10,120.00,219.6777983962545306
3.20,120.00,134.1481665020428693
3.30,120.00,76.2531697604486283
3.40,120.00,37.6078639404126776
3.50,120.00,12.3209024191407828
3.60,120.00,-3.7483903874460820
3.70,120.00,-13.5082223904897827
3.80,120.00,-18.9973641151497645
3.90,120.00,-21.6404666480690757
4.00,120.00,-22.4282305590421984
4.10,120.00,-22.0448923320027035
4.20,120.00,-20.9586152828389203
4.30,120.00,-19.4856581497223225
4.40,120.00,-17.8359459591992646
4.50,120.00,-16.1454158111143933
4.60,120.00,-14.4989400628004166
4.70,120.00,-12.9465284559417526
4.80,120.00,-11.5147347038820378
4.90,120.00,-10.2146433931399372
5.00,120.00,-9.0474220364463989
5.10,120.00,-8.0081439224068518
5.20,120.00,-7.0883874531372628
5.30,120.00,-6.2779741247912799
5.40,120.00,-5.5661041067140458
5.50,120.00,-4.9420741178989509
5.60,120.00,-4.3957088670234334
5.70,120.00,-3.9175989051100517
5.80,120.00,-3.4992101634611554
5.90,120.00,-3.1329107046523768
6.00,120.00,-2.8119461260781584
6.20,120.00,-2.2830490599022109
6.40,120.00,-1.8736461941430709
6.60,120.00,-1.5544973884308453
6.80,120.00,-1.3037740023455382
7.00,120.00,-1.1052137862751015
7.20,120.00,-0.9466805608091706
7.40,120.00,-0.8190784696853114
7.60,120.00,-0.7155497583001917
7.80,120.00,-0.6308883875089972
8.00,120.00,-0.5611133248372319
8.20,120.00,-0.5031580259755890
8.40,120.00,-0.4546437289714755
8.60,120.00,-0.4137130136354134
8.80,120.00,-0.3789067328843896
9.00,120.00,-0.3490722806854801
9.50,120.00,-0.2906791434249583
10.00,120.00,-0.2481615596536453
10.50,120.00,-0.2157249312681762
11.00,120.00,-0.1899339228524376
11.50,120.00,-0.1687089995877627
12.00,120.00,-0.1507628904648142
12.50,120.00,-0.1352779375494968
13.00,120.00,-0.1217186682329889
13.50,120.00,-0.1097216568238836
14.00,120.00,-0.0990301597204470
14.50,120.00,-0.0894549598427964
15.00,120.00,-0.0808506841868301
16.00,120.00,-0.0661112585783968
17.00,120.00,-0.0540966075854507
18.00,120.00,-0.0442792737643153
19.00,120.00,-0.0362486561615782
20.00,120.00,-0.0296763647690895
21.00,120.00,-0.0242963917175712
22.00,120.00,-0.0198919968366219
23.00,120.00,-0.0162861136835817
24.00,120.00,-0.0133339142130746
25.00,120.00,-0.0109168753588885
50.00,120.00,-0.0000735572711226
100.00,120.00,-0.0000000033394949
1.00,130.00,-1891354.2809995671268553
1.10,130.00,-1115734.0093955395277590
1.20,130.00,-644672.3970801633549854
1.30,130.00,-362228.2775295613100752
1.40,130.00,-195581.3353195313247852
1.50,130.00,-99283.7074689078435767
1.60,130.00,-45179.7321943019778701
1.70,130.00,-15978.0618972053744073
1.80,130.00,-1170.1198939269415860
1.90,130.00,5549.1726348907395732
2.00,130.00,7902.4335164576350508
2.10,130.00,8042.2128941737728383
2.20,130.00,7178.6374952511350784
2.30,130.00,5965.1621755750165903
2.40,130.00,4733.1958862799765484
2.50,130.00,3632.9991617232417411
2.60,130.00,2716.9517753210284354
2.70,130.00,1987.7522713152354754
2.80,130.00,1425.5479291519732215
2.90,130.00,1002.6061054354152020
3.00,130.00,690.7692921657128409
3.10,130.00,464.8452612845372869
3.20,130.00,303.7968486254637810
3.30,130.00,190.8121179719738052
3.40,130.00,112.8641993238490500
3.50,130.00,60.0909776551211934
3.60,130.00,25.1629027995821879
3.70,130.00,2.7158284401078103
3.80,130.00,-11.1237811451783415
3.90,130.00,-19.1192448893306768
4.00,130.00,-23.2192297476949001
4.10,130.00,-24.7822136875903141
4.20,130.00,-24.7439222542740787
4.30,130.00,-23.7404103897397043
4.40,130.00,-22.1974243675174883
4.50,130.00,-20.3945823167003191
4.60,130.00,-18.5110206345135104
4.70,130.00,-16.6575642068088428
4.80,130.00,-14.8992009275045483
4.90,130.00,-13.2706456307930143
5.00,130.00,-11.7870205677544018
5.10,130.00,-10.4511125906647901
5.20,130.00,-9.2582492132720962
5.30,130.00,-8.1995312515102778
5.40,130.00,-7.2639402647517670
5.50,130.00,-6.4396822236844971
5.60,130.00,-5.7150177273943896
5.70,130.00,-5.0787509459302074
5.80,130.00,-4.5204948763102708
5.90,130.00,-4.0307926155087754
6.00,130.00,-3.6011482270596291
6.20,130.00,-2.8926796733258837
6.40,130.00,-2.3447686917699904
6.60,130.00,-1.9188215529767492
6.80,130.00,-1.5855746389896783
7.00,130.00,-1.3229747880743292
7.20,130.00,-1.1144467038350923
7.40,130.00,-0.9475336974600650
7.60,130.00,-0.8128565641440582
7.80,130.00,-0.7033280833560476
8.00,130.00,-0.6135662633451218
8.20,130.00,-0.5394589523868676
8.40,130.00,-0.4778421256806905
8.60,130.00,-0.4262626836599112
8.80,130.00,-0.3828036147757187
9.00,130.00,-0.3459549348277780
9.50,130.00,-0.2754663421287273
10.00,130.00,-0.2262994276367281
10.50,130.00,-0.1906796384132185
11.00,130.00,-0.1638807295701910
11.50,130.00,-0.1429713998782920
12.00,130.00,-0.1261066884717416
12.50,130.00,-0.1121102525655610
13.00,130.00,-0.1002213170084784
13.50,130.00,-0.0899390148499198
14.00,130.00,-0.0809259237574285
14.50,130.00,-0.0729481035178318
15.00,130.00,-0.0658377760416920
16.00,130.00,-0.0537484961830425
17.00,130.00,-0.0439483587944492
18.00,130.00,-0.0359607897407861
19.00,130.00,-0.0294344382886795
20.00,130.00,-0.0240960205373856
21.00,130.00,-0.0197271006581102
22.00,130.00,-0.0161507967140918
23.00,130.00,-0.0132230114647249
24.00,130.00,-0.0108260337089846
25.00,130.00,-0.0088635874438771
50.00,130.00,-0.0000597222763712
100.00,130.00,-0.0000000027113872
1.00,140.00,-2266074.3247188967652619
1.10,140.00,-1294200.1625558072701097
1.20,140.00,-711497.7276572748087347
1.30,140.00,-368798.8504266883828677
1.40,140.00,-172407.2522250849578995
1.50,140.00,-63920.5076388656598283
1.60,140.00,-7269.9109853065765492
1.70,140.00,19570.1591319510625908
1.80,140.00,29861.3489528578029422
1.90,140.00,31444.9572403353959089
2.00,140.00,28846.5590196559242031
2.10,140.00,24591.0588232063382748
2.20,140.00,20017.2000662667487632
2.30,140.00,15776.6811246089673659
2.40,140.00,12135.9609418901345634
2.50,140.00,9155.6796980555009213
2.60,140.00,6794.9543015364242819
2.70,140.00,4970.1503090741352935
2.80,140.00,3586.5174377259072571
2.90,140.00,2553.9949505294257506
3.00,140.00,1794.0526829904022179
3.10,140.00,1241.6713127513726249
3.20,140.00,844.8641171393372815
3.30,140.00,563.1071445180006094
3.40,140.00,365.4242904918828003
3.50,140.00,228.5093148114737289
3.60,140.00,135.0584720253163198
3.70,140.00,72.3728509638362141
3.80,140.00,31.2302177220510124
3.90,140.00,4.9986049104766606
4.00,140.00,-11.0460865131351103
4.10,140.00,-20.2369889548916504
4.20,140.00,-24.9026134389619713
4.30,140.00,-26.6523378601179139
4.40,140.00,-26.5852564622146659
4.50,140.00,-25.4415744767223657
4.60,140.00,-23.7114194198419952
4.70,140.00,-21.7124046892703753
4.80,140.00,-19.6444683474498483
4.90,140.00,-17.6283218279570022
5.00,140.00,-15.7321702483003101
5.10,140.00,-13.9901045219407845
5.20,140.00,-12.4146252935387693
5.30,140.00,-11.0050649964479810
5.40,140.00,-9.7531669479868572
5.50,140.00,-8.6467122590328440
5.60,140.00,-7.6718202049194275
5.70,140.00,-6.8143581098452239
5.80,140.00,-6.0607621532847498
5.90,140.00,-5.3984755489912404
6.00,140.00,-4.8161440538043099
6.20,140.00,-3.8521345930516495
6.40,140.00,-3.1018511233572701
6.60,140.00,-2.5145555343327701
6.80,140.00,-2.0521460104907447
7.00,140.00,-1.6860316405862275
7.20,140.00,-1.3946616893264021
7.40,140.00,-1.1616759389355196
7.60,140.00,-0.9745542247944148
7.80,140.00,-0.8236390068941959
8.00,140.00,-0.7014270958224839
8.20,140.00,-0.6020527034520949
8.40,140.00,-0.5209061501494237
8.60,140.00,-0.4543492887745194
8.80,140.00,-0.3995006136647519
9.00,140.00,-0.3540712462145840
9.50,140.00,-0.2706334499843813
10.00,140.00,-0.2158136426140999
10.50,140.00,-0.1781948746917714
11.00,140.00,-0.1511468441811312
11.50,140.00,-0.1307750965017164
12.00,140.00,-0.1147623172640700
12.50,140.00,-0.1017082166803268
13.00,140.00,-0.0907505736910065
13.50,140.00,-0.0813460158314672
14.00,140.00,-0.0731422160130812
14.50,140.00,-0.0659027980684675
15.00,140.00,-0.0594628602475234
16.00,140.00,-0.0485303791820309
17.00,140.00,-0.0396770331887065
18.00,140.00,-0.0324641610162114
19.00,140.00,-0.0265718247079783
20.00,140.00,-0.0217523836007248
21.00,140.00,-0.0178083209790247
22.00,140.00,-0.0145798433257379
23.00,140.00,-0.0119368275505781
24.00,140.00,-0.0097729968454578
25.00,140.00,-0.0080014343199760
50.00,140.00,-0.0000539131373015
100.00,140.00,-0.0000000024476526
1.00,150.00,-24388202.8719533011317253
1.10,150.00,-15121723.4249796401709318
1.20,150.00,-9296058.5472838673740625
1.30,150.00,-5656480.7192288050428033
1.40,150.00,-3399190.4803007952868938
1.50,150.00,-2011186.3915905500762165
1.60,150.00,-1166436.4256701469421387
1.70,150.00,-658720.1842996596824378
1.80,150.00,-358307.5334219413343817
1.90,150.00,-184096.7962264404632151
2.00,150.00,-85755.1214643766288646
2.10,150.00,-32312.7919657755810476
2.20,150.00,-4909.5950187641146840
2.30,150.00,7796.4503407794936720
2.40,150.00,12519.5291749867355975
2.50,150.00,13154.4041772568034503
2.60,150.00,11899.6243687301594036
2.70,150.00,9949.2143811954392731
2.80,150.00,7914.2722243608268400
2.90,150.00,6076.7327308787462243
3.00,150.00,4539.7259483317184277
3.10,150.00,3314.8755714907083529
3.20,150.00,2371.6199771308183699
3.30,150.00,1664.0176824862328431
3.40,150.00,1144.4717385229732827
3.50,150.00,770.0584508327201547
3.60,150.00,504.8334252597473437
3.70,150.00,320.0760846556860884
3.80,150.00,193.5824166980975463
3.90,150.00,108.6102184828894650
4.00,150.00,52.7869364982366633
4.10,150.00,17.1235645462568229
4.20,150.00,-4.8127905137296558
4.30,150.00,-17.5617729048308107
4.40,150.00,-24.2838403416757664
4.50,150.00,-27.1492921270549665
4.60,150.00,-27.6269854368192007
4.70,150.00,-26.6951374041050897
4.80,150.00,-24.9930647404419979
4.90,150.00,-22.9290093059625555
5.00,150.00,-20.7558346200262420
5.10,150.00,-18.6235418208533083
5.20,150.00,-16.6152703211179684
5.30,150.00,-14.7716691044561710
5.40,150.00,-13.1071712634790263
5.50,150.00,-11.6206945715811649
5.60,150.00,-10.3025492597897212
5.70,150.00,-9.1387968888337330
5.80,150.00,-8.1139196651930234
5.90,150.00,-7.2123873897949702
6.00,150.00,-6.4195186436921787
6.20,150.00,-5.1075423889952400
6.40,150.00,-4.0876502880350172
6.60,150.00,-3.2905102501420558
6.80,150.00,-2.6639361908821506
7.00,150.00,-2.1687882130617044
7.20,150.00,-1.7755861508675037
7.40,150.00,-1.4619566278138223
7.60,150.00,-1.2107773376127156
7.80,150.00,-1.0088416673511136
8.00,150.00,-0.8458939807930630
8.20,150.00,-0.7139250522284640
8.40,150.00,-0.6066505945769688
8.60,150.00,-0.5191202505646507
8.80,150.00,-0.4474210852546202
9.00,150.00,-0.3884506862886222
9.50,150.00,-0.2817293987783242
10.00,150.00,-0.2136417678428960
10.50,150.00,-0.1687241705455521
11.00,150.00,-0.1379499502383580
11.50,150.00,-0.1159796970092014
12.00,150.00,-0.0996161016502660
12.50,150.00,-0.0869215845614945
13.00,150.00,-0.0767070691644793
13.50,150.00,-0.0682321598480145
14.00,150.00,-0.0610275724269660
14.50,150.00,-0.0547891513501970
15.00,150.00,-0.0493142187336086
16.00,150.00,-0.0401360184433003
17.00,150.00,-0.0327727395917820
18.00,150.00,-0.0267997495082110
19.00,150.00,-0.0219299006638769
20.00,150.00,-0.0179503151723824
21.00,150.00,-0.0146948680290952
22.00,150.00,-0.0120305492197067
23.00,150.00,-0.0098495631613923
24.00,150.00,-0.0080640602673489
25.00,150.00,-0.0066022647067016
50.00,150.00,-0.0000444855478720
100.00,150.00,-0.0000000020196407
1.00,160.00,-123023573.5762574970722198
1.10,160.00,-77601767.7132077515125275
1.20,160.00,-48693969.3700570017099380
1.30,160.00,-30372942.1442419961094856
1.40,160.00,-18815857.0517184138298035
1.50,160.00,-11564036.2601591609418392
1.60,160.00,-7041029.5659538246691227
1.70,160.00,-4239488.1336171217262745
1.80,160.00,-2518147.9558320175856352
1.90,160.00,-1470510.1889180275611579
2.00,160.00,-840114.6470602314220741
2.10,160.00,-466027.8657557496335357
2.20,160.00,-247878.9922199186985381
2.30,160.00,-123510.2530198678578017
2.40,160.00,-54745.0661335133481771
2.50,160.00,-18363.8463912549268571
2.60,160.00,-409.2749656967906162
2.70,160.00,7387.8818021473807676
2.80,160.00,9838.1172263769949495
2.90,160.00,9673.7358023000579124
3.00,160.00,8396.6069648513039283
3.10,160.00,6793.5618154428811977
3.20,160.00,5245.9637587465513207
3.30,160.00,3912.8907553383896811
3.40,160.00,2837.4885628695187734
3.50,160.00,2007.1893826761518085
3.60,160.00,1386.6444395901060034
3.70,160.00,934.8274255050876036
3.80,160.00,613.1871878282286161
3.90,160.00,388.9162777369485298
4.00,160.00,235.6928635817679378
4.10,160.00,133.2275361933936324
4.20,160.00,66.3401303118593404
4.30,160.00,23.9403357967216408
4.40,160.00,-1.9123758310493613
4.50,160.00,-16.8017577652608630
4.60,160.00,-24.5883501824837296
4.70,160.00,-27.8970538641295249
4.80,160.00,-28.4819668384848157
4.90,160.00,-27.4933155554988247
5.00,160.00,-25.6690817263751079
5.10,160.00,-23.4702742340591897
5.20,160.00,-21.1749435092970870
5.30,160.00,-18.9425467905849345
5.40,160.00,-16.8573537847503196
5.50,160.00,-14.9572586949642936
5.60,160.00,-13.2525781714530648
5.70,160.00,-11.7380769630215411
5.80,160.00,-10.4004822107092885
5.90,160.00,-9.2230409512785005
6.00,160.00,-8.1881746798922883
6.20,160.00,-6.4797236161127012
6.40,160.00,-5.1571957570472078
6.60,160.00,-4.1282964498864905
6.80,160.00,-3.3233718496703113
7.00,160.00,-2.6902856235237875
7.20,160.00,-2.1898610356188009
7.40,160.00,-1.7924254501560424
7.60,160.00,-1.4753256861706945
7.80,160.00,-1.2211563089567752
8.00,160.00,-1.0164804574492661
8.20,160.00,-0.8508881173898717
8.40,160.00,-0.7162901262025203
8.60,160.00,-0.6063819851124784
8.80,160.00,-0.5162336573808739
9.00,160.00,-0.4419748723525904
9.50,160.00,-0.3073394351611882
10.00,160.00,-0.2216259916139702
10.50,160.00,-0.1658081412137442
11.00,160.00,-0.1285929450731643
11.50,160.00,-0.1031149894605115
12.00,160.00,-0.0851329161974947
12.50,160.00,-0.0720007930361051
13.00,160.00,-0.0620579983175009
13.50,160.00,-0.0542572666251955
14.00,160.00,-0.0479343488095368
14.50,160.00,-0.0426643823144343
15.00,160.00,-0.0381721903787294
16.00,160.00,-0.0308542220447258
17.00,160.00,-0.0251138237190123
18.00,160.00,-0.0205070078847080
19.00,160.00,-0.0167696413968226
20.00,160.00,-0.0137224252591443
21.00,160.00,-0.0112322485129723
22.00,160.00,-0.0091951850214563
23.00,160.00,-0.0075280119322774
24.00,160.00,-0.0061632791700318
25.00,160.00,-0.0050460162663043
50.00,160.00,-0.0000339995156209
100.00,160.00,-0.0000000015435756
1.00,170.00,-177724076.9662762880325317
1.10,170.00,-111806693.1226641982793808
1.20,170.00,-69926951.7081315070390701
1.30,170.00,-43440226.6481179818511009
1.40,170.00,-26774976.9617053009569645
1.50,170.00,-16350887.8974833711981773
1.60,170.00,-9874732.2620434891432524
1.70,170.00,-5883006.1304297205060720
1.80,170.00,-3445512.4862394756637514
1.90,170.00,-1973720.9924860221799463
2.00,170.00,-1097198.3375279530882835
2.10,170.00,-584164.7255592732690275
2.20,170.00,-290585.5555438657756895
2.30,170.00,-127666.9912868870305829
2.40,170.00,-41186.3977307133245631
2.50,170.00,1591.3789817688439143
2.60,170.00,20152.9906932149897330
2.70,170.00,25893.9806053942593280
2.80,170.00,25325.0276875276758801
2.90,170.00,22049.1995132632728200
3.00,170.00,17969.6841312708202167
3.10,170.00,14019.0047928298226907
3.20,170.00,10593.0687398208228842
3.30,170.00,7804.8872124566560160
3.40,170.00,5629.3974407165387674
3.50,170.00,3983.4599444960977053
3.60,170.00,2767.9643649013969480
3.70,170.00,1888.3121450214039214
3.80,170.00,1262.9619278632505939
3.90,170.00,825.6997357319992261
4.00,170.00,524.8648010567006850
4.10,170.00,321.3140514946249482
4.20,170.00,186.0617059951319163
4.30,170.00,98.0473440014118864
4.40,170.00,42.2192396088335329
4.50,170.00,7.9798201180876136
4.60,170.00,-12.0275383789048700
4.70,170.00,-22.8389210657661224
4.80,170.00,-27.8528509985292239
4.90,170.00,-29.3278977693103400
5.00,170.00,-28.7395500648889310
5.10,170.00,-27.0325486060662001
5.20,170.00,-24.7969539633101306
5.30,170.00,-22.3894342874039580
5.40,170.00,-20.0157497214344318
5.50,170.00,-17.7861044426720483
5.60,170.00,-15.7517622274655480
5.70,170.00,-13.9288831551991379
5.80,170.00,-12.3137554832622804
5.90,170.00,-10.8923116526549784
6.00,170.00,-9.6459039232098895
6.20,170.00,-7.5994053931542842
6.40,170.00,-6.0280699882210689
6.60,170.00,-4.8139794858495941
6.80,170.00,-3.8684860439439537
7.00,170.00,-3.1264628445942084
7.20,170.00,-2.5401004775012908
7.40,170.00,-2.0739701480370099
7.60,170.00,-1.7014803856135310
7.80,170.00,-1.4024242349232237
8.00,170.00,-1.1612860953870892
8.20,170.00,-0.9660551572336933
8.40,170.00,-0.8073748041487115
8.60,170.00,-0.6779187706938230
8.80,170.00,-0.5719249327847976
9.00,170.00,-0.4848422157345090
9.50,170.00,-0.3279498775499636
10.00,170.00,-0.2293555565132306
10.50,170.00,-0.1662363145289150
11.00,170.00,-0.1250257955118074
11.50,170.00,-0.0975013118104317
12.00,170.00,-0.0786117108986636
12.50,170.00,-0.0652279771485602
13.00,170.00,-0.0554016259971500
13.50,170.00,-0.0479144153999289
14.00,170.00,-0.0420012122456223
14.50,170.00,-0.0371783205997488
15.00,170.00,-0.0331369307519719
16.00,170.00,-0.0266663905872910
17.00,170.00,-0.0216610967465596
18.00,170.00,-0.0176713184212177
19.00,170.00,-0.0144447249305004
20.00,170.00,-0.0118177489676851
21.00,170.00,-0.0096723915987654
22.00,170.00,-0.0079179203815446
23.00,170.00,-0.0064822165640968
24.00,170.00,-0.0053070324417418
25.00,170.00,-0.0043449726814787
50.00,170.00,-0.0000292758768102
100.00,170.00,-0.0000000013291228
1.00,180.00,-78329781.5026541352272034
1.10,180.00,-47369542.5112189799547195
1.20,180.00,-28215942.1178369969129562
1.30,180.00,-16482119.8321106489747763
1.40,180.00,-9379340.4020926337689161
1.50,180.00,-5143729.9157021660357714
1.60,180.00,-2666113.9144522035494447
1.70,180.00,-1253725.2725614102091640
1.80,180.00,-477323.6102342348312959
1.90,180.00,-73486.1580068214243511
2.00,180.00,117570.4148994874121854
2.10,180.00,191362.6515747194353025
2.20,180.00,203930.4827456542407162
2.30,180.00,187342.7955674397817347
2.40,180.00,159320.3331726932956371
2.50,180.00,129152.2721962851792341
2.60,180.00,101292.8912461238651304
2.70,180.00,77517.2742089392268099
2.80,180.00,58190.1863403033712530
2.90,180.00,42995.2360173944980488
3.00,180.00,31340.1086272439024469
3.10,180.00,22570.8075317537623050
3.20,180.00,16075.8993093216613488
3.30,180.00,11329.4447869514133345
3.40,180.00,7901.3693124709006952
3.50,180.00,5451.8691400100906321
3.60,180.00,3719.1339024499034167
3.70,180.00,2505.3357683773879216
3.80,180.00,1663.3311601577131569
3.90,180.00,1085.1160263242675228
4.00,180.00,692.3227246253459271
4.10,180.00,428.6716944236798099
4.20,180.00,254.1289455634956482
4.30,180.00,140.4727816634684245
4.40,180.00,67.9830383440529005
4.50,180.00,23.0012354116655295
4.60,180.00,-3.8470116890053472
4.70,180.00,-18.9340139567192907
4.80,180.00,-26.5461125723336409
4.90,180.00,-29.5326656524897686
5.00,180.00,-29.7619999817609155
5.10,180.00,-28.4391349440836620
5.20,180.00,-26.3253644955675483
5.30,180.00,-23.8887223396014292
5.40,180.00,-21.4061566805689658
5.50,180.00,-19.0322329277063496
5.60,180.00,-16.8448241171181685
5.70,180.00,-14.8751152220383602
5.80,180.00,-13.1270132988443891
5.90,180.00,-11.5894748955229492
6.00,180.00,-10.2441525125703556
6.20,180.00,-8.0458514658233593
6.40,180.00,-6.3704254519026575
6.60,180.00,-5.0841714638466886
6.80,180.00,-4.0865051273068058
7.00,180.00,-3.3045188016548188
7.20,180.00,-2.6858384910835635
7.40,180.00,-2.1925848392087612
7.60,180.00,-1.7969430199748642
7.80,180.00,-1.4781091267837865
8.00,180.00,-1.2202382911217737
8.20,180.00,-1.0110701038645002
8.40,180.00,-0.8409963571720065
8.60,180.00,-0.7024144511273483
8.80,180.00,-0.5892664321643851
9.00,180.00,-0.4967010298270151
9.50,180.00,-0.3315775790673615
10.00,180.00,-0.2297003388175380
10.50,180.00,-0.1657330686964658
11.00,180.00,-0.1246751971980520
11.50,180.00,-0.0975910709080524
12.00,180.00,-0.0791266867121113
12.50,180.00,-0.0660551365389482
13.00,180.00,-0.0564193156165794
13.50,180.00,-0.0490237389852622
14.00,180.00,-0.0431317421438845
14.50,180.00,-0.0382842526605098
15.00,180.00,-0.0341909119915940
16.00,180.00,-0.0275810129921612
17.00,180.00,-0.0224299720513229
18.00,180.00,-0.0183084284478718
19.00,180.00,-0.0149691981349125
20.00,180.00,-0.0122482122155327
21.00,180.00,-0.0100252180383181
22.00,180.00,-0.0082069353866948
23.00,180.00,-0.0067188955668078
24.00,180.00,-0.0055008285420555
25.00,180.00,-0.0045036467706361
50.00,180.00,-0.0000303450543694
100.00,180.00,-0.0000000013776633
