T	2->0	4->0	6->0	8->0	10->0	4->2	6->2	8->2	10->2	6->4	8->4	10->4	8->6	10->6	10->8	
1.000000000000000000e+00 2.298747967604452507e-12 6.299455430161536828e-14 1.319454357537555792e-14 4.617199501267964934e-17 4.469313217838347796e-19 4.448678030525626323e-12 2.456916962740938830e-13 2.261808668119338058e-15 2.293785691491326091e-16 8.406074430113148774e-12 3.474957400941276210e-14 6.287224233268410535e-15 7.360038835344898998e-13 9.690728471020293795e-14 1.616159741123517283e-12
2.000000000000000000e+00 3.042528259783319723e-12 7.944673514038499819e-14 1.682652393365479456e-14 7.006125191931450287e-17 7.147471858914695855e-19 5.584359315397658774e-12 3.111968665871779474e-13 3.436087724275661413e-15 3.095189409595007803e-16 1.076088948749160895e-11 5.258174017940786910e-14 8.441730518634465125e-15 1.134596688024617027e-12 1.301873156581677403e-13 2.187389097556844430e-12
3.000000000000000000e+00 3.330294378212286480e-12 8.240431341707124729e-14 1.747067168277626900e-14 7.889183135689390834e-17 8.060817373824963064e-19 5.765563995717035502e-12 3.247625955544392273e-13 3.860793730341206290e-15 3.125840112991385013e-16 1.114962159487875965e-11 5.888358454717329423e-14 8.453203323094091120e-15 1.272485810003927944e-12 1.297376429539191757e-13 2.164577009507140933e-12
4.000000000000000000e+00 3.512956762227940939e-12 8.312667716097550557e-14 1.748277391639577733e-14 8.297542274452431692e-17 8.598688665288428070e-19 5.780413184481875456e-12 3.273012239950086037e-13 4.044886175584956177e-15 3.049889721056281592e-16 1.112912144641890387e-11 6.155543091711360279e-14 8.181247207890148000e-15 1.327040744236213163e-12 1.249733974476267232e-13 2.068947105545954723e-12
5.000000000000000000e+00 3.646090570332193344e-12 8.366371044107191796e-14 1.732221932161589972e-14 8.533762765619787893e-17 9.048568892202078974e-19 5.774016759913366458e-12 3.267303278934381483e-13 4.138801370509476223e-15 2.974661078927728987e-16 1.100029171529164970e-11 6.288787064560755379e-14 7.919504441191980062e-15 1.350214654648612485e-12 1.204606799027189883e-13 1.979560559440656369e-12
6.000000000000000000e+00 3.744315243281852754e-12 8.448882268161930312e-14 1.708922966119743669e-14 8.707215976238725203e-17 9.488880021209208143e-19 5.779223893455330349e-12 3.246685112291764529e-13 4.197029634956390537e-15 2.917949881799885785e-16 1.082817543870426370e-11 6.370011560062288516e-14 7.713336254518648816e-15 1.360612853590491978e-12 1.168668712113750650e-13 1.907047275222120693e-12
7.000000000000000000e+00 3.816053077587854579e-12 8.570940757636469324e-14 1.680537653345282917e-14 8.863123319782350698e-17 9.946594466185468718e-19 5.802981787726725642e-12 3.214022511350734631e-13 4.242064214928983762e-15 2.880632328458206471e-16 1.062669012817995480e-11 6.432717534923584091e-14 7.562603352282540286e-15 1.365858947284333533e-12 1.141622360806883704e-13 1.850243622074191565e-12
8.000000000000000000e+00 3.868535126648840366e-12 8.732693403559325425e-14 1.647869339178130131e-14 9.021920219519088638e-17 1.043312159315580841e-18 5.845073252628547051e-12 3.170427675919906249e-13 4.284009829722979661e-15 2.860394348205489478e-16 1.040080700201650626e-11 6.491812479583173410e-14 7.459263395002655132e-15 1.369353825230095154e-12 1.122041635730963587e-13 1.806285621397132719e-12
9.000000000000000000e+00 3.907984733262597255e-12 8.930492704819586560e-14 1.611741156235277197e-14 9.193399329565518466e-17 1.095468488047549185e-18 5.903079606916700203e-12 3.117500050469826393e-13 4.327646815316934933e-15 2.854706203819096711e-16 1.015543365874448912e-11 6.554257010670268483e-14 7.395222760316986980e-15 1.372689240938343272e-12 1.108555544841440939e-13 1.772560497142472422e-12
1.000000000000000000e+01 3.939402243117432851e-12 9.158955322168003950e-14 1.573099641558927050e-14 9.382426981841062607e-17 1.151587648945404945e-18 5.973873660598527820e-12 3.057293423250325848e-13 4.375289121335352488e-15 2.861439464932092986e-16 9.896166560995574412e-12 6.623343427323085946e-14 7.363815262367930761e-15 1.376619467951598993e-12 1.100052625700927091e-13 1.746995438367152984e-12
1.100000000000000000e+01 3.966555384050899362e-12 9.411814672841125126e-14 1.532893020745200881e-14 9.591466851796577177e-17 1.212101417564781631e-18 6.054154997590481507e-12 2.991947281556542144e-13 4.428045961915272016e-15 2.878922157170175929e-16 9.628587144405627512e-12 6.700574355669828204e-14 7.359824723954485257e-15 1.381489116486205279e-12 1.095669344232836431e-13 1.728000114341905014e-12
1.200000000000000000e+01 3.992119078785870791e-12 9.682481370501547565e-14 1.491972212552019993e-14 9.821771782944268686e-17 1.277468102040055154e-18 6.140709417076035505e-12 2.923424377642240128e-13 4.486417498716242172e-15 2.905868829124772963e-16 9.357675805293459699e-12 6.786546293954413149e-14 7.379216894718841094e-15 1.387434942045063933e-12 1.094739608127503710e-13 1.714358168114444309e-12
1.300000000000000000e+01 4.017869450518870657e-12 9.964495836113178410e-14 1.451045671636534479e-14 1.007397651082079064e-16 1.348192770105136823e-18 6.230570265852499133e-12 2.853389393768135042e-13 4.550591158091783575e-15 2.941297068439159344e-16 9.087546697503649791e-12 6.881388385392586291e-14 7.418864733526025974e-15 1.394486305539675953e-12 1.096746845784599671e-13 1.705132163902096242e-12
1.400000000000000000e+01 4.044879206047250452e-12 1.025187673565346879e-13 1.410672282570715708e-14 1.034840422687456047e-16 1.424832671727130499e-18 6.321121355431614447e-12 2.783181718708657876e-13 4.620594994006204367e-15 2.984456724725011847e-16 8.821410453031193589e-12 6.984989804019203996e-14 7.476326351261895440e-15 1.402617303394648453e-12 1.101286332058968173e-13 1.699591248060142865e-12
1.500000000000000000e+01 4.073692278948641855e-12 1.053935233308741598e-13 1.371274197285282798e-14 1.064522971919245012e-16 1.507996117677897802e-18 6.410151399220474063e-12 2.713837416668394738e-13 4.696379318891520391e-15 3.034775134739961636e-16 8.561655791437013466e-12 7.097121355558518286e-14 7.549677407942035166e-15 1.411774652871017900e-12 1.108037185364329300e-13 1.697158346657774985e-12
1.600000000000000000e+01 4.104470760143442623e-12 1.082248047571411851e-13 1.333157557079936576e-14 1.096456779093135645e-16 1.598338650069707037e-18 6.495868144635016820e-12 2.646131476640005217e-13 4.777860854729222450e-15 3.091815983057488249e-16 8.309977368906167493e-12 7.217501788744319520e-14 7.637387296623569356e-15 1.421892895536757750e-12 1.116741896098747798e-13 1.697372011211516973e-12
1.700000000000000000e+01 4.137113742270834931e-12 1.109767806043583901e-13 1.296534490509850356e-14 1.130652152023194570e-16 1.696558325999139307e-18 6.576882402211531097e-12 2.580624563909128399e-13 4.864946660882394672e-15 3.155248629526553487e-16 8.067510214839867311e-12 7.345834158301455517e-14 7.738227967685500139e-15 1.432902738507711416e-12 1.127191374895212945e-13 1.699858776847147913e-12
1.800000000000000000e+01 4.171350440629149781e-12 1.136218611006563659e-13 1.261543278843497043e-14 1.167120840093831077e-16 1.803390955190801745e-18 6.652172476005595284e-12 2.517706739528640477e-13 4.957546883379648968e-15 3.224825178813547936e-16 7.834952268275887931e-12 7.481825509849657502e-14 7.851206450461197944e-15 1.444735583796147789e-12 1.139213964761603646e-13 1.704312970056509091e-12
1.900000000000000000e+01 4.206811005573153708e-12 1.161399488322438194e-13 1.228265534683348308e-14 1.205877407110097912e-16 1.919605633987172517e-18 6.721038054994292266e-12 2.457635197007096837e-13 5.055581226211137140e-15 3.300363204944392864e-16 7.612668296144196875e-12 7.625197096766673270e-14 7.975514458707097294e-15 1.457325900818919780e-12 1.152667288247059935e-13 1.710481797513114635e-12
2.000000000000000000e+01 4.243078710760323046e-12 1.185174854355058730e-13 1.196740225352655451e-14 1.246939898653147033e-16 2.046000655137188291e-18 6.783050420145535988e-12 2.400565395622432677e-13 5.158981872579896744e-15 3.381732595598718068e-16 7.400774378093067699e-12 7.775689169211881503e-14 8.110490332076420463e-15 1.470612366273777569e-12 1.167432129393558938e-13 1.718154202746707251e-12
2.100000000000000000e+01 4.279727070776242428e-12 1.207464338573187798e-13 1.166974814186264761e-14 1.290330105693572509e-16 2.183399729621910516e-18 6.838003613264053776e-12 2.346576036895302819e-13 5.267694406609889396e-15 3.468845399915968064e-16 7.199204756503250128e-12 7.933062655431292075e-14 8.255589934124049364e-15 1.484538299494996625e-12 1.183407786603313838e-13 1.727152436234565084e-12
2.200000000000000000e+01 4.316345099873042598e-12 1.228232873768488215e-13 1.138953949656864456e-14 1.336073596939256150e-16 2.332648378572397333e-18 6.885869373136552784e-12 2.295688734589369795e-13 5.381677629409281182e-15 3.561647866832066434e-16 7.007763752802013906e-12 8.097099091508913198e-14 8.410364097494039474e-15 1.499051700289610080e-12 1.200508498192810688e-13 1.737325600470544109e-12
2.300000000000000000e+01 4.352553483581312689e-12 1.247481586923398627e-13 1.112646150825245249e-14 1.384199619143922337e-16 2.494610315693528377e-18 6.926757274351223327e-12 2.247883306383402665e-13 5.500902788235630740e-15 3.660114077494019728e-16 6.826165529089568453e-12 8.267599600486492012e-14 8.574440887366613867e-15 1.514105069700304385e-12 1.218660657543448303e-13 1.748544648604669291e-12
2.400000000000000000e+01 4.388013969788853697e-12 1.265239753803848133e-13 1.088008896088789435e-14 1.434740922062933243e-16 2.670163633001767542e-18 6.960880568525804011e-12 2.203109547464979283e-13 5.625352518793617233e-15 3.764240730969987582e-16 6.654064198530045549e-12 8.444383394675011736e-14 8.747511432435550223e-15 1.529655120202819534e-12 1.237800614909396317e-13 1.760698464869835176e-12
2.500000000000000000e+01 4.422433841446851865e-12 1.281557901317238368e-13 1.064992460233519874e-14 1.487733539449359480e-16 2.860196619743035082e-18 6.988527638836094760e-12 2.161296224885114065e-13 5.755019671144647669e-15 3.874042756743307888e-16 6.491076396345526743e-12 8.627286078919627586e-14 8.929318412186283037e-15 1.545662437949404332e-12 1.257872919138625940e-13 1.773690758941297070e-12
2.600000000000000000e+01 4.455566935159347474e-12 1.296502031356090548e-13 1.043542781178267778e-14 1.543216542159523630e-16 3.065603081373198091e-18 7.010038642895014437e-12 2.122357901035152878e-13 5.889906112173561274e-15 3.989549513751880350e-16 6.336798027295425281e-12 8.816157913684519027e-14 9.119646533931934028e-15 1.562091133311087212e-12 1.278828892381774889e-13 1.787437579259678564e-12
2.700000000000000000e+01 4.487212329846239113e-12 1.310148878040988192e-13 1.023603580521615315e-14 1.601231770104725590e-16 3.287277076761963019e-18 7.025786755695187628e-12 2.086200074566665078e-13 6.030021551066565811e-15 4.110801402660851406e-16 6.190816551880404985e-12 9.010862124393256257e-14 9.318314512361891089e-15 1.578908500043101771e-12 1.300625459421397024e-13 1.801865302006951594e-12
2.800000000000000000e+01 4.517211549184044064e-12 1.322582080870650795e-13 1.005117913662657944e-14 1.661823544239083561e-16 3.526107050647198671e-18 7.036163371621451177e-12 2.052723024428890242e-13 6.175382406720027718e-15 4.237846770930208918e-16 6.052719876661772742e-12 9.211273299551175227e-14 9.525168197646885161e-15 1.596084693770192501e-12 1.323224173976638467e-13 1.816908989435430776e-12
2.900000000000000000e+01 4.545444896678888892e-12 1.333889147383809323e-13 9.880292859470592823e-15 1.725038356755010433e-16 3.782969397966217641e-18 7.041566638133453067e-12 2.021824658422535680e-13 6.326010720303012012e-15 4.370739032177248385e-16 5.922102673617731425e-12 9.417275894064874942e-14 9.740074598126029841e-15 1.613592434712526127e-12 1.346590399518652726e-13 1.832511038039571799e-12
3.000000000000000000e+01 4.571827366223452160e-12 1.344159082211639846e-13 9.722824400249377554e-15 1.790924536407468264e-16 4.058721550915166796e-18 7.042392743511862470e-12 1.993402600159544182e-13 6.481933108030330508e-15 4.509533954188246363e-16 5.798570762890560551e-12 9.628762839301484194e-14 9.962916618680080696e-15 1.631406736172356888e-12 1.370692613318187934e-13 1.848620056631178079e-12
3.100000000000000000e+01 4.596304436069703192e-12 1.353480569276102500e-13 9.578238951085808863e-15 1.859531885897617777e-16 4.354194723788158331e-18 7.039029447555819657e-12 1.967355695078381683e-13 6.643179745867311594e-15 4.654287094910512875e-16 5.681744044369108028e-12 9.845634253687914940e-14 1.019358839180429325e-14 1.649504658370345882e-12 1.395501810699197915e-13 1.865189928788353121e-12
3.200000000000000000e+01 4.618847952687318244e-12 1.361940606787759585e-13 9.446022998084074448e-15 1.930911289134930909e-16 4.670186481970622959e-18 7.031851415310851183e-12 1.943585074603577817e-13 6.809783377620325518e-15 4.805051383807567715e-16 5.571258348269493819e-12 1.006779624439937700e-13 1.043199111925139223e-14 1.667865086198119328e-12 1.420990992537534677e-13 1.882179024824468685e-12
3.300000000000000000e+01 4.639452236091109939e-12 1.369623508418450925e-13 9.325686455736743359e-15 2.005114287651801907e-16 5.007453318849377625e-18 7.021216982843519748e-12 1.921994885312424557e-13 6.981778339460265240e-15 4.961874857981810422e-16 5.466766486176022034e-12 1.029515979019045614e-13 1.067802937105514859e-14 1.686468528986187955e-12 1.447134723460783301e-13 1.899549536372234610e-12
3.400000000000000000e+01 4.658130484006390104e-12 1.376610197299993767e-13 9.216763765243739499e-15 2.082192627198666956e-16 5.366703428328216501e-18 7.007466047118060306e-12 1.902492765095877630e-13 7.159199596531012695e-15 5.124798569386229368e-16 5.367938716036425229e-12 1.052763969651771229e-13 1.093160780829187608e-14 1.705296940251027894e-12 1.473908751376344087e-13 1.917266912617527303e-12
3.500000000000000000e+01 4.674911513828513036e-12 1.382977731660534709e-13 9.118814228680188757e-15 2.162197777376236960e-16 5.748589852714932603e-18 6.990918827580753015e-12 1.884990129154711678e-13 7.342081790296601498e-15 5.293854682208158711e-16 5.274462782668815805e-12 1.076515361600162461e-13 1.119262830820004751e-14 1.724333555439592835e-12 1.501289681188063363e-13 1.935299381669979034e-12
3.600000000000000000e+01 4.689836854801926371e-12 1.388799011662234651e-13 9.031421785424480540e-15 2.245180428880996518e-16 6.153704168290255525e-18 6.971875294774268394e-12 1.869402313964276457e-13 7.530458298246422168e-15 5.469064779060591395e-16 5.186043655723248996e-12 1.100762112944841774e-13 1.146098747704540485e-14 1.743562745843744040e-12 1.529254697096021061e-13 1.953617543904095817e-12
3.700000000000000000e+01 4.702958185116547071e-12 1.394142626281637655e-13 8.954194387392442029e-15 2.331189974415135198e-16 6.582570846505611572e-18 6.950615101532347765e-12 1.855648616056050797e-13 7.724360310209268918e-15 5.650438391855651177e-16 5.102403056865807386e-12 1.125496288475231405e-13 1.173657453890052560e-14 1.762969887054404958e-12 1.557781328897602557e-13 1.972194026630266966e-12
3.800000000000000000e+01 4.714335097310237135e-12 1.399072806937163451e-13 8.886763091729722195e-15 2.420273980450618505e-16 7.035642400103910249e-18 6.927397885738654332e-12 1.843652253810768132e-13 7.923815927639783575e-15 5.837971768965707662e-16 5.023278844990670265e-12 1.150709979281291856e-13 1.201926958856126388e-14 1.782541240531324830e-12 1.586847258367939746e-13 1.991003191370076093e-12
3.900000000000000000e+01 4.724033168663679611e-12 1.403649461143383582e-13 8.828780960848161635e-15 2.512477657791237469e-16 7.513295392894518136e-18 6.902463841113689814e-12 1.833340273823622697e-13 8.128849293741770477e-15 6.031646885190880548e-16 4.948424310804964852e-12 1.176395228101796774e-13 1.230894219516526201e-14 1.802263847058985219e-12 1.616430162207950922e-13 2.010020886473707219e-12
4.000000000000000000e+01 4.732122309812699769e-12 1.407928264911725246e-13 8.779921837867603024e-15 2.607843339235045604e-16 8.015827361451762753e-18 6.876034474874106880e-12 1.824643418315522215e-13 8.339479763156691225e-15 6.231430695705254312e-16 4.877607418868755932e-12 1.202543960581487511e-13 1.260545034050773739e-14 1.822125431031924030e-12 1.646507588295622531e-13 2.029224238946637648e-12
4.100000000000000000e+01 4.738675363572137860e-12 1.411960797079599499e-13 8.739879048964828822e-15 2.706409972621035754e-16 8.543454668216744783e-18 6.848313489197157645e-12 1.817495966162119991e-13 8.555721120205167646e-15 6.437274629975995289e-16 4.810610025105646323e-12 1.229147922643287847e-13 1.290863967316680708e-14 1.842114314659396367e-12 1.677056862125640169e-13 2.048591480237031416e-12
4.200000000000000000e+01 4.743766926222309133e-12 1.415794702383835879e-13 8.708364071558446215e-15 2.808212637189435962e-16 9.096311279498815091e-18 6.819487737945799421e-12 1.811835557116674591e-13 8.777580854388908091e-15 6.649114316943597565e-16 4.747227090171104828e-12 1.256198624196618958e-13 1.321834305678061406e-14 1.862219341298951098e-12 1.708055020420191199e-13 2.068101801439145502e-12
4.300000000000000000e+01 4.747472364716695322e-12 1.419473873035057773e-13 8.685105197692707785e-15 2.913282090549509658e-16 9.674448439418200477e-18 6.789728221698505459e-12 1.807603006500347909e-13 9.005059501133517911e-15 6.866869528713336685e-16 4.687265903293647139e-12 1.283687289384272558e-13 1.353438038844658494e-14 1.882429807223725045e-12 1.739478768971994871e-13 2.087735233940121025e-12
4.400000000000000000e+01 4.749867005046505850e-12 1.423038640915745287e-13 8.669846214689065100e-15 3.021644352694792767e-16 1.027783519227835370e-17 6.759191093323331137e-12 1.804742115861046117e-13 9.238150054675287135e-15 7.090444326743515433e-16 4.630545326847102408e-12 1.311604813526031052e-13 1.385655866140233903e-14 1.902735401201480040e-12 1.771304461860190121e-13 2.107472552012269072e-12
4.500000000000000000e+01 4.751025469073918568e-12 1.426525974417904390e-13 8.662345119547372247e-15 3.133320332497329450e-16 1.090635969128986375e-17 6.728018653589453202e-12 1.803199483735504200e-13 9.476837458675792098e-15 7.319727392057307036e-16 4.576895068633377022e-12 1.339941726854154151e-13 1.418467224497758668e-14 1.923126151318908290e-12 1.803508099272488260e-13 2.127295194256356800e-12
4.600000000000000000e+01 4.751021139337622055e-12 1.429969675442994779e-13 8.662372879276552878e-15 3.248325501011448159e-16 1.155983122085842244e-17 6.696340321999953956e-12 1.802924319593001527e-13 9.721098178676816451e-15 7.554592519333447340e-16 4.526154986398563885e-12 1.368688165060902302e-13 1.451850335428112973e-14 1.943592378525748267e-12 1.836065341279319259e-13 2.147185201150213542e-12
4.700000000000000000e+01 4.749925733519811365e-12 1.433400573278663257e-13 8.669712246001936782e-15 3.366669614778583415e-16 1.223798285250855444e-17 6.664273572462589827e-12 1.803868263221505284e-13 9.970899858976987423e-15 7.794899253786365548e-16 4.478174427273396681e-12 1.397833846597790856e-13 1.485782268217403756e-14 1.964124656403847089e-12 1.868951535038537898e-13 2.167125166265101491e-12
4.800000000000000000e+01 4.747808972362363320e-12 1.436846713004091612e-13 8.684156633093795821e-15 3.488356491196324710e-16 1.294047465055967118e-17 6.631924826847340923e-12 1.805985211181951080e-13 1.022620106499121308e-14 8.040493649448976080e-16 4.432811603474321430e-12 1.427368056585293395e-13 1.520239016670655115e-14 1.984713776688725258e-12 1.902141753061604677e-13 2.187098198987125833e-12
4.900000000000000000e+01 4.744738326785448024e-12 1.440333536807297483e-13 8.705509056512817395e-15 3.613383836934954864e-16 1.366689734246163275e-17 6.599390302113042150e-12 1.809231151462401972e-13 1.048695111070366032e-14 8.291209127725149425e-16 4.389933004608231847e-12 1.457279637114287628e-13 1.555195586828190546e-14 2.005350720089204547e-12 1.935610840340309212e-13 2.207087896829535093e-12
5.000000000000000000e+01 4.740778831768266471e-12 1.443884057164277795e-13 8.733581143942628988e-15 3.741743129384258036e-16 1.441677636977570316e-17 6.566756808685733233e-12 1.813564007078946085e-13 1.075308996949187001e-14 8.546867415784757499e-16 4.349412846206274427e-12 1.487556983650310014e-13 1.590626093226137517e-14 2.026026631965022793e-12 1.969333468313081760e-13 2.227078325647325860e-12
5.100000000000000000e+01 4.735992956188570316e-12 1.447519021263919632e-13 8.768192212979829567e-15 3.873419550212606809e-16 1.518957623870697475e-17 6.534102499274507295e-12 1.818943489069644850e-13 1.102454826541251505e-14 8.807279545435921862e-16 4.311132553602917117e-12 1.518188047190134861e-13 1.626503861445089362e-14 2.046732802435937958e-12 2.003284193837337045e-13 2.247054006271338163e-12
5.200000000000000000e+01 4.730440519284258795e-12 1.451257066391537975e-13 8.809168418605499626e-15 4.008391969334289235e-16 1.598470509343336973e-17 6.501497568420484570e-12 1.825330959093509495e-13 1.130124734102137378e-14 9.072246894434686120e-16 4.274980279924636925e-12 1.549160341769254006e-13 1.662801534882613080e-14 2.067460650508685915e-12 2.037437521524276969e-13 2.266999906266692731e-12
5.300000000000000000e+01 4.724178645703532010e-12 1.455114866229064574e-13 8.856341969318937232e-15 4.146632976915089172e-16 1.680151944085303668e-17 6.469004903878222168e-12 1.832689301663903175e-13 1.158309939695724213e-14 9.341562253701207839e-16 4.240850456720085884e-12 1.580460956878944546e-13 1.699491183888269642e-14 2.088201711822173660e-12 2.071767967981760807e-13 2.286901435691337987e-12
5.400000000000000000e+01 4.717261752258481192e-12 1.459107268209046516e-13 8.909550410631513638e-15 4.288108960503578398e-16 1.763932896145071672e-17 6.436680691494536348e-12 1.840982805904221996e-13 1.187000769785596382e-14 9.615010905530683546e-16 4.208643375619893167e-12 1.612076574322603475e-13 1.736544415607413200e-14 2.108947629625819418e-12 2.106250126695130373e-13 2.306744445886000732e-12
5.500000000000000000e+01 4.709741560504095351e-12 1.463247422187039170e-13 8.968635974069397024e-15 4.432780223951468151e-16 1.849740134747593484e-17 6.404574975630703898e-12 1.850177056604642192e-13 1.216186683866969685e-14 9.892371699558018927e-16 4.178264799337180694e-12 1.643993489022953699e-13 1.773932483086778684e-14 2.129690148622271389e-12 2.140858732452915190e-13 2.326515230467165578e-12
5.600000000000000000e+01 4.701667130142649778e-12 1.467546900783911221e-13 9.033444989396272330e-15 4.580601144476094905e-16 1.937496711629249382e-17 6.372732177414335121e-12 1.860238834275968034e-13 1.245856306513652075e-14 1.017341811490597793e-15 4.149625600291898876e-12 1.676197633283365761e-13 1.811626392396248298e-14 2.150421111323265175e-12 2.175568724391700656e-13 2.346200527821637610e-12
5.700000000000000000e+01 4.693084909014924542e-12 1.472015811805577209e-13 9.103827357421462137e-15 4.731520364011236960e-16 2.027122435340503968e-17 6.341191573239328763e-12 1.871136023834694438e-13 1.275997464196444085e-14 1.045791929857897187e-15 4.122641425150103297e-12 1.708674604007281737e-13 1.849597006713543292e-14 2.171132456586045621e-12 2.210355306890388954e-13 2.365787524514476428e-12
5.800000000000000000e+01 4.684038796099361579e-12 1.476662903179389044e-13 9.179636080495749500e-15 4.885481010880014645e-16 2.118534334614124119e-17 6.309987735984986560e-12 1.882837531508818847e-13 1.306597226224437473e-14 1.074564107172839958e-15 4.097232383603234192e-12 1.741409692388279285e-13 1.887815146499724355e-14 2.191816220017723641e-12 2.245194007687905102e-13 2.385263859123301807e-12
5.900000000000000000e+01 4.674570214507507231e-12 1.481495660860688089e-13 9.260726847601174846e-15 5.042420947793063037e-16 2.211647107515196933e-17 6.279150941417599773e-12 1.895313209522985877e-13 1.337641949167162291e-14 1.103634689688662132e-15 4.073322759764310387e-12 1.774387915598553630e-13 1.926251685061087598e-14 2.212464535955823271e-12 2.280060732729141913e-13 2.404617626101439604e-12
6.000000000000000000e+01 4.664718191952322369e-12 1.486520400163473830e-13 9.346957670807474429e-15 5.202273042216252915e-16 2.306373553670240882e-17 6.248707542186751360e-12 1.908533788102233088e-13 1.369117324131745272e-14 1.132979880063206242e-15 4.050840744622844334e-12 1.807594050024428223e-13 1.964877638946476854e-14 2.233069640754323297e-12 2.314931817361467534e-13 2.423837379350997890e-12
6.100000000000000000e+01 4.654519446583449557e-12 1.491742350960173076e-13 9.438188569785399756e-15 5.364965455251886557e-16 2.402624987410805427e-17 6.218680311747940243e-12 1.922470814323442719e-13 1.401008426293415619e-14 1.162575824739717723e-15 4.029718188072403817e-12 1.841012665622558315e-13 2.003664252767752650e-14 2.253623877126180583e-12 2.349784073608975681e-13 2.442912135255720623e-12
6.200000000000000000e+01 4.644008476440926057e-12 1.497165737179612647e-13 9.534281301030456409e-15 5.530421945326543536e-16 2.500311630158676005e-17 6.189088760440802859e-12 1.937096597341019744e-13 1.433299766108225131e-14 1.192398696125853259e-15 4.009890369102242426e-12 1.874628160999067359e-13 2.042583078154675181e-14 2.274119699315085805e-12 2.384594833343487100e-13 2.461831374983086629e-12
6.300000000000000000e+01 4.633217651082584520e-12 1.502793851011938352e-13 9.635099128454276827e-15 5.698562183165531230e-16 2.599342980823676079e-17 6.159949425837233898e-12 1.952384159516955770e-13 1.465975341672264996e-14 1.222424769355546967e-15 3.991295782823582227e-12 1.908424798844539710e-13 2.081606046664712104e-14 2.294549678890163340e-12 2.419341987251305104e-13 2.480585045916220226e-12
6.400000000000000000e+01 4.622177304199501516e-12 1.508629122205738962e-13 9.740506632037310597e-15 5.869302074750292155e-16 2.699628163380973675e-17 6.131276139351318558e-12 1.968307192994113699e-13 1.499018691730456848e-14 1.252630493507097612e-15 3.973875943081359687e-12 1.942386741390130811e-13 2.120705536563095418e-14 2.314906510978530797e-12 2.454004019563574483e-13 2.499163562119928747e-12
6.500000000000000000e+01 4.610915826252625612e-12 1.514673182818181229e-13 9.850369551302535614e-15 6.042554089191626618e-16 2.801076251143724693e-17 6.103080270977944574e-12 1.984840021264099516e-13 1.532412948879129557e-14 1.282992557228155476e-15 3.957575199480598674e-12 1.976498085582877983e-13 2.159854433470303974e-14 2.335183020770579768e-12 2.488560038576062388e-13 2.517557803782051484e-12
6.600000000000000000e+01 4.599459756349396104e-12 1.520926927753178484e-13 9.964554660459225637e-15 6.218227588702109745e-16 2.903596567550951751e-17 6.075370953901009552e-12 2.001957565296763022e-13 1.566140892548940695e-14 1.313487948784683793e-15 3.942340567734051427e-12 2.010742897711375605e-13 2.199026184943355819e-14 2.355372170152251003e-12 2.522989803032931651e-13 2.535759115602069453e-12
6.700000000000000000e+01 4.587833872736064487e-12 1.527390571397821643e-13 1.008292967217657846e-14 6.396229158107845291e-16 3.007098963552004598e-17 6.048155290589894056e-12 2.019635313816638371e-13 1.600185001397314003e-14 1.344094010607304748e-15 3.928121572311428878e-12 2.045105247245325276e-13 2.238194849115191307e-14 2.375467064336898030e-12 2.557273744488780539e-13 2.553759304124290440e-12
6.800000000000000000e+01 4.576061281412084914e-12 1.534063700642640267e-13 1.020536316707061557e-14 6.576462931598559415e-16 3.111494071890834984e-17 6.021438541883858733e-12 2.037849297331318137e-13 1.634527504781712221e-14 1.374788488455471954e-15 3.914870100442390889e-12 2.079569239683955592e-13 2.277335137563940067e-14 2.395460958386596132e-12 2.591392985795285302e-13 2.571550634033764113e-12
6.900000000000000000e+01 4.564163502484580164e-12 1.540945324547944371e-13 1.033172454612769377e-14 6.758830914670740948e-16 3.216693538778915368e-17 5.995224300450561839e-12 2.056576065538047594e-13 1.669150433026266698e-14 1.405549575358361375e-15 3.902540266592930666e-12 2.114119048238556740e-13 2.316422452621887364e-14 2.415347263528966070e-12 2.625329355883875456e-13 2.589125823449292329e-12
7.000000000000000000e+01 4.552160553972163081e-12 1.548033920896478466e-13 1.046188400343303153e-14 6.943233299467785145e-16 3.322610233597753715e-17 5.969514649897379455e-12 2.075792667756677464e-13 1.704035666233777162e-14 1.436355950522308230e-15 3.891088286599087175e-12 2.148738944202814527e-13 2.355432919363833973e-14 2.435119553190388741e-12 2.659065401034598946e-13 2.606478038261066844e-12
7.100000000000000000e+01 4.540071032845282485e-12 1.555327479851934263e-13 1.059571251672710515e-14 7.129568771960933309e-16 3.429158437394545619e-17 5.944310310712778464e-12 2.095476636059400896e-13 1.739164981432855250e-14 1.467186813418581849e-15 3.880472360702768037e-12 2.183413325891458296e-13 2.394343412536744459e-14 2.454771568680412973e-12 2.692584392835022360e-13 2.623600885570120540e-12
7.200000000000000000e+01 4.527912193153587121e-12 1.562823544923903257e-13 1.073308185346885581e-14 7.317734809642838700e-16 3.536254011030142386e-17 5.919610774120495064e-12 2.115605970790180855e-13 1.774520097885276227e-14 1.498021913283363417e-15 3.870652564791305782e-12 2.218126746052692454e-13 2.433131578708602068e-14 2.474297224474566718e-12 2.725870333041785051e-13 2.640488406293768557e-12
7.300000000000000000e+01 4.515700021143511367e-12 1.570519251422238187e-13 1.087386459024355323e-14 7.507627968620594123e-16 3.643814543910577331e-17 5.895414424840676803e-12 2.136159128188971252e-13 1.810082720411881242e-14 1.528841574274438203e-15 3.861590749196000575e-12 2.252863937682539693e-13 2.471775853924578647e-14 2.493690613054295425e-12 2.758907955562414129e-13 2.657135067006286614e-12
7.400000000000000000e+01 4.503449307313421825e-12 1.578411362567724923e-13 1.101793414351070515e-14 7.699144159196048530e-16 3.751759484284884886e-17 5.871718653670306980e-12 2.157115009857610711e-13 1.845834580625711121e-14 1.559626716537291370e-15 3.853250444454720742e-12 2.287609838190284433e-13 2.510255477164182540e-14 2.512946009272866145e-12 2.791682725776530475e-13 2.673535751086722975e-12
7.500000000000000000e+01 4.491173715388092888e-12 1.586496303411588539e-13 1.116516480984382378e-14 7.892178909205593782e-16 3.860010252125250553e-17 5.848519960719843690e-12 2.178452953825607550e-13 1.881757475989218178e-14 1.590358873437452793e-15 3.845596773490169450e-12 2.322349611882940503e-13 2.548550499894388126e-14 2.532057874225342127e-12 2.824180837414372839e-13 2.689685749247288658e-12
7.600000000000000000e+01 4.478885848223925428e-12 1.594770192702914694e-13 1.131543181396570930e-14 8.086627614563553687e-16 3.968490335623517642e-17 5.825814050072380432e-12 2.200152726994354548e-13 1.917833306637730659e-14 1.621020205216808582e-15 3.838596369699116189e-12 2.357068670753489414e-13 2.586641792011727121e-14 2.551020858608754447e-12 2.856389207206975929e-13 2.705580749515645662e-12
7.700000000000000000e+01 4.466597310678763199e-12 1.603228872831362738e-13 1.146861136303190303e-14 8.282385776606825691e-16 4.077125372342904186e-17 5.803595916568220153e-12 2.222194518758232556e-13 1.954044109934335599e-14 1.651593509329605730e-15 3.832217300487821748e-12 2.391752693572734975e-13 2.624511044461521034e-14 2.569829805565729637e-12 2.888295467516918096e-13 2.721216826743397621e-12
7.800000000000000000e+01 4.454318769498946051e-12 1.611867937961792962e-13 1.162458070575664533e-14 8.479349225979012435e-16 4.185843216057253751e-17 5.781859925357784817e-12 2.244558935619542781e-13 1.990372092741726599e-14 1.682062227709635600e-15 3.826428995826217591e-12 2.426387643297560353e-13 2.662140768815257142e-14 2.588479753011022803e-12 2.919887957151644056e-13 2.736590431711239021e-12
7.900000000000000000e+01 4.442060010290365682e-12 1.620682760467816150e-13 1.178321819511247118e-14 8.677414332917416416e-16 4.294573990294873232e-17 5.760599884812379367e-12 2.267226996632160549e-13 2.026799661414815665e-14 1.712410451213871620e-15 3.821202181428436108e-12 2.460959782820064252e-13 2.699514294078036857e-14 2.606965935445824404e-12 2.951155710553269977e-13 2.751698379898534052e-12
8.000000000000000000e+01 4.429829991651576187e-12 1.629668515762662022e-13 1.194440335346469127e-14 8.876478203917366262e-16 4.403250129580682649e-17 5.739809113332076092e-12 2.290180129525485555e-13 2.063309449533600914e-14 1.742622921480115431e-15 3.816508816198582995e-12 2.495455689091517901e-13 2.736615760987745222e-14 2.625283785269075776e-12 2.982088445549880873e-13 2.766537839982205447e-12
8.100000000000000000e+01 4.417636896554982958e-12 1.638820205618196880e-13 1.210801693912406348e-14 9.076438864846496180e-16 4.511806409341355821e-17 5.719480500545135113e-12 2.313400167375927708e-13 2.099884343409778888e-14 1.772685030427406540e-15 3.812322033610826195e-12 2.529862265663727725e-13 2.773430114056020567e-14 2.643428933599125252e-12 3.012676549843689290e-13 2.781106322126080465e-12
8.200000000000000000e+01 4.405488181068483537e-12 1.648132680055862195e-13 1.227394101341708968e-14 9.277195430666503246e-16 4.620179965404239394e-17 5.699606563351205827e-12 2.336869345707904140e-13 2.136507505412260895e-14 1.802582817618128846e-15 3.808616086719596032e-12 2.564166753697068006e-13 2.809943091588792977e-14 2.661397210621910608e-12 3.042911066401594373e-13 2.795401666118527574e-12
8.300000000000000000e+01 4.393390620513662841e-12 1.657600657887416544e-13 1.244205900748119736e-14 9.478648261994108456e-16 4.728310303983159087e-17 5.680179497223411007e-12 2.360570299919986007e-13 2.173162395166813353e-14 1.832302965690354732e-15 3.805366296521049450e-12 2.598356741490251301e-13 2.846141213911562456e-14 2.679184645484751584e-12 3.072783677903466918e-13 2.809422029411955524e-12
8.400000000000000000e+01 4.381350353159531365e-12 1.667218745977628712e-13 1.261225578809264194e-14 9.680699108794935163e-16 4.836139303004181177e-17 5.661191223148797187e-12 2.384486062944311826e-13 2.209832788693433652e-14 1.861832794058172667e-15 3.802549003410144585e-12 2.632420172591286715e-13 2.882011770011307673e-14 2.696787465756620989e-12 3.102286690393193144e-13 2.823165875114093992e-12
8.500000000000000000e+01 4.369372921551616568e-12 1.676981457296363151e-13 1.278441772192845252e-14 9.883251241557446101e-16 4.943611205582272072e-17 5.642633430556041431e-12 2.408600063059239012e-13 2.246502795551779340e-14 1.891160251066653246e-15 3.800141521498507383e-12 2.666345352552702579e-13 2.917542802794080760e-14 2.714202096477504965e-12 3.131413016267506489e-13 2.836631959976820971e-12
8.600000000000000000e+01 4.357463311576749900e-12 1.686883227823067185e-13 1.295843273775021339e-14 1.008620957033700014e-15 5.050672606416843501e-17 5.624497616549514741e-12 2.432896121785659088e-13 2.283156874070509708e-14 1.920273904776984317e-15 3.798122095578256737e-12 2.700120954396467836e-13 2.952723093143964572e-14 2.731425158820479137e-12 3.160156156727478133e-13 2.849819322424618482e-12
8.700000000000000000e+01 4.345625989363070484e-12 1.696918432362618565e-13 1.313419038607606354e-14 1.028948075209574150e-15 5.157272431830485801e-17 5.606775121743010345e-12 2.457358451807392219e-13 2.319779844740498079e-14 1.949162932546220315e-15 3.796469860534619470e-12 2.733736022855928111e-13 2.987542142956410737e-14 2.748453468391036986e-12 3.188510183807914696e-13 2.862727270660583347e-12
8.800000000000000000e+01 4.333864936113368115e-12 1.707081399328181246e-13 1.331158189597990458e-14 1.049297328679133666e-15 5.263361914131880907e-17 5.589457162962100605e-12 2.481971654864769562e-13 2.356356901854998589e-14 1.977817109555059955e-15 3.795164803026589744e-12 2.767179977462903934e-13 3.021990157306281238e-14 2.765284033188463648e-12 3.216469722090366920e-13 2.875355370884501938e-12
8.900000000000000000e+01 4.322183680968086882e-12 1.717366424543258914e-13 1.349050022872365398e-14 1.069659760268889506e-15 5.368894560940695208e-17 5.572534863062293657e-12 2.506720719578764046e-13 2.392873623481892159e-14 2.006226796426518915e-15 3.794187725270124060e-12 2.800442614548541892e-13 3.056058025898771874e-14 2.781914051254458701e-12 3.244029930196508873e-13 2.887703435653740415e-12
9.000000000000000000e+01 4.310585331992286399e-12 1.727767784112520558e-13 1.367084012798618195e-14 1.090026613138469605e-15 5.473826120070118101e-17 5.555999278089843250e-12 2.531591019170216033e-13 2.429315979854320637e-14 2.034382926067738620e-15 3.793520210772044638e-12 2.833514108226236828e-13 3.089737303939481040e-14 2.798340908033871827e-12 3.271186482149789246e-13 2.899771512414380281e-12
9.100000000000000000e+01 4.299072605377444681e-12 1.738279746408049674e-13 1.385249816650895178e-14 1.110389337304063522e-15 5.578114540521598780e-17 5.539841421994081356e-12 2.556568309045306542e-13 2.465670340266495779e-14 2.062276989857357979e-15 3.793144591875513571e-12 2.866385010424261657e-13 3.123020192548841905e-14 2.814562173472363530e-12 3.297935548685217759e-13 2.911559872226725630e-12
9.200000000000000000e+01 4.287647852947242687e-12 1.748896583215673956e-13 1.403537278902495788e-14 1.130739595233247418e-15 5.681719930106403944e-17 5.524052289083038891e-12 2.581638724224212491e-13 2.501923478561148555e-14 2.089901023291018551e-15 3.793043918989522306e-12 2.899046250034618001e-13 3.155899518835119189e-14 2.830575598875103156e-12 3.324273778579153550e-13 2.923068998706305084e-12
9.300000000000000000e+01 4.276313088052701392e-12 1.759612580083346148e-13 1.421936435138138457e-14 1.151069266561611615e-15 5.784604510170453603e-17 5.508622874399027892e-12 2.606788776595331551e-13 2.538062577294348062e-14 2.117247591188495749e-15 3.793201931385368973e-12 2.931489131243189054e-13 3.188368715730065458e-14 2.846379113550325636e-12 3.350198280063700843e-13 2.934299577198583751e-12
9.400000000000000000e+01 4.265070009938853063e-12 1.770422045911986439e-13 1.440437515580547043e-14 1.171370451981312574e-15 5.886732567861932824e-17 5.493544192176838420e-12 2.632005351981883804e-13 2.574075230662050845e-14 2.144309772557096146e-15 3.793603029453008527e-12 2.963705331104528224e-13 3.220421801681699563e-14 2.861970821260456849e-12 3.375706602383365655e-13 2.945252484203010770e-12
9.500000000000000000e+01 4.253920026662662240e-12 1.781319321827078090e-13 1.459030948229601311e-14 1.191635476351083255e-15 5.988070406346268907e-17 5.478807292534256151e-12 2.657275707011895956e-13 2.609949446270993285e-14 2.171081145197686531e-15 3.794232248318573819e-12 2.995686896422639497e-13 3.252053360289449007e-14 2.877348996503042546e-12 3.400796717545200263e-13 2.955928777059399024e-12
9.600000000000000000e+01 4.242864276637943226e-12 1.792298789367615146e-13 1.477707361615348688e-14 1.211856891076399820e-15 6.088586293339634286e-17 5.464403276533039813e-12 2.682587465786213921e-13 2.645673645834563789e-14 2.197555770131849551e-15 3.795075232732938034e-12 3.027426239996992106e-13 3.283258519958433241e-14 2.892512080642642585e-12 3.425467002307547171e-13 2.966329683907476006e-12
9.700000000000000000e+01 4.231903648880298615e-12 1.803354878027400133e-13 1.496457587168724868e-14 1.232027475807404940e-15 6.188250408300641409e-17 5.450323309737546372e-12 2.707928616342288540e-13 2.681236664871773153e-14 2.223728175921266356e-15 3.796118213148243395e-12 3.058916136290568995e-13 3.314032933641629836e-14 2.907458677913886945e-12 3.449716220447022525e-13 2.976456593928288799e-12
9.800000000000000000e+01 4.221038802021449753e-12 1.814482072182216711e-13 1.515272661216116986e-14 1.252140239500991860e-15 6.287034788589983214e-17 5.436558634388612260e-12 2.733287506914130746e-13 2.716627751485044281e-14 2.249593342943494176e-15 3.797347982906201799e-12 3.090149716574645805e-13 3.344372758731152422e-14 2.922187551315071257e-12 3.473543505338116642e-13 2.986311047874137571e-12
9.900000000000000000e+01 4.210270182160019737e-12 1.825674917434861835e-13 1.534143826605744258e-14 1.272188420891982931e-15 6.384913274879871819e-17 5.423100580300955970e-12 2.758652841991347768e-13 2.751836564289579469e-14 2.275146687681885397e-15 3.798751876468089700e-12 3.121120463602076396e-13 3.374274637152997931e-14 2.936697618410373531e-12 3.496948342874956721e-13 2.995894728892047524e-12
1.000000000000000000e+02 4.199598039611563575e-12 1.836928026408750279e-13 1.553062533975598219e-14 1.292165488416897246e-15 6.481861456068733235e-17 5.409940574584230466e-12 2.784013678181936493e-13 2.786853169564368107e-14 2.300384047081225083e-15 3.800317748621949432e-12 3.151822205858831372e-13 3.403735675713196873e-14 2.950987947058076169e-12 3.519930554760550988e-13 3.005209453644139302e-12
