R	Gamma	E
1.00	0	705307.460017
1.00	10	608699.517036
1.00	20	418800.270305
1.00	30	262927.297556
1.00	40	172243.291446
1.00	50	130025.831665
1.00	60	115904.94876
1.00	70	116412.673834
1.00	80	117649.369811
1.00	90	111017.427906
1.00	100	99361.086246
1.00	110	92294.794263
1.00	120	96022.91751
1.00	130	117281.910294
1.00	140	166683.373648
1.00	150	258156.49261
1.00	160	398898.294377
1.00	170	559484.443578
1.00	180	679429.930245
1.10	0	389973.127343
1.10	10	347031.464251
1.10	20	258078.891165
1.10	30	179360.691756
1.10	40	130453.693454
1.10	50	106186.212698
1.10	60	96403.608334
1.10	70	92610.791551
1.10	80	88777.164957
1.10	90	83316.150446
1.10	100	77195.388762
1.10	110	73482.867726
1.10	120	76443.906442
1.10	130	91312.024436
1.10	140	125171.951435
1.10	150	186367.760287
1.10	160	278979.117389
1.10	170	386406.111421
1.10	180	472506.974269
1.20	0	243698.295875
1.20	10	222546.734678
1.20	20	177298.278303
1.20	30	134554.877843
1.20	40	105092.285025
1.20	50	87448.606229
1.20	60	77078.422385
1.20	70	70362.822142
1.20	80	65352.819952
1.20	90	61283.217892
1.20	100	58213.864852
1.20	110	57272.6086
1.20	120	61010.658424
1.20	130	73517.778197
1.20	140	100471.024437
1.20	150	148605.835593
1.20	160	223382.257299
1.20	170	320642.858694
1.20	180	399836.812425
1.30	0	176697.400683
1.30	10	164467.729903
1.30	20	137267.820773
1.30	30	109060.224666
1.30	40	86542.974961
1.30	50	70484.760984
1.30	60	59548.839854
1.30	70	52260.299116
1.30	80	47509.034282
1.30	90	44550.84009
1.30	100	43126.776679
1.30	110	43766.328646
1.30	120	48224.053236
1.30	130	59881.287919
1.30	140	83996.960852
1.30	150	127633.270786
1.30	160	199813.065769
1.30	170	315906.850127
1.30	180	431310.370561
1.40	0	148257.694545
1.40	10	137686.113095
1.40	20	114706.086005
1.40	30	90474.337618
1.40	40	70235.767295
1.40	50	55230.514559
1.40	60	44909.099275
1.40	70	38237.163754
1.40	80	34221.510897
1.40	90	32108.285741
1.40	100	31559.25092
1.40	110	32908.124092
1.40	120	37549.420217
1.40	130	48459.238422
1.40	140	70791.961786
1.40	150	112461.591983
1.40	160	186673.72501
1.40	170	338024.284768
1.40	180	594584.83574
1.50	0	138480.700157
1.50	10	119071.684582
1.50	20	95652.897281
1.50	30	73468.191116
1.50	40	55422.026686
1.50	50	42199.627447
1.50	60	33264.774619
1.50	70	27663.965958
1.50	80	24467.057901
1.50	90	22976.962452
1.50	100	22874.528873
1.50	110	24416.560204
1.50	120	28774.254404
1.50	130	38592.228513
1.50	140	58792.737986
1.50	150	97499.676524
1.50	160	168682.860627
1.50	170	358690.429337
1.50	180	1336202.782911
1.60	0	133875.521881
1.60	10	96162.567793
1.60	20	76327.285915
1.60	30	57619.602831
1.60	40	42520.676842
1.60	50	31573.233204
1.60	60	24292.162218
1.60	70	19831.623235
1.60	80	17378.685878
1.60	90	16338.891553
1.60	100	16445.620538
1.60	110	17911.14883
1.60	120	21717.798146
1.60	130	30156.611784
1.60	140	47668.013421
1.60	150	81728.997174
1.60	160	144675.680378
1.60	170	353300.961384
1.70	0	79943.744138
1.70	10	72694.050591
1.70	20	58279.426096
1.70	30	43751.08128
1.70	40	31845.580642
1.70	50	23219.373449
1.70	60	17533.107398
1.70	70	14103.246944
1.70	80	12268.114089
1.70	90	11549.079241
1.70	100	11736.29645
1.70	110	13006.153101
1.70	120	16165.029588
1.70	130	23130.219001
1.70	140	37696.267685
1.70	150	66228.828344
1.70	160	118815.295721
1.70	170	295249.100298
1.80	0	57375.062918
1.80	10	52974.513441
1.80	20	43067.184677
1.80	30	32376.828296
1.80	40	23390.410759
1.80	50	16835.427894
1.80	60	12527.455788
1.80	70	9955.357312
1.80	80	8607.787931
1.80	90	8114.34968
1.80	100	8315.772805
1.80	110	9355.488982
1.80	120	11878.871794
1.80	130	17439.615635
1.80	140	29144.408878
1.80	150	52145.944412
1.80	160	94122.656054
1.80	170	215270.490631
1.80	180	634926.291764
1.90	0	40700.282142
1.90	10	37879.404762
1.90	20	31142.179715
1.90	30	23503.273311
1.90	40	16915.448258
1.90	50	12061.646547
1.90	60	8869.956397
1.90	70	6977.034641
1.90	80	6001.461057
1.90	90	5664.958393
1.90	100	5849.411387
1.90	110	6668.236483
1.90	120	8625.546895
1.90	130	12946.126916
1.90	140	22092.961505
1.90	150	40095.176393
1.90	160	72427.990705
1.90	170	147987.653381
1.90	180	290031.275005
2.00	0	28630.377537
2.00	10	26772.26743
2.00	20	22190.797632
2.00	30	16816.506405
2.00	40	12079.169735
2.00	50	8551.682307
2.00	60	6226.872328
2.00	70	4854.075878
2.00	80	4155.71912
2.00	90	3927.454249
2.00	100	4082.903234
2.00	110	4709.231869
2.00	120	6191.955156
2.00	130	9474.494132
2.00	140	16461.331841
2.00	150	30223.596849
2.00	160	54480.757748
2.00	170	100770.89258
2.00	180	157679.570882
2.10	0	20003.084338
2.10	10	18761.787539
2.10	20	15642.197787
2.10	30	11895.51968
2.10	40	8533.71786
2.10	50	6005.681891
2.10	60	4334.67539
2.10	70	3350.738971
2.10	80	2855.56799
2.10	90	2701.51055
2.10	100	2825.841577
2.10	110	3293.757062
2.10	120	4394.936521
2.10	130	6842.050668
2.10	140	12077.847401
2.10	150	22396.936141
2.10	160	40250.302866
2.10	170	69136.522443
2.10	180	95120.179748
2.20	0	13890.833593
2.20	10	13055.383264
2.20	20	10930.087425
2.20	30	8334.246769
2.20	40	5971.621312
2.20	50	4179.27769
2.20	60	2990.944082
2.20	70	2292.721628
2.20	80	1944.688149
2.20	90	1841.332465
2.20	100	1937.122854
2.20	110	2279.71897
2.20	120	3083.414595
2.20	130	4877.871404
2.20	140	8736.951844
2.20	150	16347.368153
2.20	160	29297.955443
2.20	170	47839.364908
2.20	180	61127.487779
2.30	0	9591.12515
2.30	10	9026.64585
2.30	20	7579.02946
2.30	30	5789.132489
2.30	40	4141.138274
2.30	50	2881.286399
2.30	60	2043.641598
2.30	70	1552.576111
2.30	80	1310.167262
2.30	90	1241.349646
2.30	100	1313.050819
2.30	110	1559.385655
2.30	120	2136.692365
2.30	130	3433.067553
2.30	140	6235.586858
2.30	150	11767.129242
2.30	160	21049.458473
2.30	170	33246.586235
2.30	180	40717.522335
2.40	0	6584.647786
2.40	10	6202.491779
2.40	20	5217.171771
2.40	30	3987.874366
2.40	40	2845.428462
2.40	50	1966.261746
2.40	60	1380.411308
2.40	70	1038.022334
2.40	80	870.851509
2.40	90	825.487171
2.40	100	877.891385
2.40	110	1052.047391
2.40	120	1460.45804
2.40	130	2383.918043
2.40	140	4391.642997
2.40	150	8359.441071
2.40	160	14942.22434
2.40	170	23099.080133
2.40	180	27606.050406
2.50	0	4493.186414
2.50	10	4234.326347
2.50	20	3564.476911
2.50	30	2723.215957
2.50	40	1935.477787
2.50	50	1326.011329
2.50	60	919.360236
2.50	70	682.756091
2.50	80	568.747631
2.50	90	539.217078
2.50	100	576.710471
2.50	110	697.83039
2.50	120	982.425985
2.50	130	1631.234753
2.50	140	3051.176917
2.50	150	5862.650026
2.50	160	10484.802772
2.50	170	15987.214383
2.50	180	18834.494518
2.60	0	3044.902328
2.60	10	2869.702789
2.60	20	2415.250504
2.60	30	1841.526016
2.60	40	1301.078957
2.60	50	881.37091
2.60	60	601.387486
2.60	70	439.462353
2.60	80	362.641008
2.60	90	343.686812
2.60	100	369.945886
2.60	110	452.780956
2.60	120	648.043146
2.60	130	1097.530683
2.60	140	2089.240505
2.60	150	4058.287595
2.60	160	7272.535845
2.60	170	10994.219552
2.60	180	12842.315743
2.70	0	2046.474827
2.70	10	1928.21436
2.70	20	1620.804113
2.70	30	1230.956068
2.70	40	862.082604
2.70	50	575.151908
2.70	60	384.146408
2.70	70	274.517919
2.70	80	223.403083
2.70	90	211.383618
2.70	100	229.346942
2.70	110	284.962815
2.70	120	416.716699
2.70	130	723.556083
2.70	140	1407.420138
2.70	150	2770.793312
2.70	160	4984.360347
2.70	170	7498.358471
2.70	180	8714.889189
2.80	0	1361.379672
2.80	10	1281.927989
2.80	20	1074.851306
2.80	30	811.095996
2.80	40	560.828254
2.80	50	366.338065
2.80	60	237.428261
2.80	70	164.098475
2.80	80	130.513137
2.80	90	122.932747
2.80	100	134.881294
2.80	110	171.418008
2.80	120	258.645317
2.80	130	464.740308
2.80	140	930.013969
2.80	150	1863.17111
2.80	160	3372.539413
2.80	170	5064.508697
2.80	180	5870.111419
2.90	0	893.666755
2.90	10	840.666312
2.90	20	701.998108
2.90	30	524.604431
2.90	40	356.106684
2.90	50	225.628862
2.90	60	139.718277
2.90	70	91.340405
2.90	80	69.55457
2.90	90	64.754992
2.90	100	72.422734
2.90	110	95.77491
2.90	120	152.188016
2.90	130	288.050471
2.90	140	599.926434
2.90	150	1230.897269
2.90	160	2249.723934
2.90	170	3382.277776
2.90	180	3916.065459
3.00	0	576.221299
3.00	10	541.206487
3.00	20	449.145215
3.00	30	330.866342
3.00	40	218.597639
3.00	50	132.15615
3.00	60	75.737965
3.00	70	44.340771
3.00	80	30.42268
3.00	90	27.346706
3.00	100	32.032021
3.00	110	46.419193
3.00	120	81.789074
3.00	130	169.32761
3.00	140	374.82608
3.00	150	795.79745
3.00	160	1476.441812
3.00	170	2229.143807
3.00	180	2581.453225
3.10	0	362.336151
3.10	10	339.497273
3.10	20	279.114504
3.10	30	201.248765
3.10	40	127.498414
3.10	50	71.106507
3.10	60	34.702394
3.10	70	14.755692
3.10	80	6.061007
3.10	90	4.067434
3.10	100	6.728493
3.10	110	15.127425
3.10	120	36.337742
3.10	130	91.084196
3.10	140	223.729872
3.10	150	500.330866
3.10	160	950.183053
3.10	170	1446.120743
3.10	180	1676.799827
3.20	0	219.64546
3.20	10	204.981408
3.20	20	166.02132
3.20	30	115.671774
3.20	40	68.137231
3.20	50	32.052514
3.20	60	9.07681
3.20	70	-3.212636
3.20	80	-8.438022
3.20	90	-9.72882
3.20	100	-8.400591
3.20	110	-3.915715
3.20	120	7.938543
3.20	130	40.775706
3.20	140	124.208069
3.20	150	302.702268
3.20	160	596.56861
3.20	170	920.068968
3.20	180	1069.427938
3.30	0	125.779407
3.30	10	116.534884
3.30	20	91.918062
3.30	30	60.132857
3.30	40	30.258651
3.30	50	7.741174
3.30	60	-6.333294
3.30	70	-13.549994
3.30	80	-16.466808
3.30	90	-17.274496
3.30	100	-16.795161
3.30	110	-14.803401
3.30	120	-8.988359
3.30	130	9.459413
3.30	140	60.150921
3.30	150	172.831052
3.30	160	362.25378
3.30	170	570.909927
3.30	180	666.325037
3.40	0	65.274371
3.40	10	59.559088
3.40	20	44.388631
3.40	30	24.927732
3.40	40	6.76869
3.40	50	-6.810369
3.40	60	-15.066728
3.40	70	-18.966839
3.40	80	-20.350742
3.40	90	-20.80847
3.40	100	-20.854642
3.40	110	-20.400122
3.40	120	-18.364377
3.40	130	-9.172873
3.40	140	20.103647
3.40	150	89.24889
3.40	160	209.401698
3.40	170	342.277452
3.40	180	402.284742
3.50	0	27.386939
3.50	10	23.916235
3.50	20	14.821877
3.50	30	3.35137
3.50	40	-7.199212
3.50	50	-14.99053
3.50	60	-19.509285
3.50	70	-21.286349
3.50	80	-21.665439
3.50	90	-21.861235
3.50	100	-22.217763
3.50	110	-22.682927
3.50	120	-22.90699
3.50	130	-19.521539
3.50	140	-3.994058
3.50	150	36.795937
3.50	160	111.453536
3.50	170	194.809863
3.50	180	231.853727
3.60	0	4.591297
3.60	10	2.51315
3.60	20	-2.781942
3.60	30	-9.222942
3.60	40	-14.961226
3.60	50	-19.083279
3.60	60	-21.254529
3.60	70	-21.718943
3.60	80	-21.460213
3.60	90	-21.458207
3.60	100	-21.983937
3.60	110	-22.973849
3.60	120	-24.464868
3.60	130	-24.592344
3.60	140	-17.711641
3.60	150	4.929687
3.60	160	50.026783
3.60	170	101.335185
3.60	180	123.673395
3.70	0	-8.395274
3.70	10	-9.623799
3.70	20	-12.604152
3.70	30	-15.977568
3.70	40	-18.762441
3.70	50	-20.616474
3.70	60	-21.356902
3.70	70	-21.0544
3.70	80	-20.416552
3.70	90	-20.267171
3.70	100	-20.867803
3.70	110	-22.133847
3.70	120	-24.257655
3.70	130	-26.394856
3.70	140	-24.818829
3.70	150	-13.547734
3.70	160	12.591092
3.70	170	43.341725
3.70	180	56.357287
3.80	0	-15.233175
3.80	10	-15.938651
3.80	20	-17.524821
3.80	30	-19.077633
3.80	40	-20.107232
3.80	50	-20.601678
3.80	60	-20.504902
3.80	70	-19.795003
3.80	80	-18.960458
3.80	90	-18.705747
3.80	100	-19.316808
3.80	110	-20.701519
3.80	120	-23.067858
3.80	130	-26.235398
3.80	140	-27.799095
3.80	150	-23.46582
3.80	160	-9.273056
3.80	170	8.401515
3.80	180	15.527557
3.90	0	-18.38666
3.90	10	-18.752794
3.90	20	-19.482774
3.90	30	-19.969742
3.90	40	-19.98915
3.90	50	-19.698781
3.90	60	-19.139116
3.90	70	-18.249
3.90	80	-17.344153
3.90	90	-17.021164
3.90	100	-17.598892
3.90	110	-19.000508
3.90	120	-21.379939
3.90	130	-24.950426
3.90	140	-28.255863
3.90	150	-28.015972
3.90	160	-21.175442
3.90	170	-11.727023
3.90	180	-8.315289
4.00	0	-19.447784
4.00	10	-19.57165
4.00	20	-19.74145
4.00	30	-19.596159
4.00	40	-19.050387
4.00	50	-18.328294
4.00	60	-17.533238
4.00	70	-16.597895
4.00	80	-15.706784
4.00	90	-15.34894
4.00	100	-15.866285
4.00	110	-17.217891
4.00	120	-19.483678
4.00	130	-23.068393
4.00	140	-27.209766
4.00	150	-29.279408
4.00	160	-26.83258
4.00	170	-22.466817
4.00	180	-21.361572
4.10	0	-19.389862
4.10	10	-19.323082
4.10	20	-19.089987
4.10	30	-18.549743
4.10	40	-17.693372
4.10	50	-16.749072
4.10	60	-15.851457
4.10	70	-14.944702
4.10	80	-14.119294
4.10	90	-13.756151
4.10	100	-14.200202
4.10	110	-15.458643
4.10	120	-17.547325
4.10	130	-20.921583
4.10	140	-25.312556
4.10	150	-28.594887
4.10	160	-28.687683
4.10	170	-27.373309
4.10	180	-27.633542
4.20	0	-18.761823
4.20	10	-18.538251
4.20	20	-17.992143
4.20	30	-17.185313
4.20	40	-16.159313
4.20	50	-15.11392
4.20	60	-14.188863
4.20	70	-13.347045
4.20	80	-12.615404
4.20	90	-12.271112
4.20	100	-12.64027
4.20	110	-13.780155
4.20	120	-15.665983
4.20	130	-18.717296
4.20	140	-22.988619
4.20	150	-26.812431
4.20	160	-28.322351
4.20	170	-28.76269
4.20	180	-29.754009
4.30	0	-17.837469
4.30	10	-17.489009
4.30	20	-16.696984
4.30	30	-15.70072
4.30	40	-14.58493
4.30	50	-13.508879
4.30	60	-12.59935
4.30	70	-11.83779
4.30	80	-11.211122
4.30	90	-10.902932
4.30	100	-11.203175
4.30	110	-12.213072
4.30	120	-13.89228
4.30	130	-16.582481
4.30	140	-20.519957
4.30	150	-24.468228
4.30	160	-26.732525
4.30	170	-28.11909
4.30	180	-29.424939
4.40	0	-16.731596
4.40	10	-16.293987
4.40	20	-15.322732
4.40	30	-14.197207
4.40	40	-13.043464
4.40	50	-11.980893
4.40	60	-11.11332
4.40	70	-10.436664
4.40	80	-9.914732
4.40	90	-9.652463
4.40	100	-9.893717
4.40	110	-10.772643
4.40	120	-12.254155
4.40	130	-14.590994
4.40	140	-18.0931
4.40	150	-21.903226
4.40	160	-24.522705
4.40	170	-26.362476
4.40	180	-27.723578
4.50	0	-15.487444
4.50	10	-14.999092
4.50	20	-13.920131
4.50	30	-12.723684
4.50	40	-11.573346
4.50	50	-10.555581
4.50	60	-9.747958
4.50	70	-9.155808
4.50	80	-8.731081
4.50	90	-8.517623
4.50	100	-8.710809
4.50	110	-9.465142
4.50	120	-10.764698
4.50	130	-12.78131
4.50	140	-15.825092
4.50	150	-19.337444
4.50	160	-22.050376
4.50	170	-24.039353
4.50	180	-25.305123
4.60	0	-14.132752
4.60	10	-13.630064
4.60	20	-12.514752
4.60	30	-11.30598
4.60	40	-10.196174
4.60	50	-9.247294
4.60	60	-8.51235
4.60	70	-8.001696
4.60	80	-7.662681
4.60	90	-7.495487
4.60	100	-7.650301
4.60	110	-8.290834
4.60	120	-9.427343
4.60	130	-11.168065
4.60	140	-13.780004
4.60	150	-16.91129
4.60	160	-19.530815
4.60	170	-21.469607
4.60	180	-22.559569
4.70	0	-12.704901
4.70	10	-12.218131
4.70	20	-11.129573
4.70	30	-9.962711
4.70	40	-8.925936
4.70	50	-8.064028
4.70	60	-7.40998
4.70	70	-6.97596
4.70	80	-6.70942
4.70	90	-6.582218
4.70	100	-6.706465
4.70	110	-7.246051
4.70	120	-8.239051
4.70	130	-9.749935
4.70	140	-11.982463
4.70	150	-14.707048
4.70	160	-17.10127
4.70	170	-18.852475
4.70	180	-19.729287
4.80	0	-11.253475
4.80	10	-10.804463
4.80	20	-9.79161
4.80	30	-8.710992
4.80	40	-7.772646
4.80	50	-7.009257
4.80	60	-6.439485
4.80	70	-6.075704
4.80	80	-5.868176
4.80	90	-5.772923
4.80	100	-5.872356
4.80	110	-6.324245
4.80	120	-7.192232
4.80	130	-8.515329
4.80	140	-10.42961
4.80	150	-12.762082
4.80	160	-14.851043
4.80	170	-16.326067
4.80	180	-16.980391
4.90	0	-9.83254
4.90	10	-9.434672
4.90	20	-8.530074
4.90	30	-7.566549
4.90	40	-6.74273
4.90	50	-6.08235
4.90	60	-5.595365
4.90	70	-5.294061
4.90	80	-5.1329
4.90	90	-5.061427
4.90	100	-5.14013
4.90	110	-5.516964
4.90	120	-6.276255
4.90	130	-7.446662
4.90	140	-9.101518
4.90	150	-11.080472
4.90	160	-12.833046
4.90	170	-13.989691
4.90	180	-14.432163
5.00	0	-8.491505
5.00	10	-8.150915
5.00	20	-7.371583
5.00	30	-6.541534
5.00	40	-5.838247
5.00	50	-5.278555
5.00	60	-4.868632
5.00	70	-4.621025
5.00	80	-4.495212
5.00	90	-4.440123
5.00	100	-4.501155
5.00	110	-4.814431
5.00	120	-5.479018
5.00	130	-6.523696
5.00	140	-7.969848
5.00	150	-9.644561
5.00	160	-11.068863
5.00	170	-11.907205
5.00	180	-12.163215
5.10	0	-7.268825
5.10	10	-6.986059
5.10	20	-6.335808
5.10	30	-5.642499
5.10	40	-5.056504
5.10	50	-4.58941
5.10	60	-4.247579
5.10	70	-4.04466
5.10	80	-3.945012
5.10	90	-3.900456
5.10	100	-3.946231
5.10	110	-4.206086
5.10	120	-4.787794
5.10	130	-5.726075
5.10	140	-7.004016
5.10	150	-8.425168
5.10	160	-9.555487
5.10	170	-10.107825
5.10	180	-10.212003
5.20	0	-6.189101
5.20	10	-5.960678
5.20	20	-5.433331
5.20	30	-4.869396
5.20	40	-4.390097
5.20	50	-4.003554
5.20	60	-3.719162
5.20	70	-3.552129
5.20	80	-3.471475
5.20	90	-3.433269
5.20	100	-3.465968
5.20	110	-3.681217
5.20	120	-4.19005
5.20	130	-5.035187
5.20	140	-6.17503
5.20	150	-7.389573
5.20	160	-8.273613
5.20	170	-8.591195
5.20	180	-8.581515
5.30	0	-5.262813
5.30	10	-5.082673
5.30	20	-4.66519
5.30	30	-4.215827
5.30	40	-3.827797
5.30	50	-3.507811
5.30	60	-3.269893
5.30	70	-3.130979
5.30	80	-3.063956
5.30	90	-3.029353
5.30	100	-3.051073
5.30	110	-3.229308
5.30	120	-3.673903
5.30	130	-4.434838
5.30	140	-5.457924
5.30	150	-6.506204
5.30	160	-7.195408
5.30	170	-7.336176
5.30	180	-7.249064
5.40	0	-4.487958
5.40	10	-4.348632
5.40	20	-4.024119
5.40	30	-3.670306
5.40	40	-3.356076
5.40	50	-3.088519
5.40	60	-2.886993
5.40	70	-2.769738
5.40	80	-2.712487
5.40	90	-2.680004
5.40	100	-2.692725
5.40	110	-2.840357
5.40	120	-3.228427
5.40	130	-3.911704
5.40	140	-4.832588
5.40	150	-5.747291
5.40	160	-6.290113
5.40	170	-6.310104
5.40	180	-6.177243
5.50	0	-3.852941
5.50	10	-3.746513
5.50	20	-3.496676
5.50	30	-3.218189
5.50	40	-2.960517
5.50	50	-2.732759
5.50	60	-2.559093
5.50	70	-2.458348
5.50	80	-2.408347
5.50	90	-2.37725
5.50	100	-2.382808
5.50	110	-2.50525
5.50	120	-2.843625
5.50	130	-3.454828
5.50	140	-4.283474
5.50	150	-5.089657
5.50	160	-5.527712
5.50	170	-5.47567
5.50	180	-5.322543
5.60	0	-3.3398
5.60	10	-3.258712
5.60	20	-3.065879
5.60	30	-2.843673
5.60	40	-2.627338
5.60	50	-2.428943
5.60	60	-2.276484
5.60	70	-2.188492
5.60	80	-2.144012
5.60	90	-2.11406
5.60	100	-2.114155
5.60	110	-2.215829
5.60	120	-2.510714
5.60	130	-3.055173
5.60	140	-3.798969
5.60	150	-4.514892
5.60	160	-4.880755
5.60	170	-4.795338
5.60	180	-4.640935
5.70	0	-2.927649
5.70	10	-2.865241
5.70	20	-2.713842
5.70	30	-2.531584
5.70	40	-2.344359
5.70	50	-2.167485
5.70	60	-2.031394
5.70	70	-1.953359
5.70	80	-1.913232
5.70	90	-1.884408
5.70	100	-1.880498
5.70	110	-1.965084
5.70	120	-2.221978
5.70	130	-2.705243
5.70	140	-3.370395
5.70	150	-4.008879
5.70	160	-4.325717
5.70	170	-4.234402
5.70	180	-4.09149
5.80	0	-2.595519
5.80	10	-2.546254
5.80	20	-2.423647
5.80	30	-2.268614
5.80	40	-2.101399
5.80	50	-1.940637
5.80	60	-1.817539
5.80	70	-1.747459
5.80	80	-1.710918
5.80	90	-1.683306
5.80	100	-1.67651
5.80	110	-1.747082
5.80	120	-1.970841
5.80	130	-2.39842
5.80	140	-2.991064
5.80	150	-3.561141
5.80	160	-3.84364
5.80	170	-3.763227
5.80	180	-3.638988
5.90	0	-2.324488
5.90	10	-2.284134
5.90	20	-2.180802
5.90	30	-2.043767
5.90	40	-1.890621
5.90	50	-1.742419
5.90	60	-1.629999
5.90	70	-1.566471
5.90	80	-1.532891
5.90	90	-1.506564
5.90	100	-1.49783
5.90	110	-1.556842
5.90	120	-1.751671
5.90	130	-2.129155
5.90	140	-2.655332
5.90	150	-3.163838
5.90	160	-3.420261
5.90	170	-3.358697
5.90	180	-3.255783
6.00	0	-2.098794
6.00	10	-2.064334
6.00	20	-1.97362
6.00	30	-1.848623
6.00	40	-1.705895
6.00	50	-1.568135
6.00	60	-1.464865
6.00	70	-1.406853
6.00	80	-1.375728
6.00	90	-1.350686
6.00	100	-1.340789
6.00	110	-1.390271
6.00	120	-1.559859
6.00	130	-1.892421
6.00	140	-2.358382
6.00	150	-2.811024
6.00	160	-3.045426
6.00	170	-3.004332
6.00	180	-2.922223
6.20	0	-1.738199
6.20	10	-1.710304
6.20	20	-1.634008
6.20	30	-1.524262
6.20	40	-1.397679
6.20	50	-1.277874
6.20	60	-1.189908
6.20	70	-1.140463
6.20	80	-1.113146
6.20	90	-1.090675
6.20	100	-1.079948
6.20	110	-1.115178
6.20	120	-1.243527
6.20	130	-1.500301
6.20	140	-1.863663
6.20	150	-2.220162
6.20	160	-2.415524
6.20	170	-2.407752
6.20	180	-2.359511
6.40	0	-1.453176
6.40	10	-1.428974
6.40	20	-1.361726
6.40	30	-1.263922
6.40	40	-1.152217
6.40	50	-1.048542
6.40	60	-0.973175
6.40	70	-0.930152
6.40	80	-0.905581
6.40	90	-0.885577
6.40	100	-0.875402
6.40	110	-0.901078
6.40	120	-0.998288
6.40	130	-1.195009
6.40	140	-1.476598
6.40	150	-1.756377
6.40	160	-1.917602
6.40	170	-1.929473
6.40	180	-1.903349
6.60	0	-1.216559
6.60	10	-1.195453
6.60	20	-1.136532
6.60	30	-1.050848
6.60	40	-0.954043
6.60	50	-0.86524
6.60	60	-0.800523
6.60	70	-0.762578
6.60	80	-0.740257
6.60	90	-0.722657
6.60	100	-0.713777
6.60	110	-0.733341
6.60	120	-0.807443
6.60	130	-0.957194
6.60	140	-1.173753
6.60	150	-1.392991
6.60	160	-1.526278
6.60	170	-1.548991
6.60	180	-1.536648
6.80	0	-1.01674
6.80	10	-0.998633
6.80	20	-0.948049
6.80	30	-0.874626
6.80	40	-0.792199
6.80	50	-0.716892
6.80	60	-0.661446
6.80	70	-0.627876
6.80	80	-0.60767
6.80	90	-0.592429
6.80	100	-0.585306
6.80	110	-0.601028
6.80	120	-0.6584
6.80	130	-0.772409
6.80	140	-0.937733
6.80	150	-1.10884
6.80	160	-1.219412
6.80	170	-1.248393
6.80	180	-1.244974
7.00	0	-0.847667
7.00	10	-0.832441
7.00	20	-0.789816
7.00	30	-0.728012
7.00	40	-0.658819
7.00	50	-0.595479
7.00	60	-0.548208
7.00	70	-0.518654
7.00	80	-0.500562
7.00	90	-0.487713
7.00	100	-0.482493
7.00	110	-0.4959
7.00	120	-0.5414
7.00	130	-0.629022
7.00	140	-0.754997
7.00	150	-0.887745
7.00	160	-0.979093
7.00	170	-1.01075
7.00	180	-1.012957
7.20	0	-0.705011
7.20	10	-0.692362
7.20	20	-0.656953
7.20	30	-0.605602
7.20	40	-0.548079
7.20	50	-0.495275
7.20	60	-0.455235
7.20	70	-0.429476
7.20	80	-0.413511
7.20	90	-0.402953
7.20	100	-0.399602
7.20	110	-0.411623
7.20	120	-0.448702
7.20	130	-0.517348
7.20	140	-0.61418
7.20	150	-0.717007
7.20	160	-0.791607
7.20	170	-0.822842
7.20	180	-0.828098
7.40	0	-0.585135
7.40	10	-0.574747
7.40	20	-0.545579
7.40	30	-0.503272
7.40	40	-0.455873
7.40	50	-0.412145
7.40	60	-0.378455
7.40	70	-0.356254
7.40	80	-0.342394
7.40	90	-0.33389
7.40	100	-0.332191
7.40	110	-0.343394
7.40	120	-0.374448
7.40	130	-0.429531
7.40	140	-0.505353
7.40	150	-0.585746
7.40	160	-0.646298
7.40	170	-0.675019
7.40	180	-0.681506
7.60	0	-0.484769
7.60	10	-0.476274
7.60	20	-0.452438
7.60	30	-0.417819
7.60	40	-0.379006
7.60	50	-0.342974
7.60	60	-0.314866
7.60	70	-0.295816
7.60	80	-0.283955
7.60	90	-0.277232
7.60	100	-0.276955
7.60	110	-0.287568
7.60	120	-0.314119
7.60	130	-0.359383
7.60	140	-0.420257
7.60	150	-0.48441
7.60	160	-0.533997
7.60	170	-0.559544
7.60	180	-0.566221
7.80	0	-0.401058
7.80	10	-0.394141
7.80	20	-0.374724
7.80	30	-0.346576
7.80	40	-0.314926
7.80	50	-0.285397
7.80	60	-0.26197
7.80	70	-0.245797
7.80	80	-0.235669
7.80	90	-0.230491
7.80	100	-0.23129
7.80	110	-0.2414
7.80	120	-0.264471
7.80	130	-0.302371
7.80	140	-0.352475
7.80	150	-0.405028
7.80	160	-0.446538
7.80	170	-0.469292
7.80	180	-0.475756
8.00	0	-0.331414
8.00	10	-0.325808
8.00	20	-0.31007
8.00	30	-0.287217
8.00	40	-0.261525
8.00	50	-0.237375
8.00	60	-0.217923
8.00	70	-0.204216
8.00	80	-0.195652
8.00	90	-0.191689
8.00	100	-0.193282
8.00	110	-0.20287
8.00	120	-0.223086
8.00	130	-0.255284
8.00	140	-0.297297
8.00	150	-0.341471
8.00	160	-0.377146
8.00	170	-0.397736
8.00	180	-0.403973
8.20	0	-0.273546
8.20	10	-0.269018
8.20	20	-0.256304
8.20	30	-0.237841
8.20	40	-0.217005
8.20	50	-0.197292
8.20	60	-0.181163
8.20	70	-0.169579
8.20	80	-0.162347
8.20	90	-0.159373
8.20	100	-0.161455
8.20	110	-0.170425
8.20	120	-0.188224
8.20	130	-0.215826
8.20	140	-0.251486
8.20	150	-0.28928
8.20	160	-0.320632
8.20	170	-0.339597
8.20	180	-0.34562
8.40	0	-0.225544
8.40	10	-0.22189
8.40	20	-0.211624
8.40	30	-0.196743
8.40	40	-0.179878
8.40	50	-0.163794
8.40	60	-0.150422
8.40	70	-0.140659
8.40	80	-0.134575
8.40	90	-0.13231
8.40	100	-0.134675
8.40	110	-0.142971
8.40	120	-0.158642
8.40	130	-0.182394
8.40	140	-0.212921
8.40	150	-0.245589
8.40	160	-0.273401
8.40	170	-0.290953
8.40	180	-0.296731
8.60	0	-0.185749
8.60	10	-0.182815
8.60	20	-0.174553
8.60	30	-0.162559
8.60	40	-0.148933
8.60	50	-0.135802
8.60	60	-0.1247
8.60	70	-0.116461
8.60	80	-0.111352
8.60	90	-0.109658
8.60	100	-0.112065
8.60	110	-0.119655
8.60	120	-0.133414
8.60	130	-0.153897
8.60	140	-0.180107
8.60	150	-0.208396
8.60	160	-0.233115
8.60	170	-0.249278
8.60	180	-0.254779
8.80	0	-0.152779
8.80	10	-0.150419
8.80	20	-0.143778
8.80	30	-0.134137
8.80	40	-0.123105
8.80	50	-0.112354
8.80	60	-0.103151
8.80	70	-0.09621
8.80	80	-0.09191
8.80	90	-0.090618
8.80	100	-0.092987
8.80	110	-0.09981
8.80	120	-0.111867
8.80	130	-0.129517
8.80	140	-0.152025
8.80	150	-0.176528
8.80	160	-0.198357
8.80	170	-0.213081
8.80	180	-0.218181
9.00	0	-0.125512
9.00	10	-0.123629
9.00	20	-0.118277
9.00	30	-0.110491
9.00	40	-0.10155
9.00	50	-0.092742
9.00	60	-0.085081
9.00	70	-0.07922
9.00	80	-0.075601
9.00	90	-0.074587
9.00	100	-0.076824
9.00	110	-0.082896
9.00	120	-0.093416
9.00	130	-0.108625
9.00	140	-0.127921
9.00	150	-0.149104
9.00	160	-0.168254
9.00	170	-0.181447
9.00	180	-0.1861
9.50	0	-0.076228
9.50	10	-0.07512
9.50	20	-0.071968
9.50	30	-0.067369
9.50	40	-0.061973
9.50	50	-0.056514
9.50	60	-0.051613
9.50	70	-0.04773
9.50	80	-0.045314
9.50	90	-0.044749
9.50	100	-0.046443
9.50	110	-0.050801
9.50	120	-0.058122
9.50	130	-0.06854
9.50	140	-0.081666
9.50	150	-0.096118
9.50	160	-0.109521
9.50	170	-0.119019
9.50	180	-0.122446
10.00	0	-0.045413
10.00	10	-0.044723
10.00	20	-0.042819
10.00	30	-0.039951
10.00	40	-0.036568
10.00	50	-0.033064
10.00	60	-0.029834
10.00	70	-0.02723
10.00	80	-0.025582
10.00	90	-0.025227
10.00	100	-0.026429
10.00	110	-0.029429
10.00	120	-0.034429
10.00	130	-0.041467
10.00	140	-0.050322
10.00	150	-0.060072
10.00	160	-0.069181
10.00	170	-0.075702
10.00	180	-0.078085
10.50	0	-0.025769
10.50	10	-0.025335
10.50	20	-0.024111
10.50	30	-0.022258
10.50	40	-0.020038
10.50	50	-0.017699
10.50	60	-0.01553
10.50	70	-0.013753
10.50	80	-0.012604
10.50	90	-0.012377
10.50	100	-0.013175
10.50	110	-0.015226
10.50	120	-0.018638
10.50	130	-0.023403
10.50	140	-0.029347
10.50	150	-0.035901
10.50	160	-0.042003
10.50	170	-0.046392
10.50	180	-0.048002
11.00	0	-0.012927
11.00	10	-0.012653
11.00	20	-0.011818
11.00	30	-0.010594
11.00	40	-0.009072
11.00	50	-0.007496
11.00	60	-0.006022
11.00	70	-0.004808
11.00	80	-0.004032
11.00	90	-0.003841
11.00	100	-0.00441
11.00	110	-0.005836
11.00	120	-0.008156
11.00	130	-0.011441
11.00	140	-0.015452
11.00	150	-0.019859
11.00	160	-0.023985
11.00	170	-0.026934
11.00	180	-0.028014
11.50	0	-0.004351
11.50	10	-0.004168
11.50	20	-0.003592
11.50	30	-0.002739
11.50	40	-0.001729
11.50	50	-0.000654
11.50	60	0.000365
11.50	70	0.0012
11.50	80	0.001719
11.50	90	0.001827
11.50	100	0.001401
11.50	110	0.000404
11.50	120	-0.001262
11.50	130	-0.003501
11.50	140	-0.006296
11.50	150	-0.009313
11.50	160	-0.012153
11.50	170	-0.014145
11.50	180	-0.014881
12.00	0	0.001447
12.00	10	0.001588
12.00	20	0.001954
12.00	30	0.002549
12.00	40	0.00324
12.00	50	0.003962
12.00	60	0.004639
12.00	70	0.005203
12.00	80	0.005539
12.00	90	0.005598
12.00	100	0.005259
12.00	110	0.00455
12.00	120	0.003352
12.00	130	0.001719
12.00	140	-0.000265
12.00	150	-0.002392
12.00	160	-0.004351
12.00	170	-0.005763
12.00	180	-0.006273
12.50	0	0.005371
12.50	10	0.005468
12.50	20	0.005724
12.50	30	0.006093
12.50	40	0.006563
12.50	50	0.007063
12.50	60	0.007514
12.50	70	0.007873
12.50	80	0.008074
12.50	90	0.008065
12.50	100	0.007828
12.50	110	0.007254
12.50	120	0.00639
12.50	130	0.005211
12.50	140	0.003763
12.50	150	0.002214
12.50	160	0.000809
12.50	170	-0.00021
12.50	180	-0.000582
13.00	0	0.008006
13.00	10	0.008064
13.00	20	0.008231
13.00	30	0.00848
13.00	40	0.008781
13.00	50	0.00909
13.00	60	0.009388
13.00	70	0.009594
13.00	80	0.009716
13.00	90	0.009675
13.00	100	0.009472
13.00	110	0.009048
13.00	120	0.008376
13.00	130	0.007499
13.00	140	0.006413
13.00	150	0.005266
13.00	160	0.004224
13.00	170	0.00347
13.00	180	0.003198
13.50	0	0.009741
13.50	10	0.009787
13.50	20	0.009872
13.50	30	0.010036
13.50	40	0.010214
13.50	50	0.010418
13.50	60	0.010565
13.50	70	0.010698
13.50	80	0.010745
13.50	90	0.010693
13.50	100	0.0105
13.50	110	0.010175
13.50	120	0.009652
13.50	130	0.008985
13.50	140	0.008154
13.50	150	0.007281
13.50	160	0.006502
13.50	170	0.005938
13.50	180	0.005751
14.00	0	0.010843
14.00	10	0.010875
14.00	20	0.010917
14.00	30	0.010998
14.00	40	0.011114
14.00	50	0.01122
14.00	60	0.011288
14.00	70	0.011343
14.00	80	0.011338
14.00	90	0.011259
14.00	100	0.011094
14.00	110	0.010835
14.00	120	0.010421
14.00	130	0.009901
14.00	140	0.009292
14.00	150	0.00861
14.00	160	0.008017
14.00	170	0.007566
14.00	180	0.007431
14.50	0	0.011498
14.50	10	0.011527
14.50	20	0.011547
14.50	30	0.011592
14.50	40	0.011618
14.50	50	0.011658
14.50	60	0.011688
14.50	70	0.011654
14.50	80	0.011612
14.50	90	0.011549
14.50	100	0.011395
14.50	110	0.011166
14.50	120	0.01086
14.50	130	0.010445
14.50	140	0.00996
14.50	150	0.009431
14.50	160	0.008968
14.50	170	0.008639
14.50	180	0.008521
15.00	0	0.011859
15.00	10	0.01186
15.00	20	0.011853
15.00	30	0.011856
15.00	40	0.011846
15.00	50	0.011843
15.00	60	0.01181
15.00	70	0.011783
15.00	80	0.011708
15.00	90	0.011617
15.00	100	0.011481
15.00	110	0.011291
15.00	120	0.011025
15.00	130	0.010719
15.00	140	0.010329
15.00	150	0.009921
15.00	160	0.009547
15.00	170	0.009309
15.00	180	0.009211
16.00	0	0.011943
16.00	10	0.011938
16.00	20	0.01191
16.00	30	0.011874
16.00	40	0.011822
16.00	50	0.011731
16.00	60	0.011652
16.00	70	0.011569
16.00	80	0.011461
16.00	90	0.01136
16.00	100	0.011261
16.00	110	0.011103
16.00	120	0.010933
16.00	130	0.010718
16.00	140	0.010488
16.00	150	0.010223
16.00	160	0.009997
16.00	170	0.009841
16.00	180	0.009771
17.00	0	0.011584
17.00	10	0.01157
17.00	20	0.011534
17.00	30	0.011451
17.00	40	0.011375
17.00	50	0.01129
17.00	60	0.011159
17.00	70	0.011054
17.00	80	0.010938
17.00	90	0.010828
17.00	100	0.010741
17.00	110	0.010632
17.00	120	0.010499
17.00	130	0.010371
17.00	140	0.010209
17.00	150	0.010034
17.00	160	0.009876
17.00	170	0.009779
17.00	180	0.009744
18.00	0	0.011019
18.00	10	0.011009
18.00	20	0.010931
18.00	30	0.01087
18.00	40	0.010785
18.00	50	0.01066
18.00	60	0.010553
18.00	70	0.010414
18.00	80	0.010319
18.00	90	0.01021
18.00	100	0.010112
18.00	110	0.010019
18.00	120	0.009908
18.00	130	0.009833
18.00	140	0.009701
18.00	150	0.009601
18.00	160	0.0095
18.00	170	0.009432
18.00	180	0.009412
19.00	0	0.010361
19.00	10	0.010346
19.00	20	0.010285
19.00	30	0.010204
19.00	40	0.010102
19.00	50	0.009997
19.00	60	0.00987
19.00	70	0.00975
19.00	80	0.009631
19.00	90	0.009542
19.00	100	0.009457
19.00	110	0.009346
19.00	120	0.009289
19.00	130	0.009214
19.00	140	0.009133
19.00	150	0.009057
19.00	160	0.009002
19.00	170	0.008936
19.00	180	0.008923
20.00	0	0.009679
20.00	10	0.009655
20.00	20	0.009615
20.00	30	0.009547
20.00	40	0.009427
20.00	50	0.009331
20.00	60	0.009213
20.00	70	0.009079
20.00	80	0.008987
20.00	90	0.008864
20.00	100	0.00879
20.00	110	0.00874
20.00	120	0.008657
20.00	130	0.0086
20.00	140	0.008542
20.00	150	0.008492
20.00	160	0.008436
20.00	170	0.0084
20.00	180	0.008389
21.00	0	0.009038
21.00	10	0.008998
21.00	20	0.00897
21.00	30	0.008895
21.00	40	0.008782
21.00	50	0.008689
21.00	60	0.00858
21.00	70	0.008455
21.00	80	0.008362
21.00	90	0.008256
21.00	100	0.008178
21.00	110	0.008125
21.00	120	0.008064
21.00	130	0.008019
21.00	140	0.007965
21.00	150	0.007904
21.00	160	0.007891
21.00	170	0.007857
21.00	180	0.007853
22.00	0	0.008415
22.00	10	0.008388
22.00	20	0.008356
22.00	30	0.008272
22.00	40	0.0082
22.00	50	0.008086
22.00	60	0.007973
22.00	70	0.007854
22.00	80	0.007783
22.00	90	0.00768
22.00	100	0.007621
22.00	110	0.007543
22.00	120	0.007491
22.00	130	0.007446
22.00	140	0.007428
22.00	150	0.007382
22.00	160	0.007357
22.00	170	0.007335
22.00	180	0.007319
23.00	0	0.007837
23.00	10	0.007818
23.00	20	0.007779
23.00	30	0.007709
23.00	40	0.007621
23.00	50	0.007534
23.00	60	0.007419
23.00	70	0.007322
23.00	80	0.007219
23.00	90	0.007146
23.00	100	0.007078
23.00	110	0.007015
23.00	120	0.006969
23.00	130	0.006941
23.00	140	0.006896
23.00	150	0.006874
23.00	160	0.006858
23.00	170	0.006839
23.00	180	0.006846
24.00	0	0.007304
24.00	10	0.007284
24.00	20	0.007266
24.00	30	0.007202
24.00	40	0.00711
24.00	50	0.007023
24.00	60	0.006913
24.00	70	0.006808
24.00	80	0.006744
24.00	90	0.006652
24.00	100	0.006586
24.00	110	0.00654
24.00	120	0.006485
24.00	130	0.006473
24.00	140	0.006441
24.00	150	0.006389
24.00	160	0.006384
24.00	170	0.006376
24.00	180	0.006378
25.00	0	0.006821
25.00	10	0.006806
25.00	20	0.006753
25.00	30	0.006717
25.00	40	0.006636
25.00	50	0.006559
25.00	60	0.006471
25.00	70	0.006371
25.00	80	0.006293
25.00	90	0.006213
25.00	100	0.006148
25.00	110	0.006091
25.00	120	0.006033
25.00	130	0.00603
25.00	140	0.005974
25.00	150	0.005999
25.00	160	0.005962
25.00	170	0.005959
25.00	180	0.00596
50.00	0	0.001755
50.00	10	0.00174
50.00	20	0.001731
50.00	30	0.001726
50.00	40	0.0017
50.00	50	0.001674
50.00	60	0.001668
50.00	70	0.001621
50.00	80	0.001599
50.00	90	0.001588
50.00	100	0.001561
50.00	110	0.001544
50.00	120	0.001523
50.00	130	0.001513
50.00	140	0.001497
50.00	150	0.001485
50.00	160	0.001496
50.00	170	0.001489
50.00	180	0.001492
100.00	0	7.5e-05
100.00	10	5.5e-05
100.00	20	6.4e-05
100.00	30	5.1e-05
100.00	40	4.4e-05
100.00	50	5.2e-05
100.00	60	2.4e-05
100.00	70	3.5e-05
100.00	80	2.6e-05
100.00	90	2.6e-05
100.00	100	1.3e-05
100.00	110	-3e-06
100.00	120	1e-05
100.00	130	-4e-06
100.00	140	-8e-06
100.00	150	-1.6e-05
100.00	160	-7e-06
100.00	170	-1e-05
100.00	180	0.0
