R,theta,E3_cm
2.5,0.0,2612.388128916092
2.6,0.0,1851.5454371381365
2.7,0.0,1289.0968371474355
2.8,0.0,876.5299859435866
2.9,0.0,583.3049009716748
3.0,0.0,379.3478735250848
3.1,0.0,237.14565178190355
3.2,0.0,140.7679989324677
3.3,0.0,76.53602697762172
3.4,0.0,35.037237198417664
3.5,0.0,8.876014934211485
3.6,0.0,-6.482468515145848
3.7,0.0,-15.19361410613567
3.8,0.0,-19.45298019760214
3.9,0.0,-22.118236210816136
4.0,0.0,-21.20800907696887
4.1,0.0,-20.186420515222554
4.2,0.0,-18.843521096641155
4.3,0.0,-17.133967361254136
4.4,0.0,-15.39089985060196
4.5,0.0,-13.710689872944794
4.6,0.0,-12.143553224662593
4.7,0.0,-10.71273226904611
4.8,0.0,-9.425711093546909
4.9,0.0,-8.280887526605714
5.0,0.0,-7.271216440983511
5.1,0.0,-6.386777574786188
5.2,0.0,-5.613283136605739
5.3,0.0,-4.9449609404665145
5.4,0.0,-4.367172029285608
5.5,0.0,-3.8703253621080473
5.6,0.0,-3.4393430309951483
5.7,0.0,-3.06390973138207
5.8,0.0,-2.7386702771753395
5.9,0.0,-2.453748311546976
6.0,0.0,-2.2026473880303814
6.2,0.0,-1.7822437326195741
6.4,0.0,-1.4481155563319836
6.6,0.0,-1.1822220407497144
6.8,0.0,-0.9711532899384747
7.0,0.0,-0.8033649350658881
7.2,0.0,-0.6691342511678188
7.4,0.0,-0.5608674177571428
7.6,0.0,-0.47292393286737566
7.8,0.0,-0.4010898863727789
8.0,0.0,-0.342095107185373
8.2,0.0,-0.2932181049895982
8.4,0.0,-0.25235192940096823
8.6,0.0,-0.21785051938869174
8.8,0.0,-0.18841897024011034
9.0,0.0,-0.16324523004555203
10.0,0.0,-0.08190793089578748
10.5,0.0,-0.05960930976171326
11.0,0.0,-0.04426803380469664
11.5,0.0,-0.033469882674714596
12.0,0.0,-0.02567853149545968
12.5,0.0,-0.0199502443480948
13.0,0.0,-0.01567048753939048
13.5,0.0,-0.012444212160773419
14.0,0.0,-0.009964148246706798
14.5,0.0,-0.00803277134290397
15.0,0.0,-0.006540345294881007
16.0,0.0,-0.0044114408178694475
17.0,0.0,-0.00302875092433041
18.0,0.0,-0.002150852331692761
19.0,0.0,-0.001536321757385366
20.0,0.0,-0.001119321875208783
21.0,0.0,-0.0008340028832752467
22.0,0.0,-0.0006145305743073948
23.0,0.0,-0.0004608955915389856
24.0,0.0,-0.0003511594370550597
25.0,0.0,-0.0002633711372523351
50.0,0.0,2.1947854681201306e-05
100.0,0.0,0.0
2.5,5.0,2537.1797259215396
2.6,5.0,1821.0933322245476
2.7,5.0,1273.450644407927
2.8,5.0,869.985559741893
2.9,5.0,579.7658506146486
3.0,5.0,375.92259881630764
3.1,5.0,235.35313663730958
3.2,5.0,140.62821554114078
3.3,5.0,75.52372219310267
3.4,5.0,34.504550323924725
3.5,5.0,8.672276635869038
3.6,5.0,-6.234966974299607
3.7,5.0,-16.434677297327866
3.8,5.0,-19.411982338004346
3.9,5.0,-22.078313774265265
4.0,5.0,-21.133936389842777
4.1,5.0,-20.11228198765134
4.2,5.0,-18.774781644634935
4.3,5.0,-17.071373199396376
4.4,5.0,-15.335416665785104
4.5,5.0,-13.662295717314162
4.6,5.0,-12.101831098336007
4.7,5.0,-10.677045696713504
4.8,5.0,-9.395445541515052
4.9,5.0,-8.25534068223834
5.0,5.0,-7.249773767468471
5.1,5.0,-6.365993327554818
5.2,5.0,-5.598161336076613
5.3,5.0,-4.932165571987608
5.4,5.0,-4.356286089855823
5.5,5.0,-3.860975744435648
5.6,5.0,-3.4312224713524415
5.7,5.0,-3.0567987512222436
5.8,5.0,-2.732393303017711
5.9,5.0,-2.448173656263457
6.0,5.0,-2.197687260202248
6.2,5.0,-1.7782931905121657
6.4,5.0,-1.4449990171078504
6.6,5.0,-1.1798297682543726
6.8,5.0,-0.9693316523080779
7.0,5.0,-0.8019822451723491
7.2,5.0,-0.6680368802662133
7.4,5.0,-0.5599675713098239
7.6,5.0,-0.47215577354814403
7.8,5.0,-0.4004314632080312
8.0,5.0,-0.34150252446574686
8.2,5.0,-0.2927133136886968
8.4,5.0,-0.25191298166411047
8.6,5.0,-0.21745546424227427
8.8,5.0,-0.18808975865773647
9.0,5.0,-0.16293796631785937
9.5,5.0,-0.11458770639658923
10.0,5.0,-0.08177624688662234
10.5,5.0,-0.05952152146191054
11.0,5.0,-0.044224138095334244
11.5,5.0,-0.0334259869653522
12.0,5.0,-0.02565658364077848
12.5,5.0,-0.0199502443480948
13.0,5.0,-0.01567049065831256
13.5,5.0,-0.012444212160773419
14.0,5.0,-0.009964148246706798
14.5,5.0,-0.00803277134290397
15.0,5.0,-0.006540345294881007
16.0,5.0,-0.0044114408178694475
17.0,5.0,-0.0030506987790116114
18.0,5.0,-0.002150852331692761
19.0,5.0,-0.0015582696120665673
20.0,5.0,-0.0011412697298899843
21.0,5.0,-0.0008340028832752467
22.0,5.0,-0.0006364784289885961
23.0,5.0,-0.00048284344622018694
24.0,5.0,-0.00037310729173626103
25.0,5.0,-0.0002853189919335364
50.0,5.0,0.0
100.0,5.0,0.0
2.5,10.0,2365.4783142149545
2.6,10.0,1743.286393506703
2.7,10.0,1230.4051071725257
2.8,10.0,843.8305705592539
2.9,10.0,564.8324675773929
3.0,10.0,366.8826582810312
3.1,10.0,229.05755077064643
3.2,10.0,135.80139779091292
3.3,10.0,73.98678525328829
3.4,10.0,32.96649406223513
3.5,10.0,8.788203133330882
3.6,10.0,-6.2601846102035275
3.7,10.0,-15.10393677191531
3.8,10.0,-19.706385605314274
3.9,10.0,-21.061048865037016
4.0,10.0,-20.921419105573953
4.1,10.0,-19.898645381507308
4.2,10.0,-18.57297472319629
4.3,10.0,-16.887299826410093
4.4,10.0,-15.171842224157178
4.5,10.0,-13.519307995344398
4.6,10.0,-11.978201041113634
4.7,10.0,-10.571149187943488
4.8,10.0,-9.305395100002954
4.9,10.0,-8.179270774644403
5.0,10.0,-7.185774967862492
5.1,10.0,-6.312156200649833
5.2,10.0,-5.552839823960751
5.3,10.0,-4.893867248612848
5.4,10.0,-4.325691326241592
5.5,10.0,-3.8329049373259245
5.6,10.0,-3.4068607861864773
5.7,10.0,-3.0354877648352914
5.8,10.0,-2.7135843252805842
5.9,10.0,-2.4314935830033417
6.0,10.0,-2.1828068798367704
6.2,10.0,-1.7663976653616562
6.4,10.0,-1.4356274515807699
6.6,10.0,-1.1725871072043035
6.8,10.0,-0.9638228374696809
7.0,10.0,-0.797724439337248
7.2,10.0,-0.6646569699048278
7.4,10.0,-0.5571802436680646
7.6,10.0,-0.46980739364324253
7.8,10.0,-0.39839035014974444
8.0,10.0,-0.3397247794257903
8.2,10.0,-0.29113309622194905
8.4,10.0,-0.2505302917705714
8.6,10.0,-0.21622640621258157
8.8,10.0,-0.1870143324918901
9.0,10.0,-0.16201617201585933
9.5,10.0,-0.11395122796760063
10.0,10.0,-0.08135924700444576
10.5,10.0,-0.059236202469977
11.0,10.0,-0.04402661052212551
11.5,10.0,-0.033294302956187065
12.0,10.0,-0.025546847486294554
12.5,10.0,-0.019862456048292076
13.0,10.0,-0.015626594948950155
13.5,10.0,-0.012400316451411016
14.0,10.0,-0.009920252537344396
14.5,10.0,-0.00801082348822277
15.0,10.0,-0.006518397440199806
16.0,10.0,-0.004389492963188246
17.0,10.0,-0.00302875092433041
18.0,10.0,-0.002150852331692761
19.0,10.0,-0.001536321757385366
20.0,10.0,-0.0011412697298899843
21.0,10.0,-0.0008340028832752467
22.0,10.0,-0.0006364784289885961
23.0,10.0,-0.00048284344622018694
24.0,10.0,-0.00037310729173626103
25.0,10.0,-0.0002853189919335364
50.0,10.0,0.0
100.0,10.0,0.0
2.5,15.0,2190.992449823487
2.6,15.0,1643.587935874776
2.7,15.0,1170.3411340213047
2.8,15.0,805.8180694332182
2.9,15.0,539.7403940276804
3.0,15.0,350.52611395532915
3.1,15.0,219.05139512228604
3.2,15.0,129.7838643330009
3.3,15.0,70.3904959142599
3.4,15.0,32.97863101066821
3.5,15.0,7.95602117969072
3.6,15.0,-6.578313084250432
3.7,15.0,-16.215268508327107
3.8,15.0,-18.912172763466497
3.9,15.0,-20.83110529604353
4.0,15.0,-20.60568290402239
4.1,15.0,-19.571211182378445
4.2,15.0,-18.250764016794967
4.3,15.0,-16.592457608244384
4.4,15.0,-14.908801879780711
4.5,15.0,-13.288376791603788
4.6,15.0,-11.777776806449607
4.7,15.0,-10.398773812534506
4.8,15.0,-9.158369044507056
4.9,15.0,-8.054653079555985
5.0,15.0,-7.0780129226337944
5.1,15.0,-6.223444556440834
5.2,15.0,-5.478020922251186
5.3,15.0,-4.830482973343331
5.4,15.0,-4.271634723908717
5.5,15.0,-3.786442158599095
5.6,15.0,-3.3646119207043084
5.7,15.0,-3.00019624453018
5.8,15.0,-2.682462822510771
5.9,15.0,-2.403861726749398
6.0,15.0,-2.158181826652476
6.2,15.0,-1.7467985804506163
6.4,15.0,-1.4201983842050283
6.6,15.0,-1.1606915820537937
6.8,15.0,-0.9547146399609305
7.0,15.0,-0.7906573548867845
7.2,15.0,-0.6590164710572657
7.4,15.0,-0.5525273826865461
7.6,15.0,-0.4658568515358341
7.8,15.0,-0.395010439788359
8.0,15.0,-0.33678381992018475
8.2,15.0,-0.2885652440080797
8.4,15.0,-0.24824775542971353
8.6,15.0,-0.21422918574473515
8.8,15.0,-0.1852585353066148
9.0,15.0,-0.16047985025847397
9.5,15.0,-0.11291969751111665
10.0,15.0,-0.08067887598501684
10.5,15.0,-0.058775306878438016
11.0,15.0,-0.04369739893975165
11.5,15.0,-0.033074827528297136
12.0,15.0,-0.025393215622448225
12.5,15.0,-0.019730768920204866
13.0,15.0,-0.01551685567554415
13.5,15.0,-0.012312528151608292
14.0,15.0,-0.009854412092222873
14.5,15.0,-0.007966930897782448
15.0,15.0,-0.006474501730837403
16.0,15.0,-0.004367545108507045
17.0,15.0,-0.00302875092433041
18.0,15.0,-0.0021289044770115596
19.0,15.0,-0.001536321757385366
20.0,15.0,-0.001119321875208783
21.0,15.0,-0.0008340028832752467
22.0,15.0,-0.0006364784289885961
23.0,15.0,-0.00048284344622018694
24.0,15.0,-0.00037310729173626103
25.0,15.0,-0.0002853189919335364
50.0,15.0,0.0
100.0,15.0,0.0
2.5,20.0,2047.2904701419907
2.6,20.0,1541.6561044040761
2.7,20.0,1100.0160854401083
2.8,20.0,759.269673210662
2.9,20.0,508.8302455615896
3.0,20.0,330.5527155125574
3.1,20.0,206.28648727151196
3.2,20.0,121.89171027202592
3.3,20.0,65.68269925910118
3.4,20.0,29.411487901796466
3.5,20.0,6.456416876358652
3.6,20.0,-8.753394459590913
3.7,20.0,-16.198610386040595
3.8,20.0,-19.829445030790623
3.9,20.0,-20.450492393174425
4.0,20.0,-20.173295935161274
4.1,20.0,-19.283392152953837
4.2,20.0,-17.827177981714907
4.3,20.0,-16.203592458604486
4.4,20.0,-14.560254218719182
4.5,20.0,-12.980805045404296
4.6,20.0,-11.509491018371996
4.7,20.0,-10.167030550646379
4.8,20.0,-8.959766453711271
4.9,20.0,-7.885591770944344
5.0,20.0,-6.934586252927172
5.1,20.0,-6.102162876004439
5.2,20.0,-5.375438480278513
5.3,20.0,-4.743439334900883
5.4,20.0,-4.197320613500053
5.5,20.0,-3.722553095147599
5.6,20.0,-3.309172628477893
5.7,20.0,-2.951670404890382
5.8,20.0,-2.639643322163657
5.9,20.0,-2.365870670221252
6.0,20.0,-2.124338839804947
6.2,20.0,-1.719890990925464
6.4,20.0,-1.3991288179817247
6.6,20.0,-1.1444285117947772
6.8,20.0,-0.9421826395003544
7.0,20.0,-0.7808687863586051
7.2,20.0,-0.6511592794328892
7.4,20.0,-0.5460528809557087
7.6,20.0,-0.4603919324067995
7.8,20.0,-0.3903356309521593
8.0,20.0,-0.33274548639405155
8.2,20.0,-0.2850317017828479
8.4,20.0,-0.24517510879602072
8.6,20.0,-0.21152964952170067
8.8,20.0,-0.18291015852063539
9.0,20.0,-0.1584387372001872
9.5,20.0,-0.11153700761757762
10.0,20.0,-0.0797351338283356
10.5,20.0,-0.05816077630413062
11.0,20.0,-0.04328039905757507
11.5,20.0,-0.03276756380060448
12.0,20.0,-0.02515179233987709
12.5,20.0,-0.019577137056358537
13.0,20.0,-0.015385171666379023
13.5,20.0,-0.012202788878202284
14.0,20.0,-0.009788568528179269
14.5,20.0,-0.007901087333738843
15.0,20.0,-0.006430606021475001
16.0,20.0,-0.004323649399144642
17.0,20.0,-0.003006803069649209
18.0,20.0,-0.0021069566223303584
19.0,20.0,-0.0015143770216262454
20.0,20.0,-0.001119321875208783
21.0,20.0,-0.0008340028832752467
22.0,20.0,-0.0006145305743073948
23.0,20.0,-0.00048284344622018694
24.0,20.0,-0.00037310729173626103
25.0,20.0,-0.0002853189919335364
50.0,20.0,0.0
100.0,20.0,0.0
2.5,25.0,1934.6899769084764
2.6,25.0,1441.2694840678164
2.7,25.0,1025.9782942832662
2.8,25.0,706.944924198054
2.9,25.0,473.26795920487547
3.0,25.0,307.1507063525943
3.1,25.0,191.17805127047896
3.2,25.0,112.44095712541254
3.3,25.0,60.399615701411385
3.4,25.0,26.294794521820577
3.5,25.0,4.74124458997875
3.6,25.0,-8.222792593865627
3.7,25.0,-15.19666480491468
3.8,25.0,-18.59116916724019
3.9,25.0,-19.989485930193318
4.0,25.0,-19.682506766713452
4.1,25.0,-18.759067261386182
4.2,25.0,-17.326029612992883
4.3,25.0,-15.742344575459732
4.4,25.0,-14.145183798428246
4.5,25.0,-12.612833879150253
4.6,25.0,-11.187016947071266
4.7,25.0,-9.88709066070083
4.8,25.0,-8.718761362450548
4.9,25.0,-7.679395356542512
5.0,25.0,-6.758809022421044
5.1,25.0,-5.952920127731727
5.2,25.0,-5.248779672131808
5.3,25.0,-4.637718405849395
5.4,25.0,-4.105185166339228
5.5,25.0,-3.6413035874165596
5.6,25.0,-3.2403453850529456
5.7,25.0,-2.891402671963921
5.8,25.0,-2.5864865662781
5.9,25.0,-2.3187055726203125
6.0,25.0,-2.0823533423411082
6.2,25.0,-1.6866405836786393
6.4,25.0,-1.3731210749038913
6.6,25.0,-1.124324635582836
6.8,25.0,-0.9265999402607666
7.0,25.0,-0.7685562613259189
7.2,25.0,-0.6411951311861824
7.4,25.0,-0.537822582039596
7.6,25.0,-0.4535004276748634
7.8,25.0,-0.3844756566767072
8.0,25.0,-0.32769757026611557
8.2,25.0,-0.28068610452902204
8.4,25.0,-0.24135625069777747
8.6,25.0,-0.2081936348696776
8.8,25.0,-0.1799911437507889
9.0,25.0,-0.15591477757675817
9.5,25.0,-0.10982510614166473
10.0,25.0,-0.07861581195312681
10.5,25.0,-0.057414564839580184
11.0,25.0,-0.04275365990199248
11.5,25.0,-0.03237250865418702
12.0,25.0,-0.024888424321546837
12.5,25.0,-0.019357661628468605
13.0,25.0,-0.015209591947851493
13.5,25.0,-0.012071104869037157
14.0,25.0,-0.009678832373695344
14.5,25.0,-0.007813295915014038
15.0,25.0,-0.006364765576353478
16.0,25.0,-0.0042797568087043205
17.0,25.0,-0.0029629073602868063
18.0,25.0,-0.002085008767649157
19.0,25.0,-0.0015143770216262454
20.0,25.0,-0.0010973740205275817
21.0,25.0,-0.000812058147516126
22.0,25.0,-0.0006145305743073948
23.0,25.0,-0.00046089871046106623
24.0,25.0,-0.00037310729173626103
25.0,25.0,-0.0002853189919335364
50.0,25.0,0.0
100.0,25.0,0.0
2.5,30.0,1827.3578404841503
2.6,30.0,1341.609061388127
2.7,30.0,948.7095951473433
2.8,30.0,651.5146311191562
2.9,30.0,435.12269787937277
3.0,30.0,281.42083952679275
3.1,30.0,174.8746417496889
3.2,30.0,102.38403699678084
3.3,30.0,53.92169031421149
3.4,30.0,22.710707971670388
3.5,30.0,3.114783947807847
3.6,30.0,-8.866906736702735
3.7,30.0,-15.202173616634157
3.8,30.0,-18.250829860359012
3.9,30.0,-19.489544671646307
4.0,30.0,-19.264144227479854
4.1,30.0,-18.182024564788748
4.2,30.0,-16.774555708617502
4.3,30.0,-15.233931594714036
4.4,30.0,-13.686372083488193
4.5,30.0,-12.204720804036373
4.6,30.0,-10.827956450752767
4.7,30.0,-9.574097891081664
4.8,30.0,-8.44797356260419
4.9,30.0,-7.443877132265506
5.0,30.0,-6.559416321332424
5.1,30.0,-5.7828931322276445
5.2,30.0,-5.103926416822285
5.3,30.0,-4.51406640077234
5.4,30.0,-3.999288654450291
5.5,30.0,-3.5500240878747693
5.6,30.0,-3.1610272542257087
5.7,30.0,-2.821917002255304
5.8,30.0,-2.525165355040474
5.9,30.0,-2.2643197587050627
6.0,30.0,-2.0340030824198383
6.2,30.0,-1.6484300517226036
6.4,30.0,-1.3432725258731333
6.6,30.0,-1.101148112737202
6.8,30.0,-0.9084493888073095
7.0,30.0,-0.7540928808426179
7.2,30.0,-0.62943129316376
7.4,30.0,-0.5281218018112195
7.6,30.0,-0.44540181588683797
7.8,30.0,-0.3776280476541335
8.0,30.0,-0.3218595469642668
8.2,30.0,-0.2756162405464049
8.4,30.0,-0.236944809879908
8.6,30.0,-0.20433088106207195
8.8,30.0,-0.17663318124408464
9.0,30.0,-0.15301771378051499
9.5,30.0,-0.10784983352849949
10.0,30.0,-0.07732091347831258
10.5,30.0,-0.056536666246942535
11.0,30.0,-0.042139129327685085
11.5,30.0,-0.031933557798407154
12.0,30.0,-0.024559212739172977
12.5,30.0,-0.019116241464819553
13.0,30.0,-0.015034012229323964
13.5,30.0,-0.01193942085987203
14.0,30.0,-0.009569093100289337
14.5,30.0,-0.007725507615211314
15.0,30.0,-0.006276974157628672
16.0,30.0,-0.004235861099341918
17.0,30.0,-0.002940959505605605
18.0,30.0,-0.002063060912967956
19.0,30.0,-0.0014924291669450441
20.0,30.0,-0.0010973740205275817
21.0,30.0,-0.000812058147516126
22.0,30.0,-0.0006145305743073948
23.0,30.0,-0.00046089871046106623
24.0,30.0,-0.0003511594370550597
25.0,30.0,-0.0002853189919335364
50.0,30.0,0.0
100.0,30.0,0.0
2.5,35.0,1713.9552333214544
2.6,35.0,1239.9538557436942
2.7,35.0,869.8844038855232
2.8,35.0,594.3926495404518
2.9,35.0,395.1674073300137
3.0,35.0,254.5032198975484
3.1,35.0,157.18312103747493
3.2,35.0,91.04474855363145
3.3,35.0,47.10695915611781
3.4,35.0,18.812421541726025
3.5,35.0,1.1026624866399062
3.6,35.0,-9.61066236200691
3.7,35.0,-15.269903489157498
3.8,35.0,-17.94345564173273
3.9,35.0,-19.124997311463012
4.0,35.0,-18.676457008497362
4.1,35.0,-17.582288188791896
4.2,35.0,-16.200870974526772
4.3,35.0,-14.704141787136265
4.4,35.0,-13.207390651891078
4.5,35.0,-11.777689018149804
4.6,35.0,-10.451250197400633
4.7,35.0,-9.24457868006623
4.8,35.0,-8.161756698501012
4.9,35.0,-7.196463379719067
5.0,35.0,-6.34685514135424
5.1,35.0,-5.600860872299648
5.2,35.0,-4.950206384167659
5.3,35.0,-4.38073556332159
5.4,35.0,-3.882813469978183
5.5,35.0,-3.4511068721364926
5.6,35.0,-3.074949302675701
5.7,35.0,-2.7464616252356726
5.8,35.0,-2.458576752247022
5.9,35.0,-2.205259135953613
6.0,35.0,-1.9814828018443478
6.2,35.0,-1.6070151891237097
6.4,35.0,-1.3109000172189462
6.6,35.0,-1.0758865842428411
6.8,35.0,-0.8884991444592147
7.0,35.0,-0.73802733815681
7.2,35.0,-0.6163067099835577
7.4,35.0,-0.5172797549718751
7.6,35.0,-0.43635945882320915
7.8,35.0,-0.3700342271670094
8.0,35.0,-0.3153630973787482
8.2,35.0,-0.27001963740820517
8.4,35.0,-0.23207247347049959
8.6,35.0,-0.20009501996273002
8.8,35.0,-0.17294601027392859
9.0,35.0,-0.14981338313765705
9.5,35.0,-0.10569898119680673
10.0,35.0,-0.07589432787541114
10.5,35.0,-0.05557097623558008
11.0,35.0,-0.041480706162937364
11.5,35.0,-0.031450714352186965
12.0,35.0,-0.024186105447436716
12.5,35.0,-0.018830922472886015
13.0,35.0,-0.014814536801434032
13.5,35.0,-0.011763841141344501
14.0,35.0,-0.00943740909112421
14.5,35.0,-0.007615771460727388
15.0,35.0,-0.006189185857825947
16.0,35.0,-0.0041919653899795154
17.0,35.0,-0.0028970669151652828
18.0,35.0,-0.002041113058286754
19.0,35.0,-0.0014704813122638426
20.0,35.0,-0.0010754261658463805
21.0,35.0,-0.0007901102928349246
22.0,35.0,-0.0005925827196261935
23.0,35.0,-0.00046089871046106623
24.0,35.0,-0.0003511594370550597
25.0,35.0,-0.0002853189919335364
50.0,35.0,0.0
100.0,35.0,0.0
2.5,40.0,1591.2332724695732
2.6,40.0,1136.2466281493976
2.7,40.0,790.5259112186359
2.8,40.0,536.7689489581604
2.9,40.0,355.98091446214426
3.0,40.0,227.22972215477375
3.1,40.0,139.9138475661569
3.2,40.0,79.58283963274258
3.3,40.0,40.12472496214348
3.4,40.0,14.778038894543831
3.5,40.0,-1.2390659707243494
3.6,40.0,-10.433823909557045
3.7,40.0,-15.40325627446293
3.8,40.0,-17.68456336703688
3.9,40.0,-18.634054511151344
4.0,40.0,-18.0767645313288
4.1,40.0,-16.98720467689549
4.2,40.0,-15.630039408522922
4.3,40.0,-14.17564687803331
4.4,40.0,-12.728562852157811
4.5,40.0,-11.35010854213405
4.6,40.0,-10.07340267431861
4.7,40.0,-8.913347567574883
4.8,40.0,-7.870426074705854
4.9,40.0,-6.946350094068517
5.0,40.0,-6.131243265715965
5.1,40.0,-5.417511766042154
5.2,40.0,-4.7910214355029215
5.3,40.0,-4.2420495428962885
5.4,40.0,-3.765043383912339
5.5,40.0,-3.349117012883445
5.6,40.0,-2.986084026602856
5.7,40.0,-2.668482288592612
5.8,40.0,-2.389705613112712
5.9,40.0,-2.1441573970249546
6.0,40.0,-1.9271628314931415
6.2,40.0,-1.564217636631277
6.4,40.0,-1.2773862419537914
6.6,40.0,-1.0495496295826336
6.8,40.0,-0.867517369654636
7.0,40.0,-0.721040001169002
7.2,40.0,-0.6023700686558392
7.4,40.0,-0.5057573371131017
7.6,40.0,-0.4267684178682386
7.8,40.0,-0.361957560114743
8.0,40.0,-0.3084935405014933
8.2,40.0,-0.26407187483295036
8.4,40.0,-0.22691482118807968
8.6,40.0,-0.19559579084505785
8.8,40.0,-0.16903936075696052
9.0,40.0,-0.14645542063095277
9.5,40.0,-0.10343839271063004
10.0,40.0,-0.0744018987084661
10.5,40.0,-0.0545613936337773
11.0,40.0,-0.040778387288827246
11.5,40.0,-0.030945923051285577
12.0,40.0,-0.023812998155700454
12.5,40.0,-0.01854560659987456
13.0,40.0,-0.014595064492466179
13.5,40.0,-0.01158826142281697
14.0,40.0,-0.00928377722727788
14.5,40.0,-0.007506032187321381
15.0,40.0,-0.006101394439101142
17.0,40.0,-0.00285317120580288
18.0,40.0,-0.0020191683225276335
19.0,40.0,-0.0014485334575826414
20.0,40.0,-0.0010534783111651792
21.0,40.0,-0.0007901102928349246
22.0,40.0,-0.0005925827196261935
23.0,40.0,-0.00046089871046106623
24.0,40.0,-0.0003511594370550597
25.0,40.0,-0.0002633711372523351
50.0,40.0,0.0
100.0,40.0,0.0
2.5,45.0,1460.064523220527
2.6,45.0,1031.640234943521
2.7,45.0,712.2790356040334
2.8,45.0,481.59390487557874
2.9,45.0,316.76606547129205
3.0,45.0,201.49695826517598
3.1,45.0,121.06611255627108
3.2,45.0,68.01751426699774
3.3,45.0,33.34930171314529
3.4,45.0,10.490228888675901
3.5,45.0,-3.2980672136202185
3.6,45.0,-11.301516858930208
3.7,45.0,-15.589480496661984
3.8,45.0,-17.6318455620071
3.9,45.0,-18.16764897572417
4.0,45.0,-17.522174087729283
4.1,45.0,-16.417338800903003
4.2,45.0,-15.080826092633718
4.3,45.0,-13.665324468238493
4.4,45.0,-12.265098276236241
4.5,45.0,-10.935608756708056
4.6,45.0,-9.706726409658305
4.7,45.0,-8.588810432242262
4.8,45.0,-7.589498546894261
4.9,45.0,-6.7026893591752
5.0,45.0,-5.9226545756998705
5.1,45.0,-5.235852616524815
5.2,45.0,-4.632648541866778
5.3,45.0,-4.107292119842636
5.4,45.0,-3.6486559877400344
5.5,45.0,-3.248180628822641
5.6,45.0,-2.8979649619945613
5.7,45.0,-2.5910296911051343
5.8,45.0,-2.3212514769795005
5.9,45.0,-2.083406820652274
6.0,45.0,-1.8732159684336716
6.2,45.0,-1.521749295721218
6.4,45.0,-1.2440260985524827
6.6,45.0,-1.023168779213064
6.8,45.0,-0.8463600151315296
7.0,45.0,-0.7038112440175449
7.2,45.0,-0.588213955019153
7.4,45.0,-0.49403739168111954
7.6,45.0,-0.4170017971947405
7.8,45.0,-0.35372726119863035
8.0,45.0,-0.3014484039057109
8.2,45.0,-0.2579924282485304
8.4,45.0,-0.2216254817775726
8.6,45.0,-0.1909868224539797
8.8,45.0,-0.16504492294018974
9.0,45.0,-0.1430096698244458
9.5,45.0,-0.10113390851509095
10.0,45.0,-0.07286557695108073
10.5,45.0,-0.05352986317729332
11.0,45.0,-0.040054120560035926
11.5,45.0,-0.030419183895702986
12.0,45.0,-0.023417943009282995
12.5,45.0,-0.018238342872181904
13.0,45.0,-0.014353641209895046
13.5,45.0,-0.01141268170428944
14.0,45.0,-0.009152093218112754
14.5,45.0,-0.007396296032837455
15.0,45.0,-0.006013606139298418
16.0,45.0,-0.004060281380814388
17.0,45.0,-0.0028092754964404777
18.0,45.0,-0.0019972204678464322
19.0,45.0,-0.00142658560290144
20.0,45.0,-0.0010534783111651792
21.0,45.0,-0.0007681624381537233
22.0,45.0,-0.0005925827196261935
23.0,45.0,-0.00043895085577986496
24.0,45.0,-0.0003511594370550597
25.0,45.0,-0.0002633711372523351
50.0,45.0,0.0
100.0,45.0,0.0
2.5,50.0,1331.7420526589021
2.6,50.0,930.5475427778762
2.7,50.0,637.779469824891
2.8,50.0,428.20286031968294
2.9,50.0,278.4748096207499
3.0,50.0,175.52540597709427
3.1,50.0,104.59405872987045
3.2,50.0,57.44921825026005
3.3,50.0,26.564836107083465
3.4,50.0,6.72441734544433
3.5,50.0,-5.222113505889227
3.6,50.0,-12.16662000823482
3.7,50.0,-15.958900193254687
3.8,50.0,-17.67637696383013
3.9,50.0,-17.734208528551886
4.0,50.0,-17.007462184971278
4.1,50.0,-15.885025033701803
4.2,50.0,-14.564994871119426
4.3,50.0,-13.184170236455005
4.4,50.0,-11.827136652091603
4.5,50.0,-10.543473435980182
4.6,50.0,-9.359627282054358
4.7,50.0,-8.28380654137556
4.8,50.0,-7.323517243012189
4.9,50.0,-6.471736204460988
5.0,50.0,-5.722625399301184
5.1,50.0,-5.061084968620489
5.2,50.0,-4.483537480722153
5.3,50.0,-3.978592198637646
5.4,50.0,-3.5373165076956656
5.5,50.0,-3.151414265416057
5.6,50.0,-2.8133574917568174
5.7,50.0,-2.5165619519515467
5.8,50.0,-2.2553651930601584
5.9,50.0,-2.025004621065572
6.0,50.0,-1.82137605887761
6.2,50.0,-1.480992856287072
6.4,50.0,-1.2119389088902293
6.6,50.0,-0.9976658274361317
6.8,50.0,-0.8257732954733683
7.0,50.0,-0.6869994867482645
7.2,50.0,-0.5743651082290814
7.4,50.0,-0.48255886953170857
7.6,50.0,-0.40741075623976997
7.8,50.0,-0.3456067015559236
8.0,50.0,-0.29449105872865333
8.2,50.0,-0.25197882210923195
8.4,50.0,-0.2163800380764279
8.6,50.0,-0.1864217497722639
8.8,50.0,-0.1610943777138593
9.0,50.0,-0.13960781160837912
9.5,50.0,-0.09885137529315514
10.0,50.0,-0.07135120304837657
10.5,50.0,-0.05252028057549055
11.0,50.0,-0.039329853831244606
11.5,50.0,-0.029892444740120396
12.0,50.0,-0.023044835717546733
12.5,50.0,-0.017953023880248366
13.0,50.0,-0.014134165782005112
13.5,50.0,-0.01123710198576191
14.0,50.0,-0.008998461354266424
14.5,50.0,-0.007264612023672328
15.0,50.0,-0.005925814720573613
16.0,50.0,-0.003994437816770784
17.0,50.0,-0.002765379787078075
18.0,50.0,-0.0019533247584840297
19.0,50.0,-0.0014046377482202388
20.0,50.0,-0.001031530456483978
21.0,50.0,-0.0007681624381537233
22.0,50.0,-0.0005706348649449921
23.0,50.0,-0.00043895085577986496
24.0,50.0,-0.0003292115823738584
25.0,50.0,-0.0002633711372523351
50.0,50.0,0.0
100.0,50.0,0.0
2.5,55.0,1206.158449895788
2.6,55.0,836.0570425319639
2.7,55.0,569.4896094884348
2.8,55.0,378.1995822626014
2.9,55.0,244.82555192974695
3.0,55.0,152.26958886350593
3.1,55.0,89.67700460643786
3.2,55.0,47.9956997238596
3.3,55.0,20.554874524922816
3.4,55.0,3.314001069177939
3.5,55.0,-7.007759093605945
3.6,55.0,-13.132110854589975
3.7,55.0,-16.149184696834556
3.8,55.0,-17.460874824346337
3.9,55.0,-17.320871957591542
4.0,55.0,-16.537435319019067
4.1,55.0,-15.396079453857983
4.2,55.0,-14.089086083037083
4.3,55.0,-12.738987895996056
4.4,55.0,-11.421218325018778
4.5,55.0,-10.179782026534845
4.6,55.0,-9.03469509157532
4.7,55.0,-8.001123216378693
4.8,55.0,-7.0770252878866735
4.9,55.0,-6.259526183919858
5.0,55.0,-5.535040431944349
5.1,55.0,-4.9005612226526525
5.2,55.0,-4.344895356006215
5.3,55.0,-3.8588248921039554
5.4,55.0,-3.4335489034026616
5.5,55.0,-3.0610126644669045
5.6,55.0,-2.734127152348305
5.7,55.0,-2.446790966369918
5.8,55.0,-2.1937367180948395
5.9,55.0,-1.9704432274317945
6.0,55.0,-1.7730696946657023
6.2,55.0,-1.4430237444946852
6.4,55.0,-1.1819806205860652
6.6,55.0,-0.9737430900070253
6.8,55.0,-0.8064375816995809
7.0,55.0,-0.6711753673450277
7.2,55.0,-0.5613283133486817
7.4,55.0,-0.47171682269236415
7.6,55.0,-0.3983025587310196
7.8,55.0,-0.33785924608603113
8.0,55.0,-0.2878190294246072
8.2,55.0,-0.24618469451674557
8.4,55.0,-0.21133212194849194
8.6,55.0,-0.18203225992799774
8.8,55.0,-0.15729746747029721
9.0,55.0,-0.13633764052039965
9.5,55.0,-0.09667857510678118
10.0,55.0,-0.06992461744547512
10.5,55.0,-0.051532642709446894
11.0,55.0,-0.03862753495713449
11.5,55.0,-0.029387653439219008
12.0,55.0,-0.022649783690051353
12.5,55.0,-0.01766770800723691
13.0,55.0,-0.013914693473037261
13.5,55.0,-0.011061522267234381
14.0,55.0,-0.008866774226179217
14.5,55.0,-0.007154872750266321
15.0,55.0,-0.005838026420770887
16.0,55.0,-0.003950545226330462
17.0,55.0,-0.002721487196637753
18.0,55.0,-0.0019313769038028284
19.0,55.0,-0.0013826898935390376
20.0,55.0,-0.0010095826018027764
21.0,55.0,-0.0007462145834725221
22.0,55.0,-0.0005706348649449921
23.0,55.0,-0.00043895085577986496
24.0,55.0,-0.0003292115823738584
25.0,55.0,-0.0002633711372523351
50.0,55.0,0.0
100.0,55.0,0.0
2.5,60.0,1091.3719235070582
2.6,60.0,750.5273183254835
2.7,60.0,506.9646453646167
2.8,60.0,334.8929580075821
2.9,60.0,214.8490924362221
3.0,60.0,132.44622327929974
3.1,60.0,76.65219489836613
3.2,60.0,38.89230907286849
3.3,60.0,15.441400962854923
3.4,60.0,0.3501059306735958
3.5,60.0,-8.73724112548638
3.6,60.0,-13.82870138229321
3.7,60.0,-17.465439897028055
3.8,60.0,-17.256302523120617
3.9,60.0,-16.96407205287814
4.0,60.0,-16.113256701219377
4.1,60.0,-14.953421069903541
4.2,60.0,-13.657203905476864
4.3,60.0,-12.334320574807606
4.4,60.0,-11.051952257171
4.5,60.0,-9.845939166120266
4.6,60.0,-8.741696462013612
4.7,60.0,-7.744228162150689
4.8,60.0,-6.8549389105175615
4.9,60.0,-6.062833022173194
5.0,60.0,-5.366308334915081
5.1,60.0,-4.754742280450689
5.2,60.0,-4.218982759324061
5.3,60.0,-3.749899632409609
5.4,60.0,-3.338889493499486
5.5,60.0,-2.9783585189876445
5.6,60.0,-2.6616785752794008
5.7,60.0,-2.383077479518028
5.8,60.0,-2.1375731591396336
5.9,60.0,-1.920885857335513
6.0,60.0,-1.7292625564525446
6.2,60.0,-1.4086979142009362
6.4,60.0,-1.1548096599236606
6.6,60.0,-0.952015103737896
6.8,60.0,-0.7888357172563876
7.0,60.0,-0.6567778304257702
7.2,60.0,-0.5494327881981721
7.4,60.0,-0.46179657015501974
7.6,60.0,-0.3899186279510606
7.8,60.0,-0.33068242548108356
8.0,60.0,-0.28162984668570334
8.2,60.0,-0.24078561583283248
8.4,60.0,-0.20663536525761103
8.6,60.0,-0.17795003069250215
8.8,60.0,-0.15376392524506544
9.0,60.0,-0.13333083745075044
9.5,60.0,-0.09465940990317563
10.0,60.0,-0.06858582326129849
10.5,60.0,-0.05061085152636892
11.0,60.0,-0.03799105964706797
11.5,60.0,-0.028926757847680024
12.0,60.0,-0.02229862425299629
12.5,60.0,-0.017382392134225457
13.0,60.0,-0.013695218045147329
13.5,60.0,-0.010885942548706852
14.0,60.0,-0.00873509021701409
14.5,60.0,-0.0070670844504635965
15.0,60.0,-0.005750235002046082
16.0,60.0,-0.003884701662286858
17.0,60.0,-0.0026995393419565515
18.0,60.0,-0.0019094290491216272
19.0,60.0,-0.0013607420388578363
20.0,60.0,-0.0010095826018027764
21.0,60.0,-0.0007462145834725221
22.0,60.0,-0.0005706348649449921
23.0,60.0,-0.00041700300109866363
24.0,60.0,-0.0003292115823738584
25.0,60.0,-0.0002633711372523351
50.0,60.0,0.0
100.0,60.0,0.0
2.5,65.0,990.2405599076283
2.6,65.0,676.7643971914854
2.7,65.0,454.2226970272408
2.8,65.0,298.10738590695644
2.9,65.0,189.5738453568517
3.0,65.0,115.49845819550889
3.1,65.0,64.73783902811356
3.2,65.0,31.937267784292327
3.3,65.0,11.160460513864248
3.4,65.0,-2.130857237245147
3.5,65.0,-10.051718580639921
3.6,65.0,-14.402890910803764
3.7,65.0,-16.594147561865615
3.8,65.0,-17.050281685318392
3.9,65.0,-16.646843422159634
4.0,65.0,-15.736638236167048
4.1,65.0,-14.560144482564699
4.2,65.0,-13.273233040101058
4.3,65.0,-11.974382179896468
4.4,65.0,-10.720567515934729
4.5,65.0,-9.551404214801172
4.6,65.0,-8.481333706005499
4.7,65.0,-7.517862027972873
4.8,65.0,-6.655787629592591
4.9,65.0,-5.889908959753947
5.0,65.0,-5.216670534614874
5.1,65.0,-4.625559512680556
5.2,65.0,-4.107314067697318
5.3,65.0,-3.652979637139179
5.4,65.0,-3.254501498689632
5.5,65.0,-2.9046589391532884
5.6,65.0,-2.597174981253598
5.7,65.0,-2.3265188685353264
5.8,65.0,-2.087927997624627
5.9,65.0,-1.8772104062504424
6.0,65.0,-1.6907667086234974
6.2,65.0,-1.378585994032926
6.4,65.0,-1.1309747170322009
6.6,65.0,-0.9328988622730765
6.8,65.0,-0.7733408063166026
7.0,65.0,-0.6440921981013478
7.2,65.0,-0.5389419007958827
7.4,65.0,-0.45301758422864324
7.6,65.0,-0.3824564914731016
7.8,65.0,-0.3242737673142898
8.0,65.0,-0.27605519140218476
8.2,65.0,-0.23593522727810523
8.4,65.0,-0.20239950415826913
8.6,65.0,-0.1742848044581052
8.8,65.0,-0.1506254381662511
9.0,65.0,-0.13063130122771596
9.5,65.0,-0.09288166486321914
10.0,65.0,-0.06737871308628698
10.5,65.0,-0.04979879337885279
11.0,65.0,-0.03742042478212298
11.5,65.0,-0.02850975484658136
12.0,65.0,-0.021991357406381553
12.5,65.0,-0.017140968851654323
13.0,65.0,-0.0135196383266198
13.5,65.0,-0.010754258539541723
14.0,65.0,-0.008625354062530163
14.5,65.0,-0.00695734517705759
15.0,65.0,-0.005662446702243358
16.0,65.0,-0.0038408059529244556
17.0,65.0,-0.002655643632594149
18.0,65.0,-0.0018874811944404257
19.0,65.0,-0.0013607420388578363
20.0,65.0,-0.0009876378660436558
21.0,65.0,-0.0007462145834725221
22.0,65.0,-0.0005486870102637909
23.0,65.0,-0.00041700300109866363
24.0,65.0,-0.0003292115823738584
25.0,65.0,-0.00024142328257113378
50.0,65.0,0.0
100.0,65.0,0.0
2.5,70.0,906.1222331515719
2.6,70.0,615.8348599953682
2.7,70.0,410.94710648669155
2.8,70.0,267.89022858589857
2.9,70.0,169.21224019072372
3.0,70.0,100.86408739395425
3.1,70.0,55.88965347772922
3.2,70.0,25.614093957084624
3.3,70.0,7.720788271286725
3.4,70.0,-4.1226772915090155
3.5,70.0,-11.100719520093369
3.6,70.0,-15.960502358576116
3.7,70.0,-16.60784277991076
3.8,70.0,-16.881878802990418
3.9,70.0,-16.371885604777976
4.0,70.0,-15.411793837106735
4.1,70.0,-14.221341494321987
4.2,70.0,-12.94244087846549
4.3,70.0,-11.66132356983218
4.4,70.0,-10.437291611337155
4.5,70.0,-9.297823227370511
4.6,70.0,-8.259027853208497
4.7,70.0,-7.321190814080891
4.8,70.0,-6.482490463000529
4.9,70.0,-5.7414124260647075
5.0,70.0,-5.088431505882499
5.1,70.0,-4.514724823937088
5.2,70.0,-4.0111841796008
5.3,70.0,-3.5694256452126005
5.4,70.0,-3.181723713157276
5.5,70.0,-2.8412307712933322
5.6,70.0,-2.541823480445908
5.7,70.0,-2.2781905533498152
5.8,70.0,-2.0456352364330956
5.9,70.0,-1.8401411409053745
6.0,70.0,-1.6581747245414205
6.2,70.0,-1.3531488858200373
6.4,70.0,-1.1108269451108974
6.6,70.0,-0.9167235834327846
6.8,70.0,-0.7602162231364002
7.0,70.0,-0.6333598874164872
7.2,70.0,-0.5300312308603411
7.4,70.0,-0.44553349989600305
7.6,70.0,-0.37609172589674816
7.8,70.0,-0.31876495247589276
8.0,70.0,-0.27127064329257905
8.2,70.0,-0.23176520974280693
8.4,70.0,-0.19877817363323458
8.6,70.0,-0.17114631737929087
8.8,70.0,-0.14792590194321661
9.0,70.0,-0.12832681703217688
9.5,70.0,-0.09134534310583377
10.0,70.0,-0.06636912736556212
10.5,70.0,-0.04909647450474267
11.0,70.0,-0.036915633481221594
11.5,70.0,-0.028136647554845098
12.0,70.0,-0.021706041533370097
12.5,70.0,-0.01694344127844559
13.0,70.0,-0.013344058608092268
13.5,70.0,-0.010622571411454515
14.0,70.0,-0.008515614789124158
14.5,70.0,-0.006891504731936067
15.0,70.0,-0.005596603138199754
16.0,70.0,-0.003796910243562053
17.0,70.0,-0.0026336957779129477
18.0,70.0,-0.001865536458681305
19.0,70.0,-0.0013387973030987155
20.0,70.0,-0.0009876378660436558
21.0,70.0,-0.0007242667287913207
22.0,70.0,-0.0005486870102637909
23.0,70.0,-0.00041700300109866363
24.0,70.0,-0.0003292115823738584
25.0,70.0,-0.00024142328257113378
50.0,70.0,0.0
100.0,70.0,0.0
2.5,75.0,840.4951926570061
2.6,75.0,568.6116231792325
2.7,75.0,377.6548242832394
2.8,75.0,244.9622407297044
2.9,75.0,152.3855153640867
3.0,75.0,90.47655068340552
3.1,75.0,49.17451990951217
3.2,75.0,21.50083212681205
3.3,75.0,5.102609567373867
3.4,75.0,-5.633957647682625
3.5,75.0,-11.889204077912702
3.6,75.0,-15.327449734887322
3.7,75.0,-16.616797345555668
3.8,75.0,-16.738737449156808
3.9,75.0,-16.144948838854138
4.0,75.0,-15.145549162087411
4.1,75.0,-13.944145039427756
4.2,75.0,-12.668843806241613
4.3,75.0,-11.40730363154574
4.4,75.0,-10.20559224203947
4.5,75.0,-9.092197444714703
4.6,75.0,-8.075393431077993
4.7,75.0,-7.158428427481559
4.8,75.0,-6.342729016409382
4.9,75.0,-5.620613589074533
5.0,75.0,-4.98404937413411
5.1,75.0,-4.424213486833452
5.2,75.0,-3.9325683676476735
5.3,75.0,-3.5010592973791916
5.4,75.0,-3.1222899831140905
5.5,75.0,-2.7895444967200387
5.6,75.0,-2.4968750756217823
5.7,75.0,-2.2390362823560204
5.8,75.0,-2.011506930593633
5.9,75.0,-1.8103145397292977
6.0,75.0,-1.6320352974544217
6.2,75.0,-1.332781638470844
6.4,75.0,-1.0946955588610459
6.6,75.0,-0.9037745799711098
6.8,75.0,-0.7497033878794297
7.0,75.0,-0.6247125886181979
7.2,75.0,-0.5228763581100748
7.4,75.0,-0.43947600116626434
7.6,75.0,-0.37091212575964705
7.8,75.0,-0.314309619067583
8.0,75.0,-0.2674078894849734
8.2,75.0,-0.22840724723610265
8.4,75.0,-0.19585915886338812
8.6,75.0,-0.16864430561054305
8.8,75.0,-0.14575310175684267
9.0,75.0,-0.12646128369241766
9.5,75.0,-0.09011628507614106
10.0,75.0,-0.06553512448228688
10.5,75.0,-0.04852584275871976
11.0,75.0,-0.036498630480122925
11.5,75.0,-0.02785133168183364
12.0,75.0,-0.021486566105480165
12.5,75.0,-0.016767861559918062
13.0,75.0,-0.013212374598927141
13.5,75.0,-0.01051283525697059
14.0,75.0,-0.008427826489321433
14.5,75.0,-0.006825661167892463
15.0,75.0,-0.0055527074288373515
16.0,75.0,-0.0037530176531217307
17.0,75.0,-0.0026117479232317465
18.0,75.0,-0.0018435886040001038
19.0,75.0,-0.0013168494484175142
20.0,75.0,-0.0009656900113624544
21.0,75.0,-0.0007242667287913207
22.0,75.0,-0.0005486870102637909
23.0,75.0,-0.00041700300109866363
24.0,75.0,-0.0003292115823738584
25.0,75.0,-0.00024142328257113378
50.0,75.0,0.0
100.0,75.0,0.0
2.5,80.0,793.6247393630314
2.6,80.0,535.1196629556998
2.7,80.0,354.2879091128893
2.8,80.0,228.49203048878886
2.9,80.0,141.40322435322392
3.0,80.0,83.22598680564421
3.1,80.0,43.775531802215205
3.2,80.0,19.504951791167368
3.3,80.0,3.2742761633191995
3.4,80.0,-6.683858433583392
3.5,80.0,-13.522073378250399
3.6,80.0,-15.49361397970272
3.7,80.0,-16.61403196576859
3.8,80.0,-16.627485760531165
3.9,80.0,-15.97389030977465
4.0,80.0,-14.94633204071732
4.1,80.0,-13.733800552226386
4.2,80.0,-12.466466249938026
4.3,80.0,-11.217633655421256
4.4,80.0,-10.034226452351211
4.5,80.0,-8.934921925099088
4.6,80.0,-7.936202622470712
4.7,80.0,-7.038617228357428
4.8,80.0,-6.239027255680421
4.9,80.0,-5.530936254854172
5.0,80.0,-4.906245617209577
5.1,80.0,-4.356637249292878
5.2,80.0,-3.873858904333279
5.3,80.0,-3.45009728953469
5.4,80.0,-3.078043897164075
5.5,80.0,-2.751136434071872
5.6,80.0,-2.463558827929836
5.7,80.0,-2.2101314723630217
5.8,80.0,-1.9863770861084373
5.9,80.0,-1.788410970622719
6.0,80.0,-1.6128751602802398
6.2,80.0,-1.317879310250685
6.4,80.0,-1.082887825129261
6.6,80.0,-0.8942932751706232
6.8,80.0,-0.7419778833831404
7.0,80.0,-0.6183917187512068
7.2,80.0,-0.5175870218184897
7.4,80.0,-0.4350426124937137
7.6,80.0,-0.367115215516085
7.8,80.0,-0.31101750012492235
8.0,80.0,-0.26455471827917054
8.2,80.0,-0.22592718332203604
8.4,80.0,-0.19373025750529863
8.6,80.0,-0.16677877227078383
8.8,80.0,-0.1441728842900949
9.0,80.0,-0.12512248638931894
9.5,80.0,-0.08921643862882221
10.0,80.0,-0.06494254488158277
10.5,80.0,-0.0481088397576211
11.0,80.0,-0.03621331460711147
11.5,80.0,-0.02763185625394371
12.0,80.0,-0.021332934241633836
12.5,80.0,-0.016636177550752935
13.0,80.0,-0.013124583180202336
13.5,80.0,-0.010446991692926986
14.0,80.0,-0.008383930779959031
14.5,80.0,-0.006781765458530061
15.0,80.0,-0.00550881483839703
16.0,80.0,-0.0037310697984405295
17.0,80.0,-0.002589800068550545
18.0,80.0,-0.0018216407493189025
19.0,80.0,-0.0013168494484175142
20.0,80.0,-0.0009656900113624544
21.0,80.0,-0.0007242667287913207
22.0,80.0,-0.0005486870102637909
23.0,80.0,-0.00041700300109866363
24.0,80.0,-0.0003072637276926571
25.0,80.0,-0.00024142328257113378
50.0,80.0,0.0
100.0,80.0,0.0
2.5,85.0,765.3545853785413
2.6,85.0,514.7606914853498
2.7,85.0,340.1929191629863
2.8,85.0,217.80003857126476
2.9,85.0,134.92323590199214
3.0,85.0,78.95975115730049
3.1,85.0,41.07364547451193
3.2,85.0,17.73714948805749
3.3,85.0,2.198982158677062
3.4,85.0,-7.298233766663147
3.5,85.0,-12.900235908692684
3.6,85.0,-15.595581891101086
3.7,85.0,-16.6072940929005
3.8,85.0,-16.55613455748279
3.9,85.0,-15.861716826847005
4.0,85.0,-14.818553910695405
4.1,85.0,-13.605320103330362
4.2,85.0,-12.3430776128793
4.3,85.0,-11.099775781055609
4.4,85.0,-9.924533033337633
4.5,85.0,-8.83857256157468
4.6,85.0,-7.851770731951496
4.7,85.0,-6.965312700550568
4.8,85.0,-6.175357664537894
4.9,85.0,-5.475496965746679
5.0,85.0,-4.858027041297472
5.1,85.0,-4.3147395401288415
5.2,85.0,-3.8374919578623214
5.3,85.0,-3.418536835909097
5.4,85.0,-3.0506754089284613
5.5,85.0,-2.7274112273348967
5.6,85.0,-2.4430160008621153
5.7,85.0,-2.1923320803466195
5.8,85.0,-1.970948021851618
5.9,85.0,-1.7749791237148238
6.0,85.0,-1.6011332701124985
6.2,85.0,-1.3087930605966158
6.4,85.0,-1.0756890566696324
6.6,85.0,-0.8884771966045335
6.8,85.0,-0.7372591788375783
7.0,85.0,-0.61450701708892
7.2,85.0,-0.5143607433209506
7.4,85.0,-0.43229918056131683
7.6,85.0,-0.3647887834658647
7.8,85.0,-0.3090202796570759
8.0,85.0,-0.26279892109389524
8.2,85.0,-0.22441280941933187
8.4,85.0,-0.19241340805688112
8.6,85.0,-0.16565945039557506
8.8,85.0,-0.1432071973976545
9.0,85.0,-0.1242884835060437
9.5,85.0,-0.08866775161855842
10.0,85.0,-0.0645694375898465
10.5,85.0,-0.04786741647504997
11.0,85.0,-0.036037734888583944
11.5,85.0,-0.027500172244778583
12.0,85.0,-0.02122319808714991
12.5,85.0,-0.01657033398670933
13.0,85.0,-0.013058739616158733
13.5,85.0,-0.010403099102486664
14.0,85.0,-0.008340035070596628
14.5,85.0,-0.006737872868089738
15.0,85.0,-0.005486866983715828
16.0,85.0,-0.003709121943759328
17.0,85.0,-0.002567852213869344
18.0,85.0,-0.0018216407493189025
19.0,85.0,-0.0013168494484175142
20.0,85.0,-0.0009656900113624544
21.0,85.0,-0.0007242667287913207
22.0,85.0,-0.0005486870102637909
23.0,85.0,-0.00041700300109866363
24.0,85.0,-0.0003072637276926571
25.0,85.0,-0.00024142328257113378
50.0,85.0,0.0
100.0,85.0,0.0
2.5,90.0,755.9601713706016
2.6,90.0,508.0796203794082
2.7,90.0,335.5312121792627
2.8,90.0,214.6126085219337
2.9,90.0,132.78362162979423
3.0,90.0,77.552435936112
3.1,90.0,40.1793521993413
3.2,90.0,17.15363228972922
3.3,90.0,1.844772054032212
3.4,90.0,-7.499952899801987
3.5,90.0,-12.846442674378139
3.6,90.0,-15.62086536745013
3.7,90.0,-16.600183115859593
3.8,90.0,-16.52962201998513
3.9,90.0,-15.829541845766027
4.0,90.0,-14.780036111892755
4.1,90.0,-13.564739243614744
4.2,90.0,-12.30131158772443
4.3,90.0,-11.06246509242797
4.4,90.0,-9.890668095516501
4.5,90.0,-8.808263116952382
4.6,90.0,-7.824687559588894
4.7,90.0,-6.941148542957812
4.8,90.0,-6.153958886732216
4.9,90.0,-5.4567318837189145
5.0,90.0,-4.84165423176505
5.1,90.0,-4.300517586047034
5.2,90.0,-3.825157484974954
5.3,90.0,-3.40782647619784
5.4,90.0,-3.041413579555865
5.5,90.0,-2.7194004038466737
5.6,90.0,-2.4360586556850574
5.7,90.0,-2.186318474207321
5.8,90.0,-1.9657464707409136
5.9,90.0,-1.7704579436235484
6.0,90.0,-1.5972046727408493
6.2,90.0,-1.3057423649365263
6.4,90.0,-1.0732748363196094
6.6,90.0,-0.8865458197007307
6.8,90.0,-0.7356789582519084
7.0,90.0,-0.6131901676405025
7.2,90.0,-0.5132853171551043
7.4,90.0,-0.43137738625931676
7.6,90.0,-0.36399867317302975
7.8,90.0,-0.308339908637647
8.0,90.0,-0.2622282862289502
8.2,90.0,-0.22390801811843047
8.4,90.0,-0.19197445720110126
8.6,90.0,-0.1652863431038388
8.8,90.0,-0.14287798269635857
9.0,90.0,-0.12402511236879135
9.5,90.0,-0.08847022404534968
10.0,90.0,-0.0644377504617593
10.5,90.0,-0.04777962817524724
11.0,90.0,-0.03597189132454034
11.5,90.0,-0.027456276535416182
12.0,90.0,-0.02120125023246871
12.5,90.0,-0.01654838613202813
13.0,90.0,-0.013058739616158733
13.5,90.0,-0.010381151247805462
14.0,90.0,-0.008340035070596628
14.5,90.0,-0.006737869749167658
15.0,90.0,-0.005486866983715828
16.0,90.0,-0.003709121943759328
17.0,90.0,-0.002567852213869344
18.0,90.0,-0.0018216407493189025
19.0,90.0,-0.0013168463294954335
20.0,90.0,-0.0009656868924403739
21.0,90.0,-0.0007242667287913207
22.0,90.0,-0.0005486870102637909
23.0,90.0,-0.00041700300109866363
24.0,90.0,-0.0003292115823738584
25.0,90.0,-0.00024142328257113378
50.0,90.0,0.0
100.0,90.0,0.0
