R,0,2,4,6,8,10,12,14,16,18,20,22,24,26,28,30,32,34,36
2.5,1838.345830570941,1793.9602631148089,31.97130329938592,-159.9349586106408,-19.587757735239904,43.95218907815272,54.48159004979766,-1.0618149456214927,30.88392504099031,1.644171081542834,-17.786683156500807,0.7025917053147344,20.336160725239765,-33.11681760897982,-21.55442379126969,-0.1336626407478889,-23.418370605351022,-4.6759596462839825,6.770442638852733
2.6,1249.3538145159794,1242.8131359569034,42.31427426737566,-92.88339547105865,-13.416812313891874,22.736101185195192,29.875514523690317,1.2268941356321692,16.698215810753545,1.4340295592815406,-8.940461810393375,-0.08391581944772222,8.886753579417197,-17.198408118208643,-12.450113199761887,-0.54952889169426,-12.569857495339495,-2.256028590619191,2.8149117833971498
2.7,844.1993997935446,856.8897953766091,40.814302890714444,-53.24796001237163,-9.017783238606151,11.365955323594868,15.86791965948114,1.7292219981323134,8.721059898901737,1.057963523864668,-4.324899881165942,-0.3092106299786364,3.468900866260608,-8.671150097583851,-6.9594894508239955,-0.6095893238139244,-6.510120536615564,-1.1366632282681004,1.0417684229968438
2.8,565.4677325463357,587.4866957524727,34.488293889613765,-30.148237915606273,-5.930674689480393,5.439095355116201,8.09483800020763,1.5164712048025495,4.357566202409561,0.6995264941631579,-1.9928495212925095,-0.3068356443170943,1.0921443404657132,-4.219964782540554,-3.734918766919503,-0.5196297580712268,-3.2216660580900767,-0.6149597390971544,0.3138740945670852
2.9,373.9739312762994,400.07751002518194,26.962340897689355,-16.89545901974245,-3.8015026891444395,2.454644730101971,3.91699148031517,1.1016609274718798,2.0529069761310272,0.42097091838905737,-0.8609112659256102,-0.2332486824164755,0.17005944813978838,-1.9676683878316226,-1.9009144830446152,-0.38651248546412376,-1.5009399034391957,-0.3569350017154277,0.054655052636999865
3.0,242.82294045675695,270.2241626105141,19.944277273434235,-9.421083931503622,-2.361514592105654,1.0176146954601213,1.7623085777789038,0.704738259784856,0.890461342581687,0.2291499269394964,-0.3392940608618377,-0.15445543221142113,-0.10795945997926656,-0.87063492894195,-0.8989982920426205,-0.26035751592826933,-0.6423882640402986,-0.2129708199447239,-0.01430842540299849
3.1,153.46192123280036,180.659891973747,14.098623474062286,-5.280606338991235,-1.4094943675006768,0.3666958032664033,0.7114690420815697,0.3999702042151003,0.3404480116369824,0.10943111399652686,-0.115343245426714,-0.09287345946188161,-0.135370591047593,-0.36121633634055716,-0.3800829840919915,-0.16025716628870457,-0.2411320682483208,-0.12084989356993782,-0.018459333197193343
3.2,93.03886940091397,119.20953263529395,9.555279174660612,-3.0262490033794354,-0.796953292219714,0.09741679585973856,0.23894275410991053,0.19525485308275317,0.10414514375683873,0.04201303781358581,-0.02873279482038218,-0.051772719802923965,-0.08915699408482958,-0.1387589560842679,-0.13101551270743084,-0.08951895829556845,-0.07095894700198155,-0.05683556726516947,-0.008468048150215646
3.3,52.622402807363116,77.30778416328094,6.196791796418741,-1.8149902418900614,-0.4159595722829968,0.002083162103048075,0.05284796926479313,0.07291559968317542,0.018397685454566118,0.008910384978546767,-0.0007110172584437711,-0.02738271537576741,-0.03929243682818791,-0.04920936986124041,-0.025234588074095954,-0.04437290313311141,-0.009775819430264681,-0.01232842687339454,-0.0009336380833635326
3.4,25.992994057466554,48.94447872822528,3.814036171033982,-1.1658152494985428,-0.1893152050490556,-0.02125565424244351,-0.00287650912987368,0.009293050505968828,-0.002161824351481607,-0.0037525393273466342,0.0052035715680123435,-0.01443274759398843,-0.0065272028897364175,-0.016926299862342252,0.00983057902491641,-0.018691853743559,0.005296830903972664,0.01638638116868783,0.0013984287737589622
3.5,8.8161351234911,29.914618177300476,2.1854084911275273,-0.8109410556212852,-0.06276385217162798,-0.01956371533672427,-0.007360391344983252,-0.016907949437113955,0.0004741981713765356,-0.005613842852216701,0.004515684346113598,-0.008348714667224868,0.008440177941977293,-0.006844474313654561,0.0139239856964645,-0.006349176413088757,0.004510652459927372,0.032049948914130884,0.00025291749095816623
3.6,-1.9272487812756958,17.28580764428304,1.1128729602802077,-0.6057507895247181,0.001088038439370972,-0.01243575405328513,0.002381923961734435,-0.021921131225627215,0.007589491663611239,-0.0027933234803819334,0.002927866490024136,-0.005857722563301607,0.011169947953398686,-0.004004315273209096,0.007436399886441999,-0.0022295549651999576,0.0008927393921118803,0.037514933857620225,-0.0020713484539286444
3.7,-8.335718993056693,9.020639347770118,0.4346855796658266,-0.4750666584509627,0.027437752875534897,-0.006662858287272252,0.011328364025085316,-0.016822644277728522,0.0122937282052846,0.0011862337098911607,0.0019626886865731527,-0.004916002044748502,0.007628988731913568,-0.0028272936976946944,-0.0002066350696485065,-0.002513741486853199,-0.0010744156070261915,0.035746157845130085,-0.003988063568214025
3.8,-11.862690021573798,3.709410239518804,0.026321466912951886,-0.3816699746827293,0.032812477418674414,-0.00360285605084887,0.015155888588824927,-0.008444376054672645,0.013210803308413089,0.00455851405731603,0.0016283280369710435,-0.004412783450234507,0.002209061290538712,-0.0017315528642690248,-0.005460535609806937,-0.0046056474357297405,-0.0007406056938048706,0.02953359487684667,-0.004789382424198038
3.9,-13.509327043922246,0.3813120753339304,-0.20389368622675588,-0.30826396955286206,0.02769206373887249,-0.0026971368963376497,0.014151611516814301,-0.0005183021429337274,0.011156125843505182,0.006650812866008421,0.0015712699686142486,-0.003854757836697437,-0.0025350919309020817,-0.0005861733696011282,-0.007681395586411292,-0.006911851249187671,0.0011378889977419957,0.021235829948030898,-0.004419599607430437
4.0,-13.960143194642434,-1.6286437375316243,-0.32093898636860313,-0.24743123088338884,0.018428640165315854,-0.003001277816657741,0.010116455065357131,0.005288206836124614,0.007505317684092555,0.007407607117830432,0.0014971799559785756,-0.0031088331408556202,-0.005508917262445984,0.0003854405925849096,-0.0074550849535334526,-0.008586555882543501,0.003546996397416391,0.012644967566950964,-0.0031825688423181113
4.1,-13.678528782064337,-2.7731792364525876,-0.36927241410275946,-0.19625268820536665,0.008628020638230679,-0.0037457096932825987,0.004933629220743017,0.008561258194315982,0.003484805322310771,0.007073123778645392,0.0012673147594728337,-0.002220363715859806,-0.006565935865951546,0.001003496170245267,-0.005718772160683844,-0.009297272680882785,0.005680599790514981,0.004968152122508241,-0.0015061250549308648
4.2,-12.974111672089817,-3.358329121672605,-0.3782378741930025,-0.15357697657492125,0.00012580975892564577,-0.004460572434742446,2.116196071339758e-05,0.009561933842437033,-6.181224008817761e-05,0.005995434372349901,0.0008723427302719651,-0.0012985372136443817,-0.006064563863103848,0.0012215778784277348,-0.003345215653785344,-0.009033479713264075,0.007064185500209224,-0.001110385560523414,0.0002080286859059258
4.3,-12.05023159633685,-3.589261533835886,-0.3664497549937969,-0.1187470855951776,-0.006336814031748791,-0.0049322819893840375,-0.0037785514254155754,0.008845208197423128,-0.0026825853317971296,0.004516540141195047,0.0003760752407495449,-0.0004525981851493628,-0.004552474235738612,0.0011011230295467772,-0.000984477262253155,-0.007962692694111767,0.007525250077291649,-0.005325184274941178,0.0016593257346931307
4.4,-11.037335340421317,-3.602176373967818,-0.3451662996691119,-0.09109153364479097,-0.010656190163629254,-0.005116369863745587,-0.006118970865382151,0.007029195021126747,-0.004236596338715127,0.0029193580609639213,-0.0001340202058885675,0.00023744202917432475,-0.002573299167524437,0.0007585257168101598,0.0009612398142942114,-0.006329674624797703,0.007110018652904185,-0.0077133488059334746,0.002670098275355978
4.5,-10.016388991018145,-3.4864198597667033,-0.3207809565193805,-0.06978893921877712,-0.013066017121030374,-0.005057676044563404,-0.007008610874052387,0.004670286490555808,-0.004792425163191088,0.0014098013407373424,-0.0005791039757830935,0.0007289514249269364,-0.0005680767304364745,0.0003195593516408745,0.0023021250800578,-0.004391027609893241,0.0059949716775289435,-0.008505794492260637,0.0031754481077840083
4.6,-9.035210789215315,-3.2997446597246465,-0.29659826644468357,-0.05389347384045162,-0.013947326742588887,-0.004833487814984766,-0.00667130581565307,0.0022078763524669286,-0.0045367890395139375,0.00011865573783326918,-0.0009048338333741957,0.001013370159150402,0.0011591864105648425,-0.00010938039311657029,0.0030048246497307754,-0.002376764523284401,0.00441357489581,-0.008036336645530547,0.0031977828527606678
4.7,-8.119790034944101,-3.07878439182579,-0.2740577207546365,-0.042412045224539265,-0.01371418000097863,-0.004519756061454183,-0.005432803225648655,-4.8519865025032555e-05,-0.003704436757170712,-0.0008868577787718151,-0.0010852987020316355,0.0011078772024915302,0.002437692640845671,-0.0004542927283193772,0.0031365791319927375,-0.00047121084154518815,0.002603980562618329,-0.006672385435024717,0.0028171353605015723
4.8,-7.282064435910367,-2.846199857612534,-0.25354801347423633,-0.034382073968096345,-0.012750105792630551,-0.004175080680720445,-0.003639898793150532,-0.0019087933027066865,-0.0025304246332978914,-0.0015881001224428253,-0.001119800893262169,0.0010459199988177399,0.0032067512966733385,-0.000675333724009643,0.002818524250384347,0.0011930946299826067,0.0007765277063357866,-0.004766775009895221,0.0021437717584013626
4.9,-6.525206275758109,-2.6155207477745503,-0.23492748111162268,-0.028929916469754343,-0.011377473298451794,-0.0038363348802928007,-0.0016094081337857007,-0.003280968747909213,-0.0012215627236948404,-0.0020001911723700905,-0.0010263044011909449,0.0008686960404887735,0.0034859313236026137,-0.0007620032191846816,0.0021908979900325224,0.0025334031818413723,-0.0009028600545322342,-0.0026279401141630627,0.0012962144913168062
5.0,-5.847166195521605,-2.394399633974411,-0.2178404617353945,-0.025305688400166008,-0.009847348528278272,-0.0035208012446417175,0.00039911237085340964,-0.00414686325054191,5.7537964304083546e-05,-0.002159148314230858,-0.0008341322057163594,0.0006184943761789479,0.0033458944323916354,-0.0007254448074414231,0.0013896639096884764,0.003510256671516521,-0.002317840054559287,-0.0005046915157346938,0.00038559151528480887
5.1,-5.24300727339125,-2.1867783298322068,-0.20189655827654165,-0.02289729123118272,-0.008341328242160901,-0.003231167363988394,0.002193528860426107,-0.0045390394445964394,0.0011882829181369776,-0.0021116761151840496,-0.0005774124890811923,0.0003340922685264929,0.0028836882259158443,-0.0005903235915964872,0.0005326500712977088,0.0041189806456188695,-0.0033993932382138116,0.0014182591298422817,-0.0004940691195676457
5.2,-4.706407026355401,-1.9943140624529456,-0.18676122712797122,-0.021228880563721284,-0.006979695761544877,-0.0029610894474061578,0.003648055743909254,-0.004521183346805306,0.002095523823401859,-0.0019076507168078022,-0.00028997062429383745,4.801712310028114e-05,0.0022038950430587566,-0.0003876867314396839,-0.0002870928188063089,0.004380802298333423,-0.004119339544777026,0.003017490571391832,-0.0012706147025039185
5.3,-4.230593714482156,-1.81730571344028,-0.17219164947202276,-0.01994916980674981,-0.0058322681981017865,-0.0027000803143350134,0.0046956054051313645,-0.004172641487414493,0.002741463341771148,-0.0015950062097644492,-1.8369318582605553e-06,-0.00021468709263631946,0.0014056147487363146,-0.0001494329816093494,-0.0010028873540104835,0.004334579354553009,-0.004481957872158041,0.004223639203155616,-0.0018948362763950473
5.4,-3.808903645029723,-1.6552853814361048,-0.15804097106282974,-0.018814134446606512,-0.004929713958386028,-0.002437195709802159,0.005316971935330672,-0.003577044617286736,0.003118063514611897,-0.0012165895360447105,0.00026276400250422965,-0.00043659074318448226,0.0005745217073788924,9.548887246075511e-05,-0.0015728028862430324,0.004029664427976197,-0.004515281507827282,0.005011942044633778,-0.0023390095828976078
5.5,-3.4350892623034697,-1.5073882297172823,-0.14424607047719137,-0.017667558295329053,-0.004274077335943981,-0.0021634341572610597,0.005529165948282295,-0.002814529618596275,0.0032392913706196474,-0.0008085255431165336,0.000486221518368797,-0.0006072783039425057,-0.0002210584771964224,0.0003233211886971277,-0.001976217037424797,0.0035201154268423712,-0.004263033545313345,0.005392137992387975,-0.0025939172718766356
5.6,-3.1034673362260152,-1.3725772906229103,-0.13080839950935869,-0.016421779178770954,-0.0038478795722687235,-0.0018730030170814862,0.0053743480461534866,-0.001956903951245212,0.003134000604904525,-0.0003996713065468289,0.0006574651828067833,-0.0007223254867881644,-0.0009311352566866558,0.0005164802851702049,-0.002209584530775809,0.002860261161206824,-0.00377771749739839,0.005398783226220186,-0.002665143124548425
5.7,-2.8089679435315227,-1.249774835416698,-0.11777357165369202,-0.015040087064554269,-0.003621568024042769,-0.001563704077574875,0.004910162550437984,-0.0010650770754091273,0.002839861995190705,-1.1804663290481599e-05,0.0007713112366192498,-0.000782089655554724,-0.001523071028365,0.0006636167114815739,-0.002282100578043472,0.0021015122540466134,-0.0031150662509863984,0.005082616824183363,-0.0025692116603196037
5.8,-2.5471248440608707,-1.1379347086815745,-0.10521279284174023,-0.013521538802623792,-0.0035593276251173213,-0.0012367090490103267,0.004201821501095327,-0.0001881429218463281,0.002398492644269225,0.00033973449413187193,0.0008274829283878331,-0.0007904806921048154,-0.0019794231986782597,0.0007590651176048827,-0.002211684268345527,0.0012902462430180836,-0.0023298503633831964,0.004503297119701495,-0.002329954866987438
5.9,-2.3140338751769374,-1.036078287729587,-0.09320756770325866,-0.011888466649408649,-0.0036234032924226407,-0.000895967066483886,0.003315992904310532,0.0006364069585662062,0.0018517675196133786,0.0006451616706055997,0.0008295001447262701,-0.0007538207793831601,-0.002295214490574271,0.0008019443276570679,-0.0020215128802969,0.0004665733348050615,-0.0014729272130380947,0.0037236057977376186,-0.001975332307499789
6.0,-2.106296366476184,-0.9433087823351678,-0.08183809609985704,-0.010176638516398172,-0.003777145397673743,-0.0005474382210801141,0.0023163684842072243,0.001381754923738351,0.0012392006432870818,0.0008992747719832382,0.0007835769648342418,-0.0006798551139595127,-0.002475061689226756,0.0007951078712679075,-0.0017372014195854728,-0.0003362085920712756,-0.0005893518924032707,0.00280506885996409,-0.0015348129928165317
6.2,-1.7554495357568114,-0.7818582570695194,-0.06127525982330163,-0.0066845339951001155,-0.004223730328041472,0.00014381558052748239,0.0001989870062241683,0.0025728053140510357,-4.6722755599348766e-05,0.001249963256289283,0.0005803531376772187,-0.00045341959174941514,-0.0024772960547733967,0.0006561198109387411,-0.0009883795106162808,-0.001779790989548869,0.0011120452848336264,0.0007737632940395373,-0.0005098741120641489
6.4,-1.4752474282674914,-0.6479887231739548,-0.043904500352665445,-0.0033675006397680825,-0.004684958544628855,0.0007775593745440833,-0.001785236181502314,0.0033304183921294126,-0.0012382321360619854,0.0014073685324812334,0.0002870389425959677,-0.00017523411067954243,-0.0021195790214562924,0.0004019766634583268,-0.00015071683202525318,-0.0029034348300415163,0.0025537421208926396,-0.001215705891922037,0.0005427308870452824
6.6,-1.2509164924531375,-0.53713232783706,-0.029835181061624184,-0.0004740674180820065,-0.005023146983450063,0.0013032067648557715,-0.00340576402936911,0.0036797405847065483,-0.0021988589568942645,0.0014087361655115325,-3.199821001103622e-05,0.0001021787203107092,-0.0015513940524884806,9.697595811847789e-05,0.0006353098096486914,-0.0036532895320086443,0.0036190653835854853,-0.0029107966501240243,0.0014749372733002288
6.8,-1.071007675664809,-0.44551530114346927,-0.018935941978117404,0.0018501495858347676,-0.005168746587418781,0.0016880143532816603,-0.0045516189941297025,0.0036879214648931555,-0.0028655542125008188,0.001297566094119955,-0.00032718345727986506,0.0003424944697380325,-0.0009042587764833302,-0.00020442554847485106,0.0012806226308085006,-0.004034774749430164,0.004273263528999907,-0.004174662007395978,0.002197373121851931
7.0,-0.926517737087483,-0.36997866873976204,-0.010902697672556952,0.0035547183451331136,-0.005103739618925476,0.001918938863349897,-0.0052025760186220835,0.0034373954007297517,-0.0032299915943317372,0.001114654462831134,-0.000566574256518451,0.0005252552667050096,-0.000276891851313416,-0.00046366974321519424,0.001741791397807079,-0.004090124852640431,0.00453795975419859,-0.004963098458142045,0.0026718348105920038
7.2,-0.8102825642305828,-0.30785357978304845,-0.005332061157309651,0.0046613601514000165,-0.004844092779305467,0.0020000167191153327,-0.00539851585257429,0.003009259569300973,-0.003319414508472776,0.0008938400104801455,-0.000734400300464889,0.0006430160254504107,0.0002670785800690308,-0.0006586149262078949,0.002010213963617364,-0.003880271358451502,0.00446810321106494,-0.005296942071835353,0.002898654524517274
7.4,-0.7165574935205793,-0.256876129557672,-0.0017838501868306254,0.0052381166037701495,-0.004424772400602594,0.0019476826003059174,-0.005212972888715279,0.002474401682692609,-0.0031804569173621757,0.0006607615253936241,-0.0008275764635782706,0.0006976651845418034,0.000694595890575905,-0.0007810233023727646,0.0021005661199379453,-0.0034717501689388876,0.004133908506691619,-0.005236556900669734,0.002903453329663219
7.6,-0.6407198778432989,-0.21512670790229907,0.00017310438023367738,0.00537685325994914,-0.0038884986605148032,0.0017857470461545366,-0.004733064801328886,0.0018899105690509098,-0.0028670705666017653,0.00043330637790124166,-0.0008517191808844913,0.0006969112241298509,0.0009959187646443849,-0.0008328746883836389,0.0020407557639682216,-0.0029281880976534803,0.0036081783098127727,-0.004861382210836513,0.0027256679698335344
7.8,-0.5790499801204871,-0.1809833444393055,0.0009317241533386006,0.005176316295254062,-0.0032781719176242794,0.0015410227611116897,-0.004045826605941446,0.0012987228536866654,-0.0024324365687411506,0.00022284541869498658,-0.0008175330415403884,0.0006514043645701744,0.0011771138512913118,-0.0008226613809117523,0.0018642269928939748,-0.0023054570297171275,0.002958354766944762,-0.0042552266530667075,0.0024097807703334032
8.0,-0.5285625062228031,-0.15308283805848522,0.0008311971576463019,0.00473082504252094,-0.002632352926376215,0.0012400203186850652,-0.003229956810542869,0.0007310127686037961,-0.0019241771792390398,3.569739355980228e-05,-0.0007379502995022062,0.0005726289108717364,0.0012535715004976617,-0.0007622564344105155,0.0016046584171456523,-0.0016495015837455305,0.0022422554975455684,-0.0034967814009138733,0.001999307527811198
8.2,-0.4868721611074446,-0.13028650619083038,0.00015163089053224198,0.0041237103739199255,-0.001983025718039994,0.0009067655030002124,-0.0023516640567293394,0.00020633544742273754,-0.0013820297197663057,-0.0001254813927061937,-0.0006261016030158808,0.00047151689416689347,0.0012450180617326091,-0.0006645659214653177,0.001292711096482746,-0.0009959546323965235,0.0015064267146264207,-0.0026543141831384615,0.001533157626350375
8.4,-0.4520835222785271,-0.11164920120650812,-0.0008845509166617674,0.0034243126905298383,-0.001354921276832401,0.0005615921404274205,-0.0014633535190912567,-0.0002640753236026868,-0.0008372013186777811,-0.00026052084257672197,-0.0004940327918583476,0.00035765104045044454,0.001172034649955902,-0.0005419521006968244,0.0009543489200285698,-0.00037083611869702664,0.0007861955348349083,-0.0017834126679617133,0.0010438217083998988
8.6,-0.42269954266775644,-0.09639116329748516,-0.0021072316642144315,0.0026874060235174586,-0.0007658127070144042,0.00022068553593904326,-0.0006041054146676889,-0.0006751795135746284,-0.00031276725017549044,-0.0003708141497262397,-0.00035201465641614707,0.0002389045045139099,0.0010538661516786426,-0.00040530572494896735,0.0006102623760147309,0.00020818101656243523,0.00010671018025600137,-0.0009267649456294036,0.0005568442167636417
8.8,-0.3975451877158981,-0.08387265588570111,-0.0033912863156974507,0.0019541150762524807,-0.0002273426440556694,-0.00010385450489334808,0.0001988463634727069,-0.0010263200328075736,0.00017536197108971885,-0.0004586353737458727,-0.00020828162076875586,0.00012137703564607951,0.0009072268213733556,-0.0002636103485504658,0.0002759994496688032,0.0007302893175739772,-0.0005155407769837172,-0.00011516799277187998,9.11174774711613e-05
9.0,-0.37570384127953105,-0.07357141509966987,-0.0046487135873765325,0.0012536277482521003,0.00025392066895046846,-0.0004036311224354743,0.0009281899060981972,-0.0013197686180073777,0.0006172328502897173,-0.0005266611394951988,-6.905365400633161e-05,9.513355404442789e-06,0.0007458138754416932,-0.00012384709455863212,-3.750025947120537e-05,0.0011900710676118072,-0.001071067955264344,0.0006308311281902295,-0.000340360936545469
9.5,-0.3313214158628738,-0.05492773343948566,-0.007346951628400773,-0.000246484113098482,0.0011969371082437682,-0.001016484883814201,0.002382248562202784,-0.0018300877355914226,0.0014937171037740279,-0.0006279443963942985,0.00023421567717912077,-0.00022850296182505165,0.0003408077121237427,0.0001876482141940536,-0.0006916238216872195,0.002064723608505909,-0.0021506613703801834,0.0021447012166712436,-0.0012257061873677953
10.0,-0.29631327516352723,-0.043000108031917644,-0.009174728228261268,-0.0013203490537494254,0.0017984184931618327,-0.0014252641190649325,0.0033201363262084158,-0.0020883356458978835,0.0020548201273985194,-0.0006607065758864438,0.0004539261601938129,-0.0003960319120409377,8.463447431281496e-07,0.0004193600323710217,-0.001141261049151258,0.002588846020488809,-0.0028207716083723635,0.0031469759447839128,-0.001820192711923262
10.5,-0.26693202702421176,-0.035043656433048694,-0.010162514164587652,-0.001999532809229689,0.0021292154029857444,-0.001656563256875935,0.0038319554510604405,-0.00217394956730466,0.002357722880555177,-0.0006531395531934471,0.0005917928845728119,-0.0004979544144897077,-0.0002450529656803415,0.000568639235705364,-0.0014082124114142237,0.002842892139068378,-0.0031659733190083756,0.0037140652746978967,-0.0021617343689644816
11.0,-0.2412890546415244,-0.029470828513978822,-0.010492560298415492,-0.002369710734054687,0.002265998628037444,-0.0017532493666994194,0.004031893794848781,-0.0021498890416582267,0.002472638035264315,-0.0006236699673129956,0.0006635013374664914,-0.0005483005870063532,-0.00040278950249118703,0.0006494897218434204,-0.0015348340414096026,0.00290811651230993,-0.003279372568016841,0.003956245304077188,-0.0023118142642250903
11.5,-0.2184216041104477,-0.025363477704823542,-0.010365553035066652,-0.0025208161190741715,0.002273825583788167,-0.0017569672023369134,0.0040221890359723135,-0.0020610222755325395,0.002461734051123617,-0.0005835424572616723,0.0006874047617596283,-0.0005620917725557045,-0.0004909389118514259,0.0006800247259387668,-0.001563588080354389,0.002851150823031918,-0.0032401433035196357,0.003976556414336652,-0.0023298339028423494
12.0,-0.19781266125417254,-0.02218714413160399,-0.00994972054528095,-0.0025276473881698015,0.0022017133676738394,-0.0017014240402412554,0.0038819172480841968,-0.0019373366794255382,0.002372806516920344,-0.0005393083203864519,0.0006795294251424668,-0.00055197695435267,-0.0005294154486356388,0.00067663515651695,-0.0015291944256854183,0.002721089319054233,-0.0031078433483164246,0.003856537750743729,-0.00226360896828083
12.5,-0.17915410152585062,-0.019626838421664624,-0.009369532968115126,-0.0024457586928086318,0.002083979643133235,-0.0016113016475792896,0.0036672675021010774,-0.0017979697017684259,0.0022396834931792584,-0.0004946373923480246,0.0006521229435200998,-0.0005274238628410873,-0.0005349495826606636,0.0006520895996857259,-0.0014571932679868695,0.002551710954957056,-0.0029240317577337556,0.0036550024265307496,-0.0021480002055168446
13.0,-0.16223446789317905,-0.01749352240594657,-0.008710290276862084,-0.0023136314823525624,0.001943416369753431,-0.0015035031693852053,0.0034158888431665255,-0.0016546536283044307,0.002084963635957712,-0.00045149388380045716,0.0006138236260747405,-0.0004950164969517065,-0.0005200488771782099,0.0006155072156660658,-0.0013651352900747682,0.0023650938695256797,-0.0027161751360491784,0.003411802885279438,-0.0020068097698258533
13.5,-0.1468879547743456,-0.015670977229802728,-0.008027173636383935,-0.002156614286185105,0.001794510777706165,-0.0013890153697141475,0.0031518331795180074,-0.001514274478380453,0.0019230463489632974,-0.0004108559165635043,0.0005703854006440848,-0.00045909239107704166,-0.0004934208345022049,0.0005730201275084156,-0.0012644765419924592,0.002175027076950438,-0.002501607509561568,0.0031526460913438585,-0.001855483463818572
14.0,-0.13297224724999598,-0.014085542814668596,-0.007354024557794461,-0.001990713786426801,0.0016460800446756996,-0.00127464188311344,0.0028897691801382706,-0.0013806409686399157,0.0017626895094656953,-0.000373141881135494,0.0005254617952578391,-0.0004223782458585907,-0.00046082708008000277,0.0005285550131884947,-0.0011623593653204835,0.001989711244868375,-0.002290762096882351,0.002893365514751983,-0.001703586043842565
14.5,-0.12035937448701066,-0.012688783060860723,-0.006710341593236702,-0.0018256169669090751,0.001503215777209147,-0.0011643703860110808,0.0026381581286485612,-0.0012556559289184756,0.001608927036276767,-0.0003384585859064053,0.00048126339112889333,-0.00038650573689559856,-0.000425923003613682,0.0004845094610289319,-0.0010630198818717919,0.0018137142329351023,-0.002089551289182563,0.0026432080179480543,-0.0015567361022952508
15.0,-0.1089321202659914,-0.011447474777749432,-0.006106351457218437,-0.0016668867690053408,0.0013686348710887357,-0.0010603617158994974,0.0024014876021668297,-0.0011400702786640536,0.0014644131866786497,-0.00030674422216560185,0.0004390495071246461,-0.00035239035963292875,-0.00039093370881499633,0.0004422661383848721,-0.0009688062591711033,0.001649312446702355,-0.0019010167859574683,0.002407175318614081,-0.0014179975680985292
16.0,-0.08921176670782183,-0.009341749798070561,-0.005031660864556782,-0.001378704042684857,0.0011284113581604175,-0.000874482667471896,0.0019795447915962995,-0.000937013225466134,0.0012069502404379014,-0.00025158752478532533,0.00036280884289540305,-0.00029099802214822514,-0.0003252592049859341,0.00036570642857825046,-0.0007996615117106801,0.0013579498559732552,-0.0015659997163982781,0.0019852545381675935,-0.001169715858240314
17.0,-0.07305038144540087,-0.007637225565549628,-0.00413160105946727,-0.001134006902712649,0.0009267967875189133,-0.0007183318101116107,0.0016257009142642376,-0.000768494696660217,0.0009911460853108535,-0.00020614438748200838,0.0002982948799112012,-0.00023917821245790844,-0.00026824792175883164,0.00030076717625236314,-0.0006571243276443607,0.0011146272503412954,-0.0012857006804303938,0.001630773044094083,-0.000960952926917335
18.0,-0.05981237506002918,-0.006248756484571993,-0.0033871329614601374,-0.0009303843031179091,0.0007598839219454418,-0.0005889989679947892,0.0013328609153962006,-0.0006296824190228354,0.0008125864773821551,-0.00016883578853692932,0.0002446886390314671,-0.0001961677468092968,-0.0002203483252349274,0.0002467501936963258,-0.0005389052572144863,0.0009136289382804974,-0.001053965527289804,0.0013371620726175487,-0.0007879758811828044
19.0,-0.0489716478125508,-0.005114556235602954,-0.0027748011741971813,-0.0007624511806863848,0.0006225420572100167,-0.0004825566447447626,0.0010919380218605565,-0.000515721809779832,0.0006656979181481557,-0.0001382526499992719,0.0002005064234573539,-0.0001607363091501901,-0.00018067482316371685,0.00020220818760973626,-0.0004415502781759933,0.0007484038195405923,-0.0008634028861932836,0.0010955146306968664,-0.0006455892184136821
20.0,-0.04009512114859714,-0.004186896677195396,-0.002272424530234753,-0.0006245068711966647,0.0005098425323409935,-0.00039520396781245355,0.0008942555509504428,-0.0004223041430877716,0.0005451780362533075,-0.0001131996142560093,0.00016422440641419996,-0.00013164692196932878,-0.00014802338938167507,0.00016562284100623268,-0.0003616333312330157,0.0006128842302518961,-0.0007070748535019637,0.0008972042216792289,-0.0005287295249585636
21.0,-0.03282730392062894,-0.0034277398564052067,-0.001860728510201903,-0.0005114005371998438,0.0004174783758812753,-0.0003236098812285212,0.0007322475099707113,-0.0003457779964052103,0.00044640955488854835,-9.268291216721567e-05,0.0001344790347419557,-0.00010780077144163227,-0.0001212279508307352,0.00013562587718680285,-0.0002961255019420487,0.0005018398610487651,-0.0005789703898822803,0.0007346692043206725,-0.0004329482317770625
22.0,-0.026876795355314075,-0.0028063220814235953,-0.001523518403889747,-0.00041873528054395937,0.0003418224979320494,-0.000264965657068292,0.0005995478018523499,-0.000283108136199905,0.000365509681819755,-7.588341843289206e-05,0.00011011076496774698,-8.826621186101416e-05,-9.926655629133558e-05,0.00011105042111191707,-0.0002424636938594594,0.00041089113107108273,-0.00047404533866231356,0.0006015332921951893,-0.0003544905403723882
23.0,-0.02200488548837536,-0.0022975950010215526,-0.0012473818343995881,-0.0003428446807837828,0.0002798679949357147,-0.0002169415312757441,0.0004908808303498823,-0.00023179267032130327,0.0002992615454169886,-6.212848089228277e-05,9.015425202085692e-05,-7.226862028739714e-05,-8.127755547036376e-05,9.09238356345941e-05,-0.00019851860830195773,0.0003364163475966545,-0.00038812450670087586,0.0004925074343824184,-0.0002902405936530821
24.0,-0.01801608626244334,-0.001881101686253118,-0.0010212810808334254,-0.00028070235266482266,0.00022913925900084492,-0.00017761891133390552,0.00040190387165220143,-0.00018977701379989379,0.00024501740108093354,-5.086664229939101e-05,7.381323002840224e-05,-5.916940985789226e-05,-6.654626479599472e-05,7.444340687845196e-05,-0.0001625355442007651,0.0002754370381021835,-0.00031777278535204167,0.0004032359986640579,-0.00023763194964902294
25.0,-0.014750327479820047,-0.0015401121224762541,-0.0008361583542627585,-0.00022982144028174198,0.00018760436069220873,-0.00014542287756662208,0.00032905276679034084,-0.00015537672859232212,0.0002006043008100861,-4.1646137444663575e-05,6.043359246885559e-05,-4.844413488544195e-05,-5.448414717637931e-05,6.094957263109172e-05,-0.0001330736781289967,0.00022550974080628983,-0.00026017157191364585,0.00033014355862636205,-0.00019455770736908493
50.0,-9.938694462207556e-05,-1.0377173637552987e-05,-5.634013362622847e-06,-1.5485345367744897e-06,1.2640737524891331e-06,-9.798561097871471e-07,2.2171494909466005e-06,-1.0469226428410034e-06,1.3516667529479715e-06,-2.8060975856749454e-07,4.072007136259357e-07,-3.2641576974265534e-07,-3.671150010342397e-07,4.106775531695672e-07,-8.966479525298148e-07,1.5194779997666738e-06,-1.7530289712424627e-06,2.2244999502913138e-06,-1.31092569216724e-06
100.0,-4.512160301603434e-09,-4.711229561890027e-10,-2.5578379271275526e-10,-7.030337782724116e-11,5.73888479001984e-11,-4.4485368598825476e-11,1.0065839960875285e-10,-4.7530132131202905e-11,6.13655396334078e-11,-1.2739665358109768e-11,1.8486835584000057e-11,-1.4819234527541845e-11,-1.666705087114215e-11,1.864470565477159e-11,-4.070770931333835e-11,6.898418124210075e-11,-7.958738551844454e-11,1.0099222620794343e-10,-5.951596118017331e-11
