5412745.5309769995510578,-2031045351446.5270996093750000
4351593.7681449996307492,-579348339671.1813964843750000
1960252.4871739998925477,-380547930718.1708984375000000
1038997.5662539999466389,-249665820127.9066467285156250
649880.1237080000573769,-163588570027.1433410644531250
470728.0237230000202544,-107041447829.1054687500000000
420053.1409229999990202,-69938116573.8309020996093750
464043.0523169999942183,-45623957788.4684371948242188
628459.4223779999883845,-29712547225.6643676757812500
989960.9529809999512509,-19315407606.8669128417968750
1834849.8804419999942183,-12532646109.8670177459716797
3951824.3033409998752177,-8116447497.1648969650268555
6104743.7180220000445843,-2175458538.3472313880920410
2520947.9690479999408126,-1392304470.4866895675659180
1305135.6728189999703318,-888760697.6142185926437378
788973.6875289999879897,-565446055.0995765924453735
587650.9429740000050515,-358432543.5243833661079407
574602.4159419999923557,-226352608.9077596962451935
2441857.4298169999383390,-57339881.8178387731313705
5895986.3166600000113249,-39703954.2879815548658371
5045293.6255569998174906,-12499137.8606322556734085
2083212.8806320000439882,-6470011.8308420395478606
981610.0718959999503568,-3515754.3644022648222744
505994.0825010000262409,-1934754.6650567180477083
290392.4639619999798015,-1069562.2251053790096194
189838.9848990000027698,-594534.5164246779168025
145592.1674530000018422,-339791.1759311178466305
127149.3060200000036275,-207075.6963736180623528
123922.9949340000021039,-144933.8802050655358471
25760.2471399999994901,-9661.9228626564254228
18044.3538220000009460,-5241.3393896773668530
12567.7045049999996991,-2780.1007777523736877
8691.6503570000004402,-1426.1623577119262336
5976.7079409999996642,-708.6187424458157693
4084.9910270000000310,-340.5688656427150818
2771.6214129999998477,-157.4691491104435954
1863.5371729999999388,-69.4292328236615504
1238.8669910000000982,-28.7748829731954174
522.0346120000000383,-3.5835731227646193
197.5375659999999982,-0.1096757178279972
57.1839360000000028,-0.0002501573990230
0.5356780000000000,0.0002921293970836
-19.4071010000000008,0.0053106068362752
-24.1479210000000002,-0.0143426836549949
-23.1875089999999986,-0.0005424576662492
-20.4392460000000007,0.0197046723865562
-17.4098989999999993,0.0118893937658910
-14.6551679999999998,-0.0073430851253491
-12.3212430000000008,-0.0320692181002560
-10.4377600000000008,-0.0248710262288192
-8.9422660000000000,0.0073136948090600
-7.7409150000000002,0.0353651050700661
-6.7532629999999996,0.0388559830883368
-4.9509140000000000,-0.0169796253166092
-3.8278669999999999,-0.0374366156910617
-3.0925430000000000,-0.0255620865097654
-2.5796809999999999,-0.0056229051579768
-2.2130209999999999,0.0178783739419477
-1.9391890000000001,0.0334618358911858
-1.7268040000000000,0.0380606669830936
-1.5571340000000000,0.0336003572431176
-1.4199990000000000,0.0251399044771101
-1.3043320000000000,0.0126355492598853
-1.2052750000000001,-0.0010128087589802
-1.1204310000000000,-0.0128795042648555
-0.9812000000000000,-0.0303368520412736
-0.8709720000000000,-0.0389720895968890
-0.7812100000000000,-0.0401311123492487
-0.7066210000000001,-0.0358084705012811
-0.6430390000000000,-0.0284602763194611
-0.5901340000000000,-0.0173605798710206
-0.5434990000000000,-0.0061467745279424
-0.5032489999999999,0.0059229638149119
-0.4678730000000000,0.0178789602148672
-0.4358700000000000,0.0287004570625838
-0.1329920000000000,0.0995695956658936
-0.0254610000000000,0.0252358016110148
1399068.0444650000426918,-2289712514832.5844726562500000
2117373.0805750000290573,-1511280138698.3583984375000000
2652504.1395350000821054,-996622384128.8217773437500000
2379093.5785179999656975,-656619843597.7281494140625000
1634059.9369659998919815,-432184787044.3922729492187500
638071.6971650000195950,-186631977198.5675964355468750
437901.1543870000168681,-122429524526.7715606689453125
340999.9692800000193529,-80211358530.8825531005859375
302375.2877209999714978,-52480498284.2036972045898438
295038.1033080000197515,-34287196904.1621818542480469
313205.0019329999922775,-22366303597.0492820739746094
358052.9987669999827631,-14565902513.9440002441406250
425930.7068130000261590,-9469139276.0006103515625000
497704.2560439999797381,-6144092183.8385477066040039
539510.2016079999739304,-3978468877.0184369087219238
524839.3675019999500364,-2570466254.6398196220397949
460373.6177690000040457,-1656770437.2872822284698486
378973.8106849999749102,-1065069951.9088072776794434
314292.1643720000283793,-682761816.4893614053726196
265842.8545160000212491,-436345571.1215318441390991
238890.5974109999951907,-277944770.6871307492256165
225276.7012619999877643,-176414586.0214832723140717
216153.6330299999972340,-111537664.2298658192157745
209177.6867719999863766,-70223198.0163656622171402
204262.6292829999874812,-44013230.4689621925354004
198824.6296830000064801,-27453024.8119229190051556
189122.2424879999889527,-17033612.5829713046550751
173349.0813349999953061,-10506203.9954454433172941
153141.6231430000043474,-6436617.8600311223417521
132266.5679529999906663,-3914344.8711877679452300
114105.0543630000029225,-2362835.7232463904656470
100148.9971599999989849,-1417303.9481728572864085
89815.4183170000032987,-846933.5073809889145195
80952.7958999999973457,-505630.4259691687766463
70770.2946099999971921,-301156.6549519105465151
59331.7431470000010449,-178377.7556631261832081
48305.2460530000025756,-105171.0615798525250284
38213.5209029999969061,-61566.8386660586766084
29408.3021249999983411,-35626.9592826154330396
22126.5838120000007621,-20316.7133364837973204
16382.6032059999997728,-11419.2492739893950784
11955.3239630000007310,-6303.8259674784003437
8607.1956329999993613,-3399.1354414443721907
6131.2542510000002949,-1789.1094886548835348
4325.9541619999999966,-917.7319333345453742
3022.5428369999999632,-457.1594944714420308
2089.4970720000001165,-219.9075629143308106
1427.1745650000000296,-101.2956418433157069
961.0710050000000138,-44.0786222788724444
636.0733179999999720,-17.7030929377147004
258.6646029999999996,-1.8279232264287089
86.8882159999999999,-0.0004877680740947
13.4160769999999996,0.0025560494388888
-14.8345430000000000,-0.0027007335807454
-23.2952639999999995,-0.0029720197784471
-23.7820479999999996,-0.0012907358160597
-21.4856489999999987,0.0095156969264885
-18.5189079999999997,0.0110187286359285
-15.6738680000000006,-0.0035408284453879
-13.2116319999999998,-0.0202270187716405
-11.1826319999999999,-0.0217548788199498
-9.5499360000000006,-0.0036240573436732
-8.2394859999999994,0.0211601402365122
-7.1717420000000001,0.0332956367507595
-6.2829899999999999,0.0216808440502483
-4.6600020000000004,-0.0318086649711589
-3.6405180000000001,-0.0384735433252388
-2.9638520000000002,-0.0193336465977421
-2.4882460000000002,0.0035595695631541
-2.1440000000000001,0.0243292159680593
-1.8871840000000000,0.0380727937175704
-1.6847019999999999,0.0386339308221577
-1.5232749999999999,0.0323542206112526
-1.3907959999999999,0.0214388166590569
-1.2809670000000000,0.0098135331151938
-1.1834950000000000,-0.0056966268452352
-1.1023440000000000,-0.0162846130937426
-0.9670470000000000,-0.0327986152158558
-0.8592760000000000,-0.0407136133896326
-0.7713120000000000,-0.0412604668130109
-0.6984750000000000,-0.0361100732957383
-0.6364570000000001,-0.0279778737097284
-0.5834770000000000,-0.0176378735577052
-0.5396220000000000,-0.0042557736801524
-0.4994580000000000,0.0073493707007771
-0.4644460000000000,0.0191722400452530
-0.4334960000000000,0.0305973126346571
-0.1331670000000000,0.1000951558793556
-0.0261910000000000,0.0259681636671531
569307.3419070000527427,-452562756802.5625000000000000
627643.2395120000001043,-298185902294.9088745117187500
621717.0108789999503642,-196280060087.5341796875000000
544658.2186419999925420,-129068407795.9921417236328125
432328.7729089999920689,-84779415917.5919799804687500
326717.8527829999802634,-55623402979.6741714477539062
248929.0618339999928139,-36449289865.3552246093750000
200598.9199979999975767,-23853392398.4982376098632812
174294.6486440000007860,-15588457757.6807556152343750
160292.1471280000114348,-10172020454.1436252593994141
149651.1141289999941364,-6627013662.7234401702880859
137944.4856919999874663,-4310091483.4897232055664062
125874.9587089999986347,-2798080547.1351141929626465
114712.2321300000039628,-1812931227.5365738868713379
104998.6206200000015087,-1172159331.1053543090820312
96841.4293650000035996,-756148064.1459494829177856
90315.1277220000047237,-486593075.1369944214820862
85590.9737560000066878,-312306464.3500438928604126
82816.9229380000033416,-199876769.8798171281814575
81943.0180669999972451,-127530561.0570670962333679
83818.6629709999979241,-81104115.2952049374580383
63022.0782939999990049,-12752057.1260877028107643
57190.0873540000029607,-7936972.1676009511575103
51286.2471920000025420,-4912794.1597670409828424
45469.7597469999964233,-3022590.3653679904527962
39869.9453219999995781,-1847410.4394132951274514
34615.1861619999981485,-1121053.8943832165095955
29771.5167849999997998,-674995.7531933221034706
25351.9827579999982845,-402990.6400026716291904
21360.6532130000014149,-238393.8444805470062420
17797.8576500000017404,-139627.1986893947469071
14661.3228049999997893,-80907.9717293689027429
11918.6720659999991767,-46329.6762253678680281
9548.3759389999995619,-26174.4146800921953400
7541.6825319999998101,-14565.6577388584337314
5876.4078120000003764,-7969.3530647909619802
4518.9116599999997561,-4277.8429427543396741
3429.8025360000001456,-2246.8841531530406428
2568.8573350000001483,-1150.8515918629821044
1897.8341829999999391,-572.2915855284477402
1381.9744279999999890,-274.6522986761315224
990.6965880000000197,-126.1301013976304830
697.8459530000000086,-54.7090060760742745
481.6028860000000122,-21.9412954057818297
324.1306450000000154,-7.8389315394351229
211.0960129999999992,-2.3143992281785302
131.1813469999999882,-0.4610688997417469
75.5985909999999990,-0.0005898251262551
12.3494290000000007,0.0034927156042297
-14.1690710000000006,-0.0058822710840811
-23.0440709999999989,0.0012993332407341
-24.1148379999999989,-0.0014470343967190
-22.1554670000000016,0.0066376807941424
-19.2960090000000015,0.0086389480462898
-16.4261850000000003,-0.0018941465942319
-13.8812010000000008,-0.0149971542452985
-11.7513109999999994,-0.0184284892397280
-10.0202390000000001,-0.0074186344794889
-8.6282750000000004,0.0128867368522609
-7.5020499999999997,0.0293611434054455
-6.5701320000000001,0.0255087892041459
-5.7929079999999997,0.0077964293159249
-5.1406130000000001,-0.0166541924244434
-3.9443959999999998,-0.0476141174964506
-3.1695329999999999,-0.0299842114380247
-2.6334719999999998,-0.0028314359726571
-2.2498950000000000,0.0229635026278401
-1.9646110000000001,0.0387146636068607
-1.7446330000000001,0.0425661615943249
-1.5704590000000000,0.0375922652048548
-1.4293149999999999,0.0274593579688864
-1.3111299999999999,0.0138328324801542
-1.2112959999999999,0.0002721017278704
-1.1235040000000001,-0.0139785051323824
-1.0484230000000001,-0.0245418188449369
-0.9239849999999999,-0.0380710389293307
-0.8234840000000000,-0.0436859235324283
-0.7418050000000000,-0.0415940597048584
-0.6733340000000000,-0.0350503805912287
-0.6154730000000000,-0.0253277180153403
-0.5647799999999999,-0.0149769465071466
-0.5227810000000001,-0.0017813536603831
-0.4837730000000000,0.0091379845970629
-0.4495710000000000,0.0201066559037249
-0.4202770000000000,0.0316827614142859
-0.1298130000000000,0.0979153082687258
-0.0250890000000000,0.0248740750437215
269755.5888569999951869,-23789335552.5413131713867188
249490.3800420000043232,-15573221103.6313858032226562
221708.7664860000077169,-10181093212.3504657745361328
189731.3742649999912828,-6646505802.6745624542236328
158891.5916110000107437,-4332472359.0764636993408203
133387.7179929999983869,-2819545832.5979194641113281
114729.9676719999988563,-1831798782.5628974437713623
102066.3790469999948982,-1187906582.8689706325531006
93277.4804120000044350,-768845582.7204766273498535
85786.6335569999937434,-496580061.8875204324722290
77734.1198390000063227,-320012665.6944607496261597
69091.8365889999986393,-205731507.1873625814914703
60613.1246570000002976,-131920345.1630017012357712
52828.0091620000021067,-84355634.3550895601511002
45983.4460499999986496,-53779070.1888337954878807
40124.4396239999987301,-34174763.9691938683390617
35147.8101150000002235,-21640941.2503326646983624
30906.9335690000007162,-13652070.5794181488454342
27244.7531210000015562,-8576936.1679998394101858
23989.4733740000010584,-5364358.0727257244288921
21043.9248850000003586,-3338687.1876746034249663
18360.6987440000011702,-2066823.6679025937337428
15911.8107820000004722,-1271947.3129566491115838
13690.3427699999992910,-777695.6165636383229867
11704.1234839999997348,-472101.1085691556800157
9938.2032280000003084,-284319.8750920711318031
8377.9442249999992782,-169721.1815906889969483
7010.3248299999995652,-100316.7660369527584407
5821.2799720000002708,-58641.0352565920911729
4795.6809949999997116,-33854.4777415176431532
3918.0110989999998310,-19271.0615745615905325
3172.9400909999999385,-10795.0448942351213191
2545.6482000000000880,-5936.8242645658738184
2022.0386710000000221,-3196.3073821198677251
1588.8723649999999452,-1678.6004180837942386
1233.8789750000000822,-855.9341522854672348
945.8158929999999600,-421.1469823815801874
714.5088230000000067,-198.2185291620528460
530.8469169999999622,-88.0939063173301520
386.7594419999999786,-36.2187363765336272
275.1530260000000112,-13.2914429245265069
189.8712040000000059,-4.0516812747843574
125.6370459999999980,-0.8441862662357522
78.0004550000000023,-0.0161382818707807
43.2766340000000014,0.0509523318385305
18.4771980000000013,-0.0187952007692616
1.2093010000000000,-0.0421975748577266
-10.4073560000000001,-0.0183364306828491
-17.8531210000000016,0.0199219658379342
-22.2697070000000004,0.0389650376852551
-24.5382730000000002,0.0301974385611778
-25.1406759999999991,-0.0253952238980091
-23.1600220000000014,-0.0442955978580635
-20.3340460000000007,-0.0132520211733329
-17.4357870000000013,0.0210991168618797
-14.7827970000000004,0.0267250215250723
-12.4946710000000003,0.0085625138836996
-10.6008010000000006,-0.0077411190251766
-9.0736050000000006,-0.0067070406620449
-7.8481480000000001,0.0043727780259886
-6.8555929999999998,0.0135583323514723
-6.0351679999999996,0.0097816802955988
-5.3501550000000000,-0.0030550710101904
-4.7754300000000001,-0.0182289500701929
-4.2945050000000000,-0.0279172176246796
-3.8916210000000002,-0.0296135104784989
-3.1326930000000002,-0.0107686013006272
-2.6068500000000001,0.0162168767530404
-2.2289780000000001,0.0391480705953882
-1.9449440000000000,0.0488625126672844
-1.7253950000000000,0.0471606735535601
-1.5521620000000000,0.0384429550080212
-1.4103990000000000,0.0241630495062131
-1.2928409999999999,0.0085737494504727
-1.1949410000000000,-0.0049330666895850
-1.1094970000000000,-0.0182047434660506
-1.0354890000000001,-0.0287083058375301
-0.9699540000000000,-0.0370735098298627
-0.8598740000000000,-0.0462367894718413
-0.7709250000000000,-0.0470476729135467
-0.6962090000000000,-0.0432115371123455
-0.6344610000000001,-0.0343305011193767
-0.5827200000000000,-0.0223300462702644
-0.5349420000000000,-0.0124939403595208
-0.4954220000000000,0.0000947368856365
-0.4593400000000000,0.0111542412557721
-0.4281870000000000,0.0226535527920882
-0.4007940000000000,0.0338528242327542
-0.1262330000000000,0.0961126713068078
-0.0247750000000000,0.0245720508216702
177789.0414769999915734,-311162093.3917106389999390
156256.0341929999995045,-199641361.7336942851543427
135199.4904540000134148,-127761836.6839263290166855
116418.9790050000010524,-81539158.8502341657876968
100504.5152169999928446,-51888394.5684818029403687
87252.9594650000071852,-32918036.1294896826148033
75634.5770469999988563,-20814371.7438242919743061
64397.9620110000032582,-13113796.4435517992824316
54533.4402079999999842,-8230548.8306106086820364
45910.7150160000019241,-5144408.3945600204169750
38390.0057020000022021,-3201104.0402808152139187
31880.7598160000015923,-1982227.5530646771658212
26306.3885469999986526,-1220972.4466487951576710
21584.7960569999995641,-747721.2259612625930458
17609.0805609999988519,-454978.2069415891892277
14306.4053299999995943,-274900.3109921223367564
11602.6202909999992698,-164818.8080178872623947
9390.9434010000004491,-97974.5437209847004851
7585.5956619999997201,-57686.3977475694264285
6113.9870410000003176,-33604.6641147358677699
4915.2668009999997594,-19342.7858953731847578
3939.4568749999998545,-10983.9729396944931068
3145.6494099999999889,-6142.1779818762142895
2500.4882590000001983,-3374.7674024676516638
1976.8967609999999695,-1816.9496406639455017
1552.8662640000000010,-955.2938049705122694
1210.4811019999999644,-488.3336416025787230
935.0829290000000356,-241.2813056935009399
714.6418579999999565,-114.2930359435988521
539.2153299999999945,-51.2914594402521971
400.5528160000000071,-21.4070600959983040
291.7920340000000010,-8.0490434781363547
207.2211599999999976,-2.5537904035012673
142.1106629999999882,-0.5728033387404423
92.5434400000000039,-0.0175771190098715
55.2991669999999971,0.0465572175322819
27.7435720000000003,-0.0010915580925825
7.7410230000000002,-0.0359219284594419
-6.4301250000000003,-0.0340201260991382
-16.1439200000000014,-0.0071357678554449
-22.4831369999999993,0.0213161982539418
-26.3048189999999984,0.0392564363290653
-28.2762330000000013,0.0392869438898771
-28.9175940000000011,0.0231472372741663
-28.6318869999999990,-0.0009433296840911
-27.7245659999999994,-0.0252683210179043
-26.4234989999999996,-0.0441579929580165
-24.9021760000000008,-0.0478762906828543
-23.2775220000000012,-0.0383023429791542
-21.6336580000000005,-0.0157675566202613
-20.0212420000000009,0.0119930124915548
-17.0092700000000008,0.0610707383649505
-14.3597999999999999,0.0690728586847094
-12.1092420000000001,0.0429612508488049
-10.2463060000000006,0.0040378062073607
-8.7390209999999993,-0.0226109977709594
-7.5305980000000003,-0.0322298472043032
-6.5577750000000004,-0.0316314698966336
-5.7647779999999997,-0.0289305603027126
-5.1100000000000003,-0.0274411526301366
-4.5651669999999998,-0.0256122360155748
-4.1110129999999998,-0.0199088515329162
-3.7297720000000001,-0.0108184643005100
-3.4112879999999999,0.0045926395852716
-3.1405170000000000,0.0212683641793325
-2.9066860000000001,0.0361598513624668
-2.4429919999999998,0.0618988943365881
-2.1021839999999998,0.0713595370337257
-1.8412590000000000,0.0650328225297701
-1.6372610000000001,0.0496912353612446
-1.4734140000000000,0.0293050101497436
-1.3443870000000000,0.0129274868772833
-1.2349490000000001,-0.0048623728384058
-1.1427220000000000,-0.0198685002225303
-1.0619550000000000,-0.0335001822243692
-0.9942150000000000,-0.0413515947483348
-0.9314780000000000,-0.0495989623339399
-0.8758750000000000,-0.0549064013190635
-0.7821140000000000,-0.0577485587619131
-0.7064060000000000,-0.0526599601382566
-0.6408890000000000,-0.0456185811055699
-0.5857850000000000,-0.0352731003409449
-0.5384310000000000,-0.0234814660146646
-0.4978780000000000,-0.0105451577163039
-0.4619040000000000,0.0018696933906185
-0.4298770000000000,0.0136229510628850
-0.4005940000000000,0.0239525726990738
-0.3763310000000000,0.0355320420319707
-0.1218800000000000,0.0939055348020323
-0.0243980000000000,0.0242095095361683
139185.2354479999921750,-19809644.2256400547921658
121531.0544019999942975,-12375548.9954548999667168
104598.9006999999983236,-7695941.0395694198086858
88487.4696580000018002,-4761970.2328951898962259
73538.8049330000067130,-2930385.3034333409741521
60217.6067289999991772,-1792480.3746381080709398
48762.3152150000023539,-1089304.4293709422927350
39125.8528300000034506,-657278.7277401491301134
31185.0320759999995062,-393552.3945745642995462
24698.8634420000016689,-233663.4755868304055184
19439.7131970000009460,-137450.7345862854854204
15197.8402729999997973,-80021.4132374789624009
11784.4195920000001934,-46032.7228699221959687
9087.6637429999991582,-26140.3796889667573851
6970.0178210000003673,-14631.4517211918791872
5313.7160089999997581,-8055.8232064572330273
4025.5963109999997869,-4352.8585597577457520
3029.3869789999998829,-2301.7902730869545849
2263.0056239999998979,-1186.9990443255685477
1676.5338249999999789,-594.2168058620022748
1230.1904640000000200,-287.0344901248995484
892.4241309999999885,-132.6792177454708508
638.3789359999999533,-57.9937104816899591
448.5466499999999996,-23.5281797579156091
307.7187599999999748,-8.5814203211624545
204.0940559999999948,-2.6366858726909754
128.5655899999999860,-0.5706516422507235
74.1360159999999979,-0.0164796669561298
35.4526129999999995,0.0436197084413052
8.4464100000000002,-0.0026272658018840
-9.9662319999999998,-0.0307719312488590
-22.0951769999999996,-0.0292654995391359
-29.6755040000000001,-0.0077828081719424
-33.9934999999999974,0.0159409554167169
-36.0023160000000004,0.0309674218403870
-36.4058830000000029,0.0339922041804144
-35.7179799999999972,0.0230946530015572
-34.3206929999999986,0.0063468528777264
-32.4869830000000022,-0.0129470131173690
-30.4144949999999987,-0.0300719834999086
-28.2440959999999990,-0.0406926890421921
-26.0750819999999983,-0.0405761055191043
-23.9708310000000004,-0.0309197844703739
-21.9710819999999991,-0.0141803102909712
-20.0968799999999987,0.0048558162102381
-18.3589419999999990,0.0229508102229090
-16.7586039999999983,0.0360004048795908
-15.2938010000000002,0.0424876774435621
-13.9586880000000004,0.0412054133468409
-12.7478540000000002,0.0340471379295302
-11.6538620000000002,0.0224876811090553
-9.7881070000000001,-0.0029123862688145
-8.2927719999999994,-0.0248433222109341
-7.1037379999999999,-0.0343515349109662
-6.1525100000000004,-0.0373440898884354
-5.3849470000000004,-0.0369633819175377
-4.7596410000000002,-0.0344362559167681
-4.2443860000000004,-0.0310236634657368
-3.8186719999999998,-0.0237434826522129
-3.4658679999999999,-0.0115175375848278
-3.1688980000000000,0.0019246344188848
-2.9192770000000001,0.0182177357610036
-2.7047900000000000,0.0329095962139059
-2.5180680000000000,0.0446818793367720
-2.3543560000000001,0.0535840678779893
-2.2118699999999998,0.0617210190748887
-1.9152450000000001,0.0652150446311119
-1.6855270000000000,0.0546381877704545
-1.5047189999999999,0.0375173748856983
-1.3604350000000001,0.0190495611570247
-1.2437050000000001,0.0023333536845662
-1.1446580000000000,-0.0143310809458079
-1.0612020000000000,-0.0275863191511403
-0.9895610000000000,-0.0376193940468154
-0.9253970000000000,-0.0464237639836182
-0.8698709999999999,-0.0513108041146326
-0.8206490000000000,-0.0536152129126751
-0.7751930000000000,-0.0552136019228849
-0.6980010000000000,-0.0522186807372947
-0.6323630000000000,-0.0460317972031585
-0.5772580000000000,-0.0364191341702329
-0.5310630000000000,-0.0241560160731666
-0.4888640000000000,-0.0134971831603136
-0.4533000000000000,-0.0012471812585096
-0.4231070000000000,0.0118186528754465
-0.3943360000000000,0.0221879999550154
-0.3703990000000000,0.0336659641579404
-0.3466740000000000,0.0419854963286069
-0.1137600000000000,0.0887496528662185
-0.0218870000000000,0.0217184816065839
112622.4696479999984149,-1910034.6918879623990506
96648.4006859999935841,-1155708.2897404425311834
81007.6405499999964377,-694430.0305576539831236
66149.9388789999939036,-413705.0853676963597536
52896.2290639999991981,-244060.2059573417645879
41637.1129530000034720,-142419.3121501027198974
32372.5324619999992137,-82103.6889516827795887
24897.4266869999992196,-46674.3497550990214222
18998.2013450000013108,-26139.2516306056968460
14370.6640389999993204,-14375.4988512066393014
10789.6497780000008788,-7746.7911644317700848
8048.6365120000000388,-4084.1539540633725665
5959.9619179999999687,-2098.3480415104531858
4378.1280710000000909,-1046.0729853180182545
3187.8474110000001929,-503.3672980873548113
2298.0527109999998174,-232.2448739087931244
1637.4214079999999285,-101.8210775527179521
1150.5252199999999903,-41.8716021191760319
794.5835389999999734,-15.8426712549245394
536.7060519999999997,-5.3377599888124223
351.7612449999999740,-1.5032607366010780
220.6443979999999954,-0.2974497349154035
128.9332410000000095,-0.0082128336375433
65.8151799999999980,0.0204191413046999
23.2493310000000015,0.0006885032697390
-4.7004320000000002,-0.0124088433123886
-22.3714179999999985,-0.0153216098666640
-32.9090630000000033,-0.0084837337910386
-38.5639260000000021,0.0026504337131925
-40.9338089999999966,0.0144631910163326
-41.1380499999999998,0.0197894595923316
-39.9629649999999970,0.0193421266202805
-37.9480310000000003,0.0096718919129017
-35.4711160000000021,-0.0026495926054295
-32.7847409999999968,-0.0156521866665500
-30.0604189999999996,-0.0238095348775715
-27.4052959999999999,-0.0269953500091233
-24.8877120000000005,-0.0229738265594577
-22.5441649999999996,-0.0131437069632021
-20.3891209999999994,-0.0016689368021581
-18.4262370000000004,0.0094545057356967
-16.6514829999999989,0.0190959574006584
-15.0534370000000006,0.0241751550448992
-13.6213230000000003,0.0255200593718090
-12.3421699999999994,0.0235059037600944
-11.2017480000000003,0.0179421773140458
-10.1873509999999996,0.0101438622290360
-9.2893539999999994,0.0040188273856980
-8.4925169999999994,-0.0029238493323067
-7.7868899999999996,-0.0088400147128365
-7.1618760000000004,-0.0135700738689080
-6.1166489999999998,-0.0187525455816564
-5.2881060000000000,-0.0217334638492463
-4.6233060000000004,-0.0246153946408390
-4.0867030000000000,-0.0242925305011719
-3.6467019999999999,-0.0233932520891500
-3.2833359999999998,-0.0203584318671122
-2.9835669999999999,-0.0122722922231575
-2.7329990000000000,-0.0016714757401344
-2.5212690000000002,0.0099721852065433
-2.3395739999999998,0.0206121651489442
-2.1818270000000002,0.0293858496085351
-2.0440809999999998,0.0364662036798227
-1.9221680000000001,0.0410000891339686
-1.8137090000000000,0.0433258942005057
-1.7166729999999999,0.0436761435110065
-1.5125059999999999,0.0362009005308879
-1.3529030000000000,0.0237292403865315
-1.2263700000000000,0.0104935085799094
-1.1240300000000001,-0.0016211550314531
-1.0369569999999999,-0.0142565773251142
-0.9640230000000000,-0.0236791911515191
-0.8998570000000000,-0.0320545334578857
-0.8434170000000000,-0.0383280132789768
-0.7954560000000001,-0.0403788884397467
-0.7501740000000000,-0.0431113583863629
-0.7112750000000000,-0.0422278026866932
-0.6732580000000000,-0.0428276412148001
-0.6093410000000000,-0.0379636037975338
-0.5564080000000000,-0.0290614885327257
-0.5104330000000000,-0.0192345006371561
-0.4721460000000000,-0.0070848043076113
-0.4372180000000000,0.0036038910808890
-0.4068500000000000,0.0145040948843866
-0.3801580000000000,0.0251503512718177
-0.3552890000000000,0.0340653871620961
-0.3339820000000000,0.0433270731693269
-0.3143020000000000,0.0513066265369184
-0.1050900000000000,0.0835020296346578
-0.0205580000000000,0.0204125413998605
93649.2908639999950537,-340838.9645241075777449
79248.1468400000012480,-200616.7785887409118004
65195.4201360000006389,-117367.5690864150819834
51760.5399130000005243,-67598.0819019081827719
40171.7182919999977457,-38299.2431086844298989
30691.2489419999983511,-21326.5404347101866733
23142.7001190000009956,-11630.1950877679100813
17238.4223850000016682,-6165.0443594896150898
12743.5494529999996303,-3187.0558448143892747
9348.6820260000004055,-1600.4976846321933408
6802.9475819999997839,-776.5009560055841575
4908.4548370000002251,-362.1097931559661447
3508.6432890000000953,-161.3990945860473403
2481.5864969999997811,-68.3024085215333798
1733.5590620000000399,-27.2453584284191948
1193.0860150000000885,-10.1722645264064795
806.0051780000000008,-3.5436363675586335
531.4848930000000564,-1.1546331860824921
338.9323069999999802,-0.3483463611963771
205.5807409999999891,-0.0852907275861696
114.6115329999999943,-0.0055709333876308
53.6822749999999971,0.0127383166189929
13.8286979999999993,0.0034557152940522
-11.4167220000000000,-0.0072061344358509
-26.6527619999999992,-0.0149016268190643
-35.1337499999999991,-0.0102378456736432
-39.1256610000000009,0.0017234197133149
-40.1977529999999987,0.0148421789517172
-39.4252570000000020,0.0215135744108110
-37.5409930000000003,0.0178522908194410
-35.0426310000000001,0.0064004025467952
-32.2623129999999989,-0.0082995035098890
-29.4178150000000009,-0.0206354215309013
-26.6465509999999988,-0.0263642784485860
-24.0292379999999994,-0.0243202452159466
-21.6091559999999987,-0.0147487273362046
-19.4014470000000010,-0.0021611877712537
-17.4083620000000003,0.0115480224320912
-15.6172249999999995,0.0193349826274396
-14.0187919999999995,0.0234605585595649
-12.5955119999999994,0.0211115987099220
-11.3351260000000007,0.0162355618069085
-10.2223140000000008,0.0100285725825167
-9.2420559999999998,0.0035556108511692
-8.3803339999999995,-0.0020002833427792
-7.6230989999999998,-0.0066263912227313
-6.9588729999999996,-0.0089995433338723
-6.3735830000000000,-0.0116834793626666
-5.8612209999999996,-0.0104414002016000
-5.4092370000000001,-0.0087785045142006
-5.0086810000000002,-0.0077137656424702
-4.3361970000000003,-0.0062914840523369
-3.7981650000000000,-0.0068475777150843
-3.3632279999999999,-0.0073656071155113
-3.0069270000000001,-0.0077551730515095
-2.7138200000000001,-0.0054824575058028
-2.4692289999999999,-0.0020555221471423
-2.2618200000000002,0.0008969373211412
-2.0869420000000001,0.0059549477211305
-1.9350540000000001,0.0090495266529604
-1.8065260000000001,0.0147710079056105
-1.6913360000000000,0.0164207327333783
-1.5911050000000000,0.0182914453760163
-1.5014130000000001,0.0181520854028505
-1.4227030000000001,0.0182678861123338
-1.3514139999999999,0.0166138053160165
-1.2057160000000000,0.0129084036563147
-1.0891919999999999,0.0044065530422768
-0.9973640000000000,-0.0025632715802122
-0.9201540000000000,-0.0107354377217129
-0.8548690000000000,-0.0178743726187341
-0.7997780000000000,-0.0224455385053786
-0.7502480000000000,-0.0269393069789460
-0.7077930000000000,-0.0284427597132356
-0.6688660000000000,-0.0295885335901120
-0.6352660000000000,-0.0279749625057455
-0.6028650000000000,-0.0273260734486480
-0.5744880000000000,-0.0245388796857060
-0.5245980000000000,-0.0170154308860524
-0.4817230000000000,-0.0081978145461466
-0.4437890000000000,0.0005461949919539
-0.4118280000000000,0.0107859323958951
-0.3826520000000000,0.0197817234730692
-0.3580260000000000,0.0296901915409661
-0.3355330000000000,0.0384435038471784
-0.3165510000000000,0.0477336860576953
-0.2977750000000000,0.0545391750666513
-0.2786730000000000,0.0585841754591748
-0.0965220000000000,0.0784560120237910
-0.0169970000000000,0.0168752723305302
83611.6467989999946440,-94813.0612637546437327
70410.4978439999977127,-55521.6718645181827014
56530.2155649999986053,-31874.7685353761662554
43730.5867460000008577,-17637.4569317258501542
33199.2456840000013472,-9509.7398761141812429
24863.2581370000007155,-4995.0917577407453791
18406.1921179999990272,-2543.5268967642459756
13460.8833749999994325,-1221.7777849259055074
9762.2307450000007520,-558.6149722768059291
7020.4076269999995930,-240.8667027169967696
5002.7296509999996488,-95.9843317150716757
3529.7625950000001467,-34.6641345851203369
2462.6654410000001008,-11.0952332390943411
1695.6886779999999817,-3.1416706377863193
1149.0991859999999178,-0.9010754898531559
763.2251529999999775,-0.4014376152935029
493.6575040000000172,-0.2721819120305327
307.5700259999999844,-0.1695917578933859
180.8682530000000099,-0.0705264056235535
96.0066130000000015,-0.0055252089078124
40.3210979999999992,0.0139922965156813
4.7528610000000002,0.0030938596216243
-17.1142210000000006,-0.0133560611335994
-29.7762780000000014,-0.0162510666904261
-36.3437210000000022,-0.0048164306937863
-38.9493659999999977,0.0122267658912207
-39.0415980000000005,0.0217076817922290
-37.6030799999999985,0.0188781256505166
-35.2987040000000007,0.0095635984083344
-32.5598600000000005,-0.0080746476793863
-29.6750529999999983,-0.0245180223257222
-26.8294609999999984,-0.0290423419409898
-24.1250810000000016,-0.0238982648730079
-21.6178390000000000,-0.0107824272818107
-19.3305100000000003,0.0059664348505564
-17.2661680000000004,0.0218631351620644
-15.4123950000000001,0.0290852523406215
-13.7576719999999995,0.0279032931715282
-12.2886129999999998,0.0206218088857995
-10.9899869999999993,0.0094455360148036
-9.8469879999999996,-0.0026340334583317
-8.8466179999999994,-0.0113165094488554
-7.9711860000000003,-0.0180028720746455
-7.2076349999999998,-0.0207430503582824
-6.5419689999999999,-0.0199286800938578
-5.9624550000000003,-0.0151105669400842
-5.4578139999999999,-0.0067640276726015
-5.0114669999999997,-0.0019613829011060
-4.6199589999999997,0.0041543032817675
-4.2723160000000000,0.0078377760531367
-3.9632510000000001,0.0100608669609068
-3.4400210000000002,0.0101322697947865
-3.0176620000000001,0.0064519416492765
-2.6771609999999999,0.0054687886807598
-2.3959009999999998,0.0031735232632450
-2.1597909999999998,-0.0009234578015649
-1.9643600000000001,-0.0013031011054119
-1.7977829999999999,-0.0023835276426034
-1.6587050000000001,0.0000471836360860
-1.5360400000000001,-0.0008412429675075
-1.4315180000000001,-0.0000028131671979
-1.3418180000000000,0.0018763201026644
-1.2640920000000000,0.0040809370734540
-1.1921580000000001,0.0021837447997415
-1.1303049999999999,0.0019367262031893
-1.0754230000000000,0.0014620459228296
-0.9604190000000000,-0.0025329711421879
-0.8719680000000000,-0.0062803670732572
-0.8025230000000000,-0.0088438435558685
-0.7454390000000000,-0.0111729780911292
-0.6946140000000000,-0.0155862703306141
-0.6510049999999999,-0.0186395890161146
-0.6149000000000000,-0.0184221008139935
-0.5819910000000000,-0.0181857577597457
-0.5515530000000000,-0.0179660227917071
-0.5247450000000000,-0.0161488129303010
-0.5014740000000000,-0.0125209145162897
-0.4796780000000000,-0.0089322761494857
-0.4383610000000000,-0.0034506866861154
-0.4061080000000000,0.0064517138675340
-0.3764930000000000,0.0149101909387466
-0.3509980000000000,0.0238395174309262
-0.3278160000000000,0.0317963525845882
-0.3086610000000000,0.0408134043842369
-0.2902830000000000,0.0479252305663383
-0.2732760000000000,0.0539819003838330
-0.2597180000000000,0.0612925956664473
-0.2454530000000000,0.0659103072016252
-0.0883380000000000,0.0736002404308446
-0.0160990000000000,0.0159996977571378
78640.0133809999970254,-49494.4542860823712545
66451.3294400000013411,-29542.9865692904713796
53046.5880830000023707,-16942.1114407740024035
40699.8071179999969900,-9106.6969589802611154
30712.7499319999988074,-4760.0111638646849315
22868.1136699999988195,-2411.6603086151662865
16828.5122039999987464,-1175.4703621027965710
12227.5738650000002963,-520.3335165389835311
8806.7582280000005994,-212.3002188879054302
6287.1608150000001842,-78.3777770559818237
4444.8778039999997418,-24.6656148363135799
3109.0178019999998469,-6.1939669267176214
2148.2102180000001681,-1.3710555873949488
1462.9187019999999393,-0.7674115726126729
978.5647549999999910,-0.9052091813425704
639.6738749999999527,-0.8604911727330773
405.2491430000000037,-0.6105474977797485
245.1887930000000040,-0.3180090206080024
137.5694949999999892,-0.1073994574242079
66.5416029999999949,-0.0043400295620444
20.7683099999999996,0.0135299370024669
-7.7922089999999997,-0.0018397035118589
-24.7688759999999988,-0.0154323477531584
-34.0626469999999983,-0.0103382019818170
-38.3385469999999984,0.0041021688146259
-39.4114310000000003,0.0175024632916276
-38.5055959999999970,0.0206220042038012
-36.4420160000000024,0.0103494867396421
-33.7698790000000031,-0.0068354891445068
-30.8491570000000017,-0.0216939922536632
-27.9063049999999997,-0.0285503262070321
-25.0790879999999987,-0.0232426698710526
-22.4403320000000015,-0.0087109973496418
-20.0226560000000013,0.0097269052730304
-17.8324759999999998,0.0248166290278604
-15.8642240000000001,0.0324542606200851
-14.1056760000000008,0.0309152967380903
-12.5414969999999997,0.0203676631428866
-11.1596799999999998,0.0066816970639980
-9.9428330000000003,-0.0089639659087659
-8.8785840000000000,-0.0207214041970722
-7.9525920000000001,-0.0256810167582584
-7.1443349999999999,-0.0284205643141346
-6.4446399999999997,-0.0236281574906787
-5.8338029999999996,-0.0180171362455246
-5.3039170000000002,-0.0079593020368263
-4.8383659999999997,0.0000916473238126
-4.4298000000000002,0.0076815683359319
-4.0684180000000003,0.0127560584612221
-3.7489210000000002,0.0167328326629397
-3.4652240000000001,0.0193298776404895
-2.9828769999999998,0.0173246506992499
-2.5960459999999999,0.0135106765652804
-2.2818529999999999,0.0085902079818108
-2.0247199999999999,0.0042640097284861
-1.8107940000000000,-0.0006400227546930
-1.6330670000000000,-0.0037716661213247
-1.4838960000000001,-0.0058025733289988
-1.3589260000000001,-0.0058274342825688
-1.2515160000000001,-0.0064560736104498
-1.1583070000000000,-0.0079051403556238
-1.0792930000000001,-0.0076883026593397
-1.0095780000000001,-0.0086920862053501
-0.9508799999999999,-0.0075546225079892
-0.8982540000000000,-0.0078598032677362
-0.8525480000000000,-0.0076219762343716
-0.7589790000000000,-0.0083052160928710
-0.6879820000000000,-0.0093041379803954
-0.6312430000000000,-0.0113784730169805
-0.5842860000000000,-0.0140003530540211
-0.5481000000000000,-0.0128913595958922
-0.5144940000000000,-0.0140979199851760
-0.4856680000000000,-0.0140301332852086
-0.4621430000000000,-0.0112678519281538
-0.4396700000000000,-0.0094762737846872
-0.4196720000000000,-0.0068493379582828
-0.4013130000000000,-0.0039669454245466
-0.3850920000000000,-0.0001540307379560
-0.3575870000000000,0.0092567984025330
-0.3313490000000000,0.0162610624438321
-0.3088750000000000,0.0238064380697806
-0.2909580000000000,0.0330301245799264
-0.2723830000000000,0.0390049314808321
-0.2578280000000000,0.0466605303407985
-0.2442270000000000,0.0531554121199169
-0.2317270000000000,0.0588385133219254
-0.2198960000000000,0.0634601147780689
-0.2091950000000000,0.0676459894157137
-0.0783800000000000,0.0667609514544409
-0.0142370000000000,0.0141587114667202
78945.0963619999965886,-19386.5859778933809139
66204.8274499999970431,-9338.6260281867143931
54198.1827249999987544,-4916.4882895519549493
42392.1116170000022976,-2038.3414298617644818
32336.2635499999996682,-514.9109245681902394
24280.8573470000010275,138.4295775404971209
18003.2007510000003094,347.6550713641954644
13176.8732540000000881,381.6779534013276134
9557.8954840000005788,316.4964810257733916
6872.8791190000001734,226.6929542231255255
4895.7184189999998125,147.8706538177566472
3451.9411070000001018,88.9215304280396595
2406.0349390000001222,49.3799940275321205
1654.4947839999999815,25.1830602322588675
1119.1654020000000855,11.6334734761917389
741.4991059999999834,4.7366178026105672
477.9059260000000222,1.6155164507839572
296.1650569999999902,0.4118288153750314
172.6217330000000061,0.0569039408321430
90.0594229999999953,-0.0012954581909810
36.0478719999999981,0.0030260065645180
1.6949810000000001,0.0034897344477478
-19.2852220000000010,-0.0060274813473669
-31.2987560000000009,-0.0083785984389415
-37.3860979999999969,-0.0030297435287352
-39.6359070000000031,0.0086852531655879
-39.4612109999999987,0.0147916193956732
-37.8221279999999993,0.0132474201544994
-35.3577689999999976,0.0013078735481713
-32.4973910000000004,-0.0132844430895744
-29.5202269999999984,-0.0222251164157434
-26.5970939999999985,-0.0234886716901386
-23.8311239999999991,-0.0140948527767364
-21.2730880000000013,0.0021621210206639
-18.9385300000000001,0.0160599878383465
-16.8340789999999991,0.0285087830203175
-14.9448120000000007,0.0306406370167380
-13.2591230000000007,0.0238003165993934
-11.7641639999999992,0.0117508810956348
-10.4463469999999994,-0.0009364103911462
-9.2875840000000007,-0.0139896614582771
-8.2739490000000000,-0.0236043972661637
-7.3915990000000003,-0.0270049188834687
-6.6226339999999997,-0.0268354546571601
-5.9540879999999996,-0.0222688743715835
-5.3725779999999999,-0.0143604301175424
-4.8655920000000004,-0.0047025660295601
-4.4210200000000004,0.0041981571519418
-4.0287129999999998,0.0105902380650509
-3.6824270000000001,0.0155384154181135
-3.3761580000000002,0.0193756720808347
-2.8597899999999998,0.0209922605475552
-2.4469210000000001,0.0180879974048658
-2.1143090000000000,0.0135446737490956
-1.8442110000000000,0.0088804323950089
-1.6219840000000001,0.0036683114468412
-1.4385930000000000,-0.0005860608450248
-1.2865040000000001,-0.0035393591105126
-1.1581470000000000,-0.0068109123815967
-1.0490630000000001,-0.0103056737007750
-0.9587730000000000,-0.0109669671802106
-0.8819920000000000,-0.0112938602966434
-0.8175590000000000,-0.0102206358242881
-0.7596500000000000,-0.0117682996828824
-0.7097210000000000,-0.0130045591210491
-0.6664949999999999,-0.0139865572762544
-0.5815180000000000,-0.0153062629084252
-0.5191810000000000,-0.0165138294052255
-0.4732690000000000,-0.0161159715693190
-0.4376730000000000,-0.0152056864421563
-0.4088130000000000,-0.0141112037703000
-0.3838930000000000,-0.0135325563763296
-0.3639800000000000,-0.0110580644735912
-0.3460310000000000,-0.0088695504036008
-0.3314100000000000,-0.0050500650813519
-0.3182310000000000,-0.0011276182178869
-0.3050200000000000,0.0016591643913132
-0.2948810000000000,0.0065727841935735
-0.2750140000000000,0.0143865179602393
-0.2577150000000000,0.0219799290013941
-0.2443020000000000,0.0310334546817518
-0.2308020000000000,0.0378409381310983
-0.2181540000000000,0.0435601402780170
-0.2085880000000000,0.0506106101313750
-0.1988730000000000,0.0559297600874553
-0.1893370000000000,0.0599968336756839
-0.1804910000000000,0.0634592609360232
-0.1732030000000000,0.0673083339638070
-0.0698490000000000,0.0611566382032764
-0.0115180000000000,0.0114594313269168
88033.0641849999956321,-140573.6129567418829538
74380.2346749999996973,-79936.6388787031028187
61718.6249539999989793,-45684.5926670223343535
49584.3580559999973048,-25717.9407660853103152
38744.0345660000020871,-14068.2588426044640073
29713.3690370000003895,-7457.2467442059496534
22457.5454260000005888,-3793.6570911370581598
16759.0343180000018037,-1809.6095245951837569
12400.2535079999997834,-804.1323324562981725
9102.3298749999994470,-322.4102531391472439
6626.0569919999998092,-106.4312026174138737
4781.7507569999997941,-20.1043496853826582
3418.3012060000000929,7.6606790279724919
2417.5586450000000696,12.0800628901438358
1688.5059289999999237,9.1691616830355542
1161.6417739999999412,5.3295525835776516
784.2541830000000118,2.5273266588209253
516.5849339999999756,0.9554688560087925
328.8363489999999842,0.2574873918201774
198.8258899999999869,0.0333808290507420
110.1626389999999986,-0.0026691663926925
50.8166820000000001,0.0056924904440550
12.0432229999999993,0.0042120656021218
-12.4645170000000007,-0.0053055880370891
-27.2011919999999989,-0.0104822878845461
-35.3329730000000026,-0.0078746917883876
-39.0762519999999967,0.0037937561267469
-39.9603120000000018,0.0144056221283151
-39.0394310000000004,0.0176097543868465
-37.0351720000000029,0.0115590842796323
-34.4384099999999975,-0.0001322105318877
-31.5736969999999992,-0.0157768125416204
-28.6618989999999982,-0.0236607048074191
-25.8323259999999983,-0.0255504885729714
-23.1673749999999998,-0.0170007926710483
-20.7043709999999983,-0.0029075291291569
-18.4583590000000015,0.0132117666544218
-16.4272330000000011,0.0260104581479226
-14.5991210000000002,0.0299761584566198
-12.9645569999999992,0.0277063409956710
-11.5086060000000003,0.0194076509411634
-10.2160430000000009,0.0063312574536578
-9.0770870000000006,-0.0046267031332743
-8.0729629999999997,-0.0160766494784959
-7.1943739999999998,-0.0220897383663914
-6.4246489999999996,-0.0252812686628099
-5.7525870000000001,-0.0240677922690775
-5.1650929999999997,-0.0200467766655192
-4.6526860000000001,-0.0124499117124275
-4.2034690000000001,-0.0041015155602935
-3.8078069999999999,0.0033492667974326
-3.1498360000000001,0.0153452934121474
-2.6300080000000001,0.0206583780101783
-2.2136459999999998,0.0192402555547830
-1.8827879999999999,0.0190932833151931
-1.6133690000000001,0.0155678151008691
-1.3924240000000001,0.0102262108120914
-1.2118000000000000,0.0058247777405256
-1.0629150000000001,0.0020251077992375
-0.9385120000000000,-0.0021478726666129
-0.8355050000000001,-0.0049447214560442
-0.7471480000000000,-0.0093480419417201
-0.6749240000000000,-0.0109122750946810
-0.6127560000000000,-0.0133562939322706
-0.5591710000000000,-0.0162567197070717
-0.5144069999999999,-0.0178365952398248
-0.4263330000000000,-0.0230429864175203
-0.3688920000000000,-0.0228394922855370
-0.3278140000000000,-0.0224610102249503
-0.2980510000000000,-0.0212193771242289
-0.2748540000000000,-0.0202127813993041
-0.2587530000000000,-0.0165917982731482
-0.2459110000000000,-0.0127239286228138
-0.2343600000000000,-0.0096477120666657
-0.2258240000000000,-0.0050507465114656
-0.2178550000000000,-0.0010067727242202
-0.2116840000000000,0.0039556468611022
-0.2055380000000000,0.0082205852826958
-0.1957890000000000,0.0175145116821177
-0.1878980000000000,0.0266867583107591
-0.1787490000000000,0.0329152568300801
-0.1724200000000000,0.0404775195705737
-0.1669720000000000,0.0475904218602597
-0.1587630000000000,0.0507438903915298
-0.1531300000000000,0.0553909336244523
-0.1492640000000000,0.0608262805521182
-0.1428970000000000,0.0628753324253938
-0.1383830000000000,0.0659764340911015
-0.0610110000000000,0.0550675090023325
-0.0088390000000000,0.0087989530726682
106681.5735200000053737,-758400.0904549023834988
91882.2054990000033285,-455512.7019647265551612
77673.9945270000025630,-272099.3283746957895346
63991.6438320000015665,-161161.6047003935673274
51483.1054520000034245,-94373.8260454595583724
40684.0330790000007255,-54543.8510044387949165
31719.8521970000001602,-31065.7324964461331547
24444.8980259999989357,-17382.3957563303629286
18677.6636990000006335,-9544.6300227875199198
14148.4964369999997871,-5115.7411698349678773
10643.9403039999997418,-2671.7475775144339423
7957.3367299999999886,-1357.7075989300919900
5907.4755059999997684,-667.6089039060279902
4352.8720290000001114,-315.9397204632546163
3181.0949350000000777,-143.1151643063303709
2303.3131880000000820,-61.7398936539998431
1649.9618820000000596,-25.2811752743039051
1166.9841149999999743,-9.8383954873199855
812.6429259999999886,-3.6894899837786852
554.8400779999999486,-1.3741517139968664
369.0244040000000041,-0.5280826626015482
236.4998050000000092,-0.2027093343589002
143.1285809999999969,-0.0644461049874394
78.2850049999999982,-0.0056745912381615
34.0414820000000020,0.0124049148585215
4.5389350000000004,0.0057898399296477
-14.5225469999999994,-0.0092753703582726
-26.2728770000000011,-0.0161538512848018
-32.9625739999999965,-0.0097784579731197
-36.1913120000000035,0.0013475604615820
-37.1007770000000008,0.0150322877890048
-36.4899220000000000,0.0224179287094586
-34.9215390000000028,0.0203821154473403
-32.7885169999999988,0.0091546642201266
-30.3653930000000010,-0.0058666543941932
-27.8370910000000009,-0.0212421800645970
-25.3301450000000017,-0.0300312698173180
-22.9219800000000014,-0.0309607992087209
-20.6583180000000013,-0.0241952596121919
-18.5636299999999999,-0.0102712316054685
-16.6457970000000017,0.0078942122911414
-14.9001819999999991,0.0243511686265361
-13.3159679999999998,0.0331216092666278
-11.8880780000000001,0.0377802971969849
-10.6011170000000003,0.0337679210904369
-9.4469320000000003,0.0248292278309208
-8.4132580000000008,0.0108986414667473
-7.4927250000000001,-0.0033959366022875
-6.6747959999999997,-0.0171160167350140
-5.9502940000000004,-0.0286779158871928
-5.3114439999999998,-0.0359133827870730
-4.2524730000000002,-0.0401487299245478
-3.4343279999999998,-0.0307926375366723
-2.7994800000000000,-0.0152337969819754
-2.3039160000000001,0.0019934872708829
-1.9103930000000000,0.0143780940569023
-1.5955729999999999,0.0223355617599879
-1.3400380000000001,0.0247377340859432
-1.1330009999999999,0.0248638666854701
-0.9642050000000000,0.0232853744009863
-0.8232330000000000,0.0179435978356599
-0.7068690000000000,0.0121003609142949
-0.6110740000000000,0.0067623292591895
-0.5301820000000000,0.0002159207624370
-0.4612190000000000,-0.0073983031702899
-0.4052630000000000,-0.0125332814753791
-0.3013090000000000,-0.0235140481409750
-0.2333720000000000,-0.0313733109029190
-0.1899630000000000,-0.0348273553202250
-0.1634500000000000,-0.0338275051938203
-0.1463790000000000,-0.0311514236866237
-0.1344520000000000,-0.0282300120865519
-0.1284850000000000,-0.0224827497196336
-0.1244350000000000,-0.0168640374885291
-0.1212480000000000,-0.0117545932006853
-0.1187090000000000,-0.0069514194432105
-0.1184210000000000,-0.0005903716759206
-0.1171350000000000,0.0042443632656438
-0.1164690000000000,0.0146211076092565
-0.1168920000000000,0.0248467756277997
-0.1165330000000000,0.0332877722979052
-0.1159420000000000,0.0406336030151658
-0.1129650000000000,0.0448286658584129
-0.1122430000000000,0.0505927272423001
-0.1113790000000000,0.0555962740309257
-0.1098690000000000,0.0593949773453814
-0.1071010000000000,0.0614303168683666
-0.1039760000000000,0.0626514942282717
-0.0521720000000000,0.0487798800945823
-0.0075380000000000,0.0075151440758628
134674.0991429999994580,1760476.6979996145237237
118480.4394210000027670,1180591.9556539834011346
102723.9155389999941690,787773.1644644294865429
87370.9195080000063172,523221.7839239533059299
72893.4125499999936437,346016.9206396563095041
59842.5687160000015865,227825.9033309687511064
48547.5757930000036140,149257.6064099198847543
39015.7865799999999581,97238.3286392751178937
31150.9504809999998542,62916.0696088882905315
24734.7187989999983984,40386.3842816041433252
19534.8463469999987865,25695.2062401478760876
15339.7942050000001473,16193.5773322509830905
11958.7308799999991606,10118.6432475385336147
9279.7195150000006834,6248.3054145142468769
7169.8387380000003759,3804.5234642686118605
5512.7967600000001767,2281.2860750114441544
4217.6437349999996513,1344.0881442706167945
3210.2245299999999588,775.8317625348931870
2430.1160079999999653,437.1817555229918071
1828.6531729999999243,239.4477335944222887
1366.9721250000000055,126.7355834808931832
1014.1508939999999939,64.3276379601553572
745.7522450000000163,30.9666765783842948
542.5166629999999941,13.9176894223106729
389.3825130000000172,5.6921225155680304
274.5999380000000087,2.0298771578270021
189.0641329999999982,0.5798749405299475
125.7491509999999977,0.1037815124211363
79.2461669999999998,-0.0005883243334921
45.4163390000000007,-0.0015826648752295
21.0992129999999989,0.0056447592850937
3.8900370000000000,0.0046544740396182
-8.0215549999999993,-0.0052205369840248
-16.0094309999999993,-0.0109897446392644
-21.1045140000000018,-0.0077202207865987
-24.0761080000000014,-0.0010882951800184
-25.5109679999999983,0.0100385421137368
-25.8421139999999987,0.0166578526332870
-25.3997409999999988,0.0162722695559268
-24.4346829999999997,0.0104782874537861
-23.1305070000000015,-0.0026129562807427
-21.6324690000000004,-0.0144625626786912
-20.0408560000000016,-0.0243141050477682
-18.4320160000000008,-0.0270616278964759
-16.8558920000000008,-0.0225805636727294
-15.3459090000000007,-0.0111390839917505
-13.9212810000000005,0.0048231128264611
-12.5879180000000002,0.0184575180476543
-11.3525670000000005,0.0302359012147999
-10.2125699999999995,0.0358664376399442
-9.1654820000000008,0.0345132905527894
-7.3388580000000001,0.0162754954530007
-5.8382290000000001,-0.0150642705174757
-4.6341279999999996,-0.0377517743787914
-3.6839430000000002,-0.0444446405747403
-2.9429509999999999,-0.0351161888907225
-2.3649200000000001,-0.0178114889504903
-1.9121830000000000,0.0014111905786887
-1.5527420000000001,0.0161987531851040
-1.2637689999999999,0.0242528929831365
-1.0314810000000001,0.0280804271014825
-0.8421440000000000,0.0268003222082435
-0.6862850000000000,0.0210477590500453
-0.5612810000000000,0.0161373994726810
-0.4579580000000000,0.0091273715889187
-0.3744210000000000,0.0030196738227852
-0.2222620000000000,-0.0148527855352165
-0.1299980000000000,-0.0276851672167745
-0.0733270000000000,-0.0366535557464978
-0.0411870000000000,-0.0396713785149464
-0.0250850000000000,-0.0376466095832954
-0.0178700000000000,-0.0333010191172621
-0.0145920000000000,-0.0289728333010155
-0.0164520000000000,-0.0219091333449017
-0.0188470000000000,-0.0157851538048850
-0.0227940000000000,-0.0090264666390438
-0.0263600000000000,-0.0032296347027402
-0.0317680000000000,0.0040323352966452
-0.0403740000000000,0.0156650604907601
-0.0470660000000000,0.0248506107970395
-0.0555380000000000,0.0354889238101281
-0.0608800000000000,0.0427580485237544
-0.0637260000000000,0.0473356412522021
-0.0682090000000000,0.0533809869858949
-0.0688900000000000,0.0554740141635603
-0.0714510000000000,0.0593120653677523
-0.0717820000000000,0.0607983669768560
-0.0715600000000000,0.0616216454002630
-0.0447150000000000,0.0438992128501378
-0.0044900000000000,0.0044845032694217
172760.6794280000030994,435131834.7373009324073792
153788.3713289999868721,281852785.7341201305389404
134662.8680110000132117,182177074.1213004291057587
116839.2757459999993443,117480600.1765863448381424
101321.0866059999971185,75572102.0295805782079697
88087.2682340000028489,48483429.4629357084631920
76120.4427149999974063,31015222.8038445189595222
64738.7299399999974412,19779769.5029769763350487
54911.2945749999998952,12572237.9560984708368778
46416.5848859999969136,7962143.8574962513521314
39048.8801830000011250,5022797.8643068727105856
32675.2105870000013965,3155151.0803288603201509
27197.1557260000008682,1972879.6439630542881787
22527.5343079999984184,1227493.1295788551215082
18568.4145859999989625,759622.0720912158722058
15237.3337940000001254,467349.5072927424334921
12487.0180880000007164,285689.2469334864290431
10219.2354410000007192,173417.8691405758436304
8353.2499569999999949,104458.4351260674593505
6820.5096409999996467,62387.6002918770536780
5562.5156079999997019,36911.1924822420696728
4530.1904800000002069,21609.8857371555859572
3682.8569290000000365,12503.1899677292658453
2987.0380829999999150,7138.2147710316457960
2415.4666170000000420,4013.6293286033642289
1945.9926319999999578,2217.4316843064120803
1560.6514150000000427,1200.2142709380248107
1244.8276760000001104,634.0890480118428059
986.6079009999999698,325.3902110393415796
776.1707599999999729,161.1292527557611720
605.3774180000000342,76.2907954471962739
467.4351459999999747,34.0763303425769664
356.6482740000000149,14.0638444810841747
268.2424169999999890,5.1757006465520021
198.2037009999999952,1.5835957136337697
143.1669400000000110,0.3327865709439095
100.3110750000000024,0.0068648606991530
67.2812579999999940,-0.0205880340891440
42.1258740000000032,0.0052380624409096
23.2292890000000014,0.0178484492558368
9.2756290000000003,0.0092358547224372
-0.8097080000000000,-0.0053031853300475
-7.8918410000000003,-0.0146395597612807
-12.6646900000000002,-0.0139038624562691
-15.6782550000000001,-0.0069919009036337
-17.3715380000000010,0.0028555421599883
-18.0907330000000002,0.0118393782871848
-18.1031119999999994,0.0130869121759467
-17.6244270000000007,0.0100854437362123
-16.8189409999999988,0.0048453347514474
-15.8066399999999998,-0.0048928671124902
-13.5228190000000001,-0.0142012912842890
-11.2419700000000002,-0.0087761306151304
-9.1715839999999993,0.0005947658698382
-7.3837760000000001,0.0040212781305744
-5.8904889999999996,0.0032820615575933
-4.6663470000000000,-0.0029900478607638
-3.6814010000000001,-0.0075102078994242
-2.9001440000000001,-0.0062582277460481
-2.2830200000000000,-0.0021471686439649
-1.8003389999999999,0.0068672647054628
-1.4157880000000000,0.0108992157393188
-1.1101880000000000,0.0122545355680546
-0.8680160000000000,0.0126153017888559
-0.6740910000000000,0.0104489954568632
-0.5182390000000000,0.0063474098314091
-0.2495700000000000,-0.0068037765279551
-0.0943370000000000,-0.0186318141317268
-0.0021830000000000,-0.0301704212653834
0.0495500000000000,-0.0368196050646138
0.0762650000000000,-0.0387433991999385
0.0872610000000000,-0.0366203528506744
0.0885820000000000,-0.0315647929067361
0.0848700000000000,-0.0253728188613000
0.0772630000000000,-0.0175264945597216
0.0674750000000000,-0.0087703455177212
0.0602740000000000,-0.0033023845113549
0.0505830000000000,0.0042901704794485
0.0306830000000000,0.0196057752256709
0.0151940000000000,0.0305418551180199
0.0023380000000000,0.0391307066259330
-0.0102290000000000,0.0477826872027493
-0.0178190000000000,0.0518104571494757
-0.0260100000000000,0.0567709594808286
-0.0327260000000000,0.0605612175440929
-0.0364280000000000,0.0616149165036368
-0.0402550000000000,0.0630452741862179
-0.0444840000000000,0.0651055699799033
-0.0380520000000000,0.0397447258804798
-0.0039670000000000,0.0039784054972667
249813.2543810000061058,27657990582.1777725219726562
232748.0195930000045337,18061403076.4284858703613281
210748.5903769999858923,11776773766.5456428527832031
184697.4491109999944456,7666609050.3305253982543945
157958.2747519999975339,4982387071.2607908248901367
134264.8593380000093020,3232066309.4735031127929688
115790.6812360000039916,2092566515.7944948673248291
102630.9008109999995213,1352003390.4847276210784912
93437.7577840000012657,871594616.4205003976821899
86149.9922139999980573,560562114.8291789293289185
78967.1156270000064978,359612788.5545093417167664
71292.9294870000012452,230077074.6682102084159851
63528.3445609999980661,146776552.8047673404216766
56181.0278539999999339,93346120.9668406695127487
49548.9171710000009625,59169160.7813474684953690
43721.2937989999991260,37372202.0713743716478348
38628.7302290000006906,23514813.1860488504171371
34127.8192389999967418,14734998.0430664792656898
30148.3148949999995239,9192593.6549383364617825
26595.2986889999992854,5707652.8111506337299943
23406.0142269999996643,3525708.0499320579692721
20536.0592440000000352,2165838.1904126126319170
17944.7540300000000570,1322518.3622701608110219
15595.4242539999995643,802351.2513454426079988
13483.7840510000005452,483365.3835564137552865
11597.9264110000003711,288979.5800366043695249
9916.3724949999996170,171337.7760707786073908
8424.4166860000004817,100673.6812465625698678
7109.5340269999996963,58573.4925412934680935
5959.1430110000001150,33714.1051357167089009
4960.2415959999998449,19177.8167192010478175
4099.5143799999996190,10768.3541884349506290
3363.5016120000000228,5960.1880884670317755
2738.8632360000001427,3246.4488067654920087
2212.6563120000000708,1736.6303933255762786
1772.6252770000000965,909.9826235921382249
1407.3758100000000013,465.5134636600676004
1106.5089029999999184,231.4539719281613088
860.6483359999999720,111.1659302444315927
661.4311910000000125,51.1312551928444918
501.4646319999999946,22.2322123013889836
374.2517579999999953,8.9564627919199324
274.1391639999999938,3.2287804095776664
196.2385390000000029,0.9718585887617337
136.3622479999999939,0.2030740934449682
90.9609080000000034,0.0041356200592872
57.0494660000000025,-0.0123295355722277
32.1578689999999980,0.0037927570373739
14.2607789999999994,0.0094207464932463
1.7157530000000001,0.0042612649677825
-6.7870580000000000,-0.0047971938435651
-15.5733540000000001,-0.0111754407708027
-17.8705770000000008,-0.0035989178955091
-17.0370999999999988,0.0078249374673511
-14.9196779999999993,0.0104404709708401
-12.4743340000000007,0.0040857349637680
-10.1528240000000007,-0.0040273277211220
-8.1339780000000008,-0.0070182261430265
-6.4545890000000004,-0.0053751716901012
-5.0901610000000002,-0.0013316011053677
-3.9891700000000001,-0.0029654816760183
-3.1116269999999999,-0.0036613114895081
-2.4163640000000002,-0.0022511607942195
-1.8685989999999999,0.0022702260431713
-1.4365520000000001,0.0073465556705536
-1.0943769999999999,0.0106138109861178
-0.5215600000000000,0.0141608666442964
-0.2058460000000000,0.0123642691282426
-0.0267970000000000,0.0007399152887608
0.0765600000000000,-0.0158835763962641
0.1327640000000000,-0.0291400130139380
0.1601940000000000,-0.0370452944007965
0.1681860000000000,-0.0378765221954744
0.1674310000000000,-0.0363946324796427
0.1586340000000000,-0.0301524582467686
0.1484800000000000,-0.0241679362321525
0.1349600000000000,-0.0155526049991873
0.1213080000000000,-0.0070772906867233
0.0964910000000000,0.0074254228425644
0.0725400000000000,0.0216718702392104
0.0525620000000000,0.0327476424822830
0.0360650000000000,0.0411485665900709
0.0210370000000000,0.0488366592643951
0.0101810000000000,0.0530461677300361
0.0010190000000000,0.0561923498190600
-0.0078590000000000,0.0596263509664837
-0.0139390000000000,0.0607801757266065
-0.0203990000000000,0.0627826997040251
-0.0322160000000000,0.0356950688053852
-0.0014910000000000,0.0015144417812169
476609.8618830000050366,147623634219.8526000976562500
537576.9038820000132546,95602347408.9953460693359375
562807.3084660000167787,61774409227.5595626831054688
528182.7565869999816641,39819694384.5505371093750000
445401.3508099999744445,25600592679.4591979980468750
349350.7172889999928884,16412260956.6655731201171875
268316.1243479999830015,10489262396.4829330444335938
212542.3572660000063479,6681253833.0531616210937500
179658.0366940000094473,4240041585.1097240447998047
162106.0129770000057761,2679943360.6788258552551270
151584.9181209999951534,1686347649.3511865139007568
141787.1762129999988247,1055921746.0860738754272461
130862.5306649999984074,657574806.5539886951446533
119909.6937969999999041,407017894.0769965648651123
110006.5090880000061588,250215101.4938624501228333
101603.1832290000020294,152636887.8622194826602936
94890.4024820000049658,92296227.0492968261241913
95886.1439320000063162,55241064.8246871456503868
89972.4002630000031786,32678165.6836818568408489
85384.4027400000049965,19063082.5272178128361702
81757.0729299999948125,10934911.0569095220416784
78413.7585370000015246,6143276.6766683673486114
74668.5714310000039404,3361118.3204723256640136
70231.5832470000023022,1775496.1122248698957264
65139.2794480000011390,892707.0088133652461693
59521.9742760000008275,416043.7281555569497868
53583.6984519999969052,169304.1680150461033918
47588.3030230000003939,49310.3041918208036805
41797.3260939999963739,-3300.0824176896858262
36408.7772830000030808,-21901.0583965025216457
31567.3825360000009823,-24715.7195579187246040
27281.2215250000008382,-21210.5440736372256652
23505.6178230000004987,-16001.4685354535213264
20178.9436209999985294,-11106.8153719192905555
17239.3432199999988370,-7222.6401063410776260
14632.2376370000001771,-4424.7980498384476959
12313.5034950000008394,-2540.7381874846432765
10269.0600790000007692,-1353.7053218376513541
8483.3503550000004907,-655.1611086025714030
6933.6148519999997006,-270.2976815883766903
5602.1335460000000239,-75.7543531221244848
4472.0767089999999371,10.2079770282352911
3525.5099479999998948,38.9857299929121837
2743.3563140000001113,40.9669843585038507
2105.9587540000002264,32.8077043544662956
1593.7788069999999152,22.7252258145995256
1188.0165540000000419,14.1370008648652856
871.1313559999999825,7.9703334625410207
627.2084499999999707,4.0402058888721513
442.1798860000000104,1.7957047518675608
303.9312499999999773,0.6545016707648870
128.7114909999999952,0.0007028137993359
40.2462670000000031,-0.0047749089025757
-0.4061760000000000,0.0104498836269535
-16.3652400000000000,-0.0054367230513179
-20.5080530000000003,-0.0053289946649500
-19.5456949999999985,0.0006343235470361
-16.7752400000000002,0.0020172848046833
-13.6977460000000004,0.0012481049022579
-10.9135390000000001,0.0049650964305421
-8.5873899999999992,0.0058115787332618
-6.7094699999999996,-0.0013673576583848
-5.2250860000000001,-0.0059119288541591
-4.0594239999999999,-0.0069439145161967
-3.1419169999999998,-0.0076933708269800
-2.4216380000000002,-0.0047724069556119
-1.2216250000000000,0.0088663114294607
-0.5573310000000000,0.0182229498440204
-0.1924260000000000,0.0199484246056697
0.0114330000000000,0.0087329196550666
0.1242160000000000,-0.0077785629225250
0.1869410000000000,-0.0260332570965734
0.2150140000000000,-0.0366210552641811
0.2214430000000000,-0.0391770670900202
0.2185110000000000,-0.0389878273353123
0.2076270000000000,-0.0338946747776546
0.1930400000000000,-0.0263684937085140
0.1769610000000000,-0.0177536850376367
0.1453870000000000,-0.0008956399874745
0.1169410000000000,0.0138880899313756
0.0909500000000000,0.0274447449918959
0.0704380000000000,0.0366919713369213
0.0519750000000000,0.0449600755096968
0.0374660000000000,0.0502442422141885
0.0251260000000000,0.0542373770915255
0.0151220000000000,0.0566888949686679
0.0071110000000000,0.0578661611988282
-0.0009480000000000,0.0597417576082287
-0.0280070000000000,0.0328330849751983
-0.0008370000000000,0.0008695179047760
1033492.8309700000099838,-1440591277290.5046386718750000
1595456.7930769999511540,-956444263074.0377197265625000
2239430.7610869999043643,-634569763834.9603271484375000
2437996.9605700001120567,-420701192751.5519409179687500
1938274.7288840000983328,-278684871029.1621093750000000
1276049.1840530000627041,-184444796338.2318725585937500
800061.1576339999446645,-121954462825.8685150146484375
524179.7852249999996275,-80550447738.4179229736328125
381978.7820799999753945,-53141410807.7808685302734375
317196.8658319999813102,-35014144138.7512130737304688
295419.4800980000291020,-23037932587.3331489562988281
302278.1844949999940582,-15134575574.9773921966552734
338347.2105030000093393,-9925518129.8496513366699219
397312.2158260000287555,-6496995371.7642822265625000
463003.4311740000266582,-4243822562.3949608802795410
515696.1765550000127405,-2765550548.4253849983215332
521916.3876109999837354,-1797452187.7377958297729492
474324.0923670000047423,-1164741672.9814465045928955
396497.6939279999933206,-752173465.8507920503616333
319978.6275889999815263,-483857269.7180050611495972
263169.4636440000031143,-309878166.0843716263771057
229103.5797880000027362,-197450991.8023876249790192
211831.4628699999884702,-125078039.4100427031517029
202953.8642969999928027,-78691516.9434829056262970
195691.6377250000077765,-49107640.6171370446681976
189646.4187220000021625,-30350727.8474007695913315
185493.4960429999919143,-18541708.5758878067135811
180837.0308319999894593,-11167026.4648782294243574
172515.4403499999898486,-6604017.5791361499577761
159264.7996029999922030,-3811269.2513357615098357
142735.2696949999954086,-2125560.3405006118118763
126266.3134730000019772,-1127595.8859893209300935
112801.2613069999933941,-553419.7359444866888225
103668.4588559999974677,-237120.9356671439018101
98339.0649200000043493,-74364.6564244267356116
94981.6520599999930710,366.4553429225779837
91132.6702220000006491,28037.5114301211724523
84670.1516720000072382,33606.4773112489056075
75602.0352290000009816,30265.3148651344527025
65301.2420910000000731,23996.4518217914810521
54826.7485670000023674,17615.1689848062233068
44891.5126529999979539,12259.2064908068496152
35942.8425609999976587,8195.2567813017667504
28192.5237549999983457,5319.2323027750935580
21724.4586190000009083,3358.6352931772489683
16475.9845840000016324,2066.7322503718569351
12311.3726370000003953,1243.7776112962219486
9072.9267820000004576,733.1767298693921475
6599.2356900000004316,423.4308434051108634
4738.9985850000002756,239.7350089134961308
3359.7236109999998916,133.1909749917740555
1621.3261930000001030,38.6776434269550009
733.7759829999999965,9.7593088457939530
301.9776959999999804,1.6608582517099535
102.8769419999999997,0.0023959758637204
17.6789640000000006,-0.0171482556467311
-14.2337830000000007,0.0399393568435951
-22.8494950000000010,-0.0211161073968604
-22.3890500000000010,-0.0308717738576370
-19.0428970000000000,0.0087142282169133
-15.2518750000000001,0.0262985745036453
-11.8860949999999992,0.0177194513326793
-9.1593260000000001,-0.0006054783667810
-7.0332049999999997,-0.0183785686797666
-5.4104409999999996,-0.0186111181200728
-4.1724940000000004,-0.0072823133310909
-2.1488350000000001,0.0039497236288875
-1.0507830000000000,0.0156909723281724
-0.4490930000000000,0.0237745620483661
-0.1102680000000000,0.0135134061396518
0.0732880000000000,0.0005778821338847
0.1745510000000000,-0.0168183733035933
0.2273130000000000,-0.0320336184363803
0.2486300000000000,-0.0398323552398823
0.2510240000000000,-0.0408066570625328
0.2432980000000000,-0.0375361584776381
0.2305180000000000,-0.0319085397301064
0.2131270000000000,-0.0227728317956996
0.1780530000000000,-0.0047827237935135
0.1461710000000000,0.0108692094748224
0.1175850000000000,0.0245780907647493
0.0935570000000000,0.0350958243885030
0.0730230000000000,0.0433921889472289
0.0545150000000000,0.0508234427032364
0.0409930000000000,0.0543216887469495
0.0295270000000000,0.0567174733567399
0.0185610000000000,0.0594762878605710
0.0104250000000000,0.0601860797804517
-0.0248930000000000,0.0306891115711851
0.0002090000000000,-0.0001699461074326
1550052.1595600000582635,241735633151.2657165527343750
3193497.5578859997913241,172281986026.0973205566406250
8274021.1220110002905130,62480993138.0745162963867188
3038380.1690059998072684,44590189451.3557586669921875
1484133.8494700000155717,31830820026.4582176208496094
837935.4260800000047311,22729203040.0657844543457031
558049.1513440000126138,16234805526.9897518157958984
440042.3644010000280105,8289627225.9194669723510742
545955.2943509999895468,5925735528.2469482421875000
808248.8441129999700934,4236753544.2278561592102051
1416112.2503410000354052,3029350015.5832538604736328
2861492.6267969999462366,2165260099.1394906044006348
7455895.2040659999474883,1543862701.0323200225830078
3413155.9602540000341833,565399066.4102811813354492
925184.4985269999597222,290621523.0582898259162903
610665.9270519999554381,208128648.8465604484081268
535364.4994220000226051,106460663.5809554010629654
733262.1060460000298917,75861333.7880165576934814
1212389.5121049999725074,53611196.9583082869648933
2323864.2741569997742772,36909301.4949565157294273
5453557.1638890001922846,22615763.0905022025108337
4297010.9628170002251863,5960810.3008440379053354
438622.2776719999965280,2221088.2795426389202476
382628.7365100000170060,1511606.5110809570178390
436546.5252019999898039,911189.2411605543456972
686087.2086480000289157,271756.0410927619086578
1652106.4163530000951141,-972205.6319346955278888
551827.8941280000144616,-310836.5433597506489605
263753.2130459999898449,-93813.6632083650911227
147966.5769079999881797,-28387.7904435041273246
91485.0364050000061980,-7544.8876607925631106
59966.0694690000018454,-1201.6565544971454074
40612.9066359999997076,401.9692973569326568
27946.8290500000002794,581.6766434137753095
19335.0581459999993967,431.1674000406601408
13367.7654679999996006,266.4719448046762409
9203.8916460000000370,152.3469120805912098
4276.6462149999997564,45.9297166997394015
1914.8239160000000538,14.4210992894959418
811.7281070000000227,4.6682725042342099
313.6297890000000166,1.0233144394867963
98.4952849999999955,0.0009212672319876
12.0631140000000006,-0.0089958638019390
-17.8539990000000017,0.0280786882611679
-24.5370489999999997,-0.0257629809821189
-22.8377550000000014,-0.0181976113248652
-18.8309099999999994,0.0202816967250925
-14.7473589999999994,0.0214018643872596
-11.3070210000000007,0.0039218549414031
-8.6169659999999997,-0.0121448711246579
-6.5778549999999996,-0.0157360855426623
-5.0446809999999997,-0.0064871904050881
-2.5976550000000000,0.0006045236778158
-1.2873980000000000,0.0056357681122707
-0.5812710000000000,0.0243303182681109
-0.1788120000000000,0.0171899739656930
0.0438070000000000,0.0029204058790970
0.1635320000000000,-0.0126253581645364
0.2273170000000000,-0.0285420350047901
0.2544370000000000,-0.0372684004718443
0.2616120000000000,-0.0409789289668318
0.2558540000000000,-0.0390377898781022
0.2423960000000000,-0.0327590188665757
0.2265270000000000,-0.0254676404396956
0.1904010000000000,-0.0073401301025775
0.1555150000000000,0.0103841622813061
0.1260480000000000,0.0241219454500277
0.1009470000000000,0.0349452925310231
0.0803930000000000,0.0425702523052979
0.0618760000000000,0.0493863553247235
0.0473380000000000,0.0533364668830944
0.0352150000000000,0.0558790486708979
0.0243700000000000,0.0580553077428167
0.0154860000000000,0.0590955029993312
-0.0242280000000000,0.0303500225419102
-0.0000000000000000,0.0000412498634146
