R	Gamma	E
1.00	0	-92.956144210269
1.00	10	-93.397426694189
1.00	20	-94.263964591454
1.00	30	-94.97488347965
1.00	40	-95.388091993987
1.00	50	-95.579653759502
1.00	60	-95.642346043683
1.00	70	-95.636850544692
1.00	80	-95.613527772117
1.00	90	-95.658833491932
1.00	100	-95.717785191506
1.00	110	-95.751417841028
1.00	120	-95.735081634011
1.00	130	-95.638340954491
1.00	140	-95.412806725152
1.00	150	-94.99501351921
1.00	160	-94.352327835087
1.00	170	-93.618707557511
1.00	180	-93.070914990677
1.10	0	-94.394022421934
1.10	10	-94.590400819144
1.10	20	-94.996700186809
1.10	30	-95.355800002607
1.10	40	-95.578231348972
1.10	50	-95.687325632726
1.10	60	-95.728982157698
1.10	70	-95.742081111477
1.10	80	-95.767874224516
1.10	90	-95.795100989096
1.10	100	-95.819195762121
1.10	110	-95.836950122243
1.10	120	-95.82419618432
1.10	130	-95.756715755164
1.10	140	-95.602131577338
1.10	150	-95.322299716714
1.10	160	-94.898607528464
1.10	170	-94.405814127104
1.10	180	-94.016115852396
1.20	0	-95.061099955495
1.20	10	-95.158024865088
1.20	20	-95.364926000482
1.20	30	-95.559684363055
1.20	40	-95.692798609753
1.20	50	-95.771043397938
1.20	60	-95.816454442043
1.20	70	-95.849391941481
1.20	80	-95.881003771656
1.20	90	-95.899573077408
1.20	100	-95.908931625357
1.20	110	-95.911969871313
1.20	120	-95.894969770239
1.20	130	-95.838046069301
1.20	140	-95.714915865038
1.20	150	-95.494625684098
1.20	160	-95.151783577389
1.20	170	-94.702678493868
1.20	180	-94.346538478605
1.30	0	-95.366328940625
1.30	10	-95.422565613463
1.30	20	-95.546813730373
1.30	30	-95.674625486425
1.30	40	-95.77591043924
1.30	50	-95.848407338245
1.30	60	-95.899801227749
1.30	70	-95.937663172209
1.30	80	-95.964123107665
1.30	90	-95.977313625672
1.30	100	-95.980616897757
1.30	110	-95.975597372215
1.30	120	-95.954429269276
1.30	130	-95.900860084184
1.30	140	-95.790359204593
1.30	150	-95.590485752365
1.30	160	-95.259524980635
1.30	170	-94.719767448006
1.30	180	-94.197992928645
1.40	0	-95.494858700837
1.40	10	-95.542952473142
1.40	20	-95.647633315918
1.40	30	-95.758097382445
1.40	40	-95.850832746148
1.40	50	-95.920779137828
1.40	60	-95.970701280539
1.40	70	-96.004631638188
1.40	80	-96.025261124285
1.40	90	-96.034629412605
1.40	100	-96.035188723326
1.40	110	-96.027137201021
1.40	120	-96.004727423567
1.40	130	-95.95411869045
1.40	140	-95.851347489378
1.40	150	-95.660036107991
1.40	160	-95.319623834916
1.40	170	-94.640281044455
1.40	180	-93.473884266853
1.50	0	-95.536383520348
1.50	10	-95.623435825004
1.50	20	-95.734658773272
1.50	30	-95.837566605075
1.50	40	-95.921391846083
1.50	50	-95.983599464396
1.50	60	-96.026593657909
1.50	70	-96.054192470188
1.50	80	-96.069896260639
1.50	90	-96.076502416224
1.50	100	-96.075815887408
1.50	110	-96.067387603366
1.50	120	-96.046331394167
1.50	130	-96.000580466046
1.50	140	-95.907407521787
1.50	150	-95.729525034089
1.50	160	-95.403874362023
1.50	170	-94.548088653786
1.50	180	-90.093509371758
1.60	0	-95.53635182763
1.60	10	-95.738949698453
1.60	20	-95.828028299847
1.60	30	-95.913565361693
1.60	40	-95.983270513217
1.60	50	-96.034428751015
1.60	60	-96.068995775469
1.60	70	-96.090471627656
1.60	80	-96.102234563447
1.60	90	-96.106856041469
1.60	100	-96.105681986687
1.60	110	-96.098053242515
1.60	120	-96.079757255154
1.60	130	-96.040417786118
1.60	140	-95.959681884261
1.60	150	-95.80353501431
1.60	160	-95.518190628746
1.60	170	-94.572683183994
1.70	0	-95.816747548831
1.70	10	-95.849014293286
1.70	20	-95.913470602053
1.70	30	-95.979257909713
1.70	40	-96.03381358596
1.70	50	-96.073819029559
1.70	60	-96.100533318476
1.70	70	-96.116816425901
1.70	80	-96.1255065716
1.70	90	-96.128714286312
1.70	100	-96.127443742934
1.70	110	-96.12102794238
1.70	120	-96.105936607502
1.70	130	-96.073508743308
1.70	140	-96.006454714065
1.70	150	-95.876039232904
1.70	160	-95.638128906017
1.70	170	-94.837209359656
1.80	0	-95.919289127582
1.80	10	-95.939127367035
1.80	20	-95.983779108503
1.80	30	-96.032216722416
1.80	40	-96.07329588681
1.80	50	-96.10357350019
1.80	60	-96.123692853563
1.80	70	-96.135811658609
1.80	80	-96.142153630914
1.80	90	-96.144364094793
1.80	100	-96.143186518882
1.80	110	-96.138030239325
1.80	120	-96.12603104794
1.80	130	-96.100174102247
1.80	140	-96.046360191227
1.80	150	-95.941412906512
1.80	160	-95.751465383357
1.80	170	-95.201665450451
1.80	180	-93.289700611054
1.90	0	-95.99508998014
1.90	10	-96.007880289888
1.90	20	-96.038414244852
1.90	30	-96.073131259551
1.90	40	-96.103263583991
1.90	50	-96.12565950863
1.90	60	-96.140528694397
1.90	70	-96.149416946631
1.90	80	-96.153996302274
1.90	90	-96.155509812693
1.90	100	-96.154503093266
1.90	110	-96.150488490441
1.90	120	-96.141207842998
1.90	130	-96.121127457889
1.90	140	-96.079097786084
1.90	150	-95.997025231501
1.90	160	-95.850685340431
1.90	170	-95.508218185972
1.90	180	-94.861538471937
2.00	0	-96.050023165394
2.00	10	-96.058479815773
2.00	20	-96.079328224465
2.00	30	-96.103832715196
2.00	40	-96.125543148165
2.00	50	-96.141831883862
2.00	60	-96.152660609518
2.00	70	-96.159101139059
2.00	80	-96.162377212423
2.00	90	-96.163407506011
2.00	100	-96.162589661891
2.00	110	-96.159539259566
2.00	120	-96.15251788946
2.00	130	-96.137256446537
2.00	140	-96.105147421894
2.00	150	-96.042417366316
2.00	160	-95.93263199819
2.00	170	-95.723235637877
2.00	180	-95.46458291606
2.10	0	-96.089348820307
2.10	10	-96.095015457757
2.10	20	-96.109259702328
2.10	30	-96.126398186708
2.10	40	-96.141844962955
2.10	50	-96.153540448118
2.10	60	-96.161333839172
2.10	70	-96.165953439255
2.10	80	-96.168277659345
2.10	90	-96.168975136977
2.10	100	-96.168334347067
2.10	110	-96.166062831313
2.10	120	-96.16084820126
2.10	130	-96.14945866914
2.10	140	-96.125378701245
2.10	150	-96.078334263581
2.10	160	-95.997548677868
2.10	170	-95.867161314262
2.10	180	-95.749416768314
2.20	0	-96.117262054617
2.20	10	-96.121086476085
2.20	20	-96.130821146864
2.20	30	-96.142734298927
2.20	40	-96.153622662701
2.20	50	-96.161935619318
2.20	60	-96.16748984124
2.20	70	-96.170773741504
2.20	80	-96.172409856341
2.20	90	-96.172879304312
2.20	100	-96.172391152623
2.20	110	-96.170728931351
2.20	120	-96.166918897151
2.20	130	-96.158553351727
2.20	140	-96.140782303667
2.20	150	-96.106068940504
2.20	160	-96.047482896199
2.20	170	-95.963949392003
2.20	180	-95.903957233088
2.30	0	-96.136940609044
2.30	10	-96.139531212756
2.30	20	-96.146181880561
2.30	30	-96.154424034587
2.30	40	-96.162043807961
2.30	50	-96.167904091197
2.30	60	-96.171829529529
2.30	70	-96.174144858236
2.30	80	-96.175287540976
2.30	90	-96.175601563086
2.30	100	-96.175238211085
2.30	110	-96.174041017043
2.30	120	-96.171298430401
2.30	130	-96.165241943704
2.30	140	-96.152313817018
2.30	150	-96.127062008124
2.30	160	-96.085075381486
2.30	170	-96.030199104199
2.30	180	-95.996596122343
2.40	0	-96.150733416396
2.40	10	-96.15249146315
2.40	20	-96.157031717326
2.40	30	-96.16271214366
2.40	40	-96.168012734358
2.40	50	-96.17211510787
2.40	60	-96.174868662949
2.40	70	-96.176488153929
2.40	80	-96.177279577523
2.40	90	-96.177488139385
2.40	100	-96.17722315422
2.40	110	-96.176373676946
2.40	120	-96.174427160269
2.40	130	-96.170101139562
2.40	140	-96.160819384742
2.40	150	-96.142685761691
2.40	160	-96.112904814544
2.40	170	-96.076237748863
2.40	180	-96.056027640991
2.50	0	-96.160352288779
2.50	10	-96.161546008684
2.50	20	-96.164642073253
2.50	30	-96.168543386227
2.50	40	-96.172211365505
2.50	50	-96.175064841098
2.50	60	-96.176982557278
2.50	70	-96.178106254376
2.50	80	-96.178649399577
2.50	90	-96.178786769153
2.50	100	-96.178597209321
2.50	110	-96.178003241661
2.50	120	-96.176640581952
2.50	130	-96.173590563858
2.50	140	-96.16700932155
2.50	150	-96.154142456684
2.50	160	-96.133220161693
2.50	170	-96.108496241483
2.50	180	-96.095757321748
2.60	0	-96.167029856128
2.60	10	-96.167840083969
2.60	20	-96.169947691814
2.60	30	-96.17261812411
2.60	40	-96.175143857388
2.60	50	-96.177116234678
2.60	60	-96.178442004921
2.60	70	-96.179215092666
2.60	80	-96.179584199088
2.60	90	-96.17967382898
2.60	100	-96.179540870398
2.60	110	-96.17913175292
2.60	120	-96.178190924668
2.60	130	-96.176068291825
2.60	140	-96.171458118158
2.60	150	-96.16243213646
2.60	160	-96.147868982896
2.60	170	-96.13114613573
2.60	180	-96.122892369723
2.70	0	-96.171645058
2.70	10	-96.172194104551
2.70	20	-96.173625532318
2.70	30	-96.175447065169
2.70	40	-96.177177496819
2.70	50	-96.178531817914
2.70	60	-96.179441070808
2.70	70	-96.179968076795
2.70	80	-96.180216297582
2.70	90	-96.180274248883
2.70	100	-96.180182938709
2.70	110	-96.179905741077
2.70	120	-96.179265527652
2.70	130	-96.177807879852
2.70	140	-96.174617621877
2.70	150	-96.168356702879
2.70	160	-96.158313844446
2.70	170	-96.147013081296
2.70	180	-96.141588579312
2.80	0	-96.17482042272
2.80	10	-96.175191410252
2.80	20	-96.176160590517
2.80	30	-96.177398151788
2.80	40	-96.178577102425
2.80	50	-96.179500144811
2.80	60	-96.180118163667
2.80	70	-96.180473813661
2.80	80	-96.180638911732
2.80	90	-96.180676086458
2.80	100	-96.180614835865
2.80	110	-96.180430580914
2.80	120	-96.180001913823
2.80	130	-96.179015140325
2.80	140	-96.176835373576
2.80	150	-96.172541383643
2.80	160	-96.165681766579
2.80	170	-96.158071841688
2.80	180	-96.154485751093
2.90	0	-96.176994645809
2.90	10	-96.177244220503
2.90	20	-96.177897678141
2.90	30	-96.178734311614
2.90	40	-96.179532212956
2.90	50	-96.180155938007
2.90	60	-96.180571727212
2.90	70	-96.180809008139
2.90	80	-96.180917467043
2.90	90	-96.180941121408
2.90	100	-96.180901136115
2.90	110	-96.180781539367
2.90	120	-96.180500042811
2.90	130	-96.179842692543
2.90	140	-96.178373704704
2.90	150	-96.17546338166
2.90	160	-96.170824604386
2.90	170	-96.165727786456
2.90	180	-96.163356049949
3.00	0	-96.178475359574
3.00	10	-96.178642260469
3.00	20	-96.179080243573
3.00	30	-96.179642112678
3.00	40	-96.18017770496
3.00	50	-96.180594990637
3.00	60	-96.180871436805
3.00	70	-96.18102756776
3.00	80	-96.181097692927
3.00	90	-96.181112555285
3.00	100	-96.181087302984
3.00	110	-96.181012061684
3.00	120	-96.18083180936
3.00	130	-96.18040219098
3.00	140	-96.179427357032
3.00	150	-96.177480086728
3.00	160	-96.174376249135
3.00	170	-96.17098732629
3.00	180	-96.16942417102
3.10	0	-96.179477294317
3.10	10	-96.179588034738
3.10	20	-96.179879273385
3.10	30	-96.180253293511
3.10	40	-96.180609143266
3.10	50	-96.180885041289
3.10	60	-96.181066222683
3.10	70	-96.181167079818
3.10	80	-96.18121136386
3.10	90	-96.181220476861
3.10	100	-96.181205211767
3.10	110	-96.181159931817
3.10	120	-96.181048491921
3.10	130	-96.180774382697
3.10	140	-96.18013901255
3.10	150	-96.178855019007
3.10	160	-96.176802325341
3.10	170	-96.174569465045
3.10	180	-96.173546093402
3.20	0	-96.180149814553
3.20	10	-96.180222585145
3.20	20	-96.180414257135
3.20	30	-96.180660357981
3.20	40	-96.18089374431
3.20	50	-96.18107351571
3.20	60	-96.181190069911
3.20	70	-96.181253503954
3.20	80	-96.18128043021
3.20	90	-96.181285772472
3.20	100	-96.181277148466
3.20	110	-96.18125173026
3.20	120	-96.181186371746
3.20	130	-96.181017028909
3.20	140	-96.180611934602
3.20	150	-96.179779788612
3.20	160	-96.178440473421
3.20	170	-96.176985526157
3.20	180	-96.176321654719
3.30	0	-96.18059654049
3.30	10	-96.180643805006
3.30	20	-96.180768322014
3.30	30	-96.180927845174
3.30	40	-96.18107836478
3.30	50	-96.181193264954
3.30	60	-96.18126632802
3.30	70	-96.181304623199
3.30	80	-96.181319965861
3.30	90	-96.181322845707
3.30	100	-96.181318573334
3.30	110	-96.18130602728
3.30	120	-96.181270939944
3.30	130	-96.181171128897
3.30	140	-96.180920131719
3.30	150	-96.180392214059
3.30	160	-96.179532635359
3.30	170	-96.178597037652
3.30	180	-96.17817106793
3.40	0	-96.180889159973
3.40	10	-96.180919422895
3.40	20	-96.180999008111
3.40	30	-96.181100434338
3.40	40	-96.1811953531
3.40	50	-96.18126684386
3.40	60	-96.181310938204
3.40	70	-96.181332557733
3.40	80	-96.181340269002
3.40	90	-96.181341569406
3.40	100	-96.181340130618
3.40	110	-96.181335704931
3.40	120	-96.181319999722
3.40	130	-96.181265515655
3.40	140	-96.181116084103
3.40	150	-96.18079040913
3.40	160	-96.180250207245
3.40	170	-96.179658221283
3.40	180	-96.179388410964
3.50	0	-96.18107717422
3.50	10	-96.181096210213
3.50	20	-96.181146037067
3.50	30	-96.181208915583
3.50	40	-96.181266936165
3.50	50	-96.181309697247
3.50	60	-96.181334770852
3.50	70	-96.181345550428
3.50	80	-96.18134834219
3.50	90	-96.181348654797
3.50	100	-96.181349044186
3.50	110	-96.181349596832
3.50	120	-96.181345863042
3.50	130	-96.181320308134
3.50	140	-96.181236680649
3.50	150	-96.181043497199
3.50	160	-96.180713466377
3.50	170	-96.180346583022
3.50	180	-96.180178443381
3.60	0	-96.181194781884
3.60	10	-96.181206474272
3.60	20	-96.181236826216
3.60	30	-96.181274483317
3.60	40	-96.181308369837
3.60	50	-96.181332403311
3.60	60	-96.181345240581
3.60	70	-96.18134918859
3.60	80	-96.181348913892
3.60	90	-96.181348618835
3.60	100	-96.181350158869
3.60	110	-96.181353647817
3.60	120	-96.181356959459
3.60	130	-96.181349346526
3.60	140	-96.18130752254
3.60	150	-96.181199617145
3.60	160	-96.181005948208
3.60	170	-96.18078492346
3.60	180	-96.180682478715
3.70	0	-96.181265631026
3.70	10	-96.181272559783
3.70	20	-96.181290320347
3.70	30	-96.181311739156
3.70	40	-96.181330130945
3.70	50	-96.181342207163
3.70	60	-96.181347391569
3.70	70	-96.181347225697
3.70	80	-96.181345136616
3.70	90	-96.181344462389
3.70	100	-96.181346674471
3.70	110	-96.181351792795
3.70	120	-96.181358950656
3.70	130	-96.181362027439
3.70	140	-96.181346146447
3.70	150	-96.181291891998
3.70	160	-96.181185106065
3.70	170	-96.181057404571
3.70	180	-96.180997108124
3.80	0	-96.181306022795
3.80	10	-96.181309870034
3.80	20	-96.181319568253
3.80	30	-96.181330712137
3.80	40	-96.181339385461
3.80	50	-96.181344037664
3.80	60	-96.181344615543
3.80	70	-96.181342133476
3.80	80	-96.181339061305
3.80	90	-96.181338138702
3.80	100	-96.181340669546
3.80	110	-96.181346581286
3.80	120	-96.181355573853
3.80	130	-96.18136460231
3.80	140	-96.18136433359
3.80	150	-96.181342851167
3.80	160	-96.181290074955
3.80	170	-96.181221137464
3.80	180	-96.181187694567
3.90	0	-96.181327080853
3.90	10	-96.18132892153
3.90	20	-96.181333478736
3.90	30	-96.181338232124
3.90	40	-96.181340983435
3.90	50	-96.181341195256
3.90	60	-96.181339139755
3.90	70	-96.181335484813
3.90	80	-96.181331970342
3.90	90	-96.181330880126
3.90	100	-96.181333468006
3.90	110	-96.181339631362
3.90	120	-96.181349239171
3.90	130	-96.181361177361
3.90	140	-96.181369865286
3.90	150	-96.181367640536
3.90	160	-96.181347317507
3.90	170	-96.181314561401
3.90	180	-96.181298024897
4.00	0	-96.181336260909
4.00	10	-96.181336770692
4.00	20	-96.181338035013
4.00	30	-96.181338874534
4.00	40	-96.181338142791
4.00	50	-96.181335829365
4.00	60	-96.18133237392
4.00	70	-96.181328236823
4.00	80	-96.181324622891
4.00	90	-96.181323428585
4.00	100	-96.181325891342
4.00	110	-96.181331951163
4.00	120	-96.181341464377
4.00	130	-96.181354411721
4.00	140	-96.181367797749
4.00	150	-96.181376308882
4.00	160	-96.181374584312
4.00	170	-96.181363375334
4.00	180	-96.181357214159
4.10	0	-96.181338422916
4.10	10	-96.181338028487
4.10	20	-96.181337157376
4.10	30	-96.181335627281
4.10	40	-96.181332934289
4.10	50	-96.181329285114
4.10	60	-96.181325170203
4.10	70	-96.18132094294
4.10	80	-96.181317439613
4.10	90	-96.181316203242
4.10	100	-96.181318431847
4.10	110	-96.181324158352
4.10	120	-96.181333183038
4.10	130	-96.181346007491
4.10	140	-96.181361388097
4.10	150	-96.181375410951
4.10	160	-96.181383649995
4.10	170	-96.181384648838
4.10	180	-96.181384553121
4.20	0	-96.181336605144
4.20	10	-96.181335590193
4.20	20	-96.181333319962
4.20	30	-96.181330369647
4.20	40	-96.181326636517
4.20	50	-96.181322364585
4.20	60	-96.181318017059
4.20	70	-96.181313908609
4.20	80	-96.181310637175
4.20	90	-96.181309420367
4.20	100	-96.18131136783
4.20	110	-96.181316623214
4.20	120	-96.181324955759
4.20	130	-96.181337035198
4.20	140	-96.181352732032
4.20	150	-96.181369135332
4.20	160	-96.181382185571
4.20	170	-96.181389587493
4.20	180	-96.181392756806
4.30	0	-96.181332604422
4.30	10	-96.1813311776
4.30	20	-96.18132800613
4.30	30	-96.181324226968
4.30	40	-96.181320000248
4.30	50	-96.181315520409
4.30	60	-96.181311180619
4.30	70	-96.181307295426
4.30	80	-96.18130431956
4.30	90	-96.181303177068
4.30	100	-96.181304842413
4.30	110	-96.181309558951
4.30	120	-96.181317110797
4.30	130	-96.181328149783
4.30	140	-96.181343176074
4.30	150	-96.181360103749
4.30	160	-96.181375045557
4.30	170	-96.181385391394
4.30	180	-96.181390074683
4.40	0	-96.18132742467
4.40	10	-96.181325755508
4.40	20	-96.181322053802
4.40	30	-96.181317835704
4.40	40	-96.181313442968
4.40	50	-96.181308993866
4.40	60	-96.181304798255
4.40	70	-96.181301186386
4.40	80	-96.181298531101
4.40	90	-96.181297504417
4.40	100	-96.181298915258
4.40	110	-96.181303077788
4.40	120	-96.181309830766
4.40	130	-96.181319732833
4.40	140	-96.181333571158
4.40	150	-96.181349935392
4.40	160	-96.181365178012
4.40	170	-96.181376519534
4.40	180	-96.181381685447
4.50	0	-96.181321618599
4.50	10	-96.181319850311
4.50	20	-96.181315915622
4.50	30	-96.181311538293
4.50	40	-96.181307185425
4.50	50	-96.181302907579
4.50	60	-96.181298936932
4.50	70	-96.181295621076
4.50	80	-96.181293286063
4.50	90	-96.181292399194
4.50	100	-96.181293596055
4.50	110	-96.181297226126
4.50	120	-96.181303206325
4.50	130	-96.181311988345
4.50	140	-96.181324429707
4.50	150	-96.181339622666
4.50	160	-96.181354299966
4.50	170	-96.181365594018
4.50	180	-96.181370682072
4.60	0	-96.181315518656
4.60	10	-96.181313766516
4.60	20	-96.181309839378
4.60	30	-96.181305516017
4.60	40	-96.181301341014
4.60	50	-96.181297319722
4.60	60	-96.181293624244
4.60	70	-96.181290612307
4.60	80	-96.181288580847
4.60	90	-96.181287840562
4.60	100	-96.181288864538
4.60	110	-96.181292006499
4.60	120	-96.181297267018
4.60	130	-96.181305006175
4.60	140	-96.181316029677
4.60	150	-96.181329759411
4.60	160	-96.181343388843
4.60	170	-96.181354083224
4.60	180	-96.181358816233
4.70	0	-96.18130936371
4.70	10	-96.181307712852
4.70	20	-96.181303976108
4.70	30	-96.181299868183
4.70	40	-96.181295966738
4.70	50	-96.181292254538
4.70	60	-96.181288864214
4.70	70	-96.181286153814
4.70	80	-96.181284399091
4.70	90	-96.181283797769
4.70	100	-96.181284684609
4.70	110	-96.181287393563
4.70	120	-96.181292002183
4.70	130	-96.181298802542
4.70	140	-96.181308489943
4.70	150	-96.181320674583
4.70	160	-96.18133300005
4.70	170	-96.181342796185
4.70	180	-96.181347050849
4.80	0	-96.1813033486
4.80	10	-96.181301853647
4.80	20	-96.18129843264
4.80	30	-96.181294654663
4.80	40	-96.181291090002
4.80	50	-96.181287715968
4.80	60	-96.181284644011
4.80	70	-96.181282224057
4.80	80	-96.181280713206
4.80	90	-96.181280233628
4.80	100	-96.181281011268
4.80	110	-96.181283344771
4.80	120	-96.181287374164
4.80	130	-96.181293347595
4.80	140	-96.181301827437
4.80	150	-96.181312514576
4.80	160	-96.181323437206
4.80	170	-96.181332183175
4.80	180	-96.181335915332
4.90	0	-96.181297634295
4.90	10	-96.181296323303
4.90	20	-96.181293290381
4.90	30	-96.181289912403
4.90	40	-96.181286719694
4.90	50	-96.181283693129
4.90	60	-96.181280937237
4.90	70	-96.181278788609
4.90	80	-96.181277486576
4.90	90	-96.181277107135
4.90	100	-96.181277795581
4.90	110	-96.181279808478
4.90	120	-96.181283329053
4.90	130	-96.181288583083
4.90	140	-96.181295997638
4.90	150	-96.181305304585
4.90	160	-96.181314840567
4.90	170	-96.181322487174
4.90	180	-96.181325695662
5.00	0	-96.181292344212
5.00	10	-96.181291225038
5.00	20	-96.181288608487
5.00	30	-96.181285660716
5.00	40	-96.181282849256
5.00	50	-96.181280161844
5.00	60	-96.181277706114
5.00	70	-96.181275803093
5.00	80	-96.18127467618
5.00	90	-96.181274374689
5.00	100	-96.181274987965
5.00	110	-96.181276729223
5.00	120	-96.181279805935
5.00	130	-96.181284436251
5.00	140	-96.181290924269
5.00	150	-96.181298997413
5.00	160	-96.181307237095
5.00	170	-96.18131381303
5.00	180	-96.181316524704
5.10	0	-96.181287561462
5.10	10	-96.181286627536
5.10	20	-96.181284421687
5.10	30	-96.181281901214
5.10	40	-96.181279457697
5.10	50	-96.181277086178
5.10	60	-96.181274904156
5.10	70	-96.181273217974
5.10	80	-96.181272235279
5.10	90	-96.181271992075
5.10	100	-96.181272540224
5.10	110	-96.181274051949
5.10	120	-96.181276742181
5.10	130	-96.18128082967
5.10	140	-96.18128651851
5.10	150	-96.18129351008
5.10	160	-96.181300582765
5.10	170	-96.181306169465
5.10	180	-96.181308430051
5.20	0	-96.181283328526
5.20	10	-96.181282563876
5.20	20	-96.181280739264
5.20	30	-96.181278617466
5.20	40	-96.181276510617
5.20	50	-96.181274421271
5.20	60	-96.18127248052
5.20	70	-96.181270981128
5.20	80	-96.18127011688
5.20	90	-96.181269916223
5.20	100	-96.181270406712
5.20	110	-96.181271724292
5.20	120	-96.181274078371
5.20	130	-96.181277689708
5.20	140	-96.181282689842
5.20	150	-96.181288747523
5.20	160	-96.181294797502
5.20	170	-96.181299505414
5.20	180	-96.18130137164
5.30	0	-96.18127965082
5.30	10	-96.181279034032
5.30	20	-96.181277545707
5.30	30	-96.18127577634
5.30	40	-96.181273962658
5.30	50	-96.181272116397
5.30	60	-96.181270383059
5.30	70	-96.181269043174
5.30	80	-96.181268276283
5.30	90	-96.181268106582
5.30	100	-96.181268545556
5.30	110	-96.181269698537
5.30	120	-96.18127176013
5.30	130	-96.181274949898
5.30	140	-96.181279354473
5.30	150	-96.181284615218
5.30	160	-96.181289788575
5.30	170	-96.1812937393
5.30	180	-96.181295271927
5.40	0	-96.181276502067
5.40	10	-96.181276009293
5.40	20	-96.181274804635
5.40	30	-96.181273331726
5.40	40	-96.181271762884
5.40	50	-96.181270119963
5.40	60	-96.181268562658
5.40	70	-96.181267358793
5.40	80	-96.181266672987
5.40	90	-96.181266526431
5.40	100	-96.181266919217
5.40	110	-96.181267931866
5.40	120	-96.181269739108
5.40	130	-96.181272553788
5.40	140	-96.181276439265
5.40	150	-96.181281025181
5.40	160	-96.181285461743
5.40	170	-96.181288778704
5.40	180	-96.181290037444
5.50	0	-96.181273832906
5.50	10	-96.18127344018
5.50	20	-96.181272464519
5.50	30	-96.181271230257
5.50	40	-96.181269858549
5.50	50	-96.181268383478
5.50	60	-96.181266975635
5.50	70	-96.181265888589
5.50	80	-96.181265272166
5.50	90	-96.181265143456
5.50	100	-96.181265494896
5.50	110	-96.181266386958
5.50	120	-96.181267973306
5.50	130	-96.181270453944
5.50	140	-96.181273883009
5.50	150	-96.181277898027
5.50	160	-96.181281726344
5.50	170	-96.181284527448
5.50	180	-96.181285568282
5.60	0	-96.181271579484
5.60	10	-96.181271264532
5.60	20	-96.181270466597
5.60	30	-96.18126941713
5.60	40	-96.181268200615
5.60	50	-96.181266863979
5.60	60	-96.181265584572
5.60	70	-96.18126459994
5.60	80	-96.181264043921
5.60	90	-96.181263929669
5.60	100	-96.18126424426
5.60	110	-96.181265032002
5.60	120	-96.18126642644
5.60	130	-96.181268610665
5.60	140	-96.181271635659
5.60	150	-96.181275164844
5.60	160	-96.181278495575
5.60	170	-96.181280887919
5.60	180	-96.181281760808
5.70	0	-96.181269673095
5.70	10	-96.181269416725
5.70	20	-96.181268751948
5.70	30	-96.181267841389
5.70	40	-96.181266746423
5.70	50	-96.181265526008
5.70	60	-96.181264359471
5.70	70	-96.181263465826
5.70	80	-96.181262963354
5.70	90	-96.18126286138
5.70	100	-96.18126314316
5.70	110	-96.181263840042
5.70	120	-96.181265067573
5.70	130	-96.181266990383
5.70	140	-96.181269656846
5.70	150	-96.181272767582
5.70	160	-96.181275690136
5.70	170	-96.181277763216
5.70	180	-96.181278509807
5.80	0	-96.18126804776
5.80	10	-96.18126783406
5.80	20	-96.181267266572
5.80	30	-96.181266459485
5.80	40	-96.181265460977
5.80	50	-96.18126434112
5.80	60	-96.181263275777
5.80	70	-96.181262464228
5.80	80	-96.181262010173
5.80	90	-96.181261918681
5.80	100	-96.181262170998
5.80	110	-96.181262788558
5.80	120	-96.181263870681
5.80	130	-96.181265563912
5.80	140	-96.181267913507
5.80	150	-96.181270659122
5.80	160	-96.181273240628
5.80	170	-96.181275062864
5.80	180	-96.181275715237
5.90	0	-96.181266645491
5.90	10	-96.181266462487
5.90	20	-96.181265965708
5.90	30	-96.181265236223
5.90	40	-96.1812643174
5.90	50	-96.181263287195
5.90	60	-96.181262314313
5.90	70	-96.181261577535
5.90	80	-96.181261167018
5.90	90	-96.181261084813
5.90	100	-96.181261310718
5.90	110	-96.181261858705
5.90	120	-96.181262813687
5.90	130	-96.181264306499
5.90	140	-96.181266376805
5.90	150	-96.181268801246
5.90	160	-96.181271090487
5.90	170	-96.181272709816
5.90	180	-96.181273289614
6.00	0	-96.181265419269
6.00	10	-96.181265258394
6.00	20	-96.181264813334
6.00	30	-96.181264144712
6.00	40	-96.181263294889
6.00	50	-96.181262346716
6.00	60	-96.18126145898
6.00	70	-96.181260790894
6.00	80	-96.181260419675
6.00	90	-96.181260345534
6.00	100	-96.181260547974
6.00	110	-96.181261034663
6.00	120	-96.181261878345
6.00	130	-96.181263195823
6.00	140	-96.181265021798
6.00	150	-96.181267162997
6.00	160	-96.181269195677
6.00	170	-96.181270643108
6.00	180	-96.181271163919
6.20	0	-96.181263360759
6.20	10	-96.181263229251
6.20	20	-96.181262856163
6.20	30	-96.181262282433
6.20	40	-96.181261553092
6.20	50	-96.181260753319
6.20	60	-96.181260017266
6.20	70	-96.18125946869
6.20	80	-96.181259164995
6.20	90	-96.181259104268
6.20	100	-96.181259267068
6.20	110	-96.181259653017
6.20	120	-96.181260313131
6.20	130	-96.181261342543
6.20	140	-96.181262770039
6.20	150	-96.181264443969
6.20	160	-96.181266045561
6.20	170	-96.181267204116
6.20	180	-96.181267627362
6.40	0	-96.181261688965
6.40	10	-96.181261577467
6.40	20	-96.181261258018
6.40	30	-96.181260764336
6.40	40	-96.181260143165
6.40	50	-96.181259473891
6.40	60	-96.181258866481
6.40	70	-96.181258416759
6.40	80	-96.181258167977
6.40	90	-96.18125811779
6.40	100	-96.181258249751
6.40	110	-96.181258558498
6.40	120	-96.181259077676
6.40	130	-96.181259883574
6.40	140	-96.18126100674
6.40	150	-96.181262327251
6.40	160	-96.181263593522
6.40	170	-96.181264518063
6.40	180	-96.18126485985
6.60	0	-96.181260308806
6.60	10	-96.181260214043
6.60	20	-96.181259941502
6.60	30	-96.181259521007
6.60	40	-96.181258997712
6.60	50	-96.181258441551
6.60	60	-96.181257941914
6.60	70	-96.181257573641
6.60	80	-96.181257370013
6.60	90	-96.181257328713
6.60	100	-96.181257436622
6.60	110	-96.181257687151
6.60	120	-96.181258099686
6.60	130	-96.181258731803
6.60	140	-96.181259618177
6.60	150	-96.181260671518
6.60	160	-96.181261687502
6.60	170	-96.181262432747
6.60	180	-96.181262709806
6.80	0	-96.181259163622
6.80	10	-96.181259083557
6.80	20	-96.181258853345
6.80	30	-96.181258499232
6.80	40	-96.181258062424
6.80	50	-96.181257603352
6.80	60	-96.181257194002
6.80	70	-96.181256893202
6.80	80	-96.181256727038
6.80	90	-96.181256693544
6.80	100	-96.181256782969
6.80	110	-96.181256989358
6.80	120	-96.181257322425
6.80	130	-96.181257822184
6.80	140	-96.181258522543
6.80	150	-96.18125936811
6.80	160	-96.181260196394
6.80	170	-96.181260810123
6.80	180	-96.181261039226
7.00	0	-96.181258212101
7.00	10	-96.181258145146
7.00	20	-96.181257952424
7.00	30	-96.18125765693
7.00	40	-96.181257295363
7.00	50	-96.181256918773
7.00	60	-96.181256585312
7.00	70	-96.181256340829
7.00	80	-96.181256205868
7.00	90	-96.181256179584
7.00	100	-96.181256254806
7.00	110	-96.181256427139
7.00	120	-96.181256701367
7.00	130	-96.18125710262
7.00	140	-96.181257658712
7.00	150	-96.181258338361
7.00	160	-96.181259018389
7.00	170	-96.181259530527
7.00	180	-96.18125972301
7.20	0	-96.181257421774
7.20	10	-96.181257365972
7.20	20	-96.181257205982
7.20	30	-96.181256961626
7.20	40	-96.181256664609
7.20	50	-96.181256357921
7.20	60	-96.181256087999
7.20	70	-96.181255890545
7.20	80	-96.181255781783
7.20	90	-96.181255761618
7.20	100	-96.181255825786
7.20	110	-96.181255971351
7.20	120	-96.181256201147
7.20	130	-96.181256530216
7.20	140	-96.18125697748
7.20	150	-96.181257524447
7.20	160	-96.181258080922
7.20	170	-96.181258507162
7.20	180	-96.181258668715
7.40	0	-96.181256766835
7.40	10	-96.18125672092
7.40	20	-96.181256588927
7.40	30	-96.181256388338
7.40	40	-96.181256146358
7.40	50	-96.181255898464
7.40	60	-96.181255681228
7.40	70	-96.18125552286
7.40	80	-96.181255435648
7.40	90	-96.181255420576
7.40	100	-96.181255475485
7.40	110	-96.181255599628
7.40	120	-96.181255795123
7.40	130	-96.181256070687
7.40	140	-96.181256437172
7.40	150	-96.181256880358
7.40	160	-96.181257333267
7.40	170	-96.181257683609
7.40	180	-96.181257817214
7.60	0	-96.181256226479
7.60	10	-96.181256188779
7.60	20	-96.181256080882
7.60	30	-96.181255917463
7.60	40	-96.18125572171
7.60	50	-96.181255522438
7.60	60	-96.181255348869
7.60	70	-96.181255222049
7.60	80	-96.181255152395
7.60	90	-96.181255141323
7.60	100	-96.181255188662
7.60	110	-96.181255295032
7.60	120	-96.181255462665
7.60	130	-96.181255697376
7.60	140	-96.181256003525
7.60	150	-96.181256367298
7.60	160	-96.181256736145
7.60	170	-96.181257021079
7.60	180	-96.181257129783
7.80	0	-96.181255783274
7.80	10	-96.181255752615
7.80	20	-96.181255664781
7.80	30	-96.181255532626
7.80	40	-96.181255375111
7.80	50	-96.181255215736
7.80	60	-96.18125507716
7.80	70	-96.181254975892
7.80	80	-96.181254920024
7.80	90	-96.181254912033
7.80	100	-96.181254952817
7.80	110	-96.181255044143
7.80	120	-96.181255188567
7.80	130	-96.181255390245
7.80	140	-96.181255650281
7.80	150	-96.181255953416
7.80	160	-96.181256256055
7.80	170	-96.181256487648
7.80	180	-96.181256575472
8.00	0	-96.181255421691
8.00	10	-96.181255396836
8.00	20	-96.181255325867
8.00	30	-96.181255219299
8.00	40	-96.181255093175
8.00	50	-96.181254965866
8.00	60	-96.181254855238
8.00	70	-96.181254774021
8.00	80	-96.181254729031
8.00	90	-96.181254723214
8.00	100	-96.18125475835
8.00	110	-96.181254836726
8.00	120	-96.181254961198
8.00	130	-96.181255135134
8.00	140	-96.18125535783
8.00	150	-96.181255613853
8.00	160	-96.181255865335
8.00	170	-96.181256055025
8.00	180	-96.181256126448
8.20	0	-96.181255127884
8.20	10	-96.181255107813
8.20	20	-96.181255050676
8.20	30	-96.181254965117
8.20	40	-96.181254864018
8.20	50	-96.181254762419
8.20	60	-96.181254673851
8.20	70	-96.181254608397
8.20	80	-96.181254571862
8.20	90	-96.181254567556
8.20	100	-96.181254597575
8.20	110	-96.181254664606
8.20	120	-96.181254771655
8.20	130	-96.181254921537
8.20	140	-96.181255112669
8.20	150	-96.181255330648
8.20	160	-96.181255542108
8.20	170	-96.181255699552
8.20	180	-96.181255758294
8.40	0	-96.181254889853
8.40	10	-96.181254873683
8.40	20	-96.181254827563
8.40	30	-96.181254759012
8.40	40	-96.181254677996
8.40	50	-96.181254596551
8.40	60	-96.181254525235
8.40	70	-96.181254472127
8.40	80	-96.181254442142
8.40	90	-96.181254438685
8.40	100	-96.181254464273
8.40	110	-96.181254521453
8.40	120	-96.181254613101
8.40	130	-96.181254741675
8.40	140	-96.18125490556
8.40	150	-96.181255091686
8.40	160	-96.181255270687
8.40	170	-96.181255402688
8.40	180	-96.181255451623
8.60	0	-96.181254696969
8.60	10	-96.181254684004
8.60	20	-96.181254646902
8.60	30	-96.181254591776
8.60	40	-96.181254526663
8.60	50	-96.181254461039
8.60	60	-96.181254403204
8.60	70	-96.181254359678
8.60	80	-96.181254334953
8.60	90	-96.181254331957
8.60	100	-96.181254353572
8.60	110	-96.181254402218
8.60	120	-96.181254480215
8.60	130	-96.181254589982
8.60	140	-96.181254729901
8.60	150	-96.181254888213
8.60	160	-96.181255040094
8.60	170	-96.181255151592
8.60	180	-96.181255192826
8.80	0	-96.18125454055
8.80	10	-96.181254529969
8.80	20	-96.181254500168
8.80	30	-96.181254455698
8.80	40	-96.181254403237
8.80	50	-96.181254349961
8.80	60	-96.181254302751
8.80	70	-96.181254266773
8.80	80	-96.181254246032
8.80	90	-96.181254243426
8.80	100	-96.18125426147
8.80	110	-96.181254302548
8.80	120	-96.181254368913
8.80	130	-96.18125446202
8.80	140	-96.181254580601
8.80	150	-96.181254714923
8.80	160	-96.181254843345
8.80	170	-96.18125493758
8.80	180	-96.181254972239
9.00	0	-96.181254413383
9.00	10	-96.181254404905
9.00	20	-96.181254380683
9.00	30	-96.181254344636
9.00	40	-96.181254301988
9.00	50	-96.181254258584
9.00	60	-96.181254219647
9.00	70	-96.181254189671
9.00	80	-96.181254172125
9.00	90	-96.181254169617
9.00	100	-96.181254184787
9.00	110	-96.18125421936
9.00	120	-96.181254275367
9.00	130	-96.18125435406
9.00	140	-96.181254454114
9.00	150	-96.181254567283
9.00	160	-96.181254675535
9.00	170	-96.181254754763
9.00	180	-96.181254783979
9.50	0	-96.1812541881
9.50	10	-96.18125418299
9.50	20	-96.181254168314
9.50	30	-96.181254146475
9.50	40	-96.181254120269
9.50	50	-96.181254093104
9.50	60	-96.181254068274
9.50	70	-96.181254048583
9.50	80	-96.181254036627
9.50	90	-96.1812540345
9.50	100	-96.181254043861
9.50	110	-96.18125406617
9.50	120	-96.181254102363
9.50	130	-96.181254153136
9.50	140	-96.181254217366
9.50	150	-96.181254289441
9.50	160	-96.181254358376
9.50	170	-96.181254408729
9.50	180	-96.181254427345
10.00	0	-96.181254048897
10.00	10	-96.181254045602
10.00	20	-96.181254036337
10.00	30	-96.181254022348
10.00	40	-96.181254005432
10.00	50	-96.181253987644
10.00	60	-96.181253971103
10.00	70	-96.181253957698
10.00	80	-96.181253949407
10.00	90	-96.181253947645
10.00	100	-96.181253953438
10.00	110	-96.181253967721
10.00	120	-96.181253990957
10.00	130	-96.181254023415
10.00	140	-96.181254064097
10.00	150	-96.181254109372
10.00	160	-96.181254152457
10.00	170	-96.1812541838
10.00	180	-96.181254195338
10.50	0	-96.181253959801
10.50	10	-96.181253957722
10.50	20	-96.181253951567
10.50	30	-96.181253942205
10.50	40	-96.181253930885
10.50	50	-96.181253918766
10.50	60	-96.181253907496
10.50	70	-96.18125389821
10.50	80	-96.181253892257
10.50	90	-96.181253890959
10.50	100	-96.181253894604
10.50	110	-96.181253903939
10.50	120	-96.181253919113
10.50	130	-96.181253940021
10.50	140	-96.18125396595
10.50	150	-96.181253994507
10.50	160	-96.181254021387
10.50	170	-96.181254040907
10.50	180	-96.181254048024
11.00	0	-96.181253901192
11.00	10	-96.181253899746
11.00	20	-96.181253895553
11.00	30	-96.181253889155
11.00	40	-96.181253881225
11.00	50	-96.181253872936
11.00	60	-96.181253865052
11.00	70	-96.181253858683
11.00	80	-96.181253854568
11.00	90	-96.181253853433
11.00	100	-96.181253855927
11.00	110	-96.181253862237
11.00	120	-96.181253872263
11.00	130	-96.181253886221
11.00	140	-96.181253903074
11.00	150	-96.181253921353
11.00	160	-96.181253938638
11.00	170	-96.181253950959
11.00	180	-96.181253955466
11.50	0	-96.181253861645
11.50	10	-96.181253860721
11.50	20	-96.181253857732
11.50	30	-96.181253853278
11.50	40	-96.181253847865
11.50	50	-96.181253842078
11.50	60	-96.181253836542
11.50	70	-96.181253832039
11.50	80	-96.181253829266
11.50	90	-96.181253828468
11.50	100	-96.181253830306
11.50	110	-96.181253834681
11.50	120	-96.18125384169
11.50	130	-96.181253851061
11.50	140	-96.181253862442
11.50	150	-96.181253874621
11.50	160	-96.18125388597
11.50	170	-96.181253894094
11.50	180	-96.181253896975
12.00	0	-96.181253834795
12.00	10	-96.1812538341
12.00	20	-96.181253832071
12.00	30	-96.181253828927
12.00	40	-96.181253825106
12.00	50	-96.181253821096
12.00	60	-96.181253817349
12.00	70	-96.181253814267
12.00	80	-96.181253812408
12.00	90	-96.181253811947
12.00	100	-96.181253813322
12.00	110	-96.181253816356
12.00	120	-96.181253821326
12.00	130	-96.181253827951
12.00	140	-96.181253835905
12.00	150	-96.1812538443
12.00	160	-96.181253852004
12.00	170	-96.181253857541
12.00	180	-96.18125385955
12.50	0	-96.181253816436
12.50	10	-96.181253815983
12.50	20	-96.1812538145
12.50	30	-96.181253812526
12.50	40	-96.181253809913
12.50	50	-96.181253807017
12.50	60	-96.181253804416
12.50	70	-96.181253802371
12.50	80	-96.181253801135
12.50	90	-96.181253800977
12.50	100	-96.181253801935
12.50	110	-96.181253804332
12.50	120	-96.181253807862
12.50	130	-96.18125381261
12.50	140	-96.181253818315
12.50	150	-96.181253824319
12.50	160	-96.181253829714
12.50	170	-96.1812538336
12.50	180	-96.181253835033
13.00	0	-96.181253803998
13.00	10	-96.181253803736
13.00	20	-96.181253802769
13.00	30	-96.181253801296
13.00	40	-96.181253799512
13.00	50	-96.181253797744
13.00	60	-96.18125379596
13.00	70	-96.181253794611
13.00	80	-96.181253793839
13.00	90	-96.181253793839
13.00	100	-96.181253794671
13.00	110	-96.181253796366
13.00	120	-96.181253799085
13.00	130	-96.181253802511
13.00	140	-96.181253806689
13.00	150	-96.181253811069
13.00	160	-96.181253815016
13.00	170	-96.181253817804
13.00	180	-96.181253818813
13.50	0	-96.181253795721
13.50	10	-96.181253795499
13.50	20	-96.181253794944
13.50	30	-96.181253793951
13.50	40	-96.181253792806
13.50	50	-96.181253791572
13.50	60	-96.181253790509
13.50	70	-96.181253789682
13.50	80	-96.181253789271
13.50	90	-96.181253789312
13.50	100	-96.18125379007
13.50	110	-96.181253791369
13.50	120	-96.181253793425
13.50	130	-96.181253795944
13.50	140	-96.181253798985
13.50	150	-96.181253802313
13.50	160	-96.181253805145
13.50	170	-96.181253807242
13.50	180	-96.181253807903
14.00	0	-96.181253790361
14.00	10	-96.181253790152
14.00	20	-96.181253789872
14.00	30	-96.181253789332
14.00	40	-96.181253788572
14.00	50	-96.181253787782
14.00	60	-96.181253787176
14.00	70	-96.181253786693
14.00	80	-96.181253786539
14.00	90	-96.18125378675
14.00	100	-96.181253787328
14.00	110	-96.181253788309
14.00	120	-96.181253789931
14.00	130	-96.18125379187
14.00	140	-96.181253794086
14.00	150	-96.181253796504
14.00	160	-96.181253798673
14.00	170	-96.181253800279
14.00	180	-96.181253800786
14.50	0	-96.181253787056
14.50	10	-96.181253786885
14.50	20	-96.181253786699
14.50	30	-96.181253786365
14.50	40	-96.181253786066
14.50	50	-96.181253785652
14.50	60	-96.18125378528
14.50	70	-96.181253785233
14.50	80	-96.181253785261
14.50	90	-96.181253785405
14.50	100	-96.181253785955
14.50	110	-96.181253786823
14.50	120	-96.181253787878
14.50	130	-96.181253789414
14.50	140	-96.181253791103
14.50	150	-96.181253792958
14.50	160	-96.181253794557
14.50	170	-96.181253795777
14.50	180	-96.18125379615
15.00	0	-96.181253785108
15.00	10	-96.181253785134
15.00	20	-96.181253785051
15.00	30	-96.181253784914
15.00	40	-96.181253784771
15.00	50	-96.181253784651
15.00	60	-96.181253784542
15.00	70	-96.181253784551
15.00	80	-96.181253784743
15.00	90	-96.181253785069
15.00	100	-96.181253785485
15.00	110	-96.181253786222
15.00	120	-96.181253787115
15.00	130	-96.18125378818
15.00	140	-96.181253789525
15.00	150	-96.181253790884
15.00	160	-96.18125379213
15.00	170	-96.181253792957
15.00	180	-96.181253793303
16.00	0	-96.181253784227
16.00	10	-96.181253784259
16.00	20	-96.181253784293
16.00	30	-96.181253784438
16.00	40	-96.181253784511
16.00	50	-96.181253784827
16.00	60	-96.181253785043
16.00	70	-96.181253785324
16.00	80	-96.181253785675
16.00	90	-96.181253786043
16.00	100	-96.1812537864
16.00	110	-96.181253786931
16.00	120	-96.181253787446
16.00	130	-96.181253788095
16.00	140	-96.181253788783
16.00	150	-96.181253789606
16.00	160	-96.181253790296
16.00	170	-96.181253790785
16.00	180	-96.181253790998
17.00	0	-96.18125378543
17.00	10	-96.181253785547
17.00	20	-96.181253785666
17.00	30	-96.181253785931
17.00	40	-96.181253786214
17.00	50	-96.181253786502
17.00	60	-96.181253787022
17.00	70	-96.181253787397
17.00	80	-96.181253787887
17.00	90	-96.181253788256
17.00	100	-96.181253788531
17.00	110	-96.181253788811
17.00	120	-96.181253789231
17.00	130	-96.181253789605
17.00	140	-96.181253790033
17.00	150	-96.181253790499
17.00	160	-96.181253790932
17.00	170	-96.181253791202
17.00	180	-96.181253791274
18.00	0	-96.181253787686
18.00	10	-96.181253787751
18.00	20	-96.181253787998
18.00	30	-96.181253788266
18.00	40	-96.181253788628
18.00	50	-96.181253789121
18.00	60	-96.181253789514
18.00	70	-96.181253790051
18.00	80	-96.181253790463
18.00	90	-96.181253790866
18.00	100	-96.181253791168
18.00	110	-96.181253791453
18.00	120	-96.181253791762
18.00	130	-96.181253791873
18.00	140	-96.181253792214
18.00	150	-96.181253792376
18.00	160	-96.181253792646
18.00	170	-96.18125379283
18.00	180	-96.181253792835
19.00	0	-96.181253790386
19.00	10	-96.181253790436
19.00	20	-96.181253790691
19.00	30	-96.181253791025
19.00	40	-96.181253791451
19.00	50	-96.181253791897
19.00	60	-96.181253792407
19.00	70	-96.181253792875
19.00	80	-96.181253793377
19.00	90	-96.181253793649
19.00	100	-96.181253793951
19.00	110	-96.181253794298
19.00	120	-96.181253794412
19.00	130	-96.181253794537
19.00	140	-96.181253794694
19.00	150	-96.181253794826
19.00	160	-96.181253794878
19.00	170	-96.181253795058
19.00	180	-96.181253795046
20.00	0	-96.181253793175
20.00	10	-96.181253793294
20.00	20	-96.181253793439
20.00	30	-96.181253793763
20.00	40	-96.181253794216
20.00	50	-96.181253794656
20.00	60	-96.181253795141
20.00	70	-96.181253795728
20.00	80	-96.181253796065
20.00	90	-96.18125379653
20.00	100	-96.18125379675
20.00	110	-96.18125379695
20.00	120	-96.18125379712
20.00	130	-96.181253797227
20.00	140	-96.181253797258
20.00	150	-96.181253797303
20.00	160	-96.181253797384
20.00	170	-96.181253797482
20.00	180	-96.181253797469
21.00	0	-96.181253795873
21.00	10	-96.181253795986
21.00	20	-96.181253796119
21.00	30	-96.181253796516
21.00	40	-96.181253796939
21.00	50	-96.181253797365
21.00	60	-96.181253797887
21.00	70	-96.181253798353
21.00	80	-96.18125379871
21.00	90	-96.181253799099
21.00	100	-96.181253799382
21.00	110	-96.181253799536
21.00	120	-96.181253799634
21.00	130	-96.181253799724
21.00	140	-96.181253799787
21.00	150	-96.181253799868
21.00	160	-96.181253799783
21.00	170	-96.181253799874
21.00	180	-96.181253799822
22.00	0	-96.181253798463
22.00	10	-96.181253798579
22.00	20	-96.181253798729
22.00	30	-96.18125379907
22.00	40	-96.181253799444
22.00	50	-96.181253799921
22.00	60	-96.18125380041
22.00	70	-96.181253800875
22.00	80	-96.181253801172
22.00	90	-96.181253801562
22.00	100	-96.181253801737
22.00	110	-96.181253801972
22.00	120	-96.181253802125
22.00	130	-96.181253802161
22.00	140	-96.181253802109
22.00	150	-96.181253802166
22.00	160	-96.181253802191
22.00	170	-96.181253802167
22.00	180	-96.181253802208
23.00	0	-96.18125380092
23.00	10	-96.181253800972
23.00	20	-96.181253801174
23.00	30	-96.181253801451
23.00	40	-96.181253801879
23.00	50	-96.181253802217
23.00	60	-96.181253802679
23.00	70	-96.181253803117
23.00	80	-96.181253803544
23.00	90	-96.181253803804
23.00	100	-96.181253804034
23.00	110	-96.181253804231
23.00	120	-96.181253804339
23.00	130	-96.181253804354
23.00	140	-96.181253804403
23.00	150	-96.181253804404
23.00	160	-96.181253804336
23.00	170	-96.181253804356
23.00	180	-96.181253804278
24.00	0	-96.181253803098
24.00	10	-96.181253803254
24.00	20	-96.181253803321
24.00	30	-96.181253803581
24.00	40	-96.181253803982
24.00	50	-96.181253804345
24.00	60	-96.181253804842
24.00	70	-96.18125380528
24.00	80	-96.181253805545
24.00	90	-96.181253805891
24.00	100	-96.181253806096
24.00	110	-96.181253806263
24.00	120	-96.18125380637
24.00	130	-96.181253806342
24.00	140	-96.181253806361
24.00	150	-96.181253806453
24.00	160	-96.181253806413
24.00	170	-96.181253806394
24.00	180	-96.181253806345
25.00	0	-96.181253805135
25.00	10	-96.181253805215
25.00	20	-96.181253805453
25.00	30	-96.181253805632
25.00	40	-96.181253805995
25.00	50	-96.181253806329
25.00	60	-96.181253806729
25.00	70	-96.18125380711
25.00	80	-96.181253807413
25.00	90	-96.181253807759
25.00	100	-96.181253807947
25.00	110	-96.18125380814
25.00	120	-96.181253808299
25.00	130	-96.181253808283
25.00	140	-96.181253808313
25.00	150	-96.181253808173
25.00	160	-96.181253808224
25.00	170	-96.181253808234
25.00	180	-96.181253808167
50.00	0	-96.181253826185
50.00	10	-96.181253826294
50.00	20	-96.18125382631
50.00	30	-96.181253826339
50.00	40	-96.18125382645
50.00	50	-96.181253826569
50.00	60	-96.18125382657
50.00	70	-96.181253826785
50.00	80	-96.181253826869
50.00	90	-96.181253826881
50.00	100	-96.181253827003
50.00	110	-96.181253827134
50.00	120	-96.181253827169
50.00	130	-96.181253827202
50.00	140	-96.181253827208
50.00	150	-96.181253827246
50.00	160	-96.181253827216
50.00	170	-96.181253827269
50.00	180	-96.181253827206
100.00	0	-96.18125383285
100.00	10	-96.181253832935
100.00	20	-96.181253832911
100.00	30	-96.181253832914
100.00	40	-96.181253832956
100.00	50	-96.181253832918
100.00	60	-96.18125383307
100.00	70	-96.181253833017
100.00	80	-96.181253833065
100.00	90	-96.18125383304
100.00	100	-96.181253833116
100.00	110	-96.18125383314
100.00	120	-96.181253833146
100.00	130	-96.181253833162
100.00	140	-96.181253833174
100.00	150	-96.181253833167
100.00	160	-96.181253833181
100.00	170	-96.181253833168
100.00	180	-96.181253833141
