4D 
0,0,0
51867441300776.05,-12401546480343.14,1194575597316.938,-46108359309.729,801600766.038344,-6009565.831967708,-135873.6688917263,-69.48070176218076
30,0,0
51867487767198.88,-12401554524903,1194576145498.771,-46108377797.43085,801601084.2164066,-6009568.471735571,-135873.6587119223,-69.48070384783894
60,0,0
51867367238573.04,-12401533314337.21,1194574648079.067,-46108323796.4901,801600036.6546987,-6009557.927791127,-135873.7060816025,-69.48069947319817
90,0,0
51867530741767.84,-12401562305775.89,1194576713569.347,-46108399036.30912,801601507.2043149,-6009572.593181066,-135873.6451332619,-69.48070229327095
0,30,0
140115339912584.3,-28184510670500.48,2366332815716.844,-93403643936.63335,1920079663.957816,-20646827.46244191,-12429.11324986019,-63.31666387789523
30,30,0
140115473422927.2,-28184531986884.01,2366334144307.123,-93403684203.88614,1920080249.030951,-20646830.35180419,-12429.12225728328,-63.31666058935746
60,30,0
140115473222858.2,-28184532860204.48,2366334264158.354,-93403690202.81732,1920080387.420827,-20646831.95508257,-12429.11215804517,-63.31666218807376
90,30,0
140115288689301.6,-28184502358622.82,2366332267328.167,-93403624624.9946,1920079259.71956,-20646822.28943325,-12429.14740426207,-63.31666027105615
0,60,0
785669628664507,-129408168872863.6,8813868820382.637,-309449404763.1531,6029060221.349073,-63882413.01449828,269000.0661180413,-51.83308368388838
30,60,0
785670686118622.4,-129408330681547.7,8813878656815.18,-309449705409.6319,6029065021.566035,-63882450.38092133,269000.1786569441,-51.83308708752016
60,60,0
785670312753310.9,-129408272060658.4,8813874949494,-309449584814.9019,6029062891.760093,-63882430.8051719,269000.1022953562,-51.83308513530947
90,60,0
785669986593774,-129408219532757.6,8813871545352.334,-309449472272.0196,6029060917.099512,-63882413.62586822,269000.0429882729,-51.83308173907889
0,90,0
2162864745030438,-319038294702970.5,19318032293694.24,-609765703843.0309,10758635084.12144,-103963953.5274074,458495.1458948043,-47.00454086860297
30,90,0
2162865301889335,-319038377278855.6,19318037243226.53,-609765856394.1187,10758637609.67173,-103963974.477763,458495.2119118846,-47.00454108045484
60,90,0
2162865422332247,-319038387389630,19318037376001.82,-609765846142.6512,10758637222.47207,-103963969.9138641,458495.1974299061,-47.00454216130805
90,90,0
2162864879673790,-319038324137008.9,19318034583638.18,-609765789303.2446,10758636738.87701,-103963969.6313568,458495.2092220929,-47.00454225578592
0,0,30
16323025065944.73,-4252661001287.858,441225958137.0517,-22791313026.29566,630987741.2170017,-8740215.488151085,16190.66512162961,-61.20365182151957
30,0,30
18429610421765.72,-4800798508913.162,499278744909.5654,-25996897626.14439,728879465.479571,-10339936.54091682,27940.43295630681,-63.72846701184527
60,0,30
13559168521517.35,-3534753006508.849,365339686351.1476,-18609646909.66619,503570219.6125996,-6662957.652879888,970.2067071001127,-57.96634024598404
90,0,30
13280591979888.46,-3462021389905.799,357607776975.9869,-18181045972.97977,490435287.0783893,-6447761.681133438,-612.3841885087058,-57.6229814757946
0,30,30
25655347522701.39,-6682951941166.209,702763412162.7098,-37905315849.65451,1129762647.199952,-18111412.43957893,122753.0209794847,-51.21049111639033
30,30,30
27073650162921.64,-7050256209665.587,741252527657.1129,-39979913588.51413,1190566879.412788,-19015185.47435752,126446.817426466,-54.51299684094217
60,30,30
20055576022659.66,-5222724568141.57,546963644272.8231,-29130708185.10124,852646316.4137584,-13260863.92001324,75453.94169255289,-50.94734733214581
90,30,30
16533211266887.62,-4307463893952.859,449258727392.7413,-23560315579.7447,672131463.9410012,-9977123.971503284,37325.25696714843,-53.82571494316817
0,60,30
20878131076450.62,-5697146690275.513,630803080432.514,-36095750297.22575,1153884648.76334,-20412722.3824606,160404.692819378,-43.88399744182944
30,60,30
22091265893033.52,-6026081004455.042,666830387442.2897,-38138070308.43739,1217710464.527634,-21426945.55558804,167526.9752757718,-46.90796466989061
60,60,30
27560747683917.4,-7137966836218.186,749346106185.2222,-40597645672.32909,1224033797.909648,-20202665.78012152,145500.0121749245,-43.71633178752415
90,60,30
24261057397783.71,-6278253995083.18,657560975600.6248,-35395122876.16353,1057502789.372979,-17187992.49713534,112021.3085714796,-46.333307300638
0,90,30
6434775225354.44,-2030545255579.696,257153466285.9239,-16478843002.07484,592000035.2331989,-12014883.14805278,85073.0974350625,-45.98670077393855
30,90,30
11934453061869.5,-3484358945346.821,411612580877.2899,-24925203885.64058,843774783.9328319,-15903676.75675103,115159.540977052,-48.54627146943294
60,90,30
17813693596205.82,-4865447621123.339,538533543336.8019,-30693480563.15285,977493720.252767,-17221552.46028728,125592.9541529625,-42.77463410778968
90,90,30
18352779206662.32,-5003170525469.811,552593535512.0074,-31453737290.49934,1001417386.183257,-17605984.67460866,132542.6391070035,-41.95769731200248
0,0,60
3669666661.617573,-2434227683.313702,656349613.8963921,-85543158.74462135,6408091.329385367,-337841.9166230474,7141.072002261471,-29.81556577459895
30,0,60
9912599736.692503,-6614108503.627423,1796504651.681023,-247950037.721405,19233353.45450264,-881779.2640271479,17562.21226726769,-40.21708726021964
60,0,60
9847935389.238117,-6569986460.085954,1784230113.664525,-246165869.981915,19089549.73375981,-875553.3453731879,17440.64150731374,-40.09148843049869
90,0,60
7246273097.96364,-4829158561.975717,1309680658.628426,-178611561.0821218,13757838.0583569,-649534.5194894864,13111.54754718471,-35.76955500267484
0,30,60
4565480933.165077,-3239731177.399829,943727633.2373258,-140181476.4353921,12245863.49491544,-672996.6876020761,14285.0403823104,-25.35971160429784
30,30,60
8406889088.532239,-5948658346.253468,1721657243.580729,-256651420.4938705,21887316.2236239,-1100069.120805112,22925.64446827003,-36.04942980514276
60,30,60
12269397148.81208,-8160176065.449681,2216450571.026982,-310288140.7080295,24640672.23736553,-1144686.940066645,22432.04334245815,-38.03756112312934
90,30,60
7519774431.820842,-4978832800.901968,1345167462.669736,-184396540.5909321,14387348.18763675,-682692.1327131181,12779.4408455506,-36.28614691412458
0,60,60
3205578623.286736,-2341694498.070072,701429775.8101972,-106499299.0299782,9588978.582403593,-533131.1986667583,7080.310968768192,-28.42790881520937
30,60,60
5993425530.094555,-4407703233.404775,1325067802.609592,-204817774.440799,18187912.41906608,-940058.7532300003,16290.94944519156,-38.35300339781852
60,60,60
8928812366.551317,-6230003341.339685,1774323709.63722,-260499401.8419988,21791128.62988853,-1056668.237386734,18653.25390292728,-39.29112878369627
90,60,60
5316411436.714842,-3729861865.61282,1070430969.899155,-156671432.5725988,13227375.7193837,-670620.0708698252,10964.28997127353,-37.10085712080696
0,90,60
-138293451.3359115,56915591.07113156,-194030.2803357057,1965896.752398066,15180.90793258681,-39619.08038466074,-7174.391317284911,-35.96486622969913
30,90,60
3315451691.70351,-2478092415.552893,757840042.5953927,-116716029.8453055,10367389.36490133,-533133.3008135199,4308.906535485097,-44.84116764531877
60,90,60
4496787151.679551,-3320448975.984083,1002088045.787499,-154230979.6073537,13661062.36242016,-705997.0045037289,10062.32743142509,-42.56050418919314
90,90,60
3923461270.310495,-2883740641.707404,866496483.8250215,-132519532.6503793,11781963.41589032,-627486.422419275,9446.099686885742,-37.35011090003221
0,0,90
1705127967.998627,-1461326756.665136,515985381.7813935,-92316735.7599254,9005288.234750813,-503009.4682512354,12547.10262391884,-28.46725514050437
30,0,90
1197670834.995284,-1025897455.925803,363835974.5463834,-64570635.76780734,6202581.303979997,-351167.559917342,8839.166937943268,-23.03923822913256
60,0,90
1489141950.188369,-1275931008.720615,451172840.3484257,-80490335.18224168,7809805.797068695,-438189.6098399438,10963.17010941076,-26.14677044047864
90,0,90
1706349331.572314,-1462291133.092499,516288157.683701,-92364641.64145681,9009271.897971703,-503173.4688609794,12549.79875516254,-28.46840073816439
0,30,90
786307975.7307186,-720094473.5320052,274841525.7527771,-52186913.60551468,5388038.480026739,-328685.4705626146,7832.566060263657,-31.22532438783275
30,30,90
465398965.169685,-430156363.0298334,168155001.1637046,-31727744.25718382,3221982.211652088,-206548.1163345418,4801.511756654958,-25.67946180898736
60,30,90
698033839.7310674,-639530681.3344169,244802147.6235591,-46406361.32257612,4790388.691355671,-297973.8238311795,7341.498732911928,-28.22702991010216
90,30,90
859753185.4726578,-785521343.5951177,298421896.8614314,-56699892.89561912,5890412.087073538,-361793.9569259629,9078.043781134837,-30.25127277876154
0,60,90
224039420.9268036,-223898517.3600579,97474347.77675797,-19903065.77888134,2193820.899675009,-153517.6413855977,1483.054874543415,-37.83154995708323
30,60,90
31608608.5349191,-41724135.13100597,27140252.23457392,-5772279.495775949,635190.5765168112,-63321.80979841226,-681.4653518327915,-31.88949433014452
60,60,90
238653827.7205797,-237535087.4815676,102297888.5799638,-20899986.49530389,2348767.007683835,-171356.8729017829,2739.290355410409,-33.31823703713808
90,60,90
372239972.4607687,-364109200.6509334,151030170.2865611,-30734710.24791874,3462541.975146527,-241011.3036619098,4873.486734877853,-34.77180376477275
0,90,90
286800862.869678,-263473604.509056,104323272.546058,-19713493.23964873,1995583.259052292,-126864.4349988086,-601.7584941125906,-41.52664293301683
30,90,90
89423280.19104134,-78345451.4655965,33559759.39673465,-5657153.383551436,467579.7301343341,-40438.32666519954,-2560.611517799203,-35.29740649034819
60,90,90
286061709.2130033,-267527217.1918583,107504144.5673603,-20851037.68869536,2232401.925540782,-155426.7219795536,1260.233015012799,-36.16175713854405
90,90,90
417897219.4336654,-393917570.2473089,156735201.293972,-30909108.59677575,3387934.396454895,-229144.5430859764,3600.535416655714,-37.32757658630393
0,0,120
3673545874.560333,-2436660382.638592,656969931.0601751,-85625824.93552858,6414210.453275003,-338083.2613597029,7145.112761405599,-29.81638538574195
30,0,120
9914301614.210041,-6615078740.80557,1796730650.938315,-247978150.7618446,19235398.17936094,-881866.5987136378,17564.09036240119,-40.21898781046045
60,0,120
9856731320.109762,-6575584588.624887,1785654338.201558,-246349426.0168341,19102016.36171153,-875968.6092840866,17445.8396759253,-40.09201851664459
90,0,120
7249323760.957506,-4830987697.335771,1310116583.132615,-178664388.4274698,13761329.94360855,-649662.0082762572,13113.8977266358,-35.77135562502953
0,30,120
-1029588351.000702,709157433.2879195,-208607689.2628781,41553188.55332042,-4376522.522785789,201445.5634284873,-8040.507230324402,-37.1881162345728
30,30,120
5842557342.993057,-3879481288.201965,1042113719.563763,-137257722.9540158,9893660.773377314,-418823.3977916797,4585.123561475945,-46.5085652565869
60,30,120
7653933637.25607,-5074438853.630776,1367964009.764804,-185365068.2534574,14048015.42147122,-630169.5540497829,10261.77083409039,-43.71076758195999
90,30,120
7517581451.703525,-4977179257.88707,1344677241.476221,-184323699.3118297,14381672.26320657,-682474.2738204118,12776.20134577386,-36.28519421821932
0,60,120
-2944738528.615533,2033554251.959042,-574732131.5649678,92260885.25192375,-8160979.208354908,372448.7119307735,-15453.82888482025,-40.15410634570948
30,60,120
2108793358.742788,-1516986203.290916,443887952.9061176,-61215704.31046291,4767377.901522477,-223883.4067871375,-2216.903185041357,-48.75482288412966
60,60,120
4363741733.736253,-3088130725.318756,893635912.9080585,-130144055.5280683,10845474.13896113,-535781.4998048306,6564.522621194095,-44.94800124884353
90,60,120
5316754732.386987,-3730172130.750244,1070543934.218754,-156692557.4462307,13229515.09275031,-670731.6164882035,10966.64873782898,-37.10144537907811
0,90,120
-138606340.1052032,57198171.32082384,-297415.260703774,1985527.809112167,13140.00562684477,-39507.95731027323,-7177.003288057921,-35.96267129387446
30,90,120
3314428118.329091,-2477455286.577495,757675793.2123262,-116692850.0451559,10365442.12367588,-533040.8084208431,4307.031605077194,-44.84097122322221
60,90,120
4495982975.111241,-3319860420.964242,1001917402.057486,-154206296.5392957,13659238.33248079,-705936.0013921827,10061.77517874951,-42.56096424894206
90,90,120
3922354484.835212,-2882889705.075791,866235133.2990263,-132478905.2010115,11778637.71541446,-627352.8117111061,9444.079270077855,-37.34987133494904
0,0,150
16314361511785.15,-4250464644391.374,441003267194.5905,-22779853939.89205,630676462.6163566,-8736095.674641747,16171.22131433164,-61.20405511389194
30,0,150
18436823965066.24,-4802522306939.515,499440851705.1711,-26004389119.88717,729049880.881022,-10341487.47707096,27941.14679935182,-63.72812381309129
60,0,150
13554061638483.72,-3533346210217.688,365188092329.527,-18601503556.1828,503341175.1211501,-6659754.10075798,952.3165350186719,-57.96544516501915
90,0,150
13281514448231.43,-3462384470067.86,357658500909.2366,-18184414593.12299,490549817.8649811,-6449710.427334142,-597.8787881140051,-57.62649789376825
0,30,150
6178887629877.414,-1761362274887.771,194284351167.4977,-10006362816.99047,262200881.1009905,-3092854.145629357,-44264.20926846841,-63.99753813144824
30,30,150
7422765606654.66,-2117997718661.015,236451454809.9491,-12671248042.94931,357590226.2830436,-4944131.833561813,-23684.13298664959,-65.34849830125175
60,30,150
10699037847840.49,-2874778732810.761,305556765752.791,-15906835539.59347,440587759.2286979,-6075851.771337319,-6016.006573401792,-57.45351577648959
90,30,150
16535170226422.21,-4307918998008.706,449303550103.3793,-23562755491.44069,672208885.3405217,-9978441.979668099,37334.02071562045,-53.82569503093774
0,60,150
4492173477631.546,-1416289415224.779,174526621802.7924,-10355921748.30202,334632983.7560725,-5966140.84143374,-2295.643006635642,-56.6357445673091
30,60,150
5242373042126.18,-1647196494257.553,203993891855.8868,-12389657187.49973,414725366.0015081,-7644195.186558292,19775.91064222184,-57.62462646624645
60,60,150
14710628034309.95,-3989407614308.187,435196941176.5667,-24069712323.17283,734093224.8611507,-12122210.18983608,60807.495025546,-50.01143204346205
90,60,150
24240074606523.53,-6273363881228.184,657111048593.3646,-35374496089.53848,1057016482.24011,-17182622.17013783,112002.0756602063,-46.33482404728852
0,90,150
6436323218062.982,-2030982778094.612,257203313760.9782,-16481797392.93634,592098102.0448625,-12016679.4713899,85088.3097986642,-45.9896511066394
30,90,150
11944367297636.84,-3487066107218.382,411911992893.5946,-24942296148.17068,844303415.7446926,-15912064.17738318,115213.9298093114,-48.54875726442032
60,90,150
17809698145164.85,-4864564256787.384,538458205510.8051,-30690392598.47188,977432229.1756512,-17221019.84172579,125591.3684873718,-42.77541014959448
90,90,150
18345414868657.96,-5001355835557.218,552416240224.4515,-31445022518.83501,1001191599.455149,-17603034.34859159,132526.1023705367,-41.95593498746312
0,0,180
52128400242516.43,-12447175118162.61,1197784520171.016,-46224170695.41397,803858640.2723689,-6032211.954929159,-135779.0750446658,-69.48450974941994
30,0,180
52128530607444.76,-12447196139240.93,1197785879751.182,-46224215806.43607,803859449.3525641,-6032219.343454201,-135779.0489610773,-69.48450918290783
60,0,180
52128575115068.08,-12447202569848.62,1197786235503.657,-46224225342.37409,803859583.1191278,-6032220.429430506,-135779.0436873741,-69.48450975552328
90,0,180
52128658909507.98,-12447217216709.19,1197787238110.989,-46224258975.96267,803860142.4656487,-6032224.374455898,-135779.0385526175,-69.48450834697945
0,30,180
139852052988366.8,-28144374569433.23,2363966601031.338,-93336596988.61226,1919174947.723739,-20642294.05426717,-12427.48257173717,-63.31786841553387
30,30,180
139851892651005.6,-28144347593401.26,2363964800018.768,-93336536480.58156,1919173879.143839,-20642284.69561223,-12427.51488431254,-63.31786767282177
60,30,180
139852052988366.8,-28144374569433.23,2363966601031.338,-93336596988.61226,1919174947.723739,-20642294.05426717,-12427.48257173717,-63.31786841553387
90,30,180
139852077474373,-28144378717782.81,2363966882650.32,-93336606743.14685,1919175128.656928,-20642295.75722472,-12427.47607292774,-63.31786860153802
0,60,180
785580088212739,-129391390356134.9,8812556663941.35,-309395635347.7706,6027861910.265133,-63868704.6973656,268934.8323833534,-51.82872787977242
30,60,180
785579813153435,-129391347658793.8,8812554023643.213,-309395552799.1331,6027860544.765905,-63868693.32738268,268934.79258672,-51.82872598119221
60,60,180
785579892048641,-129391360170427.7,8812554851919.787,-309395582198.2795,6027861139.335711,-63868699.95255351,268934.8263898912,-51.82872880496824
90,60,180
785580031701631,-129391377663244.7,8812555623086.912,-309395594323.4846,6027861085.300025,-63868696.64058129,268934.8009665531,-51.82872667135467
0,90,180
2162763436985461,-319030292116590,19317899682591.51,-609769131402.8712,10758744298.77971,-103964493.4296014,458492.1538286679,-47.00448356880201
30,90,180
2162764369215299,-319030428562310.6,19317907711706.04,-609769372508.996,10758748144.38083,-103964523.6156409,458492.2409549183,-47.00448423066869
60,90,180
2162763634957159,-319030320533978.6,19317901313344.19,-609769178885.4342,10758745032.00286,-103964499.1206196,458492.1723175314,-47.00448471793271
90,90,180
2162764156225263,-319030394164006.1,19317905445268.64,-609769294822.604,10758746691.13524,-103964509.6340908,458492.1866001836,-47.00448254869418
