4D 
0,0,0
-9526571345.741526,5729914713.31032,-1336140042.404303,154542415.4345587,-8863798.049672401,182052.836188809,741.4925281295881,1.415579158844775
30,0,0
-4076759866.328175,2307287478.137849,-485438205.4737589,48863493.77675657,-2112145.019360189,-16235.05792501116,2393.193606984549,1.85640559584165
60,0,0
-3157621371.934737,1741811312.809376,-349561198.8908762,32736729.65534917,-1103383.592538503,-51927.55978818033,3148.798071167806,1.918560591489243
90,0,0
-8347618323.286072,5102741875.701052,-1224254015.652874,149077963.1562508,-9368004.610282531,242122.179527828,-920.7988629869203,1.990146825763665
0,30,0
-17841549929.32931,11597744564.6743,-2977902513.601456,385484362.8843166,-26018118.09785718,821753.2200179859,-9804.41603306945,2.269907226404549
30,30,0
-17237916144.59642,11018059825.2855,-2774374857.448669,351479644.2237755,-23167691.34759337,711415.7190123396,-8341.625617445201,2.18438741338882
60,30,0
-9618902237.53499,5805199316.18716,-1359350996.66428,158732998.4115358,-9434680.986021567,228062.7804228887,-1648.578235398628,0.8502044322843596
90,30,0
-6372267852.004169,3463129804.661688,-711129848.8258754,71828932.83673938,-3587047.850979385,44254.26402126642,376.1975713587648,0.8278193659039753
0,60,0
-8562143500.36934,6019005477.96087,-1673927974.314117,236816081.6492101,-17748166.94402186,639552.3001243162,-11300.81814923985,0.3539586646770984
30,60,0
-4077585672.172186,2661745399.989954,-678239343.5328698,88061792.96462472,-6013786.398898704,177902.5336693289,-4130.162998943604,-1.213372655467959
60,60,0
-6270947166.351829,4320245648.431434,-1180144417.059529,165467810.3605527,-12377811.02109998,438712.7371447849,-8219.633815581288,-0.6429888355126968
90,60,0
-2319703557.694966,1345702554.346881,-302007586.1579273,37115886.35626291,-2752041.472226519,95382.87719751058,-3788.74435472869,-1.217222181190307
0,90,0
-3153102383.423617,2271037762.903503,-649655687.0022888,96827468.75142214,-7814470.04711758,297556.9359462996,-7643.580476543312,-1.724399830053815
30,90,0
-2405773994.289432,1710963013.475079,-490809557.0190289,75941012.92830518,-6613824.813408813,282084.614666078,-8299.671299253647,-0.6576507830528205
60,90,0
-2044390877.771837,1475570075.585233,-434047961.6209527,69814690.36721039,-6344530.818817878,280330.3170087578,-8377.14425690057,-0.589456426020223
90,90,0
-647176693.6354477,355967430.2740623,-72258050.26743901,9724032.669665568,-959912.8693550753,34184.58294019756,-3807.604877263463,-2.489852793407669
0,0,30
-1815588760.105339,735045086.6995765,-56443247.30821938,-10167638.25902121,2154091.676649555,-170547.2625911896,3942.630939863353,-0.3397277479057497
30,0,30
-1178812248.360668,420106131.4389574,-15575154.03242859,-7414372.781086245,1111251.140155602,-89339.45710820847,1847.648326296695,0.3565546081558227
60,0,30
-1483831910.31727,737689946.1205468,-136153932.0179202,14390504.80405986,-877756.4087031711,-1664.080957799907,333.4720018587953,0.6408952810526592
90,0,30
-1521347116.784983,790260177.4415742,-157905645.540007,18298781.19837211,-1194732.246400526,8203.676740411542,244.4536076196222,1.030619245791879
0,30,30
-7421251573.649336,5004518509.729916,-1332609565.950284,180872219.5849514,-12990843.12963863,437280.7504203515,-7561.597564446646,0.2414258291859041
30,30,30
-6227983625.357079,4056026185.84233,-1040722483.112464,137541790.7794152,-9874564.782547569,345176.7366718104,-6841.135106327855,0.7077565526159771
60,30,30
-7491567104.846572,4843311436.096569,-1233591971.035452,161006349.149106,-11302968.7460503,381310.9423601779,-6584.862145154805,0.9650352374452668
90,30,30
-4046097710.897173,2372763479.408639,-536938332.9294738,62176570.15151134,-3818090.458520296,92117.10684207173,-1651.282253304541,0.7130899161103674
0,60,30
-5762908333.296923,4233642871.50387,-1241141310.259254,187623359.1344346,-15242823.02789845,604471.3183124958,-12416.84012006756,-0.4336571002453255
30,60,30
-4495566074.301617,3198755747.924147,-911896464.5912132,136249172.7703946,-11187470.40905799,455171.0349790939,-10307.37341536218,-0.3817479138139621
60,60,30
-3042406059.594928,2067789681.042442,-564419644.5370598,82441320.25510739,-6749461.125216843,269570.0636752679,-6835.856063001286,-1.168674879961721
90,60,30
-1824646208.936764,1154951950.869032,-289317856.6046152,39389087.21551124,-3036008.374445087,104778.9105764372,-3624.872187940457,-0.9913741097571525
0,90,30
-2920429939.708648,2091718640.041181,-599234852.6332755,89998939.56233245,-7317972.727132286,280257.7859664533,-6522.43623574246,-1.317356679204934
30,90,30
-3029770757.586354,2167122291.271714,-626673661.5114825,96752252.56279925,-8314648.305994011,353153.1988779351,-8523.730182417417,-0.3338857501536453
60,90,30
-2820684053.727395,2031887638.614544,-590287555.2140788,91451528.44720207,-7889706.495258934,337047.4550117704,-8460.484747326724,-0.4095363578583462
90,90,30
-1844096420.396256,1287783900.782698,-356678907.7714171,52521645.86680458,-4271132.564614034,162497.0210771943,-5165.61542993587,-1.307276336294533
0,0,60
-927494254.798479,524377973.8902522,-109874098.2559825,13925354.23885823,-1259454.240217502,48204.83727289976,-2857.668015112813,-1.579919950593357
30,0,60
-1885783824.152659,1258346829.087229,-334873338.0151947,48834880.74880143,-4113809.282412729,163702.3535985129,-4632.698789970565,-1.488363513997974
60,0,60
-2832654220.756891,2028232479.603041,-579156101.4391903,86850964.55058721,-7107512.637487824,274750.6805173621,-6185.598222345018,-1.390510401690568
90,0,60
-3008599952.748102,2137408385.726855,-604348130.6705232,89617315.91725338,-7285207.455817996,284928.1337724428,-6587.584309616363,-0.3119469132743594
0,30,60
-3748785829.69599,2704070797.086717,-772915386.7438477,114131698.8590373,-9101488.191327784,348914.2101582457,-7994.86758160578,-1.272517373155097
30,30,60
-3071065408.907078,2120816976.886013,-578436756.4853863,82576092.30350569,-6548951.383665827,256213.2328315688,-6816.180362412216,-1.253754335397929
60,30,60
-5865298460.532558,4321358191.409005,-1269159187.537784,192228101.8333733,-15719895.12658191,634291.4335256562,-12513.84825317859,0.1135891215373232
90,30,60
-3123402968.732103,2198942714.715081,-620100719.2879071,92495292.68672544,-7641539.058619596,308540.8045876545,-6943.211266256229,-0.3970036596748755
0,60,60
-4039614300.50741,3010656525.162156,-896675263.5990844,138556963.0212147,-11645288.17823057,488818.8773787481,-10576.21739026009,0.8130485144202538
30,60,60
-4075108901.807811,3004155896.179034,-884051552.0441452,134924458.4915134,-11189487.85357155,460536.5330814553,-9815.492025366186,0.4963064838202503
60,60,60
-4084349637.041857,3009260338.187955,-883705585.0587749,134183032.5969921,-11005276.56383349,442843.0313636595,-9052.213142438031,-0.1200922791445269
90,60,60
735462813.3780558,-588943609.2826562,183142365.1693359,-25618332.21197307,1660703.547782943,-58042.05826719463,-869.0502231529299,-1.354048781845665
0,90,60
-3462783610.950972,2466523485.025251,-698026332.7989979,102133353.6996833,-8053365.258426191,307872.4815027253,-5649.626422333105,0.715636550344306
30,90,60
-3306875377.396688,2380595875.774263,-684790889.1831847,102735015.8827617,-8393417.202832201,336591.7575155768,-6453.534180567167,0.6231290320989038
60,90,60
-1799058403.117688,1311699271.27671,-384504618.8863238,60313738.07458717,-5256994.709833615,222763.5012555332,-5084.416580594319,-0.1603518195656768
90,90,60
233146.4808960995,12097548.13417703,-9693479.787159843,5197834.184426803,-913514.4106826889,49513.25810287852,-2487.85800950142,-0.6184462526335902
0,0,90
-19482787.35716335,21923732.8971871,-12169334.72852373,6855716.513550753,-1434670.917210364,101442.7002726259,-5508.757649149059,-1.69804896922479
30,0,90
542086742.0971323,-450434086.4614009,144841787.3091361,-19353232.722749,866238.1759443828,1336.411810907987,-3815.064515960583,-2.230002360487309
60,0,90
290839315.1668528,-227014907.5015255,68123211.18767671,-6510154.604375239,-216656.7898479514,43410.72721068781,-4362.649601093241,-2.260980972745077
90,0,90
-4996655011.643726,3964656498.06608,-1250422382.40779,202460954.440992,-17668375.62448975,768001.8039170731,-16237.48387255981,1.062109725407773
0,30,90
-3957088910.879645,2970772405.673285,-883735365.3519423,135179848.9439586,-11169024.83925161,454262.0832662521,-9475.295274361655,-0.9118727552394378
30,30,90
-3890131761.852505,2940521868.115957,-879474894.2712129,135074942.1960206,-11194261.04828247,456859.9007242704,-9595.577124897107,-0.7863542580219498
60,30,90
-3604284116.86283,2779961915.486516,-850456606.0323343,134114797.4916153,-11440478.77897144,480969.2843592126,-10313.50419444238,-0.4633345329451275
90,30,90
-2921912805.151865,2282282438.783456,-708604066.6788623,114387756.2871638,-10106095.08477309,445600.309420198,-10300.32941158881,-0.1975302212179008
0,60,90
-2821069016.724436,2052423150.526695,-591829843.0334337,88483063.86668068,-7221790.541498181,292705.5989200953,-5824.074802349829,1.103339887689188
30,60,90
-2270613248.72636,1657970200.817056,-476936148.0765968,70942960.2124425,-5729576.502555083,224772.1244922963,-4584.182341470534,0.07391120488295774
60,60,90
-246807683.5569978,194062183.7147515,-56629124.82040365,10155973.94135695,-1117083.364932868,53155.77252355589,-2371.945677440762,-0.8233489039158212
90,60,90
2388313473.91406,-1717454527.289838,490732248.4937174,-68274912.96263677,4739044.139756448,-159659.1222449853,481.482795208589,-1.511726893733217
0,90,90
1236101855.496304,-928833769.2667716,284311414.7440226,-42761923.8884566,3303774.577454011,-134087.8965987054,1760.200775168312,-0.08376716641715394
30,90,90
-3229938490.646615,2295566974.525918,-639798059.3449241,90719706.85419178,-6852470.437932854,248398.5950157175,-3959.489700348395,0.6059901093519199
60,90,90
-2973834406.391492,2161307581.648592,-616914231.5819679,89773379.75803386,-6971066.599596974,260865.5580791342,-4584.289180822623,0.2950254839040303
90,90,90
-1620606279.402385,1264017508.726525,-386239366.1316882,60675407.17477953,-5090741.914940959,202212.2044172676,-4063.307678162907,0.08356998336065344
0,0,120
-5724739506.376134,4246061330.944453,-1257667626.502252,192178581.7909694,-15803584.65151407,636620.0302243909,-12281.22627985549,1.276538644681962
30,0,120
-3769020976.08916,2803534300.488818,-832929256.911006,129149124.9117703,-10917019.78645146,452607.9480389248,-9697.361459771084,0.7439578100684652
60,0,120
-2618337531.824147,1983487650.067874,-602726713.0907925,97023640.17121679,-8600362.324142464,370946.9769783167,-8533.26506889013,0.589323922037247
90,0,120
-1191882352.607347,960851459.8680466,-313183888.6304886,55803927.12194043,-5521521.749586237,258858.9793722591,-7032.2642375567,0.5336697817758075
0,30,120
-5760411183.922103,3902623058.752729,-1047214434.60158,144127796.5494602,-10583851.74798648,366364.9663324257,-5515.326092967836,0.5632625004959722
30,30,120
-3144885488.765821,2181311384.404274,-598373904.4386607,85014625.12102698,-6462470.137148679,223751.6865563476,-3764.597522310763,-0.443020543162243
60,30,120
-4911033377.285129,3572814194.852202,-1030294904.410815,152272678.3858671,-11982965.37856734,448694.9280181057,-7741.244460882468,0.03770028804493913
90,30,120
-1489088988.16744,1176366366.46481,-368035855.9102052,60925917.16099337,-5487258.588432508,230315.3532618607,-5681.905632578116,-0.6330727048993684
0,60,120
-4216684478.084702,2980169420.766269,-839424246.7934115,121952619.0760449,-9446577.20133963,345709.609326284,-5038.433753421578,1.443994808793543
30,60,120
-3529336894.01785,2494692604.608389,-701553488.4584936,102016612.3347301,-7927333.840375156,289114.6082730521,-4410.1919587977,0.3796776867599911
60,60,120
-1414059339.054126,1005799866.003616,-283427042.5079004,42841328.51126609,-3583522.967113907,137533.1215999905,-3055.091225124718,-0.1962583365035168
90,60,120
-2090655254.585199,1557235452.033132,-459611646.5003513,71055815.7846569,-5995062.147617465,243081.5277799386,-5509.099419709529,-0.5466419141913816
0,90,120
-785481065.5869616,584010433.2666886,-177916479.4124816,30358047.29438756,-2881273.460869682,124082.2538520999,-3052.07065371,0.07178017504225744
30,90,120
-2210095368.298913,1580034570.321599,-453192489.3103772,68784694.80193275,-5740831.037868395,232631.0151806748,-4893.114847162634,0.4960737056538665
60,90,120
-2804865069.994961,2009426074.121848,-575283159.9683784,86311731.96275063,-7088808.855445348,285212.9229354457,-5945.350711209645,0.6428330849619293
90,90,120
-2122368568.732275,1578524849.863254,-469651089.6531503,73591107.98758473,-6303343.027335512,260663.4346283013,-5672.760874181145,0.003449730815986315
0,0,150
-8647937752.80517,5522000388.457085,-1402174498.909847,182157267.0844727,-12415803.98353438,381352.2059342852,-4428.309459681257,1.565267876983309
30,0,150
-7407866307.296845,4841219421.961119,-1261192934.932743,169303919.2384449,-12036078.23301343,391474.3236042086,-5007.000551699512,1.603135019389301
60,0,150
-5128177901.129079,3422628957.604542,-917085499.4216175,128390863.5555897,-9559990.759471478,317739.1600766994,-4030.529909884689,1.224621939004614
90,0,150
-3346710107.852173,2264195064.07016,-617957519.7614477,89140392.10209291,-6806309.814015135,221465.6956872442,-2751.623468556666,1.133967302990609
0,30,150
-15346447089.53921,9671082796.340765,-2402429622.754893,301038283.9890781,-19687787.92104714,597448.3054286034,-6270.221594712507,2.302655357693111
30,30,150
-8181366395.726774,5143840927.522171,-1269771830.003944,158414412.1909684,-10221051.98772058,284446.0412568264,-2300.564886612548,1.007618797257777
60,30,150
-8879241387.033693,5692173116.135992,-1438815914.408221,184679245.636819,-12382073.29987006,371106.0321926211,-3968.057843173614,0.5121559165654175
90,30,150
-5727092761.539815,3804612360.215534,-995852708.5833323,133174007.0588389,-9352473.389241621,292490.0615583328,-4028.473489493173,0.1890510407395978
0,60,150
-8468520107.631445,5780427268.236927,-1570855680.217551,218858897.3906747,-16245395.00143866,581182.9577530872,-8955.564435155973,1.710241981479894
30,60,150
-7191798067.503542,4810463416.813964,-1281787345.618315,176243818.1207083,-13016103.996095,462456.9298090758,-7429.174574045428,0.9017384777286116
60,60,150
-6892268952.054143,4620292049.684476,-1226450913.102422,167204271.7462646,-12240033.77345387,431548.1437296085,-7488.730120838727,0.7515181779343189
90,60,150
-7524816314.439354,5287942490.883354,-1468289190.564838,207532355.6045517,-15580556.14811742,564583.6393550955,-10079.23291778001,0.5050394595905795
0,90,150
-2308613017.193787,1675303956.269394,-484203136.6186801,73406067.53388505,-6017827.710724247,229565.8614054401,-5793.463320537075,-0.8709774229624855
30,90,150
-2891306786.39859,2056453422.002453,-584291339.2003373,87100379.46492392,-7074734.017891538,276339.6297355377,-6889.863919022715,-0.4016864188327377
60,90,150
-2956434273.199998,2073851333.847877,-579625863.4641536,85085794.37903038,-6863641.667588363,270222.32530705,-7061.810345038184,-0.3422046244506959
90,90,150
-4489373952.940959,3268621983.23396,-942837045.2776793,139570777.5869967,-11043898.39652702,419814.2728729228,-8872.277936565017,-0.5791474833393391
0,0,180
-13053239477.16214,7390462224.705238,-1629519943.393443,179349846.8135552,-10036591.42805021,225529.9768452759,-472.0927508848638,2.315594127172985
30,0,180
-19279571826.85618,11668099096.54523,-2776788451.765526,332348420.788758,-20669385.49393541,587611.8825181453,-5196.188252082924,3.074993721499116
60,0,180
-3939013418.128536,2307160775.257198,-512326698.0171825,56332575.4302586,-2890162.978853118,13351.24016241551,2297.086596208816,1.5604873635667
90,0,180
-3425223106.6796,1949175290.290476,-412299255.9042359,42076510.7302174,-1812976.889247208,-26132.36645231254,2802.687831029433,1.411966793058497
0,30,180
-16154052361.95662,9723817883.273548,-2286389974.77426,269080185.1460751,-16413735.97945849,454165.408849806,-4653.312147112,1.675604554373643
30,30,180
-18189898154.33011,11366431698.68802,-2786858852.125535,342667501.4020789,-21876437.75778285,645106.3650474477,-7169.943930183642,2.038178900595839
60,30,180
-16671728405.44819,10304132997.63355,-2494485463.802827,302298729.1283152,-18924577.67830583,536143.9746447818,-5512.419026501702,1.337087743878284
90,30,180
-16094508362.92324,9854752802.363214,-2358772086.37258,281964486.6520416,-17352928.75928232,479130.303441342,-4792.870976861115,1.085289451568298
0,60,180
-2955055232.997564,1758555157.7213,-394079197.155675,43948798.1509237,-2516347.102488425,46749.20086912636,-2329.791456676262,-1.318019382317781
30,60,180
-1458799152.448824,635606409.5509986,-62373439.78361418,-5077196.221465683,1278949.500451077,-98707.1431796262,-161.5957129893126,-1.600704401504798
60,60,180
6557323963.569914,-5711815219.899611,1923698554.912976,-316790974.1007734,26947389.05395187,-1145271.169403812,16574.9200075398,-5.456609474916407
90,60,180
2752213807.310429,-2761066261.858993,1013649200.674474,-174981196.5409583,15275968.84872554,-667026.0585430416,8905.769510428991,-3.862690632985265
0,90,180
-755660116.9974325,444180792.7075473,-100500219.2800269,14221880.58956744,-1327212.898336295,47885.34596466959,-3942.350375757217,-2.703590357949164
30,90,180
-1112488340.913589,666021884.1681589,-152524118.6336363,20047848.76376104,-1671849.545588518,60735.2750995236,-4236.941823068359,-2.525984692346118
60,90,180
-1989567655.351924,1289731049.30521,-327411381.3982386,44723560.26453679,-3508489.702500484,127338.8300195922,-5118.194335728547,-2.183928848871028
90,90,180
-4071836965.249966,2810994067.998966,-761153352.3890994,105704387.4235094,-7864035.794759312,270218.7094814279,-6574.038153681231,-2.506638513662241
4D 
0,0,0
-9526571345.741526,5729914713.31032,-1336140042.404303,154542415.4345587,-8863798.049672401,182052.836188809,741.4925281295881,1.415579158844775
30,0,0
-4076759866.328175,2307287478.137849,-485438205.4737589,48863493.77675657,-2112145.019360189,-16235.05792501116,2393.193606984549,1.85640559584165
60,0,0
-3157621371.934737,1741811312.809376,-349561198.8908762,32736729.65534917,-1103383.592538503,-51927.55978818033,3148.798071167806,1.918560591489243
90,0,0
-8347618323.286072,5102741875.701052,-1224254015.652874,149077963.1562508,-9368004.610282531,242122.179527828,-920.7988629869203,1.990146825763665
0,30,0
-17841549929.32931,11597744564.6743,-2977902513.601456,385484362.8843166,-26018118.09785718,821753.2200179859,-9804.41603306945,2.269907226404549
30,30,0
-17237916144.59642,11018059825.2855,-2774374857.448669,351479644.2237755,-23167691.34759337,711415.7190123396,-8341.625617445201,2.18438741338882
60,30,0
-9618902237.53499,5805199316.18716,-1359350996.66428,158732998.4115358,-9434680.986021567,228062.7804228887,-1648.578235398628,0.8502044322843596
90,30,0
-6372267852.004169,3463129804.661688,-711129848.8258754,71828932.83673938,-3587047.850979385,44254.26402126642,376.1975713587648,0.8278193659039753
0,60,0
-8562143500.36934,6019005477.96087,-1673927974.314117,236816081.6492101,-17748166.94402186,639552.3001243162,-11300.81814923985,0.3539586646770984
30,60,0
-4077585672.172186,2661745399.989954,-678239343.5328698,88061792.96462472,-6013786.398898704,177902.5336693289,-4130.162998943604,-1.213372655467959
60,60,0
-6270947166.351829,4320245648.431434,-1180144417.059529,165467810.3605527,-12377811.02109998,438712.7371447849,-8219.633815581288,-0.6429888355126968
90,60,0
-2319703557.694966,1345702554.346881,-302007586.1579273,37115886.35626291,-2752041.472226519,95382.87719751058,-3788.74435472869,-1.217222181190307
0,90,0
-3153102383.423617,2271037762.903503,-649655687.0022888,96827468.75142214,-7814470.04711758,297556.9359462996,-7643.580476543312,-1.724399830053815
30,90,0
-2405773994.289432,1710963013.475079,-490809557.0190289,75941012.92830518,-6613824.813408813,282084.614666078,-8299.671299253647,-0.6576507830528205
60,90,0
-2044390877.771837,1475570075.585233,-434047961.6209527,69814690.36721039,-6344530.818817878,280330.3170087578,-8377.14425690057,-0.589456426020223
90,90,0
-647176693.6354477,355967430.2740623,-72258050.26743901,9724032.669665568,-959912.8693550753,34184.58294019756,-3807.604877263463,-2.489852793407669
0,0,30
-1815588760.105339,735045086.6995765,-56443247.30821938,-10167638.25902121,2154091.676649555,-170547.2625911896,3942.630939863353,-0.3397277479057497
30,0,30
-1178812248.360668,420106131.4389574,-15575154.03242859,-7414372.781086245,1111251.140155602,-89339.45710820847,1847.648326296695,0.3565546081558227
60,0,30
-1483831910.31727,737689946.1205468,-136153932.0179202,14390504.80405986,-877756.4087031711,-1664.080957799907,333.4720018587953,0.6408952810526592
90,0,30
-1521347116.784983,790260177.4415742,-157905645.540007,18298781.19837211,-1194732.246400526,8203.676740411542,244.4536076196222,1.030619245791879
0,30,30
-7421251573.649336,5004518509.729916,-1332609565.950284,180872219.5849514,-12990843.12963863,437280.7504203515,-7561.597564446646,0.2414258291859041
30,30,30
-6227983625.357079,4056026185.84233,-1040722483.112464,137541790.7794152,-9874564.782547569,345176.7366718104,-6841.135106327855,0.7077565526159771
60,30,30
-7491567104.846572,4843311436.096569,-1233591971.035452,161006349.149106,-11302968.7460503,381310.9423601779,-6584.862145154805,0.9650352374452668
90,30,30
-4046097710.897173,2372763479.408639,-536938332.9294738,62176570.15151134,-3818090.458520296,92117.10684207173,-1651.282253304541,0.7130899161103674
0,60,30
-5762908333.296923,4233642871.50387,-1241141310.259254,187623359.1344346,-15242823.02789845,604471.3183124958,-12416.84012006756,-0.4336571002453255
30,60,30
-4495566074.301617,3198755747.924147,-911896464.5912132,136249172.7703946,-11187470.40905799,455171.0349790939,-10307.37341536218,-0.3817479138139621
60,60,30
-3042406059.594928,2067789681.042442,-564419644.5370598,82441320.25510739,-6749461.125216843,269570.0636752679,-6835.856063001286,-1.168674879961721
90,60,30
-1824646208.936764,1154951950.869032,-289317856.6046152,39389087.21551124,-3036008.374445087,104778.9105764372,-3624.872187940457,-0.9913741097571525
0,90,30
-2920429939.708648,2091718640.041181,-599234852.6332755,89998939.56233245,-7317972.727132286,280257.7859664533,-6522.43623574246,-1.317356679204934
30,90,30
-3029770757.586354,2167122291.271714,-626673661.5114825,96752252.56279925,-8314648.305994011,353153.1988779351,-8523.730182417417,-0.3338857501536453
60,90,30
-2820684053.727395,2031887638.614544,-590287555.2140788,91451528.44720207,-7889706.495258934,337047.4550117704,-8460.484747326724,-0.4095363578583462
90,90,30
-1844096420.396256,1287783900.782698,-356678907.7714171,52521645.86680458,-4271132.564614034,162497.0210771943,-5165.61542993587,-1.307276336294533
0,0,60
-927494254.798479,524377973.8902522,-109874098.2559825,13925354.23885823,-1259454.240217502,48204.83727289976,-2857.668015112813,-1.579919950593357
30,0,60
-1885783824.152659,1258346829.087229,-334873338.0151947,48834880.74880143,-4113809.282412729,163702.3535985129,-4632.698789970565,-1.488363513997974
60,0,60
-2832654220.756891,2028232479.603041,-579156101.4391903,86850964.55058721,-7107512.637487824,274750.6805173621,-6185.598222345018,-1.390510401690568
90,0,60
-3008599952.748102,2137408385.726855,-604348130.6705232,89617315.91725338,-7285207.455817996,284928.1337724428,-6587.584309616363,-0.3119469132743594
0,30,60
-3748785829.69599,2704070797.086717,-772915386.7438477,114131698.8590373,-9101488.191327784,348914.2101582457,-7994.86758160578,-1.272517373155097
30,30,60
-3071065408.907078,2120816976.886013,-578436756.4853863,82576092.30350569,-6548951.383665827,256213.2328315688,-6816.180362412216,-1.253754335397929
60,30,60
-5865298460.532558,4321358191.409005,-1269159187.537784,192228101.8333733,-15719895.12658191,634291.4335256562,-12513.84825317859,0.1135891215373232
90,30,60
-3123402968.732103,2198942714.715081,-620100719.2879071,92495292.68672544,-7641539.058619596,308540.8045876545,-6943.211266256229,-0.3970036596748755
0,60,60
-4039614300.50741,3010656525.162156,-896675263.5990844,138556963.0212147,-11645288.17823057,488818.8773787481,-10576.21739026009,0.8130485144202538
30,60,60
-4075108901.807811,3004155896.179034,-884051552.0441452,134924458.4915134,-11189487.85357155,460536.5330814553,-9815.492025366186,0.4963064838202503
60,60,60
-4084349637.041857,3009260338.187955,-883705585.0587749,134183032.5969921,-11005276.56383349,442843.0313636595,-9052.213142438031,-0.1200922791445269
90,60,60
735462813.3780558,-588943609.2826562,183142365.1693359,-25618332.21197307,1660703.547782943,-58042.05826719463,-869.0502231529299,-1.354048781845665
0,90,60
-3462783610.950972,2466523485.025251,-698026332.7989979,102133353.6996833,-8053365.258426191,307872.4815027253,-5649.626422333105,0.715636550344306
30,90,60
-3306875377.396688,2380595875.774263,-684790889.1831847,102735015.8827617,-8393417.202832201,336591.7575155768,-6453.534180567167,0.6231290320989038
60,90,60
-1799058403.117688,1311699271.27671,-384504618.8863238,60313738.07458717,-5256994.709833615,222763.5012555332,-5084.416580594319,-0.1603518195656768
90,90,60
233146.4808960995,12097548.13417703,-9693479.787159843,5197834.184426803,-913514.4106826889,49513.25810287852,-2487.85800950142,-0.6184462526335902
0,0,90
-19482787.35716335,21923732.8971871,-12169334.72852373,6855716.513550753,-1434670.917210364,101442.7002726259,-5508.757649149059,-1.69804896922479
30,0,90
542086742.0971323,-450434086.4614009,144841787.3091361,-19353232.722749,866238.1759443828,1336.411810907987,-3815.064515960583,-2.230002360487309
60,0,90
290839315.1668528,-227014907.5015255,68123211.18767671,-6510154.604375239,-216656.7898479514,43410.72721068781,-4362.649601093241,-2.260980972745077
90,0,90
-4996655011.643726,3964656498.06608,-1250422382.40779,202460954.440992,-17668375.62448975,768001.8039170731,-16237.48387255981,1.062109725407773
0,30,90
-3957088910.879645,2970772405.673285,-883735365.3519423,135179848.9439586,-11169024.83925161,454262.0832662521,-9475.295274361655,-0.9118727552394378
30,30,90
-3890131761.852505,2940521868.115957,-879474894.2712129,135074942.1960206,-11194261.04828247,456859.9007242704,-9595.577124897107,-0.7863542580219498
60,30,90
-3604284116.86283,2779961915.486516,-850456606.0323343,134114797.4916153,-11440478.77897144,480969.2843592126,-10313.50419444238,-0.4633345329451275
90,30,90
-2921912805.151865,2282282438.783456,-708604066.6788623,114387756.2871638,-10106095.08477309,445600.309420198,-10300.32941158881,-0.1975302212179008
0,60,90
-2821069016.724436,2052423150.526695,-591829843.0334337,88483063.86668068,-7221790.541498181,292705.5989200953,-5824.074802349829,1.103339887689188
30,60,90
-2270613248.72636,1657970200.817056,-476936148.0765968,70942960.2124425,-5729576.502555083,224772.1244922963,-4584.182341470534,0.07391120488295774
60,60,90
-246807683.5569978,194062183.7147515,-56629124.82040365,10155973.94135695,-1117083.364932868,53155.77252355589,-2371.945677440762,-0.8233489039158212
90,60,90
2388313473.91406,-1717454527.289838,490732248.4937174,-68274912.96263677,4739044.139756448,-159659.1222449853,481.482795208589,-1.511726893733217
0,90,90
1236101855.496304,-928833769.2667716,284311414.7440226,-42761923.8884566,3303774.577454011,-134087.8965987054,1760.200775168312,-0.08376716641715394
30,90,90
-3229938490.646615,2295566974.525918,-639798059.3449241,90719706.85419178,-6852470.437932854,248398.5950157175,-3959.489700348395,0.6059901093519199
60,90,90
-2973834406.391492,2161307581.648592,-616914231.5819679,89773379.75803386,-6971066.599596974,260865.5580791342,-4584.289180822623,0.2950254839040303
90,90,90
-1620606279.402385,1264017508.726525,-386239366.1316882,60675407.17477953,-5090741.914940959,202212.2044172676,-4063.307678162907,0.08356998336065344
0,0,120
-5724739506.376134,4246061330.944453,-1257667626.502252,192178581.7909694,-15803584.65151407,636620.0302243909,-12281.22627985549,1.276538644681962
30,0,120
-3769020976.08916,2803534300.488818,-832929256.911006,129149124.9117703,-10917019.78645146,452607.9480389248,-9697.361459771084,0.7439578100684652
60,0,120
-2618337531.824147,1983487650.067874,-602726713.0907925,97023640.17121679,-8600362.324142464,370946.9769783167,-8533.26506889013,0.589323922037247
90,0,120
-1191882352.607347,960851459.8680466,-313183888.6304886,55803927.12194043,-5521521.749586237,258858.9793722591,-7032.2642375567,0.5336697817758075
0,30,120
-5760411183.922103,3902623058.752729,-1047214434.60158,144127796.5494602,-10583851.74798648,366364.9663324257,-5515.326092967836,0.5632625004959722
30,30,120
-3144885488.765821,2181311384.404274,-598373904.4386607,85014625.12102698,-6462470.137148679,223751.6865563476,-3764.597522310763,-0.443020543162243
60,30,120
-4911033377.285129,3572814194.852202,-1030294904.410815,152272678.3858671,-11982965.37856734,448694.9280181057,-7741.244460882468,0.03770028804493913
90,30,120
-1489088988.16744,1176366366.46481,-368035855.9102052,60925917.16099337,-5487258.588432508,230315.3532618607,-5681.905632578116,-0.6330727048993684
0,60,120
-4216684478.084702,2980169420.766269,-839424246.7934115,121952619.0760449,-9446577.20133963,345709.609326284,-5038.433753421578,1.443994808793543
30,60,120
-3529336894.01785,2494692604.608389,-701553488.4584936,102016612.3347301,-7927333.840375156,289114.6082730521,-4410.1919587977,0.3796776867599911
60,60,120
-1414059339.054126,1005799866.003616,-283427042.5079004,42841328.51126609,-3583522.967113907,137533.1215999905,-3055.091225124718,-0.1962583365035168
90,60,120
-2090655254.585199,1557235452.033132,-459611646.5003513,71055815.7846569,-5995062.147617465,243081.5277799386,-5509.099419709529,-0.5466419141913816
0,90,120
-785481065.5869616,584010433.2666886,-177916479.4124816,30358047.29438756,-2881273.460869682,124082.2538520999,-3052.07065371,0.07178017504225744
30,90,120
-2210095368.298913,1580034570.321599,-453192489.3103772,68784694.80193275,-5740831.037868395,232631.0151806748,-4893.114847162634,0.4960737056538665
60,90,120
-2804865069.994961,2009426074.121848,-575283159.9683784,86311731.96275063,-7088808.855445348,285212.9229354457,-5945.350711209645,0.6428330849619293
90,90,120
-2122368568.732275,1578524849.863254,-469651089.6531503,73591107.98758473,-6303343.027335512,260663.4346283013,-5672.760874181145,0.003449730815986315
0,0,150
-8647937752.80517,5522000388.457085,-1402174498.909847,182157267.0844727,-12415803.98353438,381352.2059342852,-4428.309459681257,1.565267876983309
30,0,150
-7407866307.296845,4841219421.961119,-1261192934.932743,169303919.2384449,-12036078.23301343,391474.3236042086,-5007.000551699512,1.603135019389301
60,0,150
-5128177901.129079,3422628957.604542,-917085499.4216175,128390863.5555897,-9559990.759471478,317739.1600766994,-4030.529909884689,1.224621939004614
90,0,150
-3346710107.852173,2264195064.07016,-617957519.7614477,89140392.10209291,-6806309.814015135,221465.6956872442,-2751.623468556666,1.133967302990609
0,30,150
-15346447089.53921,9671082796.340765,-2402429622.754893,301038283.9890781,-19687787.92104714,597448.3054286034,-6270.221594712507,2.302655357693111
30,30,150
-8181366395.726774,5143840927.522171,-1269771830.003944,158414412.1909684,-10221051.98772058,284446.0412568264,-2300.564886612548,1.007618797257777
60,30,150
-8879241387.033693,5692173116.135992,-1438815914.408221,184679245.636819,-12382073.29987006,371106.0321926211,-3968.057843173614,0.5121559165654175
90,30,150
-5727092761.539815,3804612360.215534,-995852708.5833323,133174007.0588389,-9352473.389241621,292490.0615583328,-4028.473489493173,0.1890510407395978
0,60,150
-8468520107.631445,5780427268.236927,-1570855680.217551,218858897.3906747,-16245395.00143866,581182.9577530872,-8955.564435155973,1.710241981479894
30,60,150
-7191798067.503542,4810463416.813964,-1281787345.618315,176243818.1207083,-13016103.996095,462456.9298090758,-7429.174574045428,0.9017384777286116
60,60,150
-6892268952.054143,4620292049.684476,-1226450913.102422,167204271.7462646,-12240033.77345387,431548.1437296085,-7488.730120838727,0.7515181779343189
90,60,150
-7524816314.439354,5287942490.883354,-1468289190.564838,207532355.6045517,-15580556.14811742,564583.6393550955,-10079.23291778001,0.5050394595905795
0,90,150
-2308613017.193787,1675303956.269394,-484203136.6186801,73406067.53388505,-6017827.710724247,229565.8614054401,-5793.463320537075,-0.8709774229624855
30,90,150
-2891306786.39859,2056453422.002453,-584291339.2003373,87100379.46492392,-7074734.017891538,276339.6297355377,-6889.863919022715,-0.4016864188327377
60,90,150
-2956434273.199998,2073851333.847877,-579625863.4641536,85085794.37903038,-6863641.667588363,270222.32530705,-7061.810345038184,-0.3422046244506959
90,90,150
-4489373952.940959,3268621983.23396,-942837045.2776793,139570777.5869967,-11043898.39652702,419814.2728729228,-8872.277936565017,-0.5791474833393391
0,0,180
-13053239477.16214,7390462224.705238,-1629519943.393443,179349846.8135552,-10036591.42805021,225529.9768452759,-472.0927508848638,2.315594127172985
30,0,180
-19279571826.85618,11668099096.54523,-2776788451.765526,332348420.788758,-20669385.49393541,587611.8825181453,-5196.188252082924,3.074993721499116
60,0,180
-3939013418.128536,2307160775.257198,-512326698.0171825,56332575.4302586,-2890162.978853118,13351.24016241551,2297.086596208816,1.5604873635667
90,0,180
-3425223106.6796,1949175290.290476,-412299255.9042359,42076510.7302174,-1812976.889247208,-26132.36645231254,2802.687831029433,1.411966793058497
0,30,180
-16154052361.95662,9723817883.273548,-2286389974.77426,269080185.1460751,-16413735.97945849,454165.408849806,-4653.312147112,1.675604554373643
30,30,180
-18189898154.33011,11366431698.68802,-2786858852.125535,342667501.4020789,-21876437.75778285,645106.3650474477,-7169.943930183642,2.038178900595839
60,30,180
-16671728405.44819,10304132997.63355,-2494485463.802827,302298729.1283152,-18924577.67830583,536143.9746447818,-5512.419026501702,1.337087743878284
90,30,180
-16094508362.92324,9854752802.363214,-2358772086.37258,281964486.6520416,-17352928.75928232,479130.303441342,-4792.870976861115,1.085289451568298
0,60,180
-2955055232.997564,1758555157.7213,-394079197.155675,43948798.1509237,-2516347.102488425,46749.20086912636,-2329.791456676262,-1.318019382317781
30,60,180
-1458799152.448824,635606409.5509986,-62373439.78361418,-5077196.221465683,1278949.500451077,-98707.1431796262,-161.5957129893126,-1.600704401504798
60,60,180
6557323963.569914,-5711815219.899611,1923698554.912976,-316790974.1007734,26947389.05395187,-1145271.169403812,16574.9200075398,-5.456609474916407
90,60,180
2752213807.310429,-2761066261.858993,1013649200.674474,-174981196.5409583,15275968.84872554,-667026.0585430416,8905.769510428991,-3.862690632985265
0,90,180
-755660116.9974325,444180792.7075473,-100500219.2800269,14221880.58956744,-1327212.898336295,47885.34596466959,-3942.350375757217,-2.703590357949164
30,90,180
-1112488340.913589,666021884.1681589,-152524118.6336363,20047848.76376104,-1671849.545588518,60735.2750995236,-4236.941823068359,-2.525984692346118
60,90,180
-1989567655.351924,1289731049.30521,-327411381.3982386,44723560.26453679,-3508489.702500484,127338.8300195922,-5118.194335728547,-2.183928848871028
90,90,180
-4071836965.249966,2810994067.998966,-761153352.3890994,105704387.4235094,-7864035.794759312,270218.7094814279,-6574.038153681231,-2.506638513662241
4D 
0,0,0
-1396040525.785329,767396351.9830445,-147526935.3535155,13747862.04770268,-367598.2022189864,-55733.06650017098,2923.313309064401,1.635789472432918
30,0,0
-3775267781.400757,2219561731.620749,-496238130.2335755,55372573.03336544,-2927488.314712712,19551.49685636197,2111.064666084242,1.685516038957837
60,0,0
-3823823606.904696,2255940718.504467,-505357724.2689087,56213157.46712268,-2929460.128963469,16232.43707295637,2228.765682166528,1.623333868646643
90,0,0
-4134146620.259017,2452931482.259478,-558352406.047073,64018689.79830458,-3587443.037424965,45611.31158216391,1682.514231048644,1.839828920123849
0,30,0
-3970473299.438902,2339886239.114697,-529113023.80924,60495673.97083876,-3475259.322877542,55844.08129589833,185.722999888072,0.7293076003608169
30,30,0
-6592501289.49677,4109118688.766912,-1001567322.859126,123985809.5500273,-7990893.122211285,218538.3295723164,-2237.536538890033,1.478218876310761
60,30,0
-5620521885.60174,3486722489.267644,-846827600.9699303,105082662.1003238,-6799206.737340726,180969.4019944777,-1733.517792451881,1.307920811327582
90,30,0
-5542853345.85825,3444708187.946671,-837434734.3829606,103812908.1472977,-6672697.852507913,172779.5742505588,-1511.401842888023,1.165291386645289
0,60,0
-2059025503.341936,1327958191.618628,-336527235.6486103,45778422.81338893,-3479089.699582954,115905.5110465826,-3870.065888335208,-0.7981208867761965
30,60,0
-1732643333.78049,1092245552.330027,-268526822.4634255,35762267.74051961,-2680946.277471391,82697.68862135781,-3280.32986339099,-1.045040546880588
60,60,0
-807318278.5283681,395424109.0263524,-62327686.22793136,5489595.561100756,-391261.1898276471,-930.3507042039698,-2114.751963258859,-1.308668786973422
90,60,0
-702219647.8288021,324610960.8549082,-44230151.42002519,3349915.122403518,-282088.2815322774,-1998.626192352675,-2173.999176359876,-1.160679999215494
0,90,0
-978904286.1187013,634646126.3345664,-166413027.7125644,26007745.20143117,-2467678.28675064,104530.2580701827,-5112.934292638812,-2.004349257554327
30,90,0
-950759574.6782041,610074830.5077593,-157770800.1287757,24441268.75409007,-2312505.718655822,96430.9059152422,-4932.101906425325,-2.063546367355485
60,90,0
-831518225.4017822,518733384.5553506,-131030318.7676523,20759445.32239935,-2082053.617183736,92033.77081548022,-5001.892753442835,-1.962867309043046
90,90,0
-993659178.8385781,644153784.8278954,-168594940.9212402,26203583.12084568,-2469254.462639834,103894.5087973755,-5091.931958928652,-2.053192473468656
0,0,30
-1252441985.314065,875065766.4006497,-232442535.0502653,32778274.22476809,-2367130.004199007,49605.28127040074,-248.1454666049401,1.085014230506848
30,0,30
-423428005.9685673,277512132.7857026,-63136465.32421318,8957512.840562558,-630946.0907453648,-13022.09182982376,691.0252999475259,0.5063286402404029
60,0,30
-7901090.36392279,-50224656.86418351,34790645.18162341,-5281178.024746985,428253.5336612586,-50950.03977516988,1197.181819458443,0.5585562966198848
90,0,30
-2341831227.741452,1551543067.704468,-397423828.9553902,52755550.13510935,-3609853.10977421,86015.62024209792,-608.4033411986201,0.9213948821486007
0,30,30
-3632582764.18997,2512112112.873274,-691401793.6434975,99731791.22439703,-7797844.648865829,283785.7331595514,-6000.520924095536,0.03818496134768249
30,30,30
-2901541634.537343,1912440389.929513,-496570806.1024943,67860171.56585158,-5040723.590892121,164159.7899866258,-3792.946070646633,-0.5321174322694413
60,30,30
-2288590621.700613,1436748500.797245,-353133341.4359472,46373145.72285455,-3333805.407025004,94865.28631924465,-2267.662130904315,-0.4694756107900042
90,30,30
-2452139770.358713,1554795717.557274,-387569186.6089468,51433976.16691875,-3695503.856100585,105999.6816422807,-1860.695821707798,0.3404956029325545
0,60,30
-2005070348.287941,1392569799.366142,-389109277.920808,58890499.95252962,-4997153.241852797,200641.5185932133,-6257.496903041934,-1.428976097808022
30,60,30
-1367285723.266412,885844716.1521161,-230453579.917384,34138704.71420656,-2991582.614495939,121203.1624464961,-4936.465712176686,-1.786632035851394
60,60,30
-1345528889.799976,865537364.4318626,-221206653.3160598,31862338.14602771,-2689466.925926743,101800.2427222106,-4153.392133763905,-1.507334742311096
90,60,30
-1480238851.228706,954453430.3063101,-244665451.5477531,34981137.97605389,-2878341.558496183,104289.3383011336,-3571.008589267861,-1.065887208314406
0,90,30
-1927081549.389073,1319261599.104702,-360199880.6279789,52938794.2277922,-4360519.26725483,170401.648673763,-5185.274461138973,-0.9362559773006256
30,90,30
-2288984764.409042,1552301295.922686,-416434249.6169269,59169513.79037145,-4659930.669834617,172724.4705438247,-5037.919304221572,-1.419712317441582
60,90,30
-1255916026.209711,819998105.9843956,-213411801.9332335,31294226.68330342,-2692178.852467832,106402.6697325681,-4317.658848773468,-1.700147405322456
90,90,30
-1007477876.808834,640610315.860047,-162246496.6593236,23979536.25444617,-2148780.492514165,87174.38654576313,-4157.608630856122,-1.395386518741701
0,0,60
-633712199.8326733,472228399.2742195,-143233365.29876,25876712.30770622,-2718141.984250901,126503.3176573261,-4498.402150140561,-0.6288912007284753
30,0,60
-1220145399.25067,900522016.4950578,-266576067.1636791,43569656.09639005,-4022730.050302033,171407.0260120572,-4994.944128351859,-0.8434730464120553
60,0,60
-1096489227.260378,796082286.5236845,-233612274.5906485,38672121.07087441,-3677167.284886714,161893.0083384619,-4988.203891889892,-0.7438775826666092
90,0,60
-752054198.3769302,564211057.4984839,-171466867.0305973,30194889.86673222,-3057154.252022722,138957.647490948,-4655.967512555468,-0.5784668114892052
0,30,60
-2255874368.236784,1744211240.233281,-541499732.1912122,89030941.2824152,-8062995.063800674,357240.7351608705,-9141.958291437233,-0.6033744957195379
30,30,60
-2683176008.082524,2084827604.645845,-647413026.9325269,105244960.2224836,-9322412.201264534,402440.688869358,-9577.107499903294,-0.6546629205397533
60,30,60
-871054378.9710264,762376086.7198013,-264253667.7337942,49203757.00310291,-4980759.326466324,233980.3036683765,-6712.094897204879,-0.8148981528692825
90,30,60
-843104195.9314163,734466859.786763,-251233365.8969872,46044876.57660108,-4565560.817467876,206724.8548139861,-5578.664092903242,-0.5726691283771984
0,60,60
-1991607790.337279,1527280703.424734,-469045165.193114,76094461.02884071,-6776212.254199052,294682.0729712897,-7325.770051704093,-0.5004239315078626
30,60,60
55116342.97140001,-26461576.06107839,-808677.8578488162,5018366.176162271,-1100231.470622758,70110.79916301534,-3798.940921356806,-1.420419316646065
60,60,60
-444158497.4772979,340074445.7356154,-106982267.4301658,20335116.7907734,-2232019.910545741,109073.9410307714,-4118.869175440097,-1.139795744209479
90,60,60
-962848172.9643898,724521968.6083304,-219087183.5927118,36548648.79855411,-3422644.970177447,149612.7814080922,-4240.676175175597,-0.4631544491551678
0,90,60
388259784.8101464,-251295575.7224989,61246620.26850364,-4265374.495031136,-254508.0602558866,26636.21910562548,-1675.584975449214,-0.007202525136031048
30,90,60
-222727459.2144718,176816037.9808953,-56007514.89323609,11526413.4947011,-1334613.433478091,61051.78780804044,-2179.751229015304,-0.2439369941891074
60,90,60
-809516538.9731023,593866209.2382603,-175902086.924755,29387283.16126743,-2804334.814074307,125096.1513181077,-3593.303559546955,-0.1326774405879461
90,90,60
-942219313.4947058,707732842.2176654,-215236150.1942552,36275301.35520191,-3444912.782829312,154923.3316010151,-4275.324952754567,-0.1058549711701058
0,0,90
-201663082.585514,168022986.5279085,-58417073.17691352,14158255.57799199,-2029175.880095982,124501.6517793063,-5842.448897456046,-1.589260473117596
30,0,90
-164393426.7889593,139241240.3386857,-49068343.35094406,12473480.80420118,-1848287.923665502,113653.9187276723,-5559.859169359388,-1.833635983488533
60,0,90
-337902893.1861696,282272209.6534792,-96115003.63633266,20315120.6928017,-2540126.297892692,144035.263505408,-6086.345209572692,-1.661473664826252
90,0,90
-144576330.4870154,121817872.8981386,-43537450.33574438,11732278.47554502,-1818120.264687702,115110.8111873667,-5668.734901519577,-1.706040147872491
0,30,90
-1746981947.505986,1335711473.369541,-406300614.74286,65597644.67062955,-5918692.660282139,264698.7339364674,-7046.219676998026,-0.530604586761551
30,30,90
-1058619430.714386,792901910.6657978,-235455541.1875257,38349326.76395008,-3620388.712830253,168318.4628233858,-5492.666634973288,-1.075099460660502
60,30,90
-352686675.4480349,258750979.4708454,-76151804.04746953,14596438.18425472,-1773419.827853308,97934.6382494608,-4535.428022910413,-1.359098360472414
90,30,90
448270950.0952087,-361684168.2400272,113893922.6510853,-14524449.14331432,543985.4429799321,8706.346763771924,-3281.368244825253,-1.652646553391489
0,60,90
269298824.1147191,-239244029.7344068,84123399.78500567,-12241291.5423946,715197.1605205612,-19521.16247358382,-955.7631796782453,-0.007867648959821918
30,60,90
92909169.45412405,-116019233.4386791,51408815.0522181,-8148131.653741265,471712.5663552627,-13666.00101407217,-1081.543516556336,-0.4092763113850213
60,60,90
-231870234.861331,148848400.1821017,-33516335.16525951,5434859.066233633,-670437.2636414981,34132.9213946807,-2081.589086790925,-0.6250319716882737
90,60,90
-65824048.8752474,61869213.89202242,-16980313.53941545,4087432.423934337,-645030.0730503041,37181.23221645116,-2350.338622443469,-0.5528404164420719
0,90,90
1303782678.323539,-957777397.3057597,286214156.2090629,-41982068.29798254,3151961.985128221,-124195.7792894842,1531.476838741415,0.05913634071729702
30,90,90
964324871.7415659,-704427975.5825047,211200118.4885709,-30780386.88283145,2267521.614148243,-89839.52244708096,911.0184865787477,-0.2943507287979414
60,90,90
858125159.7439622,-649194115.9049851,199570859.5147148,-29335333.2085822,2118644.610908712,-78227.08609270082,207.4841322410485,-0.2314290791161997
90,90,90
553492772.2836754,-390155254.5033969,113307585.2269844,-15114746.38741749,910388.6366832155,-29009.45733183518,-664.8984188869749,-0.3948378563685342
0,0,120
-1852633372.495424,1359116229.906885,-400232194.056017,63475141.99826189,-5604846.521389645,234335.0262934492,-5985.406937977235,-0.508111296697087
30,0,120
-537718688.1671226,408284449.2946081,-127046480.911193,23921296.52188718,-2599035.314566742,122623.0014156941,-4417.923930899126,-0.9273108791888622
60,0,120
-834537049.3659352,650810220.7784224,-204156862.8171415,36116555.15894641,-3603621.643277911,162878.4682290274,-5028.34340655202,-0.6956018479215048
90,0,120
-661974142.1373342,507107853.048866,-157709925.3946017,28572594.49126598,-2951164.056459322,134740.7635484569,-4577.175542712566,-0.6264082874104134
0,30,120
-3500881951.244957,2450867865.874657,-681682861.0057842,98576950.36750939,-7689303.765859058,282641.1476016148,-4851.522818181863,1.038588233893148
30,30,120
-1826147737.064937,1295465332.760815,-364872035.7460388,54748104.59812797,-4501692.059802202,168317.0511627151,-3388.981933696279,0.1567700748031972
60,30,120
-832796605.1520365,685137363.3525457,-221829456.6215938,39068453.20699107,-3762426.343924081,162789.5172849657,-4180.204099112025,-0.1203789150086627
90,30,120
-1357681366.142083,1108841774.055266,-359068091.8796162,61633064.33962879,-5746130.38407025,251000.9120048493,-6248.017131295585,-0.3622642761284546
0,60,120
-1241802722.193991,840571804.9047074,-228306595.8399732,34219138.05750196,-2869120.641150824,106571.2124101914,-1805.415139725564,1.069219891186293
30,60,120
-616341079.3460571,392337323.2606145,-98206265.7245961,14967339.44916753,-1373445.911438442,49703.29586214666,-1179.654363716131,0.4389166742353439
60,60,120
-199940441.8425037,152920513.7816209,-49010085.16045684,11070479.75917234,-1388203.901499881,66170.95872100707,-2258.28136977447,-0.1783672379421442
90,60,120
-904703140.6794193,683426104.8615377,-208686423.4755806,35517426.56570552,-3412134.363530276,153449.5259143793,-4388.096957042942,-0.3934192663494284
0,90,120
-326056224.8994893,245125709.0168006,-74841273.08448073,14441700.21987692,-1609422.488102667,76091.74304450546,-2427.292084116853,0.2960096338756716
30,90,120
-107332848.8173047,98861056.80950634,-35163083.34026667,8716541.770126304,-1135015.073875166,54059.60473371455,-2073.857234452488,-0.3400636254221026
60,90,120
-1055651627.060178,787518513.9648442,-235967412.2099329,38669886.1096745,-3544895.27005174,153334.4023565819,-3987.024913170151,-0.1275743810630079
90,90,120
-918350066.678255,681883809.4438394,-204384898.2235119,34029388.92570005,-3201595.9826934,141547.5030007026,-3963.711617591824,-0.3472770642846127
0,0,150
-4375511698.621952,2769379425.013227,-686627112.6585283,87301282.50391841,-5775698.350502362,153131.2816510367,-1440.394156972873,1.1648248488207
30,0,150
-1610838807.540774,955763972.165786,-214236589.0960726,25586854.31327513,-1579462.220758926,14095.88813551428,348.2123491944039,0.7863642073174721
60,0,150
-799959389.0731574,544315048.8680826,-137883455.8401046,19456968.91860777,-1400988.350017029,14413.10234734041,330.3267273930456,0.6104863802988812
90,0,150
-2441083331.114448,1669157968.690892,-439796364.2020822,59509348.5177562,-4134151.134405724,105708.9542454618,-931.1758310426685,1.044913895882825
0,30,150
-4994536950.835475,3230432094.22049,-819530906.3763028,106385127.106217,-7210834.801813367,207692.3449705072,-1684.664362492711,1.867793917848304
30,30,150
-4379824815.145313,2735851561.663586,-666883698.5973719,83101819.28790902,-5352382.750391037,132712.117152786,-557.9024558245264,0.913047156594786
60,30,150
-3419300339.930221,2151793281.184755,-528200720.6652196,66817761.0941938,-4391920.584208698,108312.1175388207,-862.5137984494017,0.6740204599031629
90,30,150
-2958606490.942773,1908271787.695569,-483881356.9040212,64355619.00386573,-4581006.679240476,135059.7641752937,-2218.199634998678,0.3975418652189476
0,60,150
-2747101439.69279,1784191174.326768,-457117372.9442282,61672108.37068834,-4504010.353594757,143764.0079399808,-2506.164599615558,0.5560520349749497
30,60,150
-2304994156.509812,1468258705.301285,-368465206.6818059,49344562.5545747,-3631223.72825057,114643.3641070061,-2324.793337735291,0.1060569216331572
60,60,150
-2593174725.757419,1730336432.632439,-458891288.9353647,64595737.31785116,-4980139.028208601,174490.9209791862,-3849.057378029063,-0.2372727583531015
90,60,150
-3076883609.913686,2090835914.524507,-562798143.1116353,79357830.912669,-6096029.611381724,218341.937921983,-5130.53007761842,-0.7142997098370487
0,90,150
-1772866020.46159,1223167608.024467,-338593015.7602789,50926716.67028642,-4308268.868249055,172130.1250039307,-5217.951503456876,-1.083145962291959
30,90,150
-2044105219.541757,1386702470.287371,-373324380.0338751,53758840.56357753,-4328761.843756279,164539.9440253654,-5022.934401412414,-1.327128607488661
60,90,150
-1573452775.149504,1049237652.715949,-278012676.4833034,40270941.58807467,-3331004.220068464,128323.805760587,-4620.88403581358,-1.464517376174313
90,90,150
-1972196203.694894,1355154687.945225,-371615692.3015253,54740345.41275173,-4507553.173734297,175288.0371234469,-5407.134373708522,-1.244110278531997
0,0,180
-2811364495.044955,1635318994.469321,-356434213.1591619,38701529.14738283,-1900347.389166256,-10855.6577408193,2441.634790492719,1.668731798927475
30,0,180
-3716747285.589607,2182021107.900496,-486812059.5480515,54166806.18938249,-2836783.315572248,15057.87529639421,2232.75617157528,1.553597594547495
60,0,180
-1655557496.055362,879159980.843901,-160725914.502177,13277882.92611583,-169127.2302298874,-69141.66775965081,3222.542787709411,1.425334753748538
90,0,180
-3298321810.334651,1895979801.12531,-408954879.152439,43503309.45544242,-2078396.234674873,-10251.53868900061,2494.546079334215,1.687735244721721
0,30,180
-3897483052.488621,2451415818.831018,-603477143.6335269,76604525.19863217,-5048377.028929155,126522.3832381168,-1011.560530764842,1.154411710669611
30,30,180
-5743012090.675445,3535590265.718168,-848992461.6155815,103640272.0886991,-6561121.247128678,168181.0088618496,-1522.160242140478,1.295763932805669
60,30,180
-6040252666.472551,3705497576.569233,-884730528.2197313,106901636.3326673,-6662000.081633282,166268.0651791281,-1403.182612520503,1.24378735347966
90,30,180
-7200842437.842678,4497847069.736657,-1100250529.048731,136447970.6659001,-8778705.694027836,239535.4503584896,-2324.641545361017,1.221002238517807
0,60,180
-1993822901.847159,1281303925.154117,-323846019.0028309,44097313.28073805,-3353265.849722491,109183.1301018582,-3633.298506637807,-1.184534383451202
30,60,180
-1428824981.839392,859535901.9544728,-200207664.7071269,26182812.49128783,-2032260.938437149,64004.01812221134,-3136.518558862086,-0.9898024378134257
60,60,180
-1623721035.568067,1010085157.685886,-247538738.4978412,33872584.06635821,-2704092.922258016,93414.21592758602,-3640.138432440324,-0.8647451879921731
90,60,180
-3295309991.714509,2222094541.0728,-593198084.8335522,82769221.8810758,-6251166.34251435,215488.5081784946,-5153.932674526328,-0.7700835303653293
0,90,180
-1035562931.381681,680995441.7374763,-181887982.3916067,28724765.76820802,-2734938.247504454,118829.056349371,-5461.684332029762,-1.697036169888572
30,90,180
-869185166.6350712,540937344.5391111,-134625084.7109303,20555273.39304108,-1969156.479945461,81241.24410539755,-4660.286079319704,-2.228001374096955
60,90,180
-915021213.4313872,582132614.6568004,-149320669.9392215,23187566.21772293,-2214926.306507654,92371.44905852909,-4848.738009943262,-2.245620012166125
90,90,180
-2289319050.279666,1646467311.0759,-475944950.5397062,73669014.92528604,-6328015.181540129,259101.4800991387,-7518.688854214838,-1.476580342495607
