R	Gamma	E
1.00	0	-121.641201933223
1.00	10	-126.659635813823
1.00	20	-130.938504781273
1.00	30	-132.35419824964
1.00	40	-132.747825179503
1.00	50	-132.929634222757
1.00	60	-133.08518959291
1.00	70	-133.176463748817
1.00	80	-133.218185490938
1.00	90	-133.255940081818
1.00	100	-133.253167579079
1.00	110	-133.210855774841
1.00	120	-133.125161437322
1.00	130	-132.995334053958
1.00	140	-132.836030978603
1.00	150	-132.498066478051
1.00	160	-131.413793998349
1.00	170	-128.670289768148
1.00	180	-126.062763452316
1.10	0	-103.629292714938
1.10	10	-122.835561373991
1.10	20	-130.672685328515
1.10	30	-132.458710298379
1.10	40	-132.849311024572
1.10	50	-133.010400303718
1.10	60	-133.161373228662
1.10	70	-133.244078676161
1.10	80	-133.279932555262
1.10	90	-133.316749826179
1.10	100	-133.314876315854
1.10	110	-133.275714198239
1.10	120	-133.193821036643
1.10	130	-133.062812295135
1.10	140	-132.927286338777
1.10	150	-132.569245959565
1.10	160	-131.115544004412
1.10	170	-125.927165527017
1.10	180	-117.612990091036
1.20	10	-120.134961724915
1.20	20	-130.730621971821
1.20	30	-132.594147320855
1.20	40	-132.941262179266
1.20	50	-133.09355978414
1.20	60	-133.231985588114
1.20	70	-133.30565859835
1.20	80	-133.34425915246
1.20	90	-133.3706717164
1.20	100	-133.368545188654
1.20	110	-133.333646712623
1.20	120	-133.259398201085
1.20	130	-133.134850912973
1.20	140	-133.013756085492
1.20	150	-132.666173100301
1.20	160	-131.009887226776
1.20	170	-122.982132735145
1.30	10	-121.901825904119
1.30	20	-131.140117733251
1.30	30	-132.746102442421
1.30	40	-133.024472894329
1.30	50	-133.175933787799
1.30	60	-133.298132723687
1.30	70	-133.365780511473
1.30	80	-133.402702325026
1.30	90	-133.420041417449
1.30	100	-133.415893822945
1.30	110	-133.385131016457
1.30	120	-133.320216051008
1.30	130	-133.209237863666
1.30	140	-133.091317303204
1.30	150	-132.784836511545
1.30	160	-131.199021929093
1.30	170	-122.458296468249
1.40	0	-112.732997971687
1.40	10	-125.956042874818
1.40	20	-131.712693081915
1.40	30	-132.89066734755
1.40	40	-133.101184188872
1.40	50	-133.252072923447
1.40	60	-133.358707997597
1.40	70	-133.418406213512
1.40	80	-133.449890554779
1.40	90	-133.462243303288
1.40	100	-133.456658779831
1.40	110	-133.429710839937
1.40	120	-133.374038506841
1.40	130	-133.277770492049
1.40	140	-133.159091774366
1.40	150	-132.908316838896
1.40	160	-131.608232643587
1.40	170	-125.050977875093
1.40	180	-101.317523737349
1.50	0	-124.795868325808
1.50	10	-129.161737496372
1.50	20	-132.242193907767
1.50	30	-133.010617956312
1.50	40	-133.173618314515
1.50	50	-133.319132829227
1.50	60	-133.4107850808
1.50	70	-133.46116325983
1.50	80	-133.486893839094
1.50	90	-133.495893443411
1.50	100	-133.490142033364
1.50	110	-133.467073973738
1.50	120	-133.419950328544
1.50	130	-133.33725366093
1.50	140	-133.219735980153
1.50	150	-133.018623880905
1.50	160	-132.067315198843
1.50	180	-121.175090885074
1.60	0	-129.40971877769
1.60	10	-131.070394805107
1.60	20	-132.633690991832
1.60	30	-133.101864749025
1.60	40	-133.245931359024
1.60	50	-133.376212632605
1.60	60	-133.453542899809
1.60	70	-133.494873361465
1.60	80	-133.515315185783
1.60	90	-133.521902107351
1.60	100	-133.516634094585
1.60	110	-133.497425381225
1.60	120	-133.458046943944
1.60	130	-133.387525754725
1.60	140	-133.277123463806
1.60	150	-133.105879524491
1.60	160	-132.450904937125
1.60	170	-130.220682465691
1.60	180	-127.519182044801
1.70	0	-131.411100641268
1.70	20	-132.885361681669
1.70	30	-133.170553830843
1.70	40	-133.311236785399
1.70	50	-133.423686288355
1.70	60	-133.48765177551
1.70	70	-133.52092213362
1.70	80	-133.536832441476
1.70	90	-133.541639826568
1.70	100	-133.537081699126
1.70	110	-133.521384608428
1.70	120	-133.488931493725
1.70	130	-133.429317850682
1.70	140	-133.32806655178
1.70	150	-133.169929262235
1.70	160	-132.71655114016
1.70	170	-131.442712637568
1.70	180	-130.204603945529
1.80	0	-132.305187651245
1.80	20	-133.033599557309
1.80	30	-133.22779706942
1.80	40	-133.367147955961
1.80	50	-133.462315974145
1.80	60	-133.514216778512
1.80	70	-133.540605536292
1.80	80	-133.552815267234
1.80	90	-133.556309806421
1.80	100	-133.55250382349
1.80	110	-133.539873625453
1.80	120	-133.513506440983
1.80	130	-133.463626445763
1.80	140	-133.372752154003
1.80	150	-133.217840381496
1.80	170	-132.072266685464
1.80	180	-131.357729352996
1.90	0	-132.728943200872
1.90	10	-132.890518537181
1.90	20	-133.120979991917
1.90	30	-133.285478068304
1.90	40	-133.41427129562
1.90	50	-133.493272755439
1.90	60	-133.534758611514
1.90	70	-133.555317283205
1.90	80	-133.564589921077
1.90	90	-133.567117629058
1.90	100	-133.564016477192
1.90	110	-133.553988260463
1.90	120	-133.532867032474
1.90	130	-133.491578573196
1.90	140	-133.411821054668
1.90	150	-133.259975281806
1.90	160	-132.957620928914
1.90	170	-132.351442695097
1.90	180	-131.566225727009
2.00	0	-132.945842139761
2.00	10	-133.016151047939
2.00	20	-133.187324743561
2.00	30	-133.34275381181
2.00	40	-133.453500379211
2.00	50	-133.517682083531
2.00	60	-133.550432836028
2.00	70	-133.566213050775
2.00	80	-133.573190974026
2.00	90	-133.57500805758
2.00	100	-133.572526151938
2.00	110	-133.564654936652
2.00	120	-133.54789999184
2.00	130	-133.514173836339
2.00	140	-133.445702845893
2.00	150	-133.302933448971
2.00	160	-133.008916332042
2.00	170	-132.43561031398
2.00	180	-131.456773869324
2.10	0	-133.040939548684
2.10	10	-133.112133916514
2.10	20	-133.258552319142
2.10	30	-133.393709125145
2.10	40	-133.485683112877
2.10	50	-133.536731635689
2.10	60	-133.562242342151
2.10	70	-133.574216854607
2.10	80	-133.57942261478
2.10	90	-133.580719138215
2.10	100	-133.578762319486
2.10	110	-133.57264719263
2.10	120	-133.559482669493
2.10	130	-133.532324771746
2.10	140	-133.474735972203
2.10	150	-133.346451268308
2.10	160	-133.063669763628
2.10	170	-132.462385808225
2.10	180	-130.173308014868
2.20	0	-133.155992718319
2.20	10	-133.205338736825
2.20	20	-133.324377991214
2.20	30	-133.437384695129
2.20	40	-133.511610398517
2.20	50	-133.551534498964
2.20	60	-133.571053724892
2.20	70	-133.580052492724
2.20	80	-133.583902866308
2.20	90	-133.584819781837
2.20	100	-133.583296991992
2.20	110	-133.578591723154
2.20	120	-133.568349136984
2.20	130	-133.546801823062
2.20	140	-133.499262988513
2.20	150	-133.388212255989
2.20	160	-133.132578170871
2.20	170	-132.513956565454
2.30	0	-133.236605046159
2.30	10	-133.278165021169
2.30	20	-133.381836916088
2.30	30	-133.473907349777
2.30	40	-133.532047068371
2.30	50	-133.562847015757
2.30	60	-133.577574758327
2.30	70	-133.584276081418
2.30	80	-133.587098824344
2.30	90	-133.587740755189
2.30	100	-133.586569403852
2.30	110	-133.582982518435
2.30	120	-133.575088126992
2.30	130	-133.558170146452
2.30	140	-133.519676369435
2.30	150	-133.426446788455
2.30	160	-133.203985838694
2.30	170	-132.613939248605
2.40	0	-133.290979638151
2.40	10	-133.344045728197
2.40	20	-133.431524466876
2.40	30	-133.503576153379
2.40	40	-133.548047088406
2.40	50	-133.571372430643
2.40	60	-133.582364179612
2.40	70	-133.587309411904
2.40	80	-133.589359620028
2.40	90	-133.589803744624
2.40	100	-133.588912630216
2.40	110	-133.586203098874
2.40	120	-133.580174487967
2.40	130	-133.567036608036
2.40	140	-133.536459327793
2.40	150	-133.460161344246
2.40	160	-133.273163119972
2.40	170	-132.770041372015
2.40	180	-127.653038373896
2.50	0	-133.327457400879
2.50	10	-133.406837764787
2.50	20	-133.472786501521
2.50	30	-133.526897204731
2.50	40	-133.560366872314
2.50	50	-133.577729797816
2.50	60	-133.585854265658
2.50	70	-133.589469871019
2.50	80	-133.590944256343
2.50	90	-133.591247429608
2.50	100	-133.590576404765
2.50	110	-133.588548486507
2.50	120	-133.583987208386
2.50	130	-133.573897771248
2.50	140	-133.550002742367
2.50	150	-133.488962793593
2.50	160	-133.336892510116
2.50	170	-132.946952864588
2.50	180	-131.28852269817
2.60	0	-133.352225523589
2.60	10	-133.458525540198
2.60	20	-133.505333811883
2.60	30	-133.544929331035
2.60	40	-133.569661645406
2.60	50	-133.582427990047
2.60	60	-133.58837669116
2.60	70	-133.590994638035
2.60	80	-133.592043770233
2.60	90	-133.592247551894
2.60	100	-133.591747156487
2.60	110	-133.590243378456
2.60	120	-133.586824897722
2.60	130	-133.579160291698
2.60	140	-133.560729120884
2.60	150	-133.51294156018
2.60	160	-133.392806863014
2.60	170	-133.107635372804
2.60	180	-132.467578460188
2.70	0	-133.481363166935
2.70	10	-133.497496037657
2.70	20	-133.530000368065
2.70	30	-133.558615937321
2.70	40	-133.57657547612
2.70	50	-133.585869343254
2.70	60	-133.590183836514
2.70	70	-133.592059947689
2.70	80	-133.592798073322
2.70	90	-133.592932560133
2.70	100	-133.59256289838
2.70	110	-133.591458264819
2.70	120	-133.588921228975
2.70	130	-133.583160887626
2.70	140	-133.569130658532
2.70	150	-133.532425579299
2.70	160	-133.439798300049
2.70	170	-133.23689994992
2.70	180	-132.94073967614
2.80	0	-133.515092611519
2.80	10	-133.525840010197
2.80	20	-133.548432205107
2.80	30	-133.568769899609
2.80	40	-133.581663407139
2.80	50	-133.588367396365
2.80	60	-133.59146608893
2.80	70	-133.592795847128
2.80	80	-133.593308900812
2.80	90	-133.593395606107
2.80	100	-133.593125041831
2.80	110	-133.592321446377
2.80	120	-133.590457490458
2.80	130	-133.586175005842
2.80	140	-133.575628679767
2.80	150	-133.547848384956
2.80	160	-133.477986639631
2.80	170	-133.335152022592
2.80	180	-133.181622343492
2.90	0	-133.539065096977
2.90	10	-133.546326300989
2.90	20	-133.561903787205
2.90	30	-133.576194238833
2.90	40	-133.585371529022
2.90	50	-133.590163587754
2.90	60	-133.592366176145
2.90	70	-133.593297684561
2.90	80	-133.593649598951
2.90	90	-133.59370371995
2.90	100	-133.593507504165
2.90	110	-133.592928787659
2.90	120	-133.591573620887
2.90	130	-133.588425043873
2.90	140	-133.580593134423
2.90	150	-133.559862038473
2.90	160	-133.508081124444
2.90	170	-133.408069849486
2.90	180	-133.320823974427
3.00	0	-133.556016988146
3.00	10	-133.56091598479
3.00	20	-133.571593117945
3.00	30	-133.581566799141
3.00	40	-133.588048294739
3.00	50	-133.591441938809
3.00	60	-133.592990387813
3.00	70	-133.593634828736
3.00	80	-133.593872595639
3.00	90	-133.593904761446
3.00	100	-133.593763768527
3.00	110	-133.593351391081
3.00	120	-133.592376891481
3.00	130	-133.590088480332
3.00	140	-133.584341641535
3.00	150	-133.56907281528
3.00	160	-133.531238551012
3.00	170	-133.461483156918
3.00	180	-133.408510123854
3.10	0	-133.567889526402
3.10	10	-133.571196291056
3.10	20	-133.578496216521
3.10	30	-133.585419714014
3.10	40	-133.589961837996
3.10	50	-133.592341640264
3.10	60	-133.59341747179
3.10	70	-133.593857311964
3.10	80	-133.594015008715
3.10	90	-133.594032619838
3.10	100	-133.593932240529
3.10	110	-133.593641679779
3.10	120	-133.592949070584
3.10	130	-133.591305788332
3.10	140	-133.587139746576
3.10	150	-133.576031722466
3.10	160	-133.548743402496
3.10	170	-133.500270663707
3.10	180	-133.466662599135
3.20	0	-133.576164323591
3.20	10	-133.578398234658
3.20	20	-133.583378592878
3.20	30	-133.588158519284
3.20	40	-133.591315804182
3.20	50	-133.592967132382
3.20	60	-133.593705254419
3.20	70	-133.594000819681
3.20	80	-133.594102886037
3.20	90	-133.59411106632
3.20	100	-133.594040290713
3.20	110	-133.593838038221
3.20	120	-133.593351985306
3.20	130	-133.592187016722
3.20	140	-133.589204476786
3.20	150	-133.581218853122
3.20	160	-133.561764271661
3.20	170	-133.528250942654
3.20	180	-133.506375414876
3.30	0	-133.581911196437
3.30	10	-133.583419727562
3.30	20	-133.586807641136
3.30	30	-133.59008789638
3.30	40	-133.592263349007
3.30	50	-133.593396247364
3.30	60	-133.593895733765
3.30	70	-133.594090521532
3.30	80	-133.594154327721
3.30	90	-133.59415659348
3.30	100	-133.594107238984
3.30	110	-133.59396837958
3.30	120	-133.593632055176
3.30	130	-133.592817636444
3.30	140	-133.59071029805
3.30	150	-133.585036675124
3.30	160	-133.571316183947
3.30	170	-133.548280977386
3.30	180	-133.533854667446
3.40	0	-133.585886071208
3.40	10	-133.586902837669
3.40	20	-133.58919831123
3.40	30	-133.591434040707
3.40	40	-133.592918560357
3.40	50	-133.593686341652
3.40	60	-133.594018961768
3.40	70	-133.594143976563
3.40	80	-133.594181785392
3.40	90	-133.594180512942
3.40	100	-133.594146569236
3.40	110	-133.594052812467
3.40	120	-133.593823810428
3.40	130	-133.593263261354
3.40	140	-133.591795203371
3.40	150	-133.58781252437
3.40	160	-133.578236414277
3.40	170	-133.562501198353
3.40	180	-133.552938022885
3.50	0	-133.588621552233
3.50	10	-133.589304607732
3.50	20	-133.590851748496
3.50	30	-133.592363458105
3.50	40	-133.593365778823
3.50	50	-133.593879131719
3.50	60	-133.594096161305
3.50	70	-133.594173330325
3.50	80	-133.594193749092
3.50	90	-133.594190494565
3.50	100	-133.594167582617
3.50	110	-133.594105674883
3.50	120	-133.593952730315
3.50	130	-133.59357377198
3.50	140	-133.592566910671
3.50	150	-133.589806611682
3.50	160	-133.583191766417
3.50	170	-133.572510818611
3.50	180	-133.566167458838
3.60	0	-133.590492656416
3.60	10	-133.590949233402
3.60	20	-133.591984992683
3.60	30	-133.592997785412
3.60	40	-133.59366667427
3.60	50	-133.594004484876
3.60	60	-133.594142168602
3.60	70	-133.594186930437
3.60	80	-133.59419595307
3.60	90	-133.594191697245
3.60	100	-133.594176626286
3.60	110	-133.594137065927
3.60	120	-133.594037422908
3.60	130	-133.593786656005
3.60	140	-133.593108303769
3.60	150	-133.59122165793
3.60	160	-133.586700248759
3.60	170	-133.579499584562
3.60	180	-133.57529709951
3.70	0	-133.591763047102
3.70	10	-133.59206614954
3.70	20	-133.59275380982
3.70	30	-133.593425292968
3.70	40	-133.593865758552
3.70	50	-133.594083525501
3.70	60	-133.594167303993
3.70	70	-133.594190484255
3.70	80	-133.594192242564
3.70	90	-133.594187571109
3.70	100	-133.594178006214
3.70	110	-133.594154018195
3.70	120	-133.594091339718
3.70	130	-133.593929817655
3.70	140	-133.593482367231
3.70	150	-133.592213055871
3.70	160	-133.589156905921
3.70	170	-133.584339282795
3.70	180	-133.581563801044
3.80	0	-133.592617929405
3.80	10	-133.592817391753
3.80	20	-133.593269467839
3.80	30	-133.59370937799
3.80	40	-133.593994692231
3.80	50	-133.594131082017
3.80	60	-133.594178731735
3.80	70	-133.594187877563
3.80	80	-133.594185173352
3.80	90	-133.594180414261
3.80	100	-133.594174635158
3.80	110	-133.594161389623
3.80	120	-133.594124092477
3.80	130	-133.594023798454
3.80	140	-133.593736342582
3.80	150	-133.592898128216
3.80	160	-133.590857849374
3.80	170	-133.587661464545
3.80	180	-133.585838094763
3.90	0	-133.593187269709
3.90	10	-133.593317162228
3.90	20	-133.593610945618
3.90	30	-133.593894995079
3.90	40	-133.594075744359
3.90	50	-133.594157533537
3.90	60	-133.594181415586
3.90	70	-133.594181728356
3.90	80	-133.594176421992
3.90	90	-133.594171746235
3.90	100	-133.594168487236
3.90	110	-133.594162524654
3.90	120	-133.594142471208
3.90	130	-133.594083546593
3.90	140	-133.593905256976
3.90	150	-133.593364300395
3.90	160	-133.59202182967
3.90	170	-133.58992097295
3.90	180	-133.588731492118
4.00	0	-133.593561939615
4.00	10	-133.593645459931
4.00	20	-133.593833685555
4.00	30	-133.594013612667
4.00	40	-133.59412448029
4.00	50	-133.594170133667
4.00	60	-133.594178773188
4.00	70	-133.594173769894
4.00	80	-133.59416705772
4.00	90	-133.594162548586
4.00	100	-133.59416089473
4.00	110	-133.59415972337
4.00	120	-133.59415122769
4.00	130	-133.594119811014
4.00	140	-133.594014769123
4.00	150	-133.593675917719
4.00	160	-133.592808266119
4.00	170	-133.591442765238
4.00	180	-133.590673511778
4.10	0	-133.593804988024
4.10	10	-133.593857817495
4.10	20	-133.5939761554
4.10	30	-133.594087058354
4.10	40	-133.594151736894
4.10	50	-133.594173921206
4.10	60	-133.594173117305
4.10	70	-133.594165111205
4.10	80	-133.594157741903
4.10	90	-133.594153434278
4.10	100	-133.594152747528
4.10	110	-133.59415457327
4.10	120	-133.594153662468
4.10	130	-133.594140213695
4.10	140	-133.594083421384
4.10	150	-133.593879774813
4.10	160	-133.593331984844
4.10	170	-133.592456829624
4.10	180	-133.591964664086
4.20	0	-133.593959734578
4.20	10	-133.593992393405
4.20	20	-133.59406480658
4.20	30	-133.5941304037
4.20	40	-133.594165018593
4.20	50	-133.594172348552
4.20	60	-133.594165963471
4.20	70	-133.594156426232
4.20	80	-133.594148854414
4.20	90	-133.594144764859
4.20	100	-133.594144621185
4.20	110	-133.59414817004
4.20	120	-133.594152057427
4.20	130	-133.59415009256
4.20	140	-133.594124414775
4.20	150	-133.594009530187
4.20	160	-133.593674724258
4.20	170	-133.593124246152
4.20	180	-133.592813672834
4.30	0	-133.594055709275
4.30	10	-133.594075222542
4.30	20	-133.594117751027
4.30	30	-133.594154013394
4.30	40	-133.594169469804
4.30	50	-133.594167724253
4.30	60	-133.594158260111
4.30	70	-133.594148099934
4.30	80	-133.59414059643
4.30	90	-133.59413673203
4.30	100	-133.59413686528
4.30	110	-133.594141258821
4.30	120	-133.594147990109
4.30	130	-133.594153141537
4.30	140	-133.594147001789
4.30	150	-133.594089103227
4.30	160	-133.593894055197
4.30	170	-133.593556808742
4.30	180	-133.593364402888
4.40	0	-133.594112956066
4.40	10	-133.594124003187
4.40	20	-133.594147346623
4.40	30	-133.594164965276
4.40	40	-133.594168557957
4.40	50	-133.594161535045
4.40	60	-133.594150565229
4.40	70	-133.594140325772
4.40	80	-133.594133056955
4.40	90	-133.594129419036
4.40	100	-133.594129672454
4.40	110	-133.594134334469
4.40	120	-133.59414254619
4.40	130	-133.594151887756
4.40	140	-133.594157570228
4.40	150	-133.594135284623
4.40	160	-133.594030157801
4.40	170	-133.593831500826
4.40	180	-133.5937153818
4.50	0	-133.59414504245
4.50	10	-133.594150724507
4.50	20	-133.594161975563
4.50	30	-133.594168033675
4.50	40	-133.594164562745
4.50	50	-133.594154699711
4.50	60	-133.594143183944
4.50	70	-133.594133188787
4.50	80	-133.594126256384
4.50	90	-133.594122843947
4.50	100	-133.594123127532
4.50	110	-133.594127705902
4.50	120	-133.594136469406
4.50	130	-133.594148047284
4.50	140	-133.594160478514
4.50	150	-133.594159687671
4.50	160	-133.594110891495
4.50	170	-133.594000985586
4.50	180	-133.593933677197
4.60	0	-133.594161105332
4.60	10	-133.594163456922
4.60	20	-133.594167262506
4.60	30	-133.594166382657
4.60	40	-133.594158942406
4.60	50	-133.594147759818
4.60	60	-133.594136270361
4.60	70	-133.594126711313
4.60	80	-133.594120179319
4.60	90	-133.594116986592
4.60	100	-133.5941172485
4.60	110	-133.594121548448
4.60	120	-133.594130257052
4.60	130	-133.594142773349
4.60	140	-133.594158669672
4.60	150	-133.594170220474
4.60	160	-133.594155448334
4.60	170	-133.594101157961
4.60	180	-133.594064692648
4.70	0	-133.594167234679
4.70	10	-133.594167570207
4.70	20	-133.594166922178
4.70	30	-133.594162062585
4.70	40	-133.594152599147
4.70	50	-133.594141019718
4.70	60	-133.594129893764
4.70	70	-133.594120883712
4.70	80	-133.594114788494
4.70	90	-133.594111804798
4.70	100	-133.594112013893
4.70	110	-133.594115942184
4.70	120	-133.59412422957
4.70	130	-133.594136832668
4.70	140	-133.594154111496
4.70	150	-133.59417217275
4.70	160	-133.594176944545
4.70	170	-133.594156410275
4.70	180	-133.594139060355
4.80	0	-133.594167412762
4.80	10	-133.59416656482
4.80	20	-133.594163355881
4.80	30	-133.594156372216
4.80	40	-133.594146077131
4.80	50	-133.594134643469
4.80	60	-133.594124077631
4.80	70	-133.594115679478
4.80	80	-133.594110032871
4.80	90	-133.594107246907
4.80	100	-133.594107384098
4.80	110	-133.594110908266
4.80	120	-133.594118577873
4.80	130	-133.594130729686
4.80	140	-133.594148106836
4.80	150	-133.594169025957
4.80	160	-133.594184224257
4.80	170	-133.594183238131
4.80	180	-133.594177385002
4.90	0	-133.594164179326
4.90	10	-133.594162670569
4.90	20	-133.594158080695
4.90	30	-133.594150113268
4.90	40	-133.594139693904
4.90	50	-133.59412871827
4.90	60	-133.594118823213
4.90	70	-133.594111063387
4.90	80	-133.594105859209
4.90	90	-133.594103254464
4.90	100	-133.594103307343
4.90	110	-133.594106429584
4.90	120	-133.594113400642
4.90	130	-133.594124785731
4.90	140	-133.594141499026
4.90	150	-133.59416304618
4.90	160	-133.594183125083
4.90	170	-133.594192676065
4.90	180	-133.594193426502
5.00	0	-133.594159112236
5.00	10	-133.594157270311
5.00	20	-133.594152029615
5.00	30	-133.594143767636
5.00	40	-133.594133631393
5.00	50	-133.594123284551
5.00	60	-133.594114115545
5.00	70	-133.594106991536
5.00	80	-133.594102209371
5.00	90	-133.594099769861
5.00	100	-133.594099731281
5.00	110	-133.59410246948
5.00	120	-133.594108731631
5.00	130	-133.594119192902
5.00	140	-133.594134818193
5.00	150	-133.594155691347
5.00	160	-133.594177387474
5.00	170	-133.594191969254
5.00	180	-133.594196232533
5.10	0	-133.594153172626
5.10	10	-133.594151205323
5.10	20	-133.59414576604
5.10	30	-133.594137616418
5.10	40	-133.594127987598
5.10	50	-133.594118357195
5.10	60	-133.594109929874
5.10	70	-133.594103416433
5.10	80	-133.594099026806
5.10	90	-133.594096736848
5.10	100	-133.594096604619
5.10	110	-133.594098982171
5.10	120	-133.594104564742
5.10	130	-133.594114054221
5.10	140	-133.594128385525
5.10	150	-133.594147886711
5.10	160	-133.594169329664
5.10	170	-133.594185729741
5.10	180	-133.5941916082
5.20	0	-133.594146938355
5.20	10	-133.594144974925
5.20	20	-133.594139617044
5.20	30	-133.594131814392
5.20	40	-133.594122809397
5.20	50	-133.594113931961
5.20	60	-133.594106231386
5.20	70	-133.594100288596
5.20	80	-133.594096255425
5.20	90	-133.594094100066
5.20	100	-133.594093877387
5.20	110	-133.594095920156
5.20	120	-133.594100870782
5.20	130	-133.594109406404
5.20	140	-133.594122380382
5.20	150	-133.594140191609
5.20	160	-133.594160358518
5.20	170	-133.594176778814
5.20	180	-133.594183154737
5.30	0	-133.594140754672
5.30	10	-133.594138874535
5.30	20	-133.59413376485
5.30	30	-133.594126439631
5.30	40	-133.594118113031
5.30	50	-133.59410998904
5.30	60	-133.594102978748
5.30	70	-133.594097555858
5.30	80	-133.594093843832
5.30	90	-133.59409180997
5.30	100	-133.594091502996
5.30	110	-133.594093237537
5.30	120	-133.594097606941
5.30	130	-133.594105246393
5.30	140	-133.594116887043
5.30	150	-133.594132923998
5.30	160	-133.594151312425
5.30	170	-133.594166789366
5.30	180	-133.594173032422
5.40	0	-133.594134823775
5.40	10	-133.594133072406
5.40	20	-133.594128306007
5.40	30	-133.59412152671
5.40	40	-133.594113894819
5.40	50	-133.594106499276
5.40	60	-133.594100124057
5.40	70	-133.594095168675
5.40	80	-133.594091743413
5.40	90	-133.594089820829
5.40	100	-133.594089439578
5.40	110	-133.594090891047
5.40	120	-133.594094730843
5.40	130	-133.594101543553
5.40	140	-133.594111930385
5.40	150	-133.594126234493
5.40	160	-133.594142673077
5.40	170	-133.594156726619
5.40	180	-133.594162504117
5.50	0	-133.594129261437
5.50	10	-133.594127660829
5.50	20	-133.594123285947
5.50	30	-133.594117081625
5.50	40	-133.594110135381
5.50	50	-133.594103422727
5.50	60	-133.59409761988
5.50	70	-133.594093079746
5.50	80	-133.594089911543
5.50	90	-133.594088092258
5.50	100	-133.594087646213
5.50	110	-133.594088841426
5.50	120	-133.594092197712
5.50	130	-133.594098257908
5.50	140	-133.594107498051
5.50	150	-133.594120174341
5.50	160	-133.594134690703
5.50	170	-133.594147140211
5.50	180	-133.594152293643
5.60	0	-133.594124130178
5.60	10	-133.594122687015
5.60	20	-133.594118721622
5.60	30	-133.594113093207
5.60	40	-133.594106802662
5.60	50	-133.594100712931
5.60	60	-133.594095418621
5.60	70	-133.594091247574
5.60	80	-133.594088311867
5.60	90	-133.594086586928
5.60	100	-133.594086086362
5.60	110	-133.594087052645
5.60	120	-133.594089969564
5.60	130	-133.594095345862
5.60	140	-133.594103554664
5.60	150	-133.594114740184
5.60	160	-133.594127464956
5.60	170	-133.594138318297
5.60	180	-133.59414279909
5.70	0	-133.59411945771
5.70	10	-133.594118169397
5.70	20	-133.5941146082
5.70	30	-133.594109537601
5.70	40	-133.594103856326
5.70	50	-133.594098323897
5.70	60	-133.594093477396
5.70	70	-133.594089635575
5.70	80	-133.594086910203
5.70	90	-133.594085274185
5.70	100	-133.594084729889
5.70	110	-133.594085491919
5.70	120	-133.59408801096
5.70	130	-133.594092765585
5.70	140	-133.594100055012
5.70	150	-133.594109899757
5.70	160	-133.594121007569
5.70	170	-133.594130379037
5.70	180	-133.594134213014
5.80	0	-133.594115248678
5.80	10	-133.594114106135
5.80	20	-133.594110929708
5.80	30	-133.594106380426
5.80	40	-133.59410125093
5.80	50	-133.594096209754
5.80	60	-133.594091759211
5.80	70	-133.59408821265
5.80	80	-133.594085678894
5.80	90	-133.594084126164
5.80	100	-133.594083546913
5.80	110	-133.59408413083
5.80	120	-133.594086291053
5.80	130	-133.594090481179
5.80	140	-133.594096951667
5.80	150	-133.594105608566
5.80	160	-133.594115280644
5.80	170	-133.594123340186
5.80	180	-133.594126593566
5.90	0	-133.594111489093
5.90	10	-133.594110479742
5.90	20	-133.594107656184
5.90	30	-133.594103580829
5.90	40	-133.594098939471
5.90	50	-133.594094331558
5.90	60	-133.59409023243
5.90	70	-133.594086952462
5.90	80	-133.594084594385
5.90	90	-133.594083119961
5.90	100	-133.594082514354
5.90	110	-133.594082943183
5.90	120	-133.594084782413
5.90	130	-133.5940884613
5.90	140	-133.594094199515
5.90	150	-133.594101815372
5.90	160	-133.594110230477
5.90	170	-133.594117156923
5.90	180	-133.594119915527
6.00	0	-133.594108150913
6.00	10	-133.594107259412
6.00	20	-133.594104749891
6.00	30	-133.594101093762
6.00	40	-133.594096880817
6.00	50	-133.594092653874
6.00	60	-133.594088870772
6.00	70	-133.594085833614
6.00	80	-133.594083636631
6.00	90	-133.594082234837
6.00	100	-133.594081610809
6.00	110	-133.594081905561
6.00	120	-133.594083459272
6.00	130	-133.594086677041
6.00	140	-133.594091758924
6.00	150	-133.594098470007
6.00	160	-133.594105796138
6.00	170	-133.594111759608
6.00	180	-133.594114109643
6.20	0	-133.594102574434
6.20	10	-133.594101870853
6.20	20	-133.594099867268
6.20	30	-133.594096887699
6.20	40	-133.594093376436
6.20	50	-133.594089794472
6.20	60	-133.594086560991
6.20	70	-133.594083949861
6.20	80	-133.594082034713
6.20	90	-133.594080767385
6.20	100	-133.594080120045
6.20	110	-133.594080203082
6.20	120	-133.594081283967
6.20	130	-133.594083716173
6.20	140	-133.594087680664
6.20	150	-133.59409291987
6.20	160	-133.594098528805
6.20	170	-133.594103009662
6.20	180	-133.594104758551
6.40	0	-133.594098157613
6.40	10	-133.594097586806
6.40	20	-133.5940959472
6.40	30	-133.594093472423
6.40	40	-133.594090515077
6.40	50	-133.59408746898
6.40	60	-133.594084700113
6.40	70	-133.594082444585
6.40	80	-133.594080764862
6.40	90	-133.594079612371
6.40	100	-133.594078959286
6.40	110	-133.594078888305
6.40	120	-133.594079610713
6.40	130	-133.594081420326
6.40	140	-133.594084490032
6.40	150	-133.594088596879
6.40	160	-133.594092977841
6.40	170	-133.594096448994
6.40	180	-133.594097802554
6.60	0	-133.594094583847
6.60	10	-133.594094108029
6.60	20	-133.594092738547
6.60	30	-133.594090660386
6.60	40	-133.594088159612
6.60	50	-133.594085565523
6.60	60	-133.594083189541
6.60	70	-133.594081231618
6.60	80	-133.594079746004
6.60	90	-133.594078692133
6.60	100	-133.59407804236
6.60	110	-133.594077861833
6.60	120	-133.59407831542
6.60	130	-133.594079640008
6.60	140	-133.594082000951
6.60	150	-133.594085224035
6.60	160	-133.594088696412
6.60	170	-133.594091467486
6.60	180	-133.594092552697
6.80	0	-133.594091643365
6.80	10	-133.594091241707
6.80	20	-133.594090087249
6.80	30	-133.594088334179
6.80	40	-133.594086214918
6.80	50	-133.594084001772
6.80	60	-133.594081953576
6.80	70	-133.594080242929
6.80	80	-133.594078917899
6.80	90	-133.594077947507
6.80	100	-133.594077306836
6.80	110	-133.594077048322
6.80	120	-133.594077303509
6.80	130	-133.5940782551
6.80	140	-133.594080056556
6.80	150	-133.594082587705
6.80	160	-133.594085359275
6.80	170	-133.594087603326
6.80	180	-133.594088487848
7.00	0	-133.594089212415
7.00	10	-133.594088871216
7.00	20	-133.594087894489
7.00	30	-133.594086408293
7.00	40	-133.594084604405
7.00	50	-133.59408270657
7.00	60	-133.594080931198
7.00	70	-133.594079426127
7.00	80	-133.594078235397
7.00	90	-133.594077335542
7.00	100	-133.594076707235
7.00	110	-133.594076394919
7.00	120	-133.594076503287
7.00	130	-133.594077171546
7.00	140	-133.594078531177
7.00	150	-133.594080520841
7.00	160	-133.594082744432
7.00	170	-133.594084569269
7.00	180	-133.594085293817
7.20	0	-133.59408720244
7.20	10	-133.594086911803
7.20	20	-133.59408607849
7.20	30	-133.594084809628
7.20	40	-133.594083262057
7.20	50	-133.594081623452
7.20	60	-133.594080076015
7.20	70	-133.594078743697
7.20	80	-133.594077665701
7.20	90	-133.594076826069
7.20	100	-133.594076213385
7.20	110	-133.594075863337
7.20	120	-133.59407586332
7.20	130	-133.594076317832
7.20	140	-133.59407733198
7.20	150	-133.594078890176
7.20	160	-133.59408068675
7.20	170	-133.594082181793
7.20	180	-133.594082778669
7.40	0	-133.594085535411
7.40	10	-133.594085285083
7.40	20	-133.594084566981
7.40	30	-133.594083471519
7.40	40	-133.594082132509
7.40	50	-133.594080708862
7.40	60	-133.594079353091
7.40	70	-133.594078166317
7.40	80	-133.594077184282
7.40	90	-133.594076397478
7.40	100	-133.594075801324
7.40	110	-133.594075426756
7.40	120	-133.594075345251
7.40	130	-133.594075640357
7.40	140	-133.594076387308
7.40	150	-133.594077597264
7.40	160	-133.59407905251
7.40	170	-133.594080290439
7.40	180	-133.594080788812
7.60	0	-133.59408414104
7.60	10	-133.594083922778
7.60	20	-133.59408329723
7.60	30	-133.594082342343
7.60	40	-133.594081176421
7.60	50	-133.594079932
7.60	60	-133.594078736223
7.60	70	-133.594077673065
7.60	80	-133.594076772669
7.60	90	-133.594076034284
7.60	100	-133.594075455442
7.60	110	-133.59407506558
7.60	120	-133.594074923662
7.60	130	-133.594075097561
7.60	140	-133.594075640401
7.60	150	-133.594076569948
7.60	160	-133.594077740321
7.60	170	-133.594078769828
7.60	180	-133.5940791889
7.80	0	-133.594082961808
7.80	10	-133.594082770351
7.80	20	-133.594082220539
7.80	30	-133.59408138327
7.80	40	-133.594080360561
7.80	50	-133.594079267089
7.80	60	-133.594078206665
7.80	70	-133.594077248076
7.80	80	-133.594076418963
7.80	90	-133.594075723146
7.80	100	-133.5940751635
7.80	110	-133.594074764876
7.80	120	-133.594074577511
7.80	130	-133.594074658645
7.80	140	-133.594075046616
7.80	150	-133.594075752966
7.80	160	-133.594076681159
7.80	170	-133.594077526046
7.80	180	-133.594077876567
8.00	0	-133.594081955289
8.00	10	-133.59408178614
8.00	20	-133.594081301002
8.00	30	-133.594080563945
8.00	40	-133.594079662833
8.00	50	-133.594078695505
8.00	60	-133.594077748895
8.00	70	-133.594076879043
8.00	80	-133.594076111879
8.00	90	-133.594075455303
8.00	100	-133.594074914738
8.00	110	-133.594074513271
8.00	120	-133.594074292232
8.00	130	-133.594074301183
8.00	140	-133.594074570363
8.00	150	-133.594075101876
8.00	160	-133.59407582453
8.00	170	-133.594076503052
8.00	180	-133.594076788945
8.20	0	-133.594081091332
8.20	10	-133.594080941487
8.20	20	-133.594080512051
8.20	30	-133.594079860614
8.20	40	-133.594079062219
8.20	50	-133.594078201825
8.20	60	-133.594077350477
8.20	70	-133.594076556148
8.20	80	-133.594075844159
8.20	90	-133.594075222731
8.20	100	-133.594074701782
8.20	110	-133.594074300295
8.20	120	-133.594074054898
8.20	130	-133.594074008504
8.20	140	-133.594074184505
8.20	150	-133.594074579199
8.20	160	-133.59407513262
8.20	170	-133.594075663557
8.20	180	-133.594075889839
8.40	0	-133.594080347094
8.40	10	-133.594080214681
8.40	20	-133.594079834168
8.40	30	-133.594079254412
8.40	40	-133.594078544931
8.40	50	-133.594077773671
8.40	60	-133.594077001945
8.40	70	-133.594076271932
8.40	80	-133.594075608112
8.40	90	-133.594075019918
8.40	100	-133.594074517749
8.40	110	-133.594074119447
8.40	120	-133.594073856919
8.40	130	-133.594073765466
8.40	140	-133.594073868201
8.40	150	-133.594074155852
8.40	160	-133.594074574114
8.40	170	-133.594074979837
8.40	180	-133.594075154852
8.60	0	-133.59407970468
8.60	10	-133.594079586968
8.60	20	-133.594079248187
8.60	30	-133.594078731528
8.60	40	-133.594078095269
8.60	50	-133.594077399048
8.60	60	-133.594076695396
8.60	70	-133.594076021185
8.60	80	-133.594075399208
8.60	90	-133.594074841885
8.60	100	-133.59407435849
8.60	110	-133.594073965203
8.60	120	-133.594073690009
8.60	130	-133.594073563482
8.60	140	-133.594073606671
8.60	150	-133.594073808969
8.60	160	-133.59407412159
8.60	170	-133.594074428138
8.60	180	-133.594074560016
8.80	0	-133.594079148208
8.80	10	-133.594079043027
8.80	20	-133.594078740563
8.80	30	-133.594078277142
8.80	40	-133.594077702772
8.80	50	-133.594077069578
8.80	60	-133.594076423499
8.80	70	-133.594075797647
8.80	80	-133.594075213548
8.80	90	-133.59407468448
8.80	100	-133.594074218792
8.80	110	-133.594073833152
8.80	120	-133.594073549248
8.80	130	-133.59407339518
8.80	140	-133.594073389299
8.80	150	-133.594073523355
8.80	160	-133.594073752581
8.80	170	-133.594073981646
8.80	180	-133.59407407991
9.00	0	-133.594078663669
9.00	10	-133.594078569303
9.00	20	-133.594078297294
9.00	30	-133.594077878869
9.00	40	-133.594077357523
9.00	50	-133.594076777779
9.00	60	-133.594076181407
9.00	70	-133.594075598142
9.00	80	-133.594075048324
9.00	90	-133.594074544697
9.00	100	-133.594074097019
9.00	110	-133.594073718566
9.00	120	-133.594073429587
9.00	130	-133.594073254011
9.00	140	-133.594073207585
9.00	150	-133.594073286056
9.00	160	-133.594073449428
9.00	170	-133.59407361878
9.00	180	-133.594073692079
9.50	0	-133.594077694223
9.50	10	-133.594077619781
9.50	20	-133.594077405117
9.50	30	-133.594077071791
9.50	40	-133.594076651069
9.50	50	-133.594076176701
9.50	60	-133.594075678642
9.50	70	-133.594075182153
9.50	80	-133.594074704171
9.50	90	-133.594074256558
9.50	100	-133.594073848951
9.50	110	-133.594073491302
9.50	120	-133.594073199805
9.50	130	-133.594072990265
9.50	140	-133.594072875476
9.50	150	-133.594072854561
9.50	160	-133.594072903197
9.50	170	-133.594072973777
9.50	180	-133.594073006242
10.00	0	-133.594076966349
10.00	10	-133.594076905754
10.00	20	-133.594076730264
10.00	30	-133.594076456423
10.00	40	-133.594076107546
10.00	50	-133.594075708614
10.00	60	-133.59407528387
10.00	70	-133.594074853968
10.00	80	-133.594074433
10.00	90	-133.594074032359
10.00	100	-133.594073659804
10.00	110	-133.594073325722
10.00	120	-133.594073040542
10.00	130	-133.59407281737
10.00	140	-133.5940726657
10.00	150	-133.594072585769
10.00	160	-133.594072567335
10.00	170	-133.594072579965
10.00	180	-133.594072589551
10.50	0	-133.594076397834
10.50	10	-133.594076347306
10.50	20	-133.594076201252
10.50	30	-133.594075970197
10.50	40	-133.594075674717
10.50	50	-133.594075332721
10.50	60	-133.594074965267
10.50	70	-133.594074587336
10.50	80	-133.594074213159
10.50	90	-133.594073851286
10.50	100	-133.594073510895
10.50	110	-133.594073198948
10.50	120	-133.594072925266
10.50	130	-133.594072700455
10.50	140	-133.594072531583
10.50	150	-133.594072421183
10.50	160	-133.594072363426
10.50	170	-133.594072342852
10.50	180	-133.594072338772
11.00	0	-133.594075941064
11.00	10	-133.594075898026
11.00	20	-133.594075773209
11.00	30	-133.594075575886
11.00	40	-133.59407532077
11.00	50	-133.594075023685
11.00	60	-133.594074701024
11.00	70	-133.594074365256
11.00	80	-133.594074029664
11.00	90	-133.594073701783
11.00	100	-133.594073389273
11.00	110	-133.594073099345
11.00	120	-133.594072839562
11.00	130	-133.594072619204
11.00	140	-133.594072444578
11.00	150	-133.594072319111
11.00	160	-133.594072241128
11.00	170	-133.594072201305
11.00	180	-133.59407219015
11.50	0	-133.594075565396
11.50	10	-133.594075528669
11.50	20	-133.594075420485
11.50	30	-133.594075248827
11.50	40	-133.594075025931
11.50	50	-133.594074764077
11.50	60	-133.59407447713
11.50	70	-133.594074177239
11.50	80	-133.594073873366
11.50	90	-133.594073574746
11.50	100	-133.594073286679
11.50	110	-133.594073017248
11.50	120	-133.594072773155
11.50	130	-133.594072560573
11.50	140	-133.594072386896
11.50	150	-133.594072255915
11.50	160	-133.594072167963
11.50	170	-133.594072118575
11.50	180	-133.594072103245
12.00	0	-133.594075251026
12.00	10	-133.594075218729
12.00	20	-133.594075123938
12.00	30	-133.594074972567
12.00	40	-133.594074775454
12.00	50	-133.594074542747
12.00	60	-133.594074285398
12.00	70	-133.594074014912
12.00	80	-133.594073738284
12.00	90	-133.594073464401
12.00	100	-133.594073199252
12.00	110	-133.594072948912
12.00	120	-133.594072719399
12.00	130	-133.594072517199
12.00	140	-133.594072347542
12.00	150	-133.594072216729
12.00	160	-133.594072125239
12.00	170	-133.594072071373
12.00	180	-133.594072054228
12.50	0	-133.594074983236
12.50	10	-133.594074954194
12.50	20	-133.594074869835
12.50	30	-133.594074735839
12.50	40	-133.594074559519
12.50	50	-133.594074350732
12.50	60	-133.594074118149
12.50	70	-133.594073872073
12.50	80	-133.594073619479
12.50	90	-133.594073368025
12.50	100	-133.59407312255
12.50	110	-133.594072889418
12.50	120	-133.594072674519
12.50	130	-133.594072482468
12.50	140	-133.594072320912
12.50	150	-133.59407219273
12.50	160	-133.594072100331
12.50	170	-133.594072046068
12.50	180	-133.594072028291
13.00	0	-133.594074751758
13.00	10	-133.594074726402
13.00	20	-133.594074651197
13.00	30	-133.594074530523
13.00	40	-133.594074371528
13.00	50	-133.59407418241
13.00	60	-133.594073971232
13.00	70	-133.594073746521
13.00	80	-133.594073514264
13.00	90	-133.594073282236
13.00	100	-133.594073054564
13.00	110	-133.59407283732
13.00	120	-133.594072635908
13.00	130	-133.594072454707
13.00	140	-133.594072300381
13.00	150	-133.594072177108
13.00	160	-133.59407208772
13.00	170	-133.594072033705
13.00	180	-133.594072015969
13.50	0	-133.594074550028
13.50	10	-133.594074527061
13.50	20	-133.594074458792
13.50	30	-133.594074350183
13.50	40	-133.594074205402
13.50	50	-133.594074033209
13.50	60	-133.594073840893
13.50	70	-133.594073633819
13.50	80	-133.594073420079
13.50	90	-133.594073204711
13.50	100	-133.594072993523
13.50	110	-133.59407279075
13.50	120	-133.594072601644
13.50	130	-133.594072431534
13.50	140	-133.594072285768
13.50	150	-133.594072167606
13.50	160	-133.594072081281
13.50	170	-133.594072028869
13.50	180	-133.594072011125
14.00	0	-133.594074372111
14.00	10	-133.594074351183
14.00	20	-133.594074289444
14.00	30	-133.594074190108
14.00	40	-133.59407405845
14.00	50	-133.594073900488
14.00	60	-133.594073723152
14.00	70	-133.594073532992
14.00	80	-133.594073335248
14.00	90	-133.594073135245
14.00	100	-133.594072937938
14.00	110	-133.594072748781
14.00	120	-133.594072571299
14.00	130	-133.594072411057
14.00	140	-133.59407227303
14.00	150	-133.594072160951
14.00	160	-133.594072078538
14.00	170	-133.59407202804
14.00	180	-133.594072011315
14.50	0	-133.594074213541
14.50	10	-133.594074194495
14.50	20	-133.594074138088
14.50	30	-133.594074046956
14.50	40	-133.594073926305
14.50	50	-133.594073781268
14.50	60	-133.594073617627
14.50	70	-133.594073441832
14.50	80	-133.594073257497
14.50	90	-133.594073071248
14.50	100	-133.594072887474
14.50	110	-133.594072710389
14.50	120	-133.594072543795
14.50	130	-133.594072392571
14.50	140	-133.594072262504
14.50	150	-133.594072156481
14.50	160	-133.594072077956
14.50	170	-133.594072029612
14.50	180	-133.594072013501
15.00	0	-133.594074071496
15.00	10	-133.594074054494
15.00	20	-133.594074001935
15.00	30	-133.59407391843
15.00	40	-133.594073807561
15.00	50	-133.594073673384
15.00	60	-133.59407352167
15.00	70	-133.594073358073
15.00	80	-133.594073186594
15.00	90	-133.594073012493
15.00	100	-133.594072840255
15.00	110	-133.594072674013
15.00	120	-133.5940725182
15.00	130	-133.594072376557
15.00	140	-133.594072252874
15.00	150	-133.594072152699
15.00	160	-133.5940720782
15.00	170	-133.594072032932
15.00	180	-133.594072017142
16.00	0	-133.594073827364
16.00	10	-133.594073812926
16.00	20	-133.594073768146
16.00	30	-133.594073696391
16.00	40	-133.594073600865
16.00	50	-133.594073485087
16.00	60	-133.594073353581
16.00	70	-133.59407321088
16.00	80	-133.594073060663
16.00	90	-133.594072908451
16.00	100	-133.594072756872
16.00	110	-133.59407261023
16.00	120	-133.594072471562
16.00	130	-133.594072345463
16.00	140	-133.594072236106
16.00	150	-133.594072145901
16.00	160	-133.594072079516
16.00	170	-133.594072038315
16.00	180	-133.594072024519
17.00	0	-133.594073624514
17.00	10	-133.594073611236
17.00	20	-133.594073573045
17.00	30	-133.594073510796
17.00	40	-133.594073427381
17.00	50	-133.594073325863
17.00	60	-133.594073210985
17.00	70	-133.594073085144
17.00	80	-133.594072952943
17.00	90	-133.594072817998
17.00	100	-133.594072683218
17.00	110	-133.594072552915
17.00	120	-133.594072429743
17.00	130	-133.594072317382
17.00	140	-133.594072219871
17.00	150	-133.594072139316
17.00	160	-133.594072079772
17.00	170	-133.594072042534
17.00	180	-133.594072030374
18.00	0	-133.594073452678
18.00	10	-133.594073441458
18.00	20	-133.594073407203
18.00	30	-133.594073352585
18.00	40	-133.594073279204
18.00	50	-133.594073190063
18.00	60	-133.594073087408
18.00	70	-133.594072976437
18.00	80	-133.594072859675
18.00	90	-133.594072738902
18.00	100	-133.594072618515
18.00	110	-133.594072501955
18.00	120	-133.594072391701
18.00	130	-133.594072290518
18.00	140	-133.594072203457
18.00	150	-133.594072131421
18.00	160	-133.594072077446
18.00	170	-133.594072044437
18.00	180	-133.594072033364
19.00	0	-133.594073304428
19.00	10	-133.594073294248
19.00	20	-133.594073265224
19.00	30	-133.594073216863
19.00	40	-133.594073151506
19.00	50	-133.594073072091
19.00	60	-133.594072981263
19.00	70	-133.594072881537
19.00	80	-133.594072776864
19.00	90	-133.594072668296
19.00	100	-133.594072560238
19.00	110	-133.59407245544
19.00	120	-133.594072356374
19.00	130	-133.594072266041
19.00	140	-133.594072186672
19.00	150	-133.594072122092
19.00	160	-133.594072073831
19.00	170	-133.594072044177
19.00	180	-133.594072033908
20.00	0	-133.594073175371
20.00	10	-133.594073166536
20.00	20	-133.594073139873
20.00	30	-133.594073098271
20.00	40	-133.594073040578
20.00	50	-133.594072968854
20.00	60	-133.594072887228
20.00	70	-133.594072797489
20.00	80	-133.59407270285
20.00	90	-133.594072605523
20.00	100	-133.594072508038
20.00	110	-133.594072413402
20.00	120	-133.594072323128
20.00	130	-133.594072241866
20.00	140	-133.594072170014
20.00	150	-133.594072111771
20.00	160	-133.59407206828
20.00	170	-133.594072039646
20.00	180	-133.594072030433
21.00	0	-133.594073064308
21.00	10	-133.594073056086
21.00	20	-133.594073032246
21.00	30	-133.594072993323
21.00	40	-133.594072941304
21.00	50	-133.594072877495
21.00	60	-133.594072803872
21.00	70	-133.594072723375
21.00	80	-133.594072637301
21.00	90	-133.594072548846
21.00	100	-133.594072460635
21.00	110	-133.594072374389
21.00	120	-133.594072292571
21.00	130	-133.594072218201
21.00	140	-133.594072152833
21.00	150	-133.594072099651
21.00	160	-133.594072059973
21.00	170	-133.594072035517
21.00	180	-133.594072027091
22.00	0	-133.594072964393
22.00	10	-133.59407295696
22.00	20	-133.594072935858
22.00	30	-133.594072900928
22.00	40	-133.594072854
22.00	50	-133.594072796131
22.00	60	-133.594072729889
22.00	70	-133.594072656547
22.00	80	-133.594072578813
22.00	90	-133.59407249831
22.00	100	-133.594072417551
22.00	110	-133.594072338995
22.00	120	-133.594072264475
22.00	130	-133.594072195808
22.00	140	-133.594072136112
22.00	150	-133.594072087417
22.00	160	-133.594072051056
22.00	170	-133.594072029021
22.00	180	-133.59407202105
23.00	0	-133.594072877044
23.00	10	-133.594072870413
23.00	20	-133.594072851281
23.00	30	-133.594072818857
23.00	40	-133.594072776291
23.00	50	-133.594072723287
23.00	60	-133.594072662757
23.00	70	-133.594072595564
23.00	80	-133.594072524589
23.00	90	-133.594072451838
23.00	100	-133.594072377323
23.00	110	-133.594072305476
23.00	120	-133.594072237221
23.00	130	-133.594072174689
23.00	140	-133.594072119797
23.00	150	-133.594072075268
23.00	160	-133.594072041581
23.00	170	-133.594072021433
23.00	180	-133.594072014436
24.00	0	-133.594072798865
24.00	10	-133.594072792884
24.00	20	-133.594072775044
24.00	30	-133.594072745981
24.00	40	-133.59407270626
24.00	50	-133.5940726579
24.00	60	-133.594072601756
24.00	70	-133.594072540761
24.00	80	-133.594072475701
24.00	90	-133.594072407985
24.00	100	-133.594072340479
24.00	110	-133.594072274616
24.00	120	-133.594072211272
24.00	130	-133.594072154342
24.00	140	-133.594072104399
24.00	150	-133.594072062945
24.00	160	-133.594072032729
24.00	170	-133.5940720139
24.00	180	-133.59407200748
25.00	0	-133.594072728105
25.00	10	-133.594072722688
25.00	20	-133.594072706443
25.00	30	-133.594072679785
25.00	40	-133.594072643216
25.00	50	-133.594072598639
25.00	60	-133.594072547232
25.00	70	-133.594072490731
25.00	80	-133.594072430384
25.00	90	-133.594072368323
25.00	100	-133.594072305918
25.00	110	-133.594072244701
25.00	120	-133.594072187421
25.00	130	-133.594072134657
25.00	140	-133.594072088712
25.00	150	-133.594072051363
25.00	160	-133.594072023135
25.00	170	-133.594072005671
25.00	180	-133.594071999876
50.00	0	-133.594071983489
50.00	10	-133.594071982047
50.00	20	-133.594071978192
50.00	30	-133.594071971818
50.00	40	-133.594071962534
50.00	50	-133.594071951743
50.00	60	-133.594071938786
50.00	70	-133.594071925305
50.00	80	-133.594071909785
50.00	90	-133.594071894423
50.00	100	-133.594071878635
50.00	110	-133.594071863913
50.00	120	-133.594071849293
50.00	130	-133.594071836753
50.00	140	-133.594071825438
50.00	150	-133.594071816307
50.00	160	-133.594071809657
50.00	170	-133.594071805849
50.00	180	-133.594071803926
100.00	0	-133.594071678971
100.00	10	-133.594071678611
100.00	20	-133.594071678018
100.00	30	-133.594071675995
100.00	40	-133.594071673847
100.00	50	-133.594071671159
100.00	60	-133.594071667746
100.00	70	-133.594071664374
100.00	80	-133.594071660597
100.00	90	-133.594071656806
100.00	100	-133.594071653074
100.00	110	-133.594071649082
100.00	120	-133.594071645718
100.00	130	-133.59407164223
100.00	140	-133.594071639601
100.00	150	-133.594071637439
100.00	160	-133.594071635845
100.00	170	-133.594071634934
100.00	180	-133.594071634283
