[[-1.59693290e+11  3.87333899e+10 -2.89708058e+09  1.19861968e+08
  -3.18935167e+06  2.70008651e+04 -2.35649529e+03 -3.14441903e+00]
 [ 1.59863117e+11 -4.39052557e+10  4.20931710e+09 -2.03879794e+08
   7.04339859e+06 -1.45678928e+05  1.56586224e+03 -3.41759371e+00]
 [-7.39279264e+11  1.80602861e+11 -1.38896870e+10  5.87690676e+08
  -1.54682574e+07  1.78385295e+05 -5.62976303e+03  1.72616854e-01]
 [ 2.89727432e+11 -7.82420757e+10  7.20909604e+09 -3.28461934e+08
   1.05846756e+07 -2.00180223e+05  1.98587244e+03 -3.98983070e-01]
 [-1.10953137e+12  2.73851858e+11 -2.18482734e+10  9.24502931e+08
  -2.19729229e+07  2.04790520e+05 -2.44947530e+03 -2.08146188e-01]
 [ 2.79706621e+11 -7.34016986e+10  6.25610659e+09 -2.63620465e+08
   8.66033120e+06 -1.80785421e+05  1.97716120e+03 -2.37449063e-01]
 [-1.20491746e+12  3.00626833e+11 -2.51605776e+10  1.12113534e+09
  -2.90941044e+07  4.01907162e+05 -3.36487891e+03  3.35859195e-01]
 [ 1.68693999e+11 -4.18479447e+10  2.77958117e+09 -7.44593115e+07
   1.89863598e+06 -1.82237881e+04 -3.30221828e+02  3.42568607e-01]
 [-1.07015932e+12  2.66490479e+11 -2.28204235e+10  1.02206137e+09
  -2.57261438e+07  3.21161915e+05 -1.45653504e+03 -1.57317948e-01]
 [ 5.54646574e+10 -1.22426190e+10  1.18976939e+08  1.65096960e+07
   1.73360631e+06 -1.12057778e+05  1.80105632e+03 -5.75046367e-01]
 [-8.26134528e+11  2.00889047e+11 -1.71308181e+10  7.57498631e+08
  -1.89505856e+07  2.49532594e+05 -1.30255241e+03  4.86635332e-03]
 [ 3.61446536e+10 -7.27798565e+09 -2.47889364e+08  5.71553792e+07
  -2.86882331e+06  1.01145102e+05 -1.87525173e+03  6.82920417e-01]
 [-5.97154709e+11  1.35651038e+11 -1.08219305e+10  4.29653475e+08
  -9.33487937e+06  1.12381598e+05 -7.12306533e+02  1.56882222e-01]
 [ 1.82283848e+11 -4.70282786e+10  4.35989449e+09 -2.20776179e+08
   7.32732901e+06 -1.65363558e+05  2.03212954e+03 -6.63376434e-01]
 [-4.74744645e+11  9.41479036e+10 -6.12239656e+09  1.31429051e+08
   2.52409577e+06 -1.77079699e+05  2.78649938e+03 -8.23632871e-01]
 [ 5.37165501e+11 -1.40513265e+11  1.40271780e+10 -6.81605425e+08
   1.57923519e+07 -1.16681880e+05 -7.67895116e+02  4.82608833e-01]
 [-6.20294265e+11  1.07343472e+11 -5.58249513e+09  2.54683960e+07
   5.86428117e+06 -1.42577254e+05  4.59977638e+02  3.95552545e-01]
 [ 1.51732636e+12 -4.00272175e+11  4.11329531e+10 -2.09198498e+09
   5.41624081e+07 -6.50867786e+05  2.79404060e+03 -1.97267830e-01]
 [-4.09759334e+11  6.78224304e+10 -3.05425891e+09 -5.18872237e+07
   8.42551909e+06 -2.63719052e+05  3.01590695e+03 -6.53429404e-01]]