R	Gamma	E
1.00	0	-112.618898069236
1.00	10	-113.855553719671
1.00	20	-115.383424882575
1.00	30	-116.103895058641
1.00	40	-116.36638927328
1.00	50	-116.469389291507
1.00	60	-116.522631102201
1.00	70	-116.54952207586
1.00	80	-116.550097096607
1.00	90	-116.523194306359
1.00	100	-116.462987334706
1.00	110	-116.401935719627
1.00	120	-116.386340773347
1.00	130	-116.351645589586
1.00	140	-116.228267361929
1.00	150	-115.772890894456
1.00	160	-114.228832282532
1.00	170	-109.712271732544
1.00	180	-104.235924451196
1.10	0	-108.822343844957
1.10	10	-112.162058292542
1.10	20	-115.143505398725
1.10	30	-116.166051920483
1.10	40	-116.457441741631
1.10	50	-116.548051617857
1.10	60	-116.590077946053
1.10	70	-116.610669406554
1.10	80	-116.608069495792
1.10	100	-116.444942121413
1.10	110	-116.46431389388
1.10	120	-116.459802943117
1.10	130	-116.441369044098
1.10	140	-116.339394540293
1.10	150	-115.875422811132
1.10	160	-113.995761104481
1.10	170	-106.207930285068
1.10	180	-83.769823647391
1.20	0	-99.247298672696
1.20	10	-109.680644046684
1.20	20	-114.94908558645
1.20	30	-116.238643256919
1.20	40	-116.538425576571
1.20	50	-116.61496510622
1.20	60	-116.647594357117
1.20	90	-116.635452954187
1.20	100	-116.622814137769
1.20	110	-116.53802506087
1.20	120	-116.53065819189
1.20	130	-116.518953964602
1.20	140	-116.43899959481
1.20	150	-116.017694739888
1.20	160	-114.117912377237
1.20	170	-104.396681363078
1.30	10	-107.376390560946
1.30	20	-114.925845154902
1.30	30	-116.327373230356
1.30	40	-116.6088748354
1.30	50	-116.671461552979
1.30	60	-116.697481739676
1.30	70	-116.712220921802
1.30	90	-116.710286171052
1.30	100	-116.683504566995
1.30	110	-116.612488042916
1.30	130	-116.585013401959
1.30	140	-116.523835377598
1.30	150	-116.178615129771
1.30	160	-114.568854529673
1.30	170	-106.68151688038
1.40	10	-107.395748573647
1.40	20	-115.126388177234
1.40	30	-116.427302489226
1.40	40	-116.66783476046
1.40	50	-116.717916709898
1.40	60	-116.73983442164
1.40	90	-116.750879260645
1.40	100	-116.733754992731
1.40	110	-116.676334636117
1.40	130	-116.640375855752
1.40	140	-116.592300180888
1.40	150	-116.330111347975
1.40	160	-115.140003794094
1.40	170	-110.321989352376
1.40	180	-101.365686825922
1.50	0	-89.458806982612
1.50	10	-109.791552716047
1.50	20	-115.480638839321
1.50	30	-116.526500612155
1.50	40	-116.715059855546
1.50	50	-116.755159435838
1.50	60	-116.774667311989
1.50	70	-116.786956947633
1.50	90	-116.786338923524
1.50	100	-116.77363777936
1.50	110	-116.727746023607
1.50	120	-116.701219778404
1.50	130	-116.686408367538
1.50	140	-116.645300386506
1.50	150	-116.452773898561
1.50	160	-115.642751235318
1.50	170	-112.962584696953
1.50	180	-109.579693829291
1.60	0	-106.068736912594
1.60	10	-112.421995389426
1.60	20	-115.864342372859
1.60	30	-116.61317170769
1.60	40	-116.751310913759
1.60	50	-116.784501344939
1.60	60	-116.802571809904
1.60	70	-116.813811609875
1.60	90	-116.814290388617
1.60	100	-116.804581156897
1.60	110	-116.768071006692
1.60	120	-116.744523135256
1.60	130	-116.724737081846
1.60	140	-116.685706076921
1.60	150	-116.540870034002
1.60	160	-116.002258271617
1.60	170	-114.509276945621
1.60	180	-112.953170199764
1.70	0	-111.794144008066
1.70	10	-114.28030733569
1.70	20	-116.188538705895
1.70	30	-116.680661430032
1.70	40	-116.778278857615
1.70	50	-116.807493118168
1.70	60	-116.82465564793
1.70	70	-116.834507558958
1.70	90	-116.83570356783
1.70	100	-116.828269420064
1.70	110	-116.799170565943
1.70	120	-116.778954573279
1.70	130	-116.756795912572
1.70	140	-116.717130517426
1.70	150	-116.598908013518
1.70	160	-116.224723865924
1.70	170	-115.326896024813
1.70	180	-114.47909057457
1.80	0	-114.332985245908
1.80	10	-115.401547883571
1.80	20	-116.422550303718
1.80	30	-116.727979910749
1.80	40	-116.797947398662
1.80	50	-116.825403364938
1.80	60	-116.841922888087
1.80	70	-116.850205126499
1.80	90	-116.851738211773
1.80	100	-116.846058989381
1.80	110	-116.822690184099
1.80	120	-116.805842255074
1.80	130	-116.783516633054
1.80	140	-116.742723980219
1.80	150	-116.636014205033
1.80	160	-116.346390167434
1.80	170	-115.716315929514
1.80	180	-115.132920842137
1.90	0	-115.546578284602
1.90	10	-116.034100577321
1.90	20	-116.57317442853
1.90	30	-116.758301925272
1.90	40	-116.812488043128
1.90	50	-116.839437178757
1.90	60	-116.855104388166
1.90	70	-116.862006944836
1.90	90	-116.863623030548
1.90	100	-116.859304675495
1.90	130	-116.805779517995
1.90	140	-116.764906669365
1.90	150	-116.661961258865
1.90	160	-116.406388834849
1.90	170	-115.863495108324
1.90	180	-115.267954592767
2.00	0	-116.143971333775
2.00	10	-116.375798481379
2.00	20	-116.660914519717
2.00	30	-116.776640948861
2.00	40	-116.823831774549
2.00	50	-116.850609930197
2.00	70	-116.870824354155
2.00	90	-116.87236318114
2.00	100	-116.869096285505
2.00	130	-116.824281374757
2.00	140	-116.784966014625
2.00	150	-116.684333855405
2.00	160	-116.43736004013
2.00	170	-115.880029684374
2.00	180	-114.882779638755
2.10	0	-116.436820249597
2.10	10	-116.551208473233
2.10	20	-116.706948329263
2.10	30	-116.788056613244
2.10	40	-116.833373487127
2.10	50	-116.859752380588
2.10	70	-116.877363969646
2.10	90	-116.878740788868
2.10	100	-116.876283402006
2.10	130	-116.839784179913
2.10	140	-116.803319939059
2.10	150	-116.707417298199
2.10	160	-116.463677529267
2.10	170	-115.844095797177
2.10	180	-113.374994765767
2.20	0	-116.573890179932
2.20	10	-116.634016996076
2.20	20	-116.728643234075
2.20	30	-116.796719823189
2.20	40	-116.841953844374
2.20	50	-116.867153276619
2.20	70	-116.88218060849
2.20	90	-116.883360821985
2.20	100	-116.881524080504
2.20	130	-116.852608643805
2.20	140	-116.819933483743
2.20	150	-116.732301749194
2.20	160	-116.50017480404
2.20	170	-115.839459313089
2.30	0	-116.630556087288
2.30	10	-116.667330232031
2.30	20	-116.739091228087
2.30	30	-116.805423944698
2.30	40	-116.849968189616
2.30	50	-116.873022004084
2.30	70	-116.88570930918
2.30	90	-116.886683514614
2.30	100	-116.885319986336
2.30	130	-116.862788811951
2.30	140	-116.834695369585
2.30	150	-116.757990774544
2.30	160	-116.549995422767
2.30	170	-115.943475206329
2.40	0	-116.646615438703
2.40	10	-116.676316448111
2.40	20	-116.745537778901
2.40	30	-116.815422535424
2.40	40	-116.857613025001
2.40	50	-116.877753211847
2.40	60	-116.885483295433
2.40	70	-116.888267368418
2.40	90	-116.88905499842
2.40	100	-116.888049935492
2.40	120	-116.880212906663
2.40	130	-116.8707410986
2.40	140	-116.847572118154
2.40	150	-116.782833760096
2.40	160	-116.607052915679
2.40	170	-116.111901887625
2.50	0	-116.643508858734
2.50	10	-116.678379238387
2.50	20	-116.758598256683
2.50	30	-116.826632428596
2.50	40	-116.864532717911
2.50	60	-116.887913690455
2.50	70	-116.890119533638
2.50	80	-116.890599489432
2.50	90	-116.890733664132
2.50	100	-116.889998158579
2.50	120	-116.884172082475
2.50	130	-116.876874737482
2.50	140	-116.858329147519
2.50	150	-116.805498736475
2.50	160	-116.66328307122
2.60	0	-116.632713608999
2.60	10	-116.690261021598
2.60	20	-116.777039234732
2.60	60	-116.889717257031
2.60	70	-116.891440737273
2.60	80	-116.891795099145
2.60	90	-116.891911264756
2.60	100	-116.891376999774
2.60	110	-116.889601025102
2.60	120	-116.887088579769
2.60	130	-116.881550957143
2.60	140	-116.867036848056
2.60	150	-116.825244017859
2.60	160	-116.713459371906
2.70	0	-116.620126771522
2.70	10	-116.748312959485
2.70	20	-116.80120383959
2.70	30	-116.848760942398
2.70	50	-116.886812748021
2.70	60	-116.89104882409
2.70	70	-116.892376835397
2.70	80	-116.892634036261
2.70	90	-116.892729160313
2.70	100	-116.892344049186
2.70	110	-116.891047984615
2.70	120	-116.889220489489
2.70	130	-116.885077863721
2.70	140	-116.873935004996
2.70	150	-116.841541625237
2.70	170	-116.569596821188
2.80	0	-116.608501521067
2.80	10	-116.763011088913
2.80	20	-116.820545413545
2.80	30	-116.858506128586
2.80	40	-116.87960766662
2.80	50	-116.888709006808
2.80	60	-116.89202650556
2.80	70	-116.893033127157
2.80	80	-116.893214947013
2.80	90	-116.893290851072
2.80	100	-116.893015525664
2.80	120	-116.890765503807
2.80	130	-116.887710511506
2.80	140	-116.879297287711
2.80	150	-116.854648669007
2.80	170	-116.659703065909
2.90	0	-116.598901644295
2.90	10	-116.795657370578
2.90	20	-116.83609654659
2.90	30	-116.866646611022
2.90	40	-116.883087341545
2.90	50	-116.890176816997
2.90	60	-116.892734061292
2.90	70	-116.893487662928
2.90	80	-116.89361270751
2.90	90	-116.893671576389
2.90	100	-116.893476468723
2.90	110	-116.89280516005
2.90	120	-116.891874580311
2.90	130	-116.889654921333
2.90	140	-116.883399621409
2.90	150	-116.864937830729
2.90	160	-116.816971116583
2.90	170	-116.725944432723
2.90	180	-116.647397402517
3.00	0	-116.806565738294
3.00	10	-116.82154273383
3.00	20	-116.850376180304
3.00	30	-116.873275383253
3.00	40	-116.885858838097
3.00	50	-116.89129875128
3.00	60	-116.893242524439
3.00	70	-116.893798075842
3.00	80	-116.893880995126
3.00	90	-116.893925635508
3.00	100	-116.893788663045
3.00	110	-116.893312029539
3.00	120	-116.892663574808
3.00	130	-116.891075077639
3.00	140	-116.886491911183
3.00	150	-116.872859071156
3.00	160	-116.837769129619
3.00	170	-116.774166154115
3.00	180	-116.726688389458
3.10	0	-116.830796776825
3.10	10	-116.841029192744
3.10	20	-116.861583593574
3.10	30	-116.878535144136
3.10	40	-116.888026403612
3.10	50	-116.892145681984
3.10	60	-116.893603207272
3.10	70	-116.894006368891
3.10	80	-116.894058572167
3.10	90	-116.894091903859
3.10	100	-116.893878218004
3.10	110	-116.893661974036
3.10	120	-116.893217783533
3.10	130	-116.892100071816
3.10	140	-116.888791173881
3.10	150	-116.878855565889
3.10	160	-116.853487140869
3.10	170	-116.809131409078
3.10	180	-116.77899176956
3.20	0	-116.848465900832
3.20	10	-116.855559521555
3.20	20	-116.870201041746
3.20	30	-116.882621489937
3.20	40	-116.889694905196
3.20	50	-116.892776601212
3.20	60	-116.893855244748
3.20	70	-116.894143080618
3.20	80	-116.894173762208
3.20	90	-116.894197955272
3.20	100	-116.894044165612
3.20	110	-116.893899815494
3.20	120	-116.893602074032
3.20	130	-116.892830335066
3.20	140	-116.890477591577
3.20	150	-116.883327269686
3.20	160	-116.86518778777
3.20	170	-116.834369119405
3.20	180	-116.814664964517
3.30	0	-116.86136524323
3.30	10	-116.866310489956
3.30	20	-116.876716639377
3.30	30	-116.885744317243
3.30	40	-116.890960867522
3.30	50	-116.893240170565
3.30	60	-116.894028325073
3.30	70	-116.894230197578
3.30	80	-116.894245957983
3.30	90	-116.89426314188
3.30	100	-116.894152952103
3.30	110	-116.89405884208
3.30	120	-116.893864537797
3.30	130	-116.893343281442
3.30	140	-116.891697450725
3.30	150	-116.886615565412
3.30	160	-116.873779557876
3.30	170	-116.852472536073
3.30	180	-116.839390422377
3.40	0	-116.870746336713
3.40	10	-116.87420180738
3.40	20	-116.881579270494
3.40	30	-116.888095674149
3.40	40	-116.891908475812
3.40	50	-116.893576279932
3.40	60	-116.894144676156
3.40	70	-116.894283366356
3.40	80	-116.89428902339
3.40	90	-116.894300891084
3.40	100	-116.894222212612
3.40	110	-116.894162825085
3.40	120	-116.894040499806
3.40	130	-116.893697727027
3.40	140	-116.892567029241
3.40	150	-116.889001647573
3.40	160	-116.880009789656
3.40	170	-116.865361247713
3.40	180	-116.85661957737
3.50	0	-116.877537410207
3.50	10	-116.879953437606
3.50	20	-116.885170431664
3.50	30	-116.889846399059
3.50	40	-116.892608597383
3.50	50	-116.893816106717
3.50	60	-116.894220761022
3.50	70	-116.894313586433
3.50	80	-116.894312565193
3.50	90	-116.894320432555
3.50	100	-116.894264659569
3.50	110	-116.894229035318
3.50	120	-116.894155843947
3.50	130	-116.893938070737
3.50	140	-116.89317723357
3.50	150	-116.890709747569
3.50	160	-116.884474717949
3.50	170	-116.874462713871
3.50	180	-116.868613759287
3.60	0	-116.882431526866
3.60	10	-116.884120305394
3.60	20	-116.887799211121
3.60	30	-116.891134884747
3.60	40	-116.893119169928
3.60	50	-116.893984516844
3.60	60	-116.894268599646
3.60	70	-116.89432850465
3.60	80	-116.894323192379
3.60	90	-116.894328072772
3.60	100	-116.894288811117
3.60	110	-116.894269275285
3.60	120	-116.894229091243
3.60	130	-116.894097292797
3.60	140	-116.893597966753
3.60	150	-116.891915967937
3.60	160	-116.887636974719
3.60	170	-116.880839084287
3.60	180	-116.876928611036
3.70	0	-116.885942758646
3.70	10	-116.887121680726
3.70	20	-116.889707620106
3.70	30	-116.892077600922
3.70	40	-116.893486854411
3.70	50	-116.894100587122
3.70	60	-116.894296859648
3.70	70	-116.894333396466
3.70	80	-116.894325443839
3.70	90	-116.894328116531
3.70	100	-116.894300734875
3.70	110	-116.894291951458
3.70	120	-116.89427351507
3.70	130	-116.894199633851
3.70	140	-116.89388221505
3.70	150	-116.892755478091
3.70	160	-116.889851119755
3.70	170	-116.885269569509
3.70	180	-116.882662840852
3.80	0	-116.888449916748
3.80	10	-116.889274639273
3.80	20	-116.891081933344
3.80	30	-116.892752083361
3.80	40	-116.893748200509
3.80	50	-116.894178774742
3.80	60	-116.894311730301
3.80	70	-116.894331887386
3.80	80	-116.894322437369
3.80	90	-116.894323505347
3.80	100	-116.894304638263
3.80	110	-116.894302898597
3.80	120	-116.894298471765
3.80	130	-116.894262689403
3.80	140	-116.894069565614
3.80	150	-116.893330467249
3.80	160	-116.891383286631
3.80	170	-116.888320541601
3.80	180	-116.886591855727
3.90	0	-116.890230937133
3.90	10	-116.890803128448
3.90	20	-116.892066935532
3.90	30	-116.893233288478
3.90	40	-116.893931397331
3.90	50	-116.894229867411
3.90	60	-116.894317600943
3.90	70	-116.894326463889
3.90	80	-116.894316315896
3.90	90	-116.894316251137
3.90	100	-116.894303443838
3.90	110	-116.894306157489
3.90	120	-116.894310493118
3.90	130	-116.894299069934
3.90	140	-116.894189202851
3.90	150	-116.893717098605
3.90	160	-116.892430474798
3.90	170	-116.890401706529
3.90	180	-116.88926310438
4.00	0	-116.89148906493
4.00	10	-116.891884650894
4.00	20	-116.892761378961
4.00	30	-116.893572977926
4.00	40	-116.894057831152
4.00	50	-116.894261821738
4.00	60	-116.894317573375
4.00	70	-116.894318827926
4.00	80	-116.894308542565
4.00	90	-116.894307714626
4.00	100	-116.894299172476
4.00	110	-116.894304523956
4.00	120	-116.89431409535
4.00	130	-116.894317696397
4.00	140	-116.894262344532
4.00	150	-116.893971373234
4.00	160	-116.893136468227
4.00	170	-116.891807088644
4.00	180	-116.891063339425
4.10	0	-116.892372436268
4.10	10	-116.892644674262
4.10	20	-116.893249453376
4.10	30	-116.89381009546
4.10	40	-116.894143491195
4.10	50	-116.89428044285
4.10	60	-116.894313829589
4.10	70	-116.894310134374
4.10	80	-116.894300098274
4.10	90	-116.894298788915
4.10	100	-116.894293207439
4.10	110	-116.894299930942
4.10	120	-116.894312379795
4.10	130	-116.894324787406
4.10	140	-116.894304173881
4.10	150	-116.894133933438
4.10	160	-116.8936049241
4.10	170	-116.892745632461
4.10	180	-116.892264764488
4.20	0	-116.892988627143
4.20	10	-116.893174917625
4.20	20	-116.893589416073
4.20	30	-116.893973602429
4.20	40	-116.8942001729
4.20	50	-116.894289934304
4.20	60	-116.894307898889
4.20	70	-116.894301151823
4.20	80	-116.894291617299
4.20	90	-116.89429003207
4.20	100	-116.894286472549
4.20	110	-116.894293703933
4.20	120	-116.894307458253
4.20	130	-116.894324617913
4.20	140	-116.89432537254
4.20	150	-116.894233926513
4.20	160	-116.89390968002
4.20	170	-116.893364235995
4.20	180	-116.893057440118
4.30	0	-116.893415417226
4.30	10	-116.893542000748
4.30	20	-116.893823950796
4.30	30	-116.894084773447
4.30	40	-116.894236485595
4.30	50	-116.894293312516
4.30	60	-116.894300834414
4.30	70	-116.894292370439
4.30	80	-116.894283481309
4.30	90	-116.894281760265
4.30	100	-116.89427955622
4.30	110	-116.894286736418
4.30	120	-116.894300760422
4.30	130	-116.894320079755
4.30	140	-116.894333320777
4.30	150	-116.894291994882
4.30	160	-116.894102792884
4.30	170	-116.893765252038
4.30	180	-116.893573053658
4.40	0	-116.893708728773
4.40	10	-116.893793990603
4.40	20	-116.893984030687
4.40	30	-116.894159067526
4.40	40	-116.894258648201
4.40	50	-116.894292721483
4.40	60	-116.894293346239
4.40	70	-116.894284080968
4.40	80	-116.894275897611
4.40	90	-116.894274129094
4.40	100	-116.894272817232
4.40	110	-116.894279614287
4.40	120	-116.894293240502
4.40	130	-116.89431309636
4.40	140	-116.894333031916
4.40	150	-116.89432257087
4.40	160	-116.894220661861
4.40	170	-116.8940194693
4.40	180	-116.893902242532
4.50	0	-116.893908510557
4.50	10	-116.893965298022
4.50	20	-116.894091906216
4.50	30	-116.894207589066
4.50	40	-116.894271113565
4.50	50	-116.894289665846
4.50	60	-116.894285895604
4.50	70	-116.894276433745
4.50	80	-116.894268959068
4.50	90	-116.894267194393
4.50	100	-116.894266454287
4.50	110	-116.894272700377
4.50	120	-116.894285524456
4.50	130	-116.894304923445
4.50	140	-116.894327858501
4.50	150	-116.894335591904
4.50	160	-116.894288589949
4.50	170	-116.894175555945
4.50	180	-116.89410699416
4.60	0	-116.894043105335
4.60	10	-116.894080372877
4.60	20	-116.894163418987
4.60	30	-116.894238254027
4.60	40	-116.894277042458
4.60	50	-116.894285184477
4.60	60	-116.894278762258
4.60	70	-116.894269486983
4.60	80	-116.894262687513
4.60	90	-116.894260955912
4.60	100	-116.89426056803
4.60	110	-116.894266202861
4.60	120	-116.894278006376
4.60	130	-116.894296362905
4.60	140	-116.894320009974
4.60	150	-116.894337775265
4.60	160	-116.894324060807
4.60	170	-116.894266853963
4.60	180	-116.894229487435
4.70	0	-116.894132496988
4.70	10	-116.894156463982
4.70	20	-116.894209758292
4.70	30	-116.894256662009
4.70	40	-116.894278660117
4.70	50	-116.894279981544
4.70	60	-116.89427210228
4.70	70	-116.894263239298
4.70	80	-116.89425706328
4.70	90	-116.894255382467
4.70	100	-116.894255197481
4.70	110	-116.894260226897
4.70	120	-116.894270923205
4.70	130	-116.894287914497
4.70	140	-116.894310919885
4.70	150	-116.894333566921
4.70	160	-116.894339047169
4.70	170	-116.894316138846
4.70	180	-116.894298357
4.80	0	-116.894190705382
4.80	10	-116.894205676937
4.80	20	-116.894238794523
4.80	30	-116.894266759505
4.80	40	-116.89427752157
4.80	50	-116.894274523785
4.80	60	-116.894265986636
4.80	70	-116.894257656421
4.80	80	-116.894252050715
4.80	90	-116.894250431877
4.80	100	-116.894250347964
4.80	110	-116.894254808569
4.80	120	-116.894264398304
4.80	130	-116.894279879276
4.80	140	-116.894301495224
4.80	150	-116.894325850196
4.80	160	-116.894341622305
4.80	170	-116.894338880259
4.80	180	-116.894333003022
4.90	0	-116.894227540255
4.90	10	-116.894236483963
4.90	20	-116.894256043452
4.90	30	-116.894271311633
4.90	40	-116.894274703033
4.90	50	-116.894269109078
4.90	60	-116.894260433683
4.90	70	-116.894252691456
4.90	80	-116.894247602331
4.90	90	-116.894246056234
4.90	100	-116.89424600416
4.90	110	-116.894249944927
4.90	120	-116.894258480331
4.90	130	-116.894272424762
4.90	140	-116.894292292367
4.90	150	-116.894316460588
4.90	160	-116.894337094661
4.90	170	-116.894345466462
4.90	180	-116.894346474901
5.00	0	-116.894249856808
5.00	10	-116.894254808788
5.00	20	-116.894265364915
5.00	30	-116.894272248259
5.00	40	-116.894270940333
5.00	50	-116.894263918906
5.00	60	-116.894255430608
5.00	70	-116.894248291025
5.00	80	-116.894243670938
5.00	90	-116.894242204952
5.00	100	-116.894242139446
5.00	110	-116.894245609549
5.00	120	-116.894253170549
5.00	130	-116.894265632634
5.00	140	-116.894283628878
5.00	150	-116.894306546927
5.00	160	-116.894328831122
5.00	170	-116.894342722934
5.00	180	-116.894347409976
5.10	0	-116.894262435943
5.10	10	-116.894264782118
5.10	20	-116.89426944701
5.10	30	-116.894270908104
5.10	40	-116.894266733023
5.10	50	-116.89425905694
5.10	60	-116.894250946667
5.10	70	-116.89424440106
5.10	80	-116.894240208087
5.10	90	-116.894238827329
5.10	100	-116.894238723097
5.10	110	-116.89424176649
5.10	120	-116.894248441932
5.10	130	-116.89425952241
5.10	140	-116.894275669775
5.10	150	-116.894296807147
5.10	160	-116.894318889188
5.10	170	-116.89433498826
5.10	180	-116.89434137381
5.20	0	-116.894268596412
5.20	10	-116.894269267912
5.20	20	-116.894270151852
5.20	30	-116.894268210894
5.20	40	-116.894262407084
5.20	50	-116.894254571798
5.20	60	-116.894246945853
5.20	70	-116.894240972
5.20	80	-116.894237167728
5.20	90	-116.894235874828
5.20	100	-116.894235985616
5.20	110	-116.89423837426
5.20	120	-116.894244253579
5.20	130	-116.894254076648
5.20	140	-116.894268477626
5.20	150	-116.894287638108
5.20	160	-116.894308490023
5.20	170	-116.894324910034
5.20	180	-116.894331824178
5.30	0	-116.894270619036
5.30	10	-116.894270236465
5.30	20	-116.89426875663
5.30	30	-116.894264780407
5.30	40	-116.894258166323
5.30	50	-116.894250478139
5.30	60	-116.894243385739
5.30	70	-116.894237954322
5.30	80	-116.894234504861
5.30	90	-116.894233298572
5.30	100	-116.894233329797
5.30	110	-116.894235391563
5.30	120	-116.894240557372
5.30	130	-116.894249254605
5.30	140	-116.894262052127
5.30	150	-116.894279232294
5.30	160	-116.894298343016
5.30	170	-116.894314043475
5.30	180	-116.89432082896
5.40	0	-116.894270050254
5.40	10	-116.894269025275
5.40	20	-116.894266128359
5.40	30	-116.894261029118
5.40	40	-116.894254132446
5.40	50	-116.894246769137
5.40	60	-116.894240227178
5.40	70	-116.894235303175
5.40	80	-116.894232176392
5.40	90	-116.894231052359
5.40	100	-116.894231014571
5.40	110	-116.894232775976
5.40	120	-116.894237305522
5.40	130	-116.894245000586
5.40	140	-116.894256355116
5.40	150	-116.894271653716
5.40	160	-116.894288837103
5.40	170	-116.894303281203
5.40	180	-116.894309591341
5.50	0	-116.894267923378
5.50	10	-116.894266528144
5.50	20	-116.89426284214
5.50	30	-116.894257217377
5.50	40	-116.894250364849
5.50	50	-116.894243426019
5.50	60	-116.894237429974
5.50	70	-116.894232977167
5.50	80	-116.894230140479
5.50	90	-116.894229094386
5.50	100	-116.894228997665
5.50	110	-116.894230489008
5.50	120	-116.894234451314
5.50	130	-116.894241256008
5.50	140	-116.894251327555
5.50	150	-116.894264890114
5.50	160	-116.894280159426
5.50	170	-116.894293119689
5.50	180	-116.894298790691
5.60	0	-116.894264916497
5.60	10	-116.894263330592
5.60	20	-116.894259270366
5.60	30	-116.894253503365
5.60	40	-116.894246889338
5.60	50	-116.894240425738
5.60	60	-116.894234957249
5.60	70	-116.894230935938
5.60	80	-116.894228360862
5.60	90	-116.894227385395
5.60	100	-116.894227239368
5.60	110	-116.894228492088
5.60	120	-116.894231952315
5.60	130	-116.894237965324
5.60	140	-116.894246902165
5.60	150	-116.894258889719
5.60	160	-116.894272363053
5.60	170	-116.894283810712
5.60	180	-116.894288792938
5.70	0	-116.894261465648
5.70	10	-116.894259809489
5.70	20	-116.894255644264
5.70	30	-116.894249971095
5.70	40	-116.894243708633
5.70	50	-116.894237739452
5.70	60	-116.894232772087
5.70	70	-116.894229143271
5.70	80	-116.894226802955
5.70	90	-116.894225891489
5.70	100	-116.894225705555
5.70	110	-116.894226750758
5.70	120	-116.894229766242
5.70	130	-116.894235076061
5.70	140	-116.894243008889
5.70	150	-116.894253586855
5.70	160	-116.894265427156
5.70	170	-116.894275446604
5.70	180	-116.894279763469
5.80	0	-116.894257845268
5.80	10	-116.894256198804
5.80	20	-116.894252100118
5.80	30	-116.894246664239
5.80	40	-116.894240814463
5.80	50	-116.894235340729
5.80	60	-116.894230842245
5.80	70	-116.894227567017
5.80	80	-116.894225437363
5.80	90	-116.894224583004
5.80	100	-116.8942243652
5.80	110	-116.894225231896
5.80	120	-116.894227857057
5.80	130	-116.894232539598
5.80	140	-116.894239583093
5.80	150	-116.894248914237
5.80	160	-116.894259294291
5.80	170	-116.894268026379
5.80	180	-116.894271740787
5.90	0	-116.894254226324
5.90	10	-116.894252640222
5.90	20	-116.894248715208
5.90	30	-116.8942435995
5.90	40	-116.894238192683
5.90	50	-116.894233203107
5.90	60	-116.894229136566
5.90	70	-116.894226177598
5.90	80	-116.894224237028
5.90	90	-116.894223434567
5.90	100	-116.894223191844
5.90	110	-116.89422390622
5.90	120	-116.894226188248
5.90	130	-116.894230314285
5.90	140	-116.894236565031
5.90	150	-116.894244802888
5.90	160	-116.894253894486
5.90	170	-116.894261493309
5.90	180	-116.894264685795
6.00	0	-116.894250713815
6.00	10	-116.894249219196
6.00	20	-116.894245531056
6.00	30	-116.894240782126
6.00	40	-116.894235827453
6.00	50	-116.894231299777
6.00	60	-116.894227627641
6.00	70	-116.894224951093
6.00	80	-116.894223468838
6.00	90	-116.894222423242
6.00	100	-116.894222163243
6.00	110	-116.894222747746
6.00	120	-116.894224729688
6.00	130	-116.894228361671
6.00	140	-116.894233905678
6.00	150	-116.894241187915
6.00	160	-116.894249157361
6.00	170	-116.894255771228
6.00	180	-116.894258521098
6.20	0	-116.894244236168
6.20	10	-116.894242967917
6.20	20	-116.894239839993
6.20	30	-116.894235870327
6.20	40	-116.894231794704
6.20	50	-116.89422809859
6.20	60	-116.894225100752
6.20	70	-116.894222899952
6.20	80	-116.894221667625
6.20	90	-116.894220743946
6.20	100	-116.894220459821
6.20	110	-116.894220916002
6.20	120	-116.894222331892
6.20	130	-116.894225139404
6.20	140	-116.894229488073
6.20	150	-116.89423520536
6.20	160	-116.894241383764
6.20	170	-116.894246433343
6.20	180	-116.894248496114
6.40	0	-116.894238671791
6.40	10	-116.894237637934
6.40	20	-116.894235083852
6.40	30	-116.894231864771
6.40	40	-116.894228567505
6.40	50	-116.894225558455
6.40	60	-116.894223097144
6.40	70	-116.894221578026
6.40	80	-116.894220242522
6.40	90	-116.89421942361
6.40	100	-116.894219128085
6.40	110	-116.894219437136
6.40	120	-116.894220477858
6.40	130	-116.89422264108
6.40	140	-116.894226042905
6.40	150	-116.894230545919
6.40	160	-116.89423541104
6.40	170	-116.894239346559
6.40	180	-116.89424092676
6.60	0	-116.894234080447
6.60	10	-116.894233258175
6.60	20	-116.894231221603
6.60	30	-116.894228650847
6.60	40	-116.894225990945
6.60	50	-116.894223938993
6.60	60	-116.894221858062
6.60	70	-116.894220251065
6.60	80	-116.894219102483
6.60	90	-116.894218373146
6.60	100	-116.894218075287
6.60	110	-116.894218272672
6.60	120	-116.894219091638
6.60	130	-116.894220740471
6.60	140	-116.894223348686
6.60	150	-116.894226895605
6.60	160	-116.894230760196
6.60	170	-116.894233890971
6.60	180	-116.894235132409
6.80	0	-116.894230401559
6.80	10	-116.894229754569
6.80	20	-116.894228142301
6.80	30	-116.894226086603
6.80	40	-116.894224286636
6.80	50	-116.894222277319
6.80	60	-116.894220538621
6.80	70	-116.894219174561
6.80	80	-116.894218179137
6.80	90	-116.894217527642
6.80	100	-116.894217232095
6.80	110	-116.894217344815
6.80	120	-116.894217959256
6.80	130	-116.894219230095
6.80	140	-116.894221305012
6.80	150	-116.894224107818
6.80	160	-116.894227099388
6.80	170	-116.894229608565
6.80	180	-116.894230601293
7.00	0	-116.894227495159
7.00	10	-116.894226982565
7.00	20	-116.894225694521
7.00	30	-116.894224283112
7.00	40	-116.894222585893
7.00	50	-116.894220920147
7.00	60	-116.894219458778
7.00	70	-116.894218292212
7.00	80	-116.894217423285
7.00	90	-116.894216837527
7.00	100	-116.894216548186
7.00	110	-116.894216597079
7.00	120	-116.894217053556
7.00	130	-116.894218029709
7.00	140	-116.894219645043
7.00	150	-116.894221852793
7.00	160	-116.894224282246
7.00	170	-116.894226252711
7.00	180	-116.894227022484
7.20	0	-116.894225191163
7.20	10	-116.894224816486
7.20	20	-116.894223860174
7.20	30	-116.894222592995
7.20	40	-116.894221191878
7.20	50	-116.894219802408
7.20	60	-116.894218567152
7.20	70	-116.894217562162
7.20	80	-116.894216798475
7.20	90	-116.894216270075
7.20	100	-116.894215988548
7.20	110	-116.894215987955
7.20	120	-116.894216321626
7.20	130	-116.894217069986
7.20	140	-116.894218321825
7.20	150	-116.894220059422
7.20	160	-116.894221994015
7.20	170	-116.894223577072
7.20	180	-116.894224199608
7.40	0	-116.894223339506
7.40	10	-116.894223035651
7.40	20	-116.894222253903
7.40	30	-116.894221207339
7.40	40	-116.894220041607
7.40	50	-116.894218876815
7.40	60	-116.894217824545
7.40	70	-116.894216953281
7.40	80	-116.894216278493
7.40	90	-116.894215799443
7.40	100	-116.894215526653
7.40	110	-116.894215486647
7.40	120	-116.894215723725
7.40	130	-116.894216295816
7.40	140	-116.894217264308
7.40	150	-116.89421862742
7.40	160	-116.894220173815
7.40	170	-116.894221458709
7.40	180	-116.894221968299
7.60	0	-116.894221830157
7.60	10	-116.894221582021
7.60	20	-116.894220936541
7.60	30	-116.894220065249
7.60	40	-116.894219088696
7.60	50	-116.894218102607
7.60	60	-116.894217200459
7.60	70	-116.894216440735
7.60	80	-116.89421584127
7.60	90	-116.89421540608
7.60	100	-116.894215142017
7.60	110	-116.894215071362
7.60	120	-116.894215231242
7.60	130	-116.894215665642
7.60	140	-116.894216414849
7.60	150	-116.894217479627
7.60	160	-116.894218713739
7.60	170	-116.894219760803
7.60	180	-116.894220181482
7.80	0	-116.894220589513
7.80	10	-116.894220385792
7.80	20	-116.89421985029
7.80	30	-116.894219120149
7.80	40	-116.894218293772
7.80	50	-116.894217451639
7.80	60	-116.89421667158
7.80	70	-116.894216006066
7.80	80	-116.894215473226
7.80	90	-116.894215075739
7.80	100	-116.894214820481
7.80	110	-116.89421472595
7.80	120	-116.894214822228
7.80	130	-116.894215146929
7.80	140	-116.894215726459
7.80	150	-116.894216557563
7.80	160	-116.894217534799
7.80	170	-116.894218382178
7.80	180	-116.894218726643
8.00	0	-116.894219566427
8.00	10	-116.894219397696
8.00	20	-116.894218951246
8.00	30	-116.894218333457
8.00	40	-116.894217625948
8.00	50	-116.894216899676
8.00	60	-116.894216220428
8.00	70	-116.894215635838
8.00	80	-116.894215160336
8.00	90	-116.894214797525
8.00	100	-116.894214550733
8.00	110	-116.894214435485
8.00	120	-116.894214480216
8.00	130	-116.894214717871
8.00	140	-116.894215165353
8.00	150	-116.894215812951
8.00	160	-116.8942165807
8.00	170	-116.894217255086
8.00	180	-116.894217532287
8.20	0	-116.894218717413
8.20	10	-116.894218577665
8.20	20	-116.894218201807
8.20	30	-116.894217672928
8.20	40	-116.89421706033
8.20	50	-116.894216427651
8.20	60	-116.894215834496
8.20	70	-116.894215319224
8.20	80	-116.894214894183
8.20	90	-116.894214560374
8.20	100	-116.894214321377
8.20	110	-116.894214190756
8.20	120	-116.894214194122
8.20	130	-116.894214360046
8.20	140	-116.894214703093
8.20	150	-116.894215207989
8.20	160	-116.894215807981
8.20	170	-116.894216335828
8.20	180	-116.894216553783
8.40	0	-116.894218007576
8.40	10	-116.894217889895
8.40	20	-116.89421756944
8.40	30	-116.894217111942
8.40	40	-116.894216577316
8.40	50	-116.894216023669
8.40	60	-116.89421550348
8.40	70	-116.89421504757
8.40	80	-116.894214665156
8.40	90	-116.894214356975
8.40	100	-116.894214126295
8.40	110	-116.894213983905
8.40	120	-116.894213953964
8.40	130	-116.894214061644
8.40	140	-116.894214319736
8.40	150	-116.894214712788
8.40	160	-116.894215179549
8.40	170	-116.894215589228
8.40	180	-116.894215757416
8.60	0	-116.894217406585
8.60	10	-116.894217306833
8.60	20	-116.894217031275
8.60	30	-116.894216632102
8.60	40	-116.894216162909
8.60	50	-116.894215676929
8.60	60	-116.894215218937
8.60	70	-116.894214813451
8.60	80	-116.894214468217
8.60	90	-116.894214181864
8.60	100	-116.894213958254
8.60	110	-116.894213808254
8.60	120	-116.894213751239
8.60	130	-116.894213811681
8.60	140	-116.894214000767
8.60	150	-116.894214304326
8.60	160	-116.894214667521
8.60	170	-116.894214983774
8.60	180	-116.894215113086
8.80	0	-116.894216892654
8.80	10	-116.89421680746
8.80	20	-116.894216568181
8.80	30	-116.89421621857
8.80	40	-116.894215806061
8.80	50	-116.894215378677
8.80	60	-116.894214973611
8.80	70	-116.894214611239
8.80	80	-116.894214296718
8.80	90	-116.894214030183
8.80	100	-116.894213814106
8.80	110	-116.894213658469
8.80	120	-116.894213580449
8.80	130	-116.894213602231
8.80	140	-116.894213734631
8.80	150	-116.894213965564
8.80	160	-116.894214247465
8.80	170	-116.894214491598
8.80	180	-116.894214590452
9.00	0	-116.894216450665
9.00	10	-116.894216376494
9.00	20	-116.894216168802
9.00	30	-116.894215861553
9.00	40	-116.894215499241
9.00	50	-116.894215122028
9.00	60	-116.894214761885
9.00	70	-116.894214435694
9.00	80	-116.894214148042
9.00	90	-116.894213897749
9.00	100	-116.894213688536
9.00	110	-116.894213529578
9.00	120	-116.894213436269
9.00	130	-116.894213426831
9.00	140	-116.894213512442
9.00	150	-116.8942136834
9.00	160	-116.894213900339
9.00	170	-116.894214089322
9.00	180	-116.894214165565
9.50	0	-116.89421558913
9.50	10	-116.894215536868
9.50	20	-116.894215388098
9.50	30	-116.89421516637
9.50	40	-116.894214900795
9.50	50	-116.89421462027
9.50	60	-116.894214344693
9.50	70	-116.894214086334
9.50	80	-116.894213848719
9.50	90	-116.894213632731
9.50	100	-116.894213441363
9.50	110	-116.894213280448
9.50	120	-116.894213162482
9.50	130	-116.894213100441
9.50	140	-116.89421310349
9.50	150	-116.894213168351
9.50	160	-116.8942132709
9.50	170	-116.894213366475
9.50	180	-116.894213405041
10.00	0	-116.894214986358
10.00	10	-116.894214948626
10.00	20	-116.894214840405
10.00	30	-116.894214676469
10.00	40	-116.894214476605
10.00	50	-116.894214259584
10.00	60	-116.894214040363
10.00	70	-116.894213828392
10.00	80	-116.89421362626
10.00	90	-116.894213435762
10.00	100	-116.894213260016
10.00	110	-116.894213104026
10.00	120	-116.894212976166
10.00	130	-116.894212886453
10.00	140	-116.894212841779
10.00	150	-116.894212843045
10.00	160	-116.894212875816
10.00	170	-116.894212916038
10.00	180	-116.894212933463
10.50	0	-116.89421455646
10.50	10	-116.894214527769
10.50	20	-116.894214445883
10.50	30	-116.894214319829
10.50	40	-116.89421416315
10.50	50	-116.894213989021
10.50	60	-116.894213809313
10.50	70	-116.894213629593
10.50	80	-116.894213454429
10.50	90	-116.894213284997
10.50	100	-116.894213123576
10.50	110	-116.894212974251
10.50	120	-116.894212844361
10.50	130	-116.894212741489
10.50	140	-116.894212671724
10.50	150	-116.89421263636
10.50	160	-116.894212628901
10.50	170	-116.894212635631
10.50	180	-116.894212640675
11.00	0	-116.894214238413
11.00	10	-116.894214216099
11.00	20	-116.894214150638
11.00	30	-116.89421405026
11.00	40	-116.89421392287
11.00	50	-116.894213779554
11.00	60	-116.894213627354
11.00	70	-116.894213472987
11.00	80	-116.894213318234
11.00	90	-116.894213166167
11.00	100	-116.894213016949
11.00	110	-116.894212876583
11.00	120	-116.894212749502
11.00	130	-116.8942126412
11.00	140	-116.894212558242
11.00	150	-116.894212502981
11.00	160	-116.894212472602
11.00	170	-116.894212460908
11.00	180	-116.89421245814
11.50	0	-116.894213992706
11.50	10	-116.894213974676
11.50	20	-116.894213921609
11.50	30	-116.89421383866
11.50	40	-116.894213732549
11.50	50	-116.894213611793
11.50	60	-116.894213481132
11.50	70	-116.894213345513
11.50	80	-116.894213207623
11.50	90	-116.894213069125
11.50	100	-116.894212932236
11.50	110	-116.894212800396
11.50	120	-116.894212677354
11.50	130	-116.894212569326
11.50	140	-116.894212480488
11.50	150	-116.894212415065
11.50	160	-116.894212373291
11.50	170	-116.894212350917
11.50	180	-116.894212343892
12.00	0	-116.894213797539
12.00	10	-116.894213782247
12.00	20	-116.894213738018
12.00	30	-116.894213668589
12.00	40	-116.894213578513
12.00	50	-116.894213473987
12.00	60	-116.894213359918
12.00	70	-116.894213239332
12.00	80	-116.894213115247
12.00	90	-116.894212989282
12.00	100	-116.894212863087
12.00	110	-116.894212739173
12.00	120	-116.894212621706
12.00	130	-116.894212516038
12.00	140	-116.894212426547
12.00	150	-116.894212356696
12.00	160	-116.894212308353
12.00	170	-116.894212280545
12.00	180	-116.894212271895
12.50	0	-116.894213638666
12.50	10	-116.894213625892
12.50	20	-116.894213587856
12.50	30	-116.894213528415
12.50	40	-116.894213450613
12.50	50	-116.894213359009
12.50	60	-116.894213257653
12.50	70	-116.894213150212
12.50	80	-116.894213037191
12.50	90	-116.894212921605
12.50	100	-116.89421280472
12.50	110	-116.894212688958
12.50	120	-116.894212577387
12.50	130	-116.894212476225
12.50	140	-116.89421238801
12.50	150	-116.894212316866
12.50	160	-116.894212266774
12.50	170	-116.894212236473
12.50	180	-116.894212226343
13.00	0	-116.894213506386
13.00	10	-116.894213495501
13.00	20	-116.89421346245
13.00	30	-116.894213410177
13.00	40	-116.894213342988
13.00	50	-116.894213261602
13.00	60	-116.894213170902
13.00	70	-116.894213073333
13.00	80	-116.894212970537
13.00	90	-116.894212863753
13.00	100	-116.89421275515
13.00	110	-116.894212647181
13.00	120	-116.894212542384
13.00	130	-116.894212444936
13.00	140	-116.894212359785
13.00	150	-116.894212289921
13.00	160	-116.894212239016
13.00	170	-116.894212208334
13.00	180	-116.894212197983
13.50	0	-116.894213394681
13.50	10	-116.894213385111
13.50	20	-116.89421335636
13.50	30	-116.894213310129
13.50	40	-116.894213249936
13.50	50	-116.894213177266
13.50	60	-116.894213095608
13.50	70	-116.894213007056
13.50	80	-116.894212912093
13.50	90	-116.894212813755
13.50	100	-116.894212711948
13.50	110	-116.894212610801
13.50	120	-116.894212512173
13.50	130	-116.894212420365
13.50	140	-116.89421233877
13.50	150	-116.894212270632
13.50	160	-116.894212221122
13.50	170	-116.894212190281
13.50	180	-116.894212180005
14.00	0	-116.894213298818
14.00	10	-116.894213289927
14.00	20	-116.894213264676
14.00	30	-116.894213223571
14.00	40	-116.894213169391
14.00	50	-116.894213103835
14.00	60	-116.894213029453
14.00	70	-116.894212947723
14.00	80	-116.894212860422
14.00	90	-116.894212768838
14.00	100	-116.894212674549
14.00	110	-116.894212579783
14.00	120	-116.894212486797
14.00	130	-116.89421240004
14.00	140	-116.89421232204
14.00	150	-116.894212257535
14.00	160	-116.894212209048
14.00	170	-116.894212179319
14.00	180	-116.894212169132
14.50	0	-116.894213215611
14.50	10	-116.894213207855
14.50	20	-116.894213184826
14.50	30	-116.894213147913
14.50	40	-116.894213099
14.50	50	-116.894213039406
14.50	60	-116.894212970659
14.50	70	-116.894212895866
14.50	80	-116.894212814489
14.50	90	-116.894212729147
14.50	100	-116.89421264104
14.50	110	-116.89421255227
14.50	120	-116.894212465101
14.50	130	-116.894212382888
14.50	140	-116.894212308553
14.50	150	-116.894212247774
14.50	160	-116.894212201267
14.50	170	-116.894212172068
14.50	180	-116.894212162582
15.00	0	-116.894213142422
15.00	10	-116.894213135399
15.00	20	-116.89421311467
15.00	30	-116.894213081022
15.00	40	-116.894213035908
15.00	50	-116.894212981293
15.00	60	-116.894212918372
15.00	70	-116.894212848913
15.00	80	-116.894212773476
15.00	90	-116.89421269376
15.00	100	-116.894212611505
15.00	110	-116.894212527839
15.00	120	-116.894212445893
15.00	130	-116.894212368068
15.00	140	-116.894212298105
15.00	150	-116.894212240126
15.00	160	-116.894212195444
15.00	170	-116.894212167877
15.00	180	-116.894212158837
16.00	0	-116.894213018988
16.00	10	-116.894213013151
16.00	20	-116.894212995654
16.00	30	-116.894212967245
16.00	40	-116.894212929405
16.00	50	-116.894212882621
16.00	60	-116.894212828308
16.00	70	-116.894212767977
16.00	80	-116.894212702144
16.00	90	-116.894212631882
16.00	100	-116.894212558934
16.00	110	-116.894212485173
16.00	120	-116.89421241243
16.00	130	-116.894212343673
16.00	140	-116.894212281246
16.00	150	-116.894212229347
16.00	160	-116.894212189659
16.00	170	-116.894212164639
16.00	180	-116.894212156181
17.00	0	-116.894212918805
17.00	10	-116.894212913578
17.00	20	-116.894212898848
17.00	30	-116.894212874226
17.00	40	-116.894212841179
17.00	50	-116.894212800732
17.00	60	-116.894212753299
17.00	70	-116.894212699934
17.00	80	-116.894212641853
17.00	90	-116.894212579572
17.00	100	-116.894212515497
17.00	110	-116.894212449674
17.00	120	-116.89421238482
17.00	130	-116.894212323302
17.00	140	-116.894212267646
17.00	150	-116.894212221325
17.00	160	-116.894212185754
17.00	170	-116.894212163668
17.00	180	-116.894212156013
18.00	0	-116.894212835083
18.00	10	-116.894212830803
18.00	20	-116.894212817688
18.00	30	-116.89421279653
18.00	40	-116.894212767588
18.00	50	-116.894212731395
18.00	60	-116.894212690004
18.00	70	-116.894212641947
18.00	80	-116.894212590299
18.00	90	-116.894212534663
18.00	100	-116.894212477245
18.00	110	-116.894212418649
18.00	120	-116.894212360904
18.00	130	-116.894212305632
18.00	140	-116.894212256901
18.00	150	-116.8942122149
18.00	160	-116.89421218291
18.00	170	-116.894212163334
18.00	180	-116.894212156467
19.00	0	-116.894212763014
19.00	10	-116.89421275898
19.00	20	-116.894212748898
19.00	30	-116.894212729723
19.00	40	-116.894212703853
19.00	50	-116.894212671827
19.00	60	-116.894212634237
19.00	70	-116.894212591789
19.00	80	-116.894212545273
19.00	90	-116.894212495543
19.00	100	-116.894212443683
19.00	110	-116.894212391377
19.00	120	-116.8942123387
19.00	130	-116.894212290044
19.00	140	-116.894212245915
19.00	150	-116.89421220864
19.00	160	-116.894212180125
19.00	170	-116.894212162409
19.00	180	-116.89421215631
20.00	0	-116.894212699932
20.00	10	-116.894212696392
20.00	20	-116.894212688153
20.00	30	-116.894212671301
20.00	40	-116.894212648419
20.00	50	-116.894212619846
20.00	60	-116.894212585891
20.00	70	-116.894212547949
20.00	80	-116.894212505969
20.00	90	-116.894212461075
20.00	100	-116.894212414118
20.00	110	-116.894212366832
20.00	120	-116.894212319633
20.00	130	-116.894212275802
20.00	140	-116.894212235626
20.00	150	-116.894212201016
20.00	160	-116.894212175323
20.00	170	-116.894212159153
20.00	180	-116.894212153521
21.00	0	-116.894212647057
21.00	10	-116.894212643955
21.00	20	-116.894212635033
21.00	30	-116.894212619923
21.00	40	-116.894212599689
21.00	50	-116.894212574082
21.00	60	-116.894212543787
21.00	70	-116.894212509767
21.00	80	-116.894212471967
21.00	90	-116.894212429858
21.00	100	-116.894212388055
21.00	110	-116.894212344772
21.00	120	-116.894212301715
21.00	130	-116.894212262315
21.00	140	-116.894212225335
21.00	150	-116.894212195051
21.00	160	-116.8942121714
21.00	170	-116.894212157122
21.00	180	-116.894212152169
22.00	0	-116.894212598816
22.00	10	-116.894212596566
22.00	20	-116.894212588665
22.00	30	-116.894212574815
22.00	40	-116.894212556599
22.00	50	-116.894212533072
22.00	60	-116.894212506414
22.00	70	-116.894212475012
22.00	80	-116.894212440142
22.00	90	-116.894212403517
22.00	100	-116.894212364492
22.00	110	-116.894212325064
22.00	120	-116.894212285752
22.00	130	-116.894212249116
22.00	140	-116.894212216054
22.00	150	-116.894212187813
22.00	160	-116.894212166628
22.00	170	-116.894212153291
22.00	180	-116.894212148652
23.00	0	-116.894212557885
23.00	10	-116.894212554933
23.00	20	-116.894212547599
23.00	30	-116.894212535096
23.00	40	-116.89421251848
23.00	50	-116.894212497368
23.00	60	-116.89421247212
23.00	70	-116.894212443315
23.00	80	-116.894212411853
23.00	90	-116.894212377643
23.00	100	-116.894212342351
23.00	110	-116.894212306138
23.00	120	-116.894212270856
23.00	130	-116.894212236947
23.00	140	-116.894212206633
23.00	150	-116.89421218088
23.00	160	-116.894212162082
23.00	170	-116.894212149638
23.00	180	-116.894212145554
24.00	0	-116.894212520081
24.00	10	-116.894212517914
24.00	20	-116.894212510962
24.00	30	-116.894212499466
24.00	40	-116.8942124843
24.00	50	-116.894212464217
24.00	60	-116.894212440737
24.00	70	-116.89421241483
24.00	80	-116.894212385741
24.00	90	-116.894212354493
24.00	100	-116.894212321949
24.00	110	-116.894212289271
24.00	120	-116.894212256185
24.00	130	-116.894212225671
24.00	140	-116.894212198254
24.00	150	-116.894212175194
24.00	160	-116.89421215722
24.00	170	-116.894212146053
24.00	180	-116.894212142302
25.00	0	-116.894212486227
25.00	10	-116.894212484461
25.00	20	-116.89421247762
25.00	30	-116.894212467096
25.00	40	-116.894212452738
25.00	50	-116.894212435028
25.00	60	-116.894212413479
25.00	70	-116.894212388782
25.00	80	-116.894212362289
25.00	90	-116.894212333238
25.00	100	-116.894212303311
25.00	110	-116.89421227301
25.00	120	-116.894212242645
25.00	130	-116.89421221502
25.00	140	-116.894212189614
25.00	150	-116.894212168503
25.00	160	-116.894212152425
25.00	170	-116.894212142629
25.00	180	-116.894212138916
50.00	0	-116.894212121621
50.00	10	-116.894212120994
50.00	20	-116.894212119355
50.00	30	-116.89421211639
50.00	40	-116.894212112606
50.00	50	-116.894212107427
50.00	60	-116.89421210161
50.00	70	-116.894212095624
50.00	80	-116.894212088954
50.00	90	-116.894212081535
50.00	100	-116.894212073724
50.00	110	-116.89421206647
50.00	120	-116.894212059609
50.00	130	-116.894212052873
50.00	140	-116.894212047575
50.00	150	-116.894212042783
50.00	160	-116.894212039156
50.00	170	-116.894212036755
50.00	180	-116.894212036173
100.00	0	-116.894211965508
100.00	10	-116.894211965436
100.00	20	-116.894211964897
100.00	30	-116.89421196408
100.00	40	-116.894211963172
100.00	50	-116.894211962
100.00	60	-116.894211960624
100.00	70	-116.894211958666
100.00	80	-116.894211957047
100.00	90	-116.894211955098
100.00	100	-116.894211952942
100.00	110	-116.894211951475
100.00	120	-116.894211950076
100.00	130	-116.894211948317
100.00	140	-116.894211946934
100.00	150	-116.894211945646
100.00	160	-116.894211944968
100.00	170	-116.894211944452
100.00	180	-116.894211944265
