1.000000000000000000e+00,-3.340127175435296446e+07,3.325843623170573264e+07,-1.462253915820358694e+08,4.510375712935645133e+07,-1.759849708693688214e+08,1.511387510040822625e+07,-1.069535979502362907e+08,-3.411706527843640745e+07,1.155691228910074197e+07,-7.962886144540448487e+07,1.124761719887026250e+08,-1.095113628668556362e+08,1.634450276378727853e+08,-1.162111522657604516e+08,1.711207243921873868e+08,-1.057510382294444591e+08,2.127778459508751333e+08,-1.435837008391584158e+08,1.323866819346579760e+08
1.100000000000000089e+00,-2.111466661053007096e+07,2.093821877953961864e+07,-9.234097054376193881e+07,2.802407619837577268e+07,-1.106338102026363909e+08,8.223683161111642607e+06,-6.605346758207836747e+07,-2.378761942719936371e+07,9.875138756533391774e+06,-5.309805657709943503e+07,7.438823384883275628e+07,-7.204904825042711198e+07,1.068134227758678049e+08,-7.601213198796254396e+07,1.115732970345175713e+08,-6.905753800717806816e+07,1.386863586223165691e+08,-9.393158682118839025e+07,8.633543037369196117e+07
1.199999999999999956e+00,-1.326127074500938319e+07,1.309079345520925894e+07,-5.794134797633282095e+07,1.723818031444213912e+07,-6.907392118458198011e+07,4.172763819678765256e+06,-4.037664024249187112e+07,-1.659311326284991205e+07,8.092372899910687469e+06,-3.540450777937673032e+07,4.917555713918946683e+07,-4.736093559065286815e+07,6.971197181041298807e+07,-4.965331802726361901e+07,7.263304629814353585e+07,-4.502989248674017936e+07,9.024755545488359034e+07,-6.136239139770981669e+07,5.621251941030091047e+07
1.300000000000000044e+00,-8.265299505343299359e+06,8.117488459003414959e+06,-3.608403493862517178e+07,1.047306273139630817e+07,-4.277727192797479033e+07,1.856704806952192681e+06,-2.437097331172582880e+07,-1.157942193972138315e+07,6.442611853463816456e+06,-2.360570670134082437e+07,3.249354849719372764e+07,-3.110441284288480505e+07,4.543477560989674926e+07,-3.239019095901899412e+07,4.720439779106073827e+07,-2.931673718679135665e+07,5.862538001353006810e+07,-4.002549361733840406e+07,3.653672841130472720e+07
1.399999999999999911e+00,-5.104467906090702862e+06,4.984000279527293518e+06,-2.227117914389757439e+07,6.264076869388605468e+06,-2.623502795141546428e+07,5.849971181071194587e+05,-1.447747060545723885e+07,-8.083717101203119382e+06,5.021548795370254666e+06,-1.573843497623731196e+07,2.146103374582417682e+07,-2.040894230779967085e+07,2.956923827192704380e+07,-2.109826986772233993e+07,3.062385744085334241e+07,-1.905523133021432534e+07,3.801325084860628098e+07,-2.606582432562370971e+07,2.370437429438729957e+07
1.500000000000000000e+00,-3.117423774374667089e+06,3.023142224608951714e+06,-1.359694351698480919e+07,3.670905298839026596e+06,-1.589941226596336998e+07,-7.012502989690756658e+04,-8.423749891743674874e+06,-5.645236758062235080e+06,3.850729108490484767e+06,-1.049302396439633518e+07,1.416818181857635081e+07,-1.337837172690341063e+07,1.921467977877021581e+07,-1.372192790185453743e+07,1.982980896948147565e+07,-1.236382613515922800e+07,2.459971941247249767e+07,-1.694570561934452876e+07,1.534882154625418410e+07
1.600000000000000089e+00,-1.877654840363181196e+06,1.805970437089910731e+06,-8.189921919320052490e+06,2.092368412785853492e+06,-9.493325728683754802e+06,-3.706733681625887402e+05,-4.765401716820654459e+06,-3.943483236206130590e+06,2.914943131769876927e+06,-6.995903034343521111e+06,9.349612854241469875e+06,-8.761096775152945891e+06,1.246629567656787857e+07,-8.910127036809004843e+06,1.281466015191617236e+07,-8.007277390282429755e+06,1.588596068406283483e+07,-1.099640041325869597e+07,9.917681637866949663e+06
1.699999999999999956e+00,-1.111070637457638048e+06,1.057745249787197681e+06,-4.849165943788230419e+06,1.145946688298122957e+06,-5.560801491187324747e+06,-4.748607641673848848e+05,-2.589000684435424861e+06,-2.755388172225730494e+06,2.183370800531186629e+06,-4.664458298069576733e+06,6.167328183765688911e+06,-5.731591825963569805e+06,8.074629843998556957e+06,-5.775869656644487754e+06,8.263629799647730775e+06,-5.175594782217835076e+06,1.023582034233925864e+07,-7.121790539184731431e+06,6.393956566824234091e+06
1.800000000000000044e+00,-6.422377300262610661e+05,6.032450167512214975e+05,-2.807072818912154064e+06,5.895971130872636568e+05,-3.174916091417618562e+06,-4.764738993187714950e+05,-1.320319722987511894e+06,-1.925602984755584970e+06,1.621018084575972287e+06,-3.110170161163803656e+06,4.066627160815022886e+06,-3.745793974108699709e+06,5.221056373044314794e+06,-3.737478445749469567e+06,5.316813515258916654e+06,-3.338303202451329213e+06,6.579457683230186813e+06,-4.602735758815534413e+06,4.112290280129294842e+06
1.899999999999999911e+00,-3.593831573963125702e+05,3.312631793393208645e+05,-1.575260478329844307e+06,2.711567092270469875e+05,-1.748461573831460671e+06,-4.297443635221563163e+05,-6.008586383789047832e+05,-1.345878827297488693e+06,1.194472948541619349e+06,-2.073979976099574240e+06,2.680511425434311386e+06,-2.445435397307056002e+06,3.369881835679972079e+06,-2.413959330731300171e+06,3.412609461478524841e+06,-2.148446427098789718e+06,4.218348641486249864e+06,-2.968017034095841460e+06,2.638009193342354614e+06
2.000000000000000000e+00,-1.916696210549056123e+05,1.716188413978846802e+05,-8.446313405324523337e+05,9.570083624492250965e+04,-9.115515435989354737e+05,-3.649476277437948738e+05,-2.086246688682008244e+05,-9.407455072726206854e+05,8.744315056536879856e+05,-1.383168426960156998e+06,1.766287732356663560e+06,-1.594798801356798504e+06,2.171012256264640018e+06,-1.556082097213582834e+06,2.184792012388701551e+06,-1.379417771179830423e+06,2.697118542156314477e+06,-1.909281012384936912e+06,1.687579356460679555e+06
2.100000000000000089e+00,-9.447909200698749919e+04,8.031314659151429078e+04,-4.207498685490022763e+05,4.558752764004174423e+03,-4.327313625252224156e+05,-2.981031321837714640e+05,-7.500608501006573533e+03,-6.575586040129496250e+05,6.364627886040853336e+05,-9.225900554151323158e+05,1.163543524780854583e+06,-1.038936641321234987e+06,1.395961319988125935e+06,-1.001030490626931656e+06,1.394927267583739245e+06,-8.834356365234163823e+05,1.719396167725460371e+06,-1.225038504499047762e+06,1.076357466806562152e+06
2.200000000000000178e+00,-3.991143314203242335e+04,2.997609034636203796e+04,-1.821831012661594141e+05,-3.812282700439010659e+04,-1.682971701084098604e+05,-2.369433911917749792e+05,8.497465392064707703e+04,-4.595779275691244984e+05,4.608745718504554243e+05,-6.154871197816575877e+05,7.663031024846303044e+05,-6.760900775030151708e+05,8.958233138807693031e+05,-6.425919622697371524e+05,8.880478501765331021e+05,-5.642776667156416224e+05,1.092635996956666233e+06,-7.838307900047686417e+05,6.843110528874788433e+05
2.299999999999999822e+00,-1.067091497609368707e+04,3.740555072414125334e+03,-5.373679096412975923e+04,-5.394379936527552491e+04,-2.985801014644861789e+04,-1.845395202681050869e+05,1.180066982387780154e+05,-3.211510256881014211e+05,3.321731700309462612e+05,-4.106944474418761092e+05,5.045882273983442574e+05,-4.394957114333871286e+05,5.737023903114524437e+05,-4.115835070021838183e+05,5.636190675267631887e+05,-3.593985338581715478e+05,6.919825965257559437e+05,-5.000299565682148095e+05,4.335564730016984977e+05
2.399999999999999911e+00,3.852188279879565471e+03,-8.669743376311162137e+03,1.067202938589185760e+04,-5.568034426299195184e+04,3.633835544890637539e+04,-1.414667866912363679e+05,1.203884194930235972e+05,-2.243594717361608054e+05,2.383881229755481181e+05,-2.741075073202918866e+05,3.322127696173980366e+05,-2.853944373633711948e+05,3.666468659702418954e+05,-2.630135578150523361e+05,3.565468331530449213e+05,-2.282166635165114130e+05,4.366381180742651341e+05,-3.179585564246816793e+05,2.736605000465495978e+05
2.500000000000000000e+00,1.008199438341697351e+04,-1.342671363296634809e+04,3.892715026718156150e+04,-5.070612951579687797e+04,6.251881269429707754e+04,-1.070697474650427757e+05,1.085308223877831624e+05,-1.566822931779549108e+05,1.704018140793624916e+05,-1.829939261766434356e+05,2.187078208464611380e+05,-1.851347498006224632e+05,2.338264521306299430e+05,-1.676721167164476938e+05,2.247721104314368567e+05,-1.444520033822405967e+05,2.744294255609806860e+05,-2.014817177839600481e+05,1.720360534147519793e+05
2.600000000000000089e+00,1.184444963377283784e+04,-1.416965337511457437e+04,4.763007778921751014e+04,-4.313227774187474279e+04,6.765656132972598425e+04,-8.017897491826844634e+04,9.144502047178561043e+04,-1.093671190256922564e+05,1.213489015573105280e+05,-1.222012340816852666e+05,1.439821793807625654e+05,-1.199770012743877887e+05,1.488052556521506340e+05,-1.066288066283653461e+05,1.411800623801514157e+05,-9.112090373611348332e+04,1.717456671475704934e+05,-1.271950585256297927e+05,1.076762641305950965e+05
2.700000000000000178e+00,1.136920216434154463e+04,-1.299250837235950348e+04,4.645862907264321257e+04,-3.513423010343450733e+04,6.265519329874327377e+04,-5.949904127716907533e+04,7.380355093526483688e+04,-7.629406064224508009e+04,8.610882786495737673e+04,-8.162899287241176353e+04,9.479340863736401661e+04,-7.767792652317706961e+04,9.449868272414343664e+04,-6.763828360983659513e+04,8.833186296554000000e+04,-5.727162663180404343e+04,1.069884412904641940e+05,-7.997251470280565263e+04,6.707327764754512464e+04
2.799999999999999822e+00,9.917525694339992697e+03,-1.105935397473412377e+04,4.089448041033200570e+04,-2.776570186236402878e+04,5.357312214443893026e+04,-4.380353119791267818e+04,5.779968978057378263e+04,-5.318285529495861556e+04,6.089290431411770260e+04,-5.454389272219192208e+04,6.241672382902995014e+04,-5.024759150884263363e+04,5.988685837714930676e+04,-4.279519114547587378e+04,5.504041814232136676e+04,-3.585858409824319824e+04,6.631603216820055968e+04,-5.006102158956637868e+04,4.156476459043228533e+04
2.899999999999999911e+00,8.172622100910170957e+03,-8.984669402076644474e+03,3.391603477841577114e+04,-2.145139044346434457e+04,4.361102871487209632e+04,-3.201999605388595228e+04,4.426039733991835237e+04,-3.703928427936205117e+04,4.291715309245342360e+04,-3.645679158666461444e+04,4.110591993437105702e+04,-3.247777800014251625e+04,3.787609335341188853e+04,-2.700664627258255859e+04,3.414877042421654187e+04,-2.236047589801467984e+04,4.088354122912570892e+04,-3.118774313643963615e+04,2.561197986114200830e+04
3.000000000000000000e+00,6.479803319550910601e+03,-7.065732563661324093e+03,2.703872236064081517e+04,-1.628018554847774431e+04,3.432343436693889817e+04,-2.325472231370611189e+04,3.330013812572930328e+04,-2.576847411714592454e+04,3.014815868059040804e+04,-2.437431895749906835e+04,2.707774757312973816e+04,-2.097748917001614973e+04,2.390965232273039874e+04,-1.699887128971470156e+04,2.109165894720626966e+04,-1.388365610445259153e+04,2.505680643916520785e+04,-1.932914585550286938e+04,1.568462633165601073e+04
3.100000000000000089e+00,4.992475444989845528e+03,-5.422721356791220387e+03,2.094651994561928950e+04,-1.217576691332148221e+04,2.634724834043938972e+04,-1.678672248021844644e+04,2.469548415827200006e+04,-1.790465426550553457e+04,2.110862694004845980e+04,-1.630012265249429038e+04,1.784204497736557460e+04,-1.354150037442052235e+04,1.506684461363450646e+04,-1.067230637918529283e+04,1.296615217485919493e+04,-8.581489153012968018e+03,1.525908636958620809e+04,-1.191201387645578689e+04,9.540281842705957388e+03
3.200000000000000178e+00,3.759491987163135946e+03,-4.081717486751802880e+03,1.586945929831496505e+04,-8.992807909326864319e+03,1.983227397779862440e+04,-1.204782759478591652e+04,1.809231955738014585e+04,-1.242222406934375249e+04,1.473042904200721568e+04,-1.090248677498710276e+04,1.176013355358891931e+04,-8.737412411180752315e+03,9.479855838684947230e+03,-6.683721011220764922e+03,7.932568417408087953e+03,-5.279126530850038762e+03,9.228116514322304283e+03,-7.295895756544699907e+03,5.759891567488537476e+03
3.299999999999999822e+00,2.776369012416041187e+03,-3.022762381810909574e+03,1.180482375033139033e+04,-6.568775321839100798e+03,1.468979557045817819e+04,-8.598199109835213676e+03,1.311450624363090355e+04,-8.603617136325208776e+03,1.024464048775683477e+04,-7.292818665757926283e+03,7.753830811056118364e+03,-5.635908140844706395e+03,5.956982610275192201e+03,-4.175947461486563043e+03,4.829255344149163648e+03,-3.231576845469533964e+03,5.538753347734999807e+03,-4.438592172128544917e+03,3.449099696044600933e+03
3.399999999999999911e+00,2.014492444772709632e+03,-2.206804344830049104e+03,8.643296228321001763e+03,-4.749791953779390496e+03,1.073160560231844465e+04,-6.102099953918242136e+03,9.415942720207936873e+03,-5.946858970414039504e+03,7.099950014691640718e+03,-4.878015482678973967e+03,5.113795022898053503e+03,-3.634760063407465168e+03,3.739709918967200338e+03,-2.603447999891486688e+03,2.925541644569658274e+03,-1.968095458041143957e+03,3.297118008546223336e+03,-2.680464053676336789e+03,2.046746977764133590e+03
3.500000000000000000e+00,1.437124567593573829e+03,-1.590109688733163694e+03,6.238172046504352693e+03,-3.401792405974858866e+03,7.744168805702051941e+03,-4.306179099415232486e+03,6.701195754815088549e+03,-4.100876328531016952e+03,4.902551792970845781e+03,-3.262061070057025972e+03,3.373345648367357626e+03,-2.344144339983675309e+03,2.346417812938569114e+03,-1.619979880388987340e+03,1.763752542556214848e+03,-1.192354845231078343e+03,1.945215755260372134e+03,-1.605713659984686501e+03,1.202452669216557069e+03
3.600000000000000089e+00,1.007646911941282951e+03,-1.131393195158862454e+03,4.441123315448264293e+03,-2.413694746204446801e+03,5.525239943064603722e+03,-3.021084081058060747e+03,4.729557006090292816e+03,-2.820216894892020264e+03,3.372139385609536475e+03,-2.180428217467087052e+03,2.225421764046449425e+03,-1.511997881087163250e+03,1.472048579824154331e+03,-1.006418626313895061e+03,1.058490906526300932e+03,-7.185787929404256147e+02,1.136535294959856856e+03,-9.534185051406842604e+02,6.986158304911509731e+02
3.700000000000000178e+00,6.933572444822099214e+02,-7.948482126614575236e+02,3.118820759011007340e+03,-1.696530073639148668e+03,3.899412255600530443e+03,-2.106457343930275783e+03,3.311079260663283549e+03,-1.933349833631604724e+03,2.309864636053845516e+03,-1.456342255924171468e+03,1.467948242792076826e+03,-9.754984316180729138e+02,9.238482265880222712e+02,-6.244969436177824491e+02,6.326392678813028851e+02,-4.308068725362978739e+02,6.571232611552126173e+02,-5.606466330382584147e+02,4.008964366223366937e+02
3.799999999999999822e+00,4.668155434527734542e+02,-5.509696509027934326e+02,2.159000159066940796e+03,-1.180777085021235507e+03,2.722370381077136244e+03,-1.459009318668473270e+03,2.299359312807787774e+03,-1.320471451134879771e+03,1.575122567425993111e+03,-9.716140737421550284e+02,9.679011738201957087e+02,-6.295653832307535822e+02,5.803120808601720455e+02,-3.872306586344130324e+02,3.768402177746043549e+02,-2.569960011861081171e+02,3.757042437758725555e+02,-3.262045415257915124e+02,2.269005369022301011e+02
3.899999999999999911e+00,3.059158523785358170e+02,-3.762728932125303345e+02,1.471031679666238006e+03,-8.131312363236934289e+02,1.879519506211476937e+03,-1.003220248337839280e+03,1.583595876862663090e+03,-8.979651277056871095e+02,1.068805663988586957e+03,-6.471840172455406446e+02,6.376770609029122170e+02,-4.064364978658874179e+02,3.650217306919403200e+02,-2.400639675662394552e+02,2.239410991434673406e+02,-1.526123147765645456e+02,2.122907536891418374e+02,-1.876171946222841882e+02,1.264623837866229223e+02
4.000000000000000000e+00,1.933607839673544504e+02,-2.525325209886443645e+02,9.838971818054981213e+02,-5.533392095449456747e+02,1.282184378818902587e+03,-6.842004549919467991e+02,1.081158036921933217e+03,-6.075207102629332212e+02,7.212737649871939993e+02,-4.301393813850081074e+02,4.195548643340042645e+02,-2.624427038980747966e+02,2.300154922420590253e+02,-1.488831997107929226e+02,1.329440010531353380e+02,-9.027477454759626596e+01,1.185208303744504974e+02,-1.065679199067203768e+02,6.928746985471305209e+01
4.099999999999999645e+00,1.159139997117488576e+02,-1.658788320337158382e+02,6.431854800137799657e+02,-3.713862412855986577e+02,8.630989442709860668e+02,-4.622744756918842768e+02,7.311766121172200883e+02,-4.085170711288458847e+02,4.837441774962290992e+02,-2.850483033615219597e+02,2.754795814305165322e+02,-1.694546546296888891e+02,1.452468852890106916e+02,-9.241993574805549372e+01,7.897127533043671122e+01,-5.324504275764508776e+01,6.540463014779963657e+01,-5.972896200507224052e+01,3.724901470894857169e+01
4.200000000000000178e+00,6.362759585240149818e+01,-1.059230402844411572e+02,4.079505457235628114e+02,-2.451346727237369976e+02,5.720505023818013797e+02,-3.089141131010784420e+02,4.892851276613870368e+02,-2.726901855871064413e+02,3.221513548937717815e+02,-1.881724566542278865e+02,1.803442853472909917e+02,-1.093573813861869155e+02,9.192059574997637128e+01,-5.745125495280904460e+01,4.702281898098410551e+01,-3.135316196507867303e+01,3.573128889154371279e+01,-3.301437126604918859e+01,1.961332350147980108e+01
4.299999999999999822e+00,2.913831227781723499e+01,-6.498712661520268341e+01,2.478367682386516151e+02,-1.584138302765733499e+02,3.720581374918409665e+02,-2.037104628071589616e+02,3.234467957770693829e+02,-1.804020350369700907e+02,2.127824270820167953e+02,-1.236003492484485946e+02,1.175717775223097874e+02,-7.048507219984408323e+01,5.829126735731833975e+01,-3.577714879109390722e+01,2.811303655527282075e+01,-1.845982232815425661e+01,1.939307327770999478e+01,-1.799686307591736067e+01,1.009959663896844617e+01
4.400000000000000355e+00,7.069013464162218874e+00,-3.746256551548101754e+01,1.406298239540698489e+02,-9.951546769484706090e+01,2.362029939236961980e+02,-1.321361565260224324e+02,2.107233196153889878e+02,-1.180307167624559384e+02,1.391849080166000761e+02,-8.066243994251409788e+01,7.620775514962645047e+01,-4.532301256022164893e+01,3.702216085243532717e+01,-2.232351573737118500e+01,1.689420323418336167e+01,-1.088388145546885255e+01,1.052606532297374464e+01,-9.686906222314041415e+00,5.082512211430881166e+00
4.500000000000000000e+00,-6.458538813596363504e+00,-1.929571727033265205e+01,7.026182093600300504e+01,-6.003220694226333620e+01,1.450952490256468366e+02,-8.390241486956176686e+01,1.348195737852214506e+02,-7.614574494703836649e+01,8.998254055725163880e+01,-5.220211665447313010e+01,4.900754285432518742e+01,-2.902767113222887119e+01,2.352891221392683718e+01,-1.395569674592290710e+01,1.020347557866293542e+01,-6.433461419922446467e+00,5.775323698514198689e+00,-5.165135978097993963e+00,2.502412083746148763e+00
4.599999999999999645e+00,-1.420835289192916306e+01,-7.585678110326603552e+00,2.523641177477208686e+01,-3.397490184038262129e+01,8.490331633271280509e+01,-5.175992416993061340e+01,8.424575469832495855e+01,-4.823311502380335014e+01,5.733724737327194276e+01,-3.341841312273798081e+01,3.117604134014241524e+01,-1.847438449430043050e+01,1.494357791061499796e+01,-8.739000691474361204e+00,6.180620781693417776e+00,-3.812584869556378653e+00,3.251566476930744187e+00,-2.746394269265715948e+00,1.210676252056925639e+00
4.700000000000000178e+00,-1.812700127209680545e+01,-2.763033158941022860e-01,-2.585955110713204608e+00,-1.711062704370895204e+01,4.585144110138846685e+01,-3.062839120222680478e+01,5.095879263114942859e+01,-2.980517696245073367e+01,3.586929826716708902e+01,-2.109087653980140686e+01,1.953726665787439032e+01,-1.164489469295524238e+01,9.468107086890631408e+00,-5.479413802874499417e+00,3.736217124939990697e+00,-2.260197300133860221e+00,1.909998733538917470e+00,-1.472963856144304584e+00,5.807049271037282301e-01
4.799999999999999822e+00,-1.956848272703192748e+01,4.075872565106644529e+00,-1.890803825503928337e+01,-6.471598368303532745e+00,2.109286939541598116e+01,-1.696789580643920559e+01,2.936870203473828056e+01,-1.777974742651956674e+01,2.190144488493602637e+01,-1.306002509793696653e+01,1.198654062375661233e+01,-7.233583652925383412e+00,5.971597419024478270e+00,-3.439284397413163497e+00,2.233622655944478730e+00,-1.332137341737939407e+00,1.184707111369756038e+00,-8.102549052581278222e-01,2.796029016864137184e-01
4.900000000000000355e+00,-1.946203447675535969e+01,6.474194070054961614e+00,-2.768220826131768320e+01,5.613677775936846970e-03,5.876051583981946713e+00,-8.327073428258717769e+00,1.561860736837544650e+01,-1.004750134256006788e+01,1.293142060721918440e+01,-7.878866006163795177e+00,7.128766691568549696e+00,-4.394321103450557153e+00,3.739741445332874559e+00,-2.161867301284786880e+00,1.300368122013894068e+00,-7.704673883721260275e-01,7.763174229573792662e-01,-4.660384448237254729e-01,1.361271314869649529e-01
5.000000000000000000e+00,-1.843574893834755812e+01,7.608717957346033067e+00,-3.161606316904391534e+01,3.742862007760599852e+00,-3.065205688137251361e+00,-3.019916542977063134e+00,7.067432811608127530e+00,-5.170941666712690399e+00,7.264941026546021696e+00,-4.578984939504533891e+00,4.039311281145175236e+00,-2.577663223904470335e+00,2.319044636607923593e+00,-1.363338198647391808e+00,7.172763386133316210e-01,-4.258130553058367962e-01,5.305705689847594053e-01,-2.844124661648024244e-01,6.563209858041149647e-02
5.099999999999999645e+00,-1.690657936131506034e+01,7.948489846350970112e+00,-3.254069203957332235e+01,5.710296219492808412e+00,-7.953230191429266682e+00,1.043420800159690631e-01,1.921068286857932961e+00,-2.175248537969011853e+00,3.761177466985628826e+00,-2.513432364304443833e+00,2.105741424906432790e+00,-1.426082938601023198e+00,1.419933590514887545e+00,-8.664701161533343576e-01,3.538499579453078803e-01,-2.116166870592815219e-01,3.701572128188164723e-01,-1.845172800823156600e-01,2.830636104954755219e-02
5.200000000000000178e+00,-1.514516835094469016e+01,7.808055043680217189e+00,-3.167615113740385979e+01,6.562526802633723122e+00,-1.028311689552498365e+01,1.824303158465958363e+00,-1.028702128822853945e+00,-4.032249965098552713e-01,1.656815438324191092e+00,-1.251128666795575661e+00,9.229443869384701404e-01,-7.064702226377349570e-01,8.563999648547904187e-01,-5.599460149768493711e-01,1.309390794679033965e-01,-7.744072484412083124e-02,2.572921122395163129e-01,-1.257325587562923286e-01,6.539421150882308506e-03
5.299999999999999822e+00,-1.332205952203974419e+01,7.394977826477720839e+00,-2.982099519835016110e+01,6.735561353439730503e+00,-1.104783091653824378e+01,2.661408005056842718e+00,-2.587712463039979482e+00,5.850936127698445066e-01,4.448562620937510648e-01,-5.058592524508819244e-01,2.235344608101562658e-01,-2.665751246375598904e-01,5.082928824336037099e-01,-3.733971091579292856e-01,-6.711114566860069963e-04,6.463871858183901919e-03,1.737198918924013624e-01,-8.832997035850664869e-02,-6.934552512725976336e-03
5.400000000000000355e+00,-1.154030008116342110e+01,6.843503403876648683e+00,-2.748632052993569275e+01,6.515314239335051383e+00,-1.089689393327940614e+01,2.960639257176682193e+00,-3.287532699753799914e+00,1.081749758653464788e+00,-2.085634647976371270e-01,-8.851277349370331726e-02,-1.683821238047014668e-01,-6.842630743371318214e-03,2.976540719784562805e-01,-2.620637573893631611e-01,-7.248156798207164297e-02,5.799512456833909313e-02,1.103954428597496429e-01,-6.299800222439969066e-02,-1.497075263557715204e-02
5.500000000000000000e+00,-9.858199056931223225e+00,6.238201119744973155e+00,-2.498967430137188117e+01,6.085668466074493743e+00,-1.024732027216121288e+01,2.946846460822751368e+00,-3.474305971672957405e+00,1.278579894785615734e+00,-5.210337486989639055e-01,1.250497228653914550e-01,-3.679576736691541061e-01,1.378459848673289911e-01,1.737732790886073464e-01,-1.973353802528542145e-01,-1.052517135883428850e-01,8.821966437660858085e-02,6.239190811342739534e-02,-4.535801468302452094e-02,-1.879597879523817530e-02
5.599999999999999645e+00,-8.305034997608530034e+00,5.630425842901602529e+00,-2.252020804035858959e+01,5.561932952034356781e+00,-9.360516582933644969e+00,2.763832033685951650e+00,-3.369921847982181973e+00,1.299955498095038520e+00,-6.325739740479354722e-01,2.156062529006128048e-01,-4.500726067772631289e-01,2.100449031674636036e-01,1.036759293783032498e-01,-1.608815696685151064e-01,-1.130046996450339014e-01,1.042072521025987630e-01,2.653757066789361879e-02,-3.321827341717935311e-02,-1.918479771739561857e-02
5.700000000000000178e+00,-6.891763053787443027e+00,5.049673211323189470e+00,-2.018341350113590238e+01,5.013941198442243063e+00,-8.395118695258647179e+00,2.501302042907195933e+00,-3.113836696198832854e+00,1.225161504259088208e+00,-6.318504666818485216e-01,2.351015773741282899e-01,-4.629685842395837581e-01,2.374883783830086526e-01,6.601196926784916319e-02,-1.409804724209015592e-01,-1.053689889067794816e-01,1.106292995688111930e-01,4.126295048010649585e-04,-2.528179698904402251e-02,-1.686722745494250580e-02
5.799999999999999822e+00,-5.618210148146689953e+00,4.511333715940454958e+00,-1.803149073165068472e+01,4.481854433567031393e+00,-7.442952995813743478e+00,2.213317478430897545e+00,-2.791444849387059612e+00,1.103622043942513953e+00,-5.738421624077798544e-01,2.164024868547275715e-01,-4.373289495314325870e-01,2.381608761670781782e-01,4.708951565128187411e-02,-1.301969516488749035e-01,-8.899035316686912389e-02,1.106660166324783812e-01,-1.802013853806341132e-02,-2.059292449842350936e-02,-1.260437736817486380e-02
5.900000000000000355e+00,-4.477829005663452655e+00,4.021927745337940507e+00,-1.608369758777843472e+01,3.986863753525947018e+00,-6.553258198946804391e+00,1.930824266520382748e+00,-2.453166018773356605e+00,9.652036262574353875e-01,-4.916723487292604666e-01,1.798371541179736854e-01,-3.923233346339928818e-01,2.236281956850397212e-01,3.827365033791139959e-02,-1.238955985555698081e-01,-6.842182228014771772e-02,1.065303168782094634e-01,-3.051915329639924568e-02,-1.833613810350300660e-02,-7.146970911525102679e-03
6.000000000000000000e+00,-3.460774084749643542e+00,3.582593515152058927e+00,-1.433978010587340712e+01,3.538352968690750888e+00,-5.748808181614682766e+00,1.670082198029764209e+00,-2.127168693252884157e+00,8.271422429583243918e-01,-4.044783020039974808e-01,1.375675568627470202e-01,-3.396257696501954748e-01,2.012334522632218681e-01,3.426388049741919961e-02,-1.192753085446776745e-01,-4.671483928768661170e-02,9.978019551527984865e-02,-3.857742176238774384e-02,-1.778655714833442258e-02,-1.173498857819528117e-03
6.200000000000000178e+00,-1.751626168353639379e+00,2.844688683830556286e+00,-1.141400844348909160e+01,2.785974467764426699e+00,-4.414170759952416034e+00,1.237173125506697335e+00,-1.560868875801914024e+00,5.840403425763167622e-01,-2.509890552980613698e-01,6.022863730921678566e-02,-2.354553436131919253e-01,1.493381497469156993e-01,2.961188570824990762e-02,-1.094459771916891366e-01,-6.952501040191592929e-03,8.249814292878562827e-02,-4.601513189249946401e-02,-1.939615723378495735e-02,1.021752064855365599e-02
6.400000000000000355e+00,-4.025651328151020891e-01,2.267629916853168837e+00,-9.120852452488142248e+00,2.205934454757495278e+00,-3.409890728869956700e+00,9.205926047407488877e-01,-1.126123093571010036e+00,3.999040443270509004e-01,-1.436483548822971579e-01,6.977680454781969022e-03,-1.492439943748083975e-01,1.009595202557362903e-01,2.221984233170570811e-02,-9.559731076357437518e-02,2.272674086795526543e-02,6.414494762502051528e-02,-4.717973571663519605e-02,-2.171113301235105125e-02,1.873169923925396829e-02
6.599999999999999645e+00,6.629359783316788324e-01,1.817119917344250490e+00,-7.320385725849699377e+00,1.761601236513179680e+00,-2.664837105493405023e+00,6.971194817151249445e-01,-8.069458201961644539e-01,2.695673163702394515e-01,-7.937247049859542936e-02,-2.154008980066678819e-02,-8.465647368441722720e-02,6.144078316023830755e-02,1.086801732236419848e-02,-7.795196974987672611e-02,4.132010946811269514e-02,4.708996173253320039e-02,-4.571752927731737026e-02,-2.275580672791888831e-02,2.345190435134442142e-02
6.799999999999999822e+00,1.505904443683125926e+00,1.463461095375318655e+00,-5.896056509372671783e+00,1.418538548444628011e+00,-2.110359945343053045e+00,5.403084004766233184e-01,-5.767160769796870756e-01,1.801866881578913782e-01,-4.658990643782649071e-02,-3.131121612823732636e-02,-3.854410349420646364e-02,3.104199683875492194e-02,-2.591539091604290468e-03,-5.838116666973330871e-02,5.064060381843121100e-02,3.217706125649989757e-02,-4.322202073540591660e-02,-2.190321400859775516e-02,2.470318908376070016e-02
7.000000000000000000e+00,2.173414513142468252e+00,1.183425197659665029e+00,-4.758903865910483866e+00,1.149854563744238556e+00,-1.692464320153505675e+00,4.286769087955873969e-01,-4.112920955654017496e-01,1.195239913812779775e-01,-3.403684515860976728e-02,-2.901274360429315080e-02,-6.420731298819343236e-03,8.374738462176740950e-03,-1.596467455359620174e-02,-3.883609420290826120e-02,5.329238622775842038e-02,1.952847951742297736e-02,-4.021814401600929539e-02,-1.933685381116198587e-02,2.337421836808266373e-02
7.200000000000000178e+00,2.701482682098756083e+00,9.596160959295746418e-01,-3.843312636149136097e+00,9.361207371199974370e-01,-1.372130348048700821e+00,3.469413714063313559e-01,-2.920889400213039222e-01,7.818154988174129405e-02,-3.313834044619169694e-02,-2.006734822349328512e-02,1.566151232208898292e-02,-8.219799266376073832e-03,-2.764926241448072836e-02,-2.078543424204399442e-02,5.170253913049324690e-02,8.977933202235614113e-03,-3.680550949891334828e-02,-1.559549237251325535e-02,2.045113601801887976e-02
7.400000000000000355e+00,3.117814612978250022e+00,7.792023262036181785e-01,-3.101198249591011979e+00,7.637435267531524907e-01,-1.122212418468690354e+00,2.849746173915241321e-01,-2.057280926730899462e-01,4.961429596295501010e-02,-3.807850384026527368e-02,-8.298965715669591459e-03,3.068048099222792091e-02,-2.019005365434200366e-02,-3.678872834305409872e-02,-5.114224094612360161e-03,4.776159888600126080e-02,2.815556200657584607e-04,-3.299401542968721790e-02,-1.127763666926599913e-02,1.677413225351815501e-02
7.599999999999999645e+00,3.443982734517628153e+00,6.327102763420939802e-01,-2.496966001120581424e+00,6.232536412916678259e-01,-9.240594205311835063e-01,2.363405262080579550e-01,-1.428378700423839076e-01,2.950189944490795579e-02,-4.520981142275409814e-02,3.850020462747044681e-03,4.072643252992709517e-02,-2.866530080936661312e-02,-4.313365163128164009e-02,7.789698876488896501e-03,4.277865465085741586e-02,-6.795615594758695061e-03,-2.883444470961712275e-02,-6.889974928944579344e-03,1.295310216681229247e-02
7.799999999999999822e+00,3.697024945897507742e+00,5.130714912823894913e-01,-2.003753628996777891e+00,5.079529042595767319e-01,-7.647999945043989500e-01,1.970363700782439831e-01,-9.689355427550296052e-02,1.507605286959757401e-02,-5.240581917043922455e-02,1.496812558421576483e-02,4.721759344288374571e-02,-3.448418468899137196e-02,-4.683528435067493140e-02,1.789573264880149617e-02,3.757211436899714901e-02,-1.245532166200385288e-02,-2.443969328972663696e-02,-2.794356083771154520e-03,9.373144860445443982e-03
8.000000000000000000e+00,3.890579685852253000e+00,4.149295672115295708e-01,-1.600822770929622552e+00,4.129648894178967744e-01,-6.354074920312090535e-01,1.645795353878701517e-01,-6.332509545905459780e-02,4.584132560136452289e-03,-5.853815316225639137e-02,2.434974596097958660e-02,5.110812108404320930e-02,-3.826023654818985070e-02,-4.826193392677244343e-02,2.539707899888128673e-02,3.259821826840943182e-02,-1.686774205162889714e-02,-1.996160519863940733e-02,7.899763170190997330e-04,6.238966362630052158e-03
8.199999999999999289e+00,4.035685332138768899e+00,3.341553941949533257e-01,-1.271809261158998616e+00,3.346114765390160728e-01,-5.294017684337369856e-01,1.374014026204739836e-01,-3.889098053273448707e-02,-3.088490665884392056e-03,-6.310141890507814377e-02,3.174123721521394936e-02,5.304827613427084976e-02,-4.044545921132308708e-02,-4.786527051543317673e-02,3.060556314494623092e-02,2.807088582149672856e-02,-2.018051327337910469e-02,-1.555914276408562960e-02,3.759716951630331580e-03,3.627924172908384912e-03
8.400000000000000355e+00,4.141348546765526883e+00,2.675135116722404671e-01,-1.003561996913242105e+00,2.700191774957786395e-01,-4.420056200840551952e-01,1.144686820037141145e-01,-2.125677544180197553e-02,-8.666079048343093560e-03,-6.596084481385700027e-02,3.715927257163757075e-02,5.349510392528847996e-02,-4.138011034759488810e-02,-4.609574812682371014e-02,3.387792841601076910e-02,2.405596274072078003e-02,-2.252707033002940284e-02,-1.137338827937432045e-02,6.094703532482065311e-03,1.537028504886425381e-03
8.599999999999999645e+00,4.214957162598777174e+00,2.124325305975602318e-01,-7.853660220041300821e-01,2.168754801689166678e-01,-3.696040913399824546e-01,9.505769615198381151e-02,-8.715679634272284482e-03,-1.263719987470684342e-02,-6.718936255006502378e-02,4.076833965056653186e-02,5.278387843773534732e-02,-4.132780802470035347e-02,-4.335653234464693223e-02,3.556912122148489508e-02,2.053785240540890317e-02,-2.403189114060177295e-02,-7.513399726174754475e-03,7.828095079813532711e-03,-8.118666373530198169e-05
8.800000000000000711e+00,4.262588765027770066e+00,1.668453548532752850e-01,-6.084099576483766869e-01,1.732782574835920464e-01,-3.093977126558812851e-01,7.862513890469044475e-02,-2.936231749975370953e-06,-1.534790406928688081e-02,-6.696574123201087803e-02,4.280203927308295908e-02,5.117201566535343332e-02,-4.049877890600108582e-02,-3.998390100119217361e-02,3.600588558700168473e-02,1.746279275842071294e-02,-2.481275631928120395e-02,-4.051632465867349361e-03,9.022931817745534142e-03,-1.294013486691990202e-03
9.000000000000000000e+00,4.289248309954467153e+00,1.290757645990165403e-01,-4.654075328355456453e-01,1.376408428297748454e-01,-2.591772310230043286e-01,6.473671162343248853e-02,5.828991533501408362e-03,-1.705631731130164558e-02,-6.551283117343731366e-02,4.351494345580401296e-02,4.886510504033710067e-02,-3.906467738898076331e-02,-3.624396442668288698e-02,3.547431387242792888e-02,1.476472756083121313e-02,-2.498097849468922105e-02,-1.025923278475086940e-03,9.755446466728821472e-03,-2.173152201054256820e-03
9.500000000000000000e+00,4.289412059938788602e+00,6.047238116205320979e-02,-2.192882901729979739e-01,7.512630515038545842e-02,-1.665187700875285504e-01,3.888336193211188591e-02,1.209158115396802985e-02,-1.817237495767296679e-02,-5.798550346052804699e-02,4.109087607667473441e-02,4.109746942245998125e-02,-3.371007398787137510e-02,-2.647717988762161162e-02,3.139194535425356147e-02,9.267217592313348878e-03,-2.338319317689897467e-02,4.625498122820001154e-03,1.006804058859956698e-02,-3.332736465201354640e-03
1.000000000000000000e+01,4.229007622179330461e+00,1.732847995136231611e-02,-8.082314652898602014e-02,3.885493476546383884e-02,-1.063654363044647666e-01,2.232300552880709527e-02,1.164679967237433611e-02,-1.645175676406362281e-02,-4.730105354625861042e-02,3.509211920998252937e-02,3.193211286599073606e-02,-2.705834415031857856e-02,-1.738200793694271926e-02,2.535584480512054900e-02,4.990686842193978873e-03,-1.996479352540116853e-02,7.890068533263546249e-03,9.025322968016920647e-03,-3.613015768828995930e-03
1.050000000000000000e+01,4.136314113305272322e+00,-9.911902185497131756e-03,-6.649681817136415124e-03,1.864258389153526652e-02,-6.670948327413941947e-02,1.189677689337379635e-02,8.225164164536231948e-03,-1.332009962449588747e-02,-3.563411340709607411e-02,2.764982602898185399e-02,2.260638096431156346e-02,-2.014603641878614376e-02,-9.598533018635904690e-03,1.887275791470124919e-02,1.519039357603051144e-03,-1.573250224134685113e-02,9.406267844782691123e-03,7.358081860823192932e-03,-3.488677153701139847e-03
1.100000000000000000e+01,4.028103599432021120e+00,-2.716513241947590696e-02,2.991004696253807271e-02,8.027595842129437581e-03,-4.013015604695460009e-02,5.422940146394702142e-03,3.736025512328287890e-03,-9.664263419005069550e-03,-2.428928452135036692e-02,2.002270913010398279e-02,1.384337713474372011e-02,-1.357728836549404114e-02,-3.202220597102140714e-03,1.270402686189184976e-02,-1.351459681072836316e-03,-1.134462973903401645e-02,9.788781219156304086e-03,5.504915538051132276e-03,-3.204515112800614129e-03
1.150000000000000000e+01,3.914077605417523475e+00,-3.810377928844526502e-02,4.503589787504638786e-02,2.998306431190030791e-03,-2.200064661522409259e-02,1.448362986604188017e-03,-8.634482445386629235e-04,-6.004238882448904163e-03,-1.395060507771635205e-02,1.288052884206505877e-02,6.010029623361341777e-03,-7.662527647117011592e-03,1.945385552921043149e-03,7.187765498496583028e-03,-3.726917277952421226e-03,-7.186416308584703955e-03,9.509417516142518526e-03,3.703785143606259933e-03,-2.877028293777312597e-03
1.200000000000000000e+01,3.799660290840614074e+00,-4.501382791382515375e-02,4.839522384530852567e-02,1.114037894849817523e-03,-9.414574215273092961e-03,-9.661774250906470657e-04,-5.119218352004517580e-03,-2.617828047020712839e-03,-4.907952221859024355e-03,6.530923145278564462e-03,-7.568297511853366855e-04,-2.524610989632664060e-03,6.038208298109661726e-03,2.434878891962578146e-03,-5.676259989455669647e-03,-3.453305851966282508e-03,8.888688445814394573e-03,2.069802510535288451e-03,-2.557893460710230701e-03
1.250000000000000000e+01,3.687731446072540553e+00,-4.932435683950211341e-02,4.566938244747534292e-02,9.183227746874540048e-04,-5.299301889654106645e-04,-2.415006209066580378e-03,-8.843145190139414802e-03,3.686270388203634341e-04,2.779742586425090756e-03,1.072549513398583093e-03,-6.457246787538721555e-03,1.824852890390350063e-03,9.263971090984042533e-03,-1.559544952571594034e-03,-7.255696695925186249e-03,-2.202855962895357289e-04,8.126913483579007932e-03,6.476702634335895423e-04,-2.267719123148045652e-03
1.300000000000000000e+01,3.579686398237467593e+00,-5.193459420764409695e-02,4.012957545361316158e-02,1.559788179179651471e-03,5.834040847214415348e-03,-3.268982060795975163e-03,-1.198565397395400661e-02,2.918070602783415235e-03,9.178075242759389796e-03,-3.509115018130639502e-03,-1.116486449001237793e-02,5.434442863849368172e-03,1.178502546607060157e-02,-4.854995784279256960e-03,-8.516258296729233707e-03,2.508120656962573719e-03,7.340628167164226989e-03,-5.560981511144374653e-04,-2.012713007334905862e-03
1.350000000000000000e+01,3.476075655339038839e+00,-5.341548183844931769e-02,3.360671573365829612e-02,2.553263371412683655e-03,1.044496222976412300e-02,-3.757506961219089434e-03,-1.456666205444061279e-02,5.042542213074889881e-03,1.441195798326966662e-02,-7.284529738726241294e-03,-1.498695270981426422e-02,8.380877355237088128e-03,1.373576426393321309e-02,-7.532616311980497650e-03,-9.505041187789785989e-03,4.764891770900881590e-03,6.592320543712507780e-03,-1.554292776223825320e-03,-1.792642409146316760e-03
1.400000000000000000e+01,3.376985822645018676e+00,-5.413376714987643001e-02,2.708197686920096880e-02,3.631984405593707485e-03,1.381033082321036012e-02,-4.021764327649297172e-03,-1.663801016660741011e-02,6.778447006236011652e-03,1.862765140099284858e-02,-1.034714504410375741e-02,-1.804075044747761522e-02,1.075005943809438820e-02,1.522555584697682374e-02,-9.677982070382907739e-03,-1.026477863034014684e-02,6.600149450877976914e-03,5.911501556643992614e-03,-2.368283534792321211e-03,-1.604590557334697413e-03
1.450000000000000000e+01,3.282263078259521016e+00,-5.432842776940607910e-02,2.104308867552753815e-02,4.657416983280929061e-03,1.627217456972180135e-02,-4.148428202247327404e-03,-1.826321726946663129e-02,8.172015925498906166e-03,2.197186556536438740e-02,-1.279522649731545426e-02,-2.044042804450110426e-02,1.262658268436866842e-02,1.634290927983670164e-02,-1.137253441777591294e-02,-1.083336644417921824e-02,8.069287049882262891e-03,5.308532854557705336e-03,-3.022124566956142788e-03,-1.444720969089925960e-03
1.500000000000000000e+01,3.191641817381239754e+00,-5.415783096089001047e-02,1.569739908345129872e-02,5.564861446149637139e-03,1.806590510128026558e-02,-4.190676630178525632e-03,-1.950686873896697107e-02,9.271177151488365492e-03,2.458115083828781716e-02,-1.472242667521775697e-02,-2.229060122361559149e-02,1.408844273107506297e-02,1.715940209662216928e-02,-1.268974791755594911e-02,-1.124373611577757226e-02,9.226484443920761336e-03,4.783265810290768597e-03,-3.539459839492975577e-03,-1.309095865395783599e-03
1.600000000000000000e+01,3.021481688504278562e+00,-5.311549602978096751e-02,7.217668713615963197e-03,6.954737401186015730e-03,2.026510099032872644e-02,-4.139990154116381625e-03,-2.108472825631160091e-02,1.076332964688266405e-02,2.806597682881040515e-02,-1.734232963047949855e-02,-2.469950868618271678e-02,1.603555532411941181e-02,1.811065143529602683e-02,-1.443984964725379336e-02,-1.169810863269054972e-02,1.079831082823757421e-02,3.941710670219961306e-03,-4.249060553609687423e-03,-1.096280974518279699e-03
1.700000000000000000e+01,2.864157702218548707e+00,-5.152808103602787848e-02,1.338404916841139103e-03,7.820024264970743336e-03,2.125919841147408396e-02,-4.007575397365865238e-03,-2.177466066987240878e-02,1.156078636826991628e-02,2.986764014741548345e-02,-1.875859707942652971e-02,-2.585953938434428639e-02,1.703583228042129458e-02,1.842376913040602235e-02,-1.533598676398169672e-02,-1.180380038313658814e-02,1.164371491171209416e-02,3.325031394519304372e-03,-4.640456996268604341e-03,-9.417435493407340201e-04
1.800000000000000000e+01,2.717701977435121652e+00,-4.966209780456182221e-02,-2.562989432026881176e-03,8.279462879785964152e-03,2.152095299117522814e-02,-3.846365647419432762e-03,-2.187287752908397692e-02,1.189040737550010364e-02,3.054757144757064280e-02,-1.936908061846394011e-02,-2.619121592135800758e-02,1.740582365779326512e-02,1.832636440269371295e-02,-1.566536442485038511e-02,-1.168290168780964158e-02,1.200173193416505246e-02,2.872205033761142823e-03,-4.818077821910523618e-03,-8.276201845694243541e-04
1.900000000000000000e+01,2.580587641799568566e+00,-4.766448606708496155e-02,-5.057646418281254962e-03,8.451595124692875063e-03,2.133068339641842892e-02,-3.677188040883059596e-03,-2.158690742446281105e-02,1.191198483711367051e-02,3.049413422117931358e-02,-1.945024040277374550e-02,-2.598445043457723799e-02,1.736412251978291035e-02,1.796928726506149057e-02,-1.562518286828256872e-02,-1.141851966519820925e-02,1.203931537411842556e-02,2.535024620095112716e-03,-4.854846855498837037e-03,-7.413819109418930391e-04
2.000000000000000000e+01,2.451655103207380115e+00,-4.562094653429345226e-02,-6.584731891977307905e-03,8.429987558539525291e-03,2.086229354972895730e-02,-3.508520544757779032e-03,-2.105861288474300541e-02,1.173516486170592642e-02,2.997129498659070052e-02,-1.919048010632824069e-02,-2.543587056173310032e-02,1.705916632573927991e-02,1.745256991920019971e-02,-1.534894629755614685e-02,-1.106655068247910760e-02,1.187053985284056493e-02,2.278435907452351639e-03,-4.800593287163524431e-03,-6.744136154143672620e-04
2.100000000000000000e+01,2.330020243091111887e+00,-4.358314393221301292e-02,-7.459097818270336508e-03,8.282332137247301954e-03,2.022668876857380837e-02,-3.343946363349037040e-03,-2.038358097726213417e-02,1.143408322222420892e-02,2.915658536490378996e-02,-1.871674236116726078e-02,-2.467749357968595028e-02,1.659073258456495240e-02,1.684244069347394512e-02,-1.492624611824324571e-02,-1.066426456718084018e-02,1.157236895746126606e-02,2.077886963334018601e-03,-4.688945276553877807e-03,-6.208470337790107305e-04
2.200000000000000000e+01,2.214997137687219730e+00,-4.158256076597536405e-02,-7.899086862728839364e-03,8.055626521770191048e-03,1.949563600270381655e-02,-3.185016863943216595e-03,-1.962557440822693122e-02,1.105838877432769284e-02,2.816851246353352725e-02,-1.811389897874625052e-02,-2.379729234382149325e-02,1.602540071168188571e-02,1.618258566009389207e-02,-1.441680968457734364e-02,-1.023631580882904471e-02,1.119629158803275501e-02,1.916488866412122648e-03,-4.542412160402908849e-03,-5.767009685235717584e-04
2.300000000000000000e+01,2.106040330967627217e+00,-3.963816941535971972e-02,-8.053512707160542447e-03,7.781774158242269097e-03,1.871582797064647377e-02,-3.032384884946322766e-03,-1.882675133636473735e-02,1.064107844270022023e-02,2.708565347638103651e-02,-1.743832240946367393e-02,-2.285347472565022950e-02,1.540730300372568883e-02,1.550164327760582446e-02,-1.386020608778722706e-02,-9.798867293596261185e-03,1.077651411882690410e-02,1.782720799523641745e-03,-4.375960496333474239e-03,-5.392766226433866024e-04
2.400000000000000000e+01,2.002703830641913818e+00,-3.776097855485155419e-02,-8.022814073861758363e-03,7.482120425504416514e-03,1.791759950523012096e-02,-2.886275086475095526e-03,-1.801471075174373646e-02,1.020391253279889429e-02,2.595971871169412692e-02,-1.672719296687418325e-02,-2.188423564009064556e-02,1.476547251923650966e-02,1.481820720497372887e-02,-1.328245742558497970e-02,-9.362388665393286610e-03,1.033559537570808394e-02,1.668747454154113994e-03,-4.199473167853256909e-03,-5.067418527137833783e-04
2.500000000000000000e+01,1.904612650994086387e+00,-3.595685901383615518e-02,-7.874363039516177332e-03,7.170780641985825474e-03,1.712050757482298444e-02,-2.746692611127306543e-03,-1.720728568670886610e-02,9.761104191868799976e-03,2.482440334260157741e-02,-1.600481386197988645e-02,-2.091435897879311348e-02,1.411881957456991542e-02,1.414417113898351099e-02,-1.270050837180619445e-02,-8.933544112248661614e-03,9.888276067440478212e-03,1.569237968294260981e-03,-4.019420321316573286e-03,-4.778486234404264094e-04
5.000000000000000000e+01,5.453947707656894295e-01,-1.032743561306975928e-02,-2.422103121333517121e-03,2.091098535066796427e-03,4.957560805917287511e-03,-7.877422562086154340e-04,-4.978618851757091700e-03,2.834095332882649847e-03,7.201696398909102417e-03,-4.649316594047762062e-03,-6.058668211273460225e-03,4.095332760696980372e-03,4.085632186322437145e-03,-3.683767712560882378e-03,-2.578482905842089702e-03,2.871836697246664925e-03,4.372020580056045305e-04,-1.168508278186455168e-03,-1.340489690105621946e-04
1.000000000000000000e+02,4.476872528830512510e-02,-8.477278713604065145e-04,-1.988204920619252199e-04,1.716482970647535949e-04,4.069420542359370656e-04,-6.466183241360497420e-05,-4.086705545090977393e-04,2.326371992669368292e-04,5.911524018752961239e-04,-3.816399770341691962e-04,-4.973266382812344816e-04,3.361660374141038719e-04,3.353695450721292715e-04,-3.023826531942915897e-04,-2.116550126949779276e-04,2.357352160970015316e-04,3.588756909981325827e-05,-9.591722059828415668e-05,-1.100337226847684584e-05
