[[-1.07168074e+11  1.62505666e+10  3.10277291e+09 -2.71959621e+08
   5.89550299e+06 -8.20243955e+03  4.45066488e+01  9.09505243e+00]
 [-1.30067052e+11  1.27013564e+10 -3.94403858e+09  2.26339824e+08
  -3.36174447e+06  3.11479255e+03  1.51951292e-01 -2.25432761e-01]
 [-4.78997639e+11  8.92253103e+10  1.10395316e+10 -1.01473849e+09
   2.05149697e+07 -1.92904938e+04  4.16271476e+01  8.95666960e-02]
 [-3.93517521e+11  4.35474156e+10 -9.29508306e+09  5.03854552e+08
  -7.48056814e+06  4.24663865e+03 -2.55620713e+00  7.78730589e-03]
 [-5.86540203e+11  1.59965885e+11  8.60234884e+09 -9.61367766e+08
   1.72640537e+07 -1.13395609e+04  1.06339588e+01 -3.78224744e-02]
 [-8.15446693e+11  9.63935348e+10 -1.40452618e+10  6.89596772e+08
  -9.90814123e+06  3.01463234e+03 -8.90869302e-01 -7.15805371e-03]
 [-1.95359339e+11  1.60464099e+11  3.05311293e+09 -5.31693489e+08
   7.05148147e+06 -3.43195141e+03  4.63668502e-01 -2.12897347e-02]
 [-1.38000373e+12  1.67407052e+11 -1.73400133e+10  7.31328271e+08
  -9.47087607e+06  1.72250780e+03 -3.83120055e+00  3.86586268e-02]
 [ 7.49418617e+11  3.72179903e+10  4.56966851e+09 -3.42436469e+08
   2.48044511e+06 -3.41472258e+01 -5.24614882e+00  3.16834941e-02]
 [-2.03196354e+12  2.54715055e+11 -2.00873725e+10  7.07106957e+08
  -7.86832687e+06  1.91808676e+02  3.69627552e+00 -3.40950190e-02]
 [ 2.01853180e+12 -1.82730110e+11  1.48445418e+10 -5.56081625e+08
   6.16606195e+06 -7.62841806e+02  4.87479016e+00 -8.61554066e-02]
 [-2.72152868e+12  3.58913883e+11 -2.41018777e+10  7.56788543e+08
  -8.68341584e+06  9.42550881e+02 -6.44303954e+00  7.90443897e-02]
 [ 3.29446888e+12 -4.21608072e+11  2.79656486e+10 -9.00222940e+08
   1.10199628e+07 -6.48014692e+02 -8.96499379e-01 -1.84581327e-02]
 [-3.47586397e+12  4.80070752e+11 -2.96535228e+10  8.64442744e+08
  -9.56299772e+06 -3.61142609e+02  9.58372542e+00 -1.25859442e-01]
 [ 4.62229787e+12 -6.54583791e+11  4.05998686e+10 -1.21641497e+09
   1.51074542e+07 -1.51007311e+03  5.16296521e+00 -9.24393248e-02]
 [-4.68459456e+12  6.64413686e+11 -3.90907733e+10  1.10123825e+09
  -1.33150639e+07  1.95557160e+03 -1.15540485e+01  1.08272658e-01]
 [ 8.08154076e+12 -1.17669178e+12  6.94582441e+10 -1.94195897e+09
   2.26268661e+07 -1.75604076e+03  3.53619036e+00 -5.99163359e-02]
 [-9.65337870e+12  1.37786545e+12 -7.82928190e+10  2.07827521e+09
  -2.24578368e+07  9.63590981e+02 -1.11097474e+00  6.06728650e-02]
 [ 5.62656451e+12 -8.21810961e+11  4.79121578e+10 -1.31561690e+09
   1.50506726e+07 -1.15911369e+03  3.51885341e+00 -1.24589077e-01]]