1.0,0.0,50749.554421
1.1,0.0,44598.524906
1.2,0.0,43502.279323
1.3,0.0,44684.490397
1.4,0.0,46695.792524
1.5,0.0,48824.555822
1.6,0.0,50756.200709
1.7,0.0,18325.52662
1.8,0.0,12878.940338
1.9,0.0,8981.70527
2.0,0.0,6211.890257
2.1,0.0,4257.483347
2.2,0.0,2888.522847
2.3,0.0,1936.77247
2.4,0.0,1280.199859
2.5,0.0,830.985735
2.6,0.0,526.399119
2.7,0.0,321.968083
2.8,0.0,186.403222
2.9,0.0,97.838835
3.0,0.0,41.078639
3.1,0.0,5.613994
3.2,0.0,-15.775788
3.3,0.0,-28.002847
3.4,0.0,-34.360735
3.5,0.0,-37.020388
3.6,0.0,-37.391788
3.7,0.0,-36.38391
3.8,0.0,-34.583558
3.9,0.0,-32.371962
4.0,0.0,-29.99773
4.1,0.0,-27.621567
4.2,0.0,-25.343639
4.3,0.0,-23.220734
4.4,0.0,-21.277948
4.5,0.0,-19.517889
4.6,0.0,-17.928851
4.7,0.0,-16.492013
4.8,0.0,-15.187059
4.9,0.0,-13.995746
5.0,0.0,-12.903422
5.1,0.0,-11.899073
5.2,0.0,-10.974527
5.3,0.0,-10.123468
5.4,0.0,-9.340581
5.5,0.0,-8.620992
5.6,0.0,-7.959992
5.7,0.0,-7.352972
5.8,0.0,-6.795474
5.9,0.0,-6.283282
6.0,0.0,-5.812494
6.2,0.0,-4.981262
6.4,0.0,-4.27728
6.6,0.0,-3.680269
6.8,0.0,-3.17293
7.0,0.0,-2.740322
7.2,0.0,-2.369732
7.4,0.0,-2.050656
7.6,0.0,-1.774615
7.8,0.0,-1.534829
8.0,0.0,-1.325845
8.2,0.0,-1.143196
8.4,0.0,-0.983165
8.6,0.0,-0.842616
8.8,0.0,-0.718891
9.0,0.0,-0.609727
9.5,0.0,-0.388611
10.0,0.0,-0.224239
10.5,0.0,-0.101006
11.0,0.0,-0.00808
11.5,0.0,0.062231
12.0,0.0,0.115491
12.5,0.0,0.15578
13.0,0.0,0.186124
13.5,0.0,0.208789
14.0,0.0,0.225493
14.5,0.0,0.237544
15.0,0.0,0.24595
16.0,0.0,0.254781
17.0,0.0,0.256402
18.0,0.0,0.25355
19.0,0.0,0.247958
20.0,0.0,0.240733
21.0,0.0,0.232721
22.0,0.0,0.224098
23.0,0.0,0.215338
24.0,0.0,0.206632
25.0,0.0,0.198107
50.0,0.0,0.071825
100.0,0.0,0.003012
1.0,10.0,49690.765368
1.1,10.0,43404.334543
1.2,10.0,41987.337173
1.3,10.0,42499.528125
1.4,10.0,42240.646598
1.5,10.0,33630.369644
1.6,10.0,24607.302956
1.7,10.0,17601.279229
1.8,10.0,12432.67318
1.9,10.0,8694.750242
2.0,10.0,6022.593974
2.1,10.0,4130.5741
2.2,10.0,2802.489414
2.3,10.0,1877.980611
2.4,10.0,1239.774267
2.5,10.0,803.039208
2.6,10.0,506.976241
2.7,10.0,308.395775
2.8,10.0,176.86931
2.9,10.0,91.086806
3.0,10.0,36.255939
3.1,10.0,2.134396
3.2,10.0,-18.316652
3.3,10.0,-29.884259
3.4,10.0,-35.77625
3.5,10.0,-38.104991
3.6,10.0,-38.239923
3.7,10.0,-37.061711
3.8,10.0,-35.137095
3.9,10.0,-32.832983
4.0,10.0,-30.387904
4.1,10.0,-27.95551
4.2,10.0,-25.631143
4.3,10.0,-23.468485
4.4,10.0,-21.490774
4.5,10.0,-19.699819
4.6,10.0,-18.083691
4.7,10.0,-16.623593
4.8,10.0,-15.299144
4.9,10.0,-14.091892
5.0,10.0,-12.986778
5.1,10.0,-11.972256
5.2,10.0,-11.039616
5.3,10.0,-10.182025
5.4,10.0,-9.393773
5.5,10.0,-8.66968
5.6,10.0,-8.004827
5.7,10.0,-7.394452
5.8,10.0,-6.834009
5.9,10.0,-6.319216
6.0,10.0,-5.846123
6.2,10.0,-5.010994
6.4,10.0,-4.303817
6.6,10.0,-3.704072
6.8,10.0,-3.1943
7.0,10.0,-2.759486
7.2,10.0,-2.386899
7.4,10.0,-2.066035
7.6,10.0,-1.788405
7.8,10.0,-1.547224
8.0,10.0,-1.337012
8.2,10.0,-1.153285
8.4,10.0,-0.992305
8.6,10.0,-0.850918
8.8,10.0,-0.726455
9.0,10.0,-0.616636
9.5,10.0,-0.394185
10.0,10.0,-0.228814
10.5,10.0,-0.104821
11.0,10.0,-0.011308
11.5,10.0,0.059464
12.0,10.0,0.113093
12.5,10.0,0.15368
13.0,10.0,0.184267
13.5,10.0,0.207134
14.0,10.0,0.224005
14.5,10.0,0.2362
15.0,10.0,0.244729
16.0,10.0,0.253755
17.0,10.0,0.255526
18.0,10.0,0.252791
19.0,10.0,0.247292
20.0,10.0,0.240143
21.0,10.0,0.232188
22.0,10.0,0.223618
23.0,10.0,0.214905
24.0,10.0,0.206238
25.0,10.0,0.197746
50.0,10.0,0.071738
100.0,10.0,0.00299
1.0,20.0,46697.381098
1.1,20.0,40063.234103
1.2,20.0,37838.320839
1.3,20.0,36846.148206
1.4,20.0,34186.765844
1.5,20.0,28170.885677
1.6,20.0,21414.233062
1.7,20.0,15651.830531
1.8,20.0,11194.014716
1.9,20.0,7885.147137
2.0,20.0,5483.310756
2.1,20.0,3766.698861
2.2,20.0,2554.758761
2.3,20.0,1708.16432
2.4,20.0,1122.699547
2.5,20.0,721.906668
2.6,20.0,450.467515
2.7,20.0,268.821199
2.8,20.0,148.970799
2.9,20.0,71.291672
3.0,20.0,22.066865
3.1,20.0,-8.147152
3.2,20.0,-25.860884
3.3,20.0,-35.498622
3.4,20.0,-40.01986
3.5,20.0,-41.367783
3.6,20.0,-40.795925
3.7,20.0,-39.104208
3.8,20.0,-36.802171
3.9,20.0,-34.215841
4.0,20.0,-31.55454
4.1,20.0,-28.95124
4.2,20.0,-26.487018
4.3,20.0,-24.206004
4.4,20.0,-22.125685
4.5,20.0,-20.244847
4.6,20.0,-18.550279
4.7,20.0,-17.022709
4.8,20.0,-15.641383
4.9,20.0,-14.387138
5.0,20.0,-13.243772
5.1,20.0,-12.198351
5.2,20.0,-11.240708
5.3,20.0,-10.362724
5.4,20.0,-9.557565
5.5,20.0,-8.819209
5.6,20.0,-8.142117
5.7,20.0,-7.521123
5.8,20.0,-6.951377
5.9,20.0,-6.428383
6.0,20.0,-5.948028
6.2,20.0,-5.100654
6.4,20.0,-4.383481
6.6,20.0,-3.775238
6.8,20.0,-3.257979
7.0,20.0,-2.816455
7.2,20.0,-2.437846
7.4,20.0,-2.111619
7.6,20.0,-1.829258
7.8,20.0,-1.583922
8.0,20.0,-1.370072
8.2,20.0,-1.183153
8.4,20.0,-1.019365
8.6,20.0,-0.875506
8.8,20.0,-0.748853
9.0,20.0,-0.637099
9.5,20.0,-0.410708
10.0,20.0,-0.242381
10.5,20.0,-0.116138
11.0,20.0,-0.020888
11.5,20.0,0.051252
12.0,20.0,0.10597
12.5,20.0,0.14744
13.0,20.0,0.178749
13.5,20.0,0.202215
14.0,20.0,0.219589
14.5,20.0,0.232209
15.0,20.0,0.241099
16.0,20.0,0.250706
17.0,20.0,0.25292
18.0,20.0,0.250531
19.0,20.0,0.24531
20.0,20.0,0.238387
21.0,20.0,0.230602
22.0,20.0,0.222193
23.0,20.0,0.213613
24.0,20.0,0.205062
25.0,20.0,0.19667
50.0,20.0,0.071475
100.0,20.0,0.002923
1.0,30.0,42276.640724
1.1,30.0,35241.227337
1.2,30.0,32130.083205
1.3,30.0,29952.041931
1.4,30.0,26819.509467
1.5,30.0,22307.263408
1.6,30.0,17392.557257
1.7,30.0,12978.037074
1.8,30.0,9413.363319
1.9,30.0,6688.530268
2.0,30.0,4672.154241
2.1,30.0,3212.991541
2.2,30.0,2174.665071
2.3,30.0,1446.031673
2.4,30.0,941.137872
2.5,30.0,595.603355
2.6,30.0,362.192392
2.7,30.0,206.784619
2.8,30.0,105.086838
2.9,30.0,39.98005
3.0,30.0,-0.472132
3.1,30.0,-24.580169
3.2,30.0,-38.004204
3.3,30.0,-44.602915
3.4,30.0,-46.949708
3.5,30.0,-46.726086
3.6,30.0,-45.008072
3.7,30.0,-42.47316
3.8,30.0,-39.544552
3.9,30.0,-36.486306
4.0,30.0,-33.462812
4.1,30.0,-30.574787
4.2,30.0,-27.880236
4.3,30.0,-25.407556
4.4,30.0,-23.163917
4.5,30.0,-21.141952
4.6,30.0,-19.325048
4.7,30.0,-17.692142
4.8,30.0,-16.221177
4.9,30.0,-14.891642
5.0,30.0,-13.685707
5.1,30.0,-12.58859
5.2,30.0,-11.588232
5.3,30.0,-10.674704
5.4,30.0,-9.839687
5.5,30.0,-9.075925
5.6,30.0,-8.376984
5.7,30.0,-7.736993
5.8,30.0,-7.150631
5.9,30.0,-6.613017
6.0,30.0,-6.119739
6.2,30.0,-5.250604
6.4,30.0,-4.515752
6.6,30.0,-3.892628
6.8,30.0,-3.362455
7.0,30.0,-2.90954
7.2,30.0,-2.520858
7.4,30.0,-2.185759
7.6,30.0,-1.895626
7.8,30.0,-1.643507
8.0,30.0,-1.423732
8.2,30.0,-1.231632
8.4,30.0,-1.063296
8.6,30.0,-0.915428
8.8,30.0,-0.785236
9.0,30.0,-0.67035
9.5,30.0,-0.437584
10.0,30.0,-0.264474
10.5,30.0,-0.134587
11.0,30.0,-0.036513
11.5,30.0,0.037848
12.0,30.0,0.09434
12.5,30.0,0.137244
13.0,30.0,0.169732
13.5,30.0,0.194173
14.0,30.0,0.212365
14.5,30.0,0.225676
15.0,30.0,0.235158
16.0,30.0,0.245715
17.0,30.0,0.248654
18.0,30.0,0.246833
19.0,30.0,0.242065
20.0,30.0,0.23551
21.0,30.0,0.228005
22.0,30.0,0.219859
23.0,30.0,0.211501
24.0,30.0,0.203138
25.0,30.0,0.19491
50.0,30.0,0.071046
100.0,30.0,0.002813
1.0,40.0,37131.084576
1.1,40.0,29808.770366
1.2,40.0,26068.122288
1.3,40.0,23345.861063
1.4,40.0,20371.095232
1.5,40.0,16904.964548
1.6,40.0,13330.517708
1.7,40.0,10079.131717
1.8,40.0,7387.828272
1.9,40.0,5282.850903
2.0,40.0,3698.07619
2.1,40.0,2537.621632
2.2,40.0,1705.761911
2.3,40.0,1119.865827
2.4,40.0,713.7221
2.5,40.0,436.55887
2.6,40.0,250.531014
2.7,40.0,128.003016
2.8,40.0,49.144819
2.9,40.0,-0.077582
3.0,40.0,-29.459359
3.1,40.0,-45.829644
3.2,40.0,-53.80725
3.3,40.0,-56.534719
3.4,40.0,-56.0961
3.5,40.0,-53.842611
3.6,40.0,-50.628331
3.7,40.0,-46.979723
3.8,40.0,-43.214568
3.9,40.0,-39.521373
4.0,40.0,-36.009256
4.1,40.0,-32.738238
4.2,40.0,-29.736685
4.3,40.0,-27.011852
4.4,40.0,-24.556414
4.5,40.0,-22.353534
4.6,40.0,-20.380782
4.7,40.0,-18.613448
4.8,40.0,-17.027107
4.9,40.0,-15.599194
5.0,40.0,-14.30993
5.1,40.0,-13.142481
5.2,40.0,-12.082768
5.3,40.0,-11.118976
5.4,40.0,-10.241109
5.5,40.0,-9.440551
5.6,40.0,-8.709741
5.7,40.0,-8.041992
5.8,40.0,-7.431278
5.9,40.0,-6.872223
6.0,40.0,-6.359964
6.2,40.0,-5.458862
6.4,40.0,-4.698082
6.6,40.0,-4.053314
6.8,40.0,-3.504634
7.0,40.0,-3.035663
7.2,40.0,-2.632992
7.4,40.0,-2.285718
7.6,40.0,-1.985014
7.8,40.0,-1.723717
8.0,40.0,-1.49596
8.2,40.0,-1.296891
8.4,40.0,-1.122449
8.6,40.0,-0.969207
8.8,40.0,-0.834274
9.0,40.0,-0.715191
9.5,40.0,-0.473884
10.0,40.0,-0.294356
10.5,40.0,-0.159574
11.0,40.0,-0.057702
11.5,40.0,0.019653
12.0,40.0,0.07854
12.5,40.0,0.123386
13.0,40.0,0.157465
13.5,40.0,0.183228
14.0,40.0,0.202529
14.5,40.0,0.216779
15.0,40.0,0.227064
16.0,40.0,0.238916
17.0,40.0,0.242839
18.0,40.0,0.241792
19.0,40.0,0.23764
20.0,40.0,0.231588
21.0,40.0,0.224469
22.0,40.0,0.216678
23.0,40.0,0.208621
24.0,40.0,0.200516
25.0,40.0,0.192509
50.0,40.0,0.070463
100.0,40.0,0.002665
1.0,50.0,31984.508902
1.1,50.0,24555.766362
1.2,50.0,20485.516578
1.3,50.0,17608.715886
1.4,50.0,14947.667409
1.5,50.0,12258.344861
1.6,50.0,9655.172108
1.7,50.0,7320.682109
1.8,50.0,5379.792439
1.9,50.0,3845.236851
2.0,50.0,2678.396646
2.1,50.0,1818.111232
2.2,50.0,1199.426757
2.3,50.0,763.913919
2.4,50.0,463.414698
2.5,50.0,260.278695
2.6,50.0,126.046785
2.7,50.0,39.734075
2.8,50.0,-13.810812
2.9,50.0,-45.340173
3.0,50.0,-62.348398
3.1,50.0,-70.040191
3.2,50.0,-71.897641
3.3,50.0,-70.26711
3.4,50.0,-66.68454
3.5,50.0,-62.12969
3.6,50.0,-57.207578
3.7,50.0,-52.276954
3.8,50.0,-47.540376
3.9,50.0,-43.104486
4.0,50.0,-39.01846
4.1,50.0,-35.297582
4.2,50.0,-31.936871
4.3,50.0,-28.919115
4.4,50.0,-26.219636
4.5,50.0,-23.809752
4.6,50.0,-21.659281
4.7,50.0,-19.738502
4.8,50.0,-18.019586
4.9,50.0,-16.477402
5.0,50.0,-15.089945
5.1,50.0,-13.83829
5.2,50.0,-12.706368
5.3,50.0,-11.680517
5.4,50.0,-10.749092
5.5,50.0,-9.902076
5.6,50.0,-9.130751
5.7,50.0,-8.427487
5.8,50.0,-7.785498
5.9,50.0,-7.19878
6.0,50.0,-6.661953
6.2,50.0,-5.719284
6.4,50.0,-4.924738
6.6,50.0,-4.251934
6.8,50.0,-3.679535
7.0,50.0,-3.190265
7.2,50.0,-2.770127
7.4,50.0,-2.407807
7.6,50.0,-2.094126
7.8,50.0,-1.821614
8.0,50.0,-1.58413
8.2,50.0,-1.376585
8.4,50.0,-1.194721
8.6,50.0,-1.034959
8.8,50.0,-0.89427
9.0,50.0,-0.770096
9.5,50.0,-0.518411
10.0,50.0,-0.331081
10.5,50.0,-0.190331
11.0,50.0,-0.083818
11.5,50.0,-0.0028
12.0,50.0,0.059022
12.5,50.0,0.10625
13.0,50.0,0.14229
13.5,50.0,0.169679
14.0,50.0,0.190348
14.5,50.0,0.205757
15.0,50.0,0.217032
16.0,50.0,0.23048
17.0,50.0,0.235626
18.0,50.0,0.235535
19.0,50.0,0.23215
20.0,50.0,0.22672
21.0,50.0,0.220085
22.0,50.0,0.212735
23.0,50.0,0.205051
24.0,50.0,0.197267
25.0,50.0,0.189536
50.0,50.0,0.069739
100.0,50.0,0.002482
1.0,60.0,27462.79761
1.1,60.0,20067.976373
1.2,60.0,15858.10552
1.3,60.0,12983.940315
1.4,60.0,10621.007986
1.5,60.0,8497.262381
1.6,60.0,6586.292917
1.7,60.0,4934.989432
1.8,60.0,3585.383181
1.9,60.0,2524.623353
2.0,60.0,1720.466605
2.1,60.0,1129.860907
2.2,60.0,707.956595
2.3,60.0,414.232112
2.4,60.0,215.025215
2.5,60.0,83.829913
2.6,60.0,0.499104
2.7,60.0,-49.890899
2.8,60.0,-78.1218
2.9,60.0,-91.830127
3.0,60.0,-96.299019
3.1,60.0,-95.14493
3.2,60.0,-90.739276
3.3,60.0,-84.637196
3.4,60.0,-77.822974
3.5,60.0,-70.897739
3.6,60.0,-64.210516
3.7,60.0,-57.947752
3.8,60.0,-52.194782
3.9,60.0,-46.976142
4.0,60.0,-42.281421
4.1,60.0,-38.08152
4.2,60.0,-34.337842
4.3,60.0,-31.008117
4.4,60.0,-28.049398
4.5,60.0,-25.420252
4.6,60.0,-23.081784
4.7,60.0,-20.998517
4.8,60.0,-19.138601
4.9,60.0,-17.474038
5.0,60.0,-15.980421
5.1,60.0,-14.636758
5.2,60.0,-13.42506
5.3,60.0,-12.329899
5.4,60.0,-11.338085
5.5,60.0,-10.438232
5.6,60.0,-9.6205
5.7,60.0,-8.876266
5.8,60.0,-8.197991
5.9,60.0,-7.57899
6.0,60.0,-7.013344
6.2,60.0,-6.021583
6.4,60.0,-5.18697
6.6,60.0,-4.480935
6.8,60.0,-3.880608
7.0,60.0,-3.367646
7.2,60.0,-2.927299
7.4,60.0,-2.547683
7.6,60.0,-2.219153
7.8,60.0,-1.933835
8.0,60.0,-1.685257
8.2,60.0,-1.468052
8.4,60.0,-1.277735
8.6,60.0,-1.110541
8.8,60.0,-0.963295
9.0,60.0,-0.833318
9.5,60.0,-0.5698
10.0,60.0,-0.373548
10.5,60.0,-0.225958
11.0,60.0,-0.114118
11.5,60.0,-0.028885
12.0,60.0,0.036324
12.5,60.0,0.086305
13.0,60.0,0.124609
13.5,60.0,0.153887
14.0,60.0,0.176142
14.5,60.0,0.192896
15.0,60.0,0.205325
16.0,60.0,0.220633
17.0,60.0,0.227203
18.0,60.0,0.228228
19.0,60.0,0.225736
20.0,60.0,0.221036
21.0,60.0,0.214969
22.0,60.0,0.208134
23.0,60.0,0.200886
24.0,60.0,0.193475
25.0,60.0,0.186065
50.0,60.0,0.068898
100.0,60.0,0.00227
1.0,70.0,24076.956442
1.1,70.0,16766.646223
1.2,70.0,12477.850715
1.3,70.0,9614.452698
1.4,70.0,7451.05356
1.5,70.0,5696.071981
1.6,70.0,4243.423853
1.7,70.0,3062.87717
1.8,70.0,2138.358695
1.9,70.0,1433.087757
2.0,70.0,911.604543
2.1,70.0,538.031186
2.2,70.0,278.740356
2.3,70.0,104.742282
2.4,70.0,-7.405075
2.5,70.0,-75.852417
2.6,70.0,-114.242042
2.7,70.0,-132.562954
2.8,70.0,-137.969574
2.9,70.0,-135.446719
3.0,70.0,-128.408406
3.1,70.0,-119.059459
3.2,70.0,-108.809177
3.3,70.0,-98.510724
3.4,70.0,-88.652077
3.5,70.0,-79.487873
3.6,70.0,-71.128705
3.7,70.0,-63.598515
3.8,70.0,-56.871851
3.9,70.0,-50.896305
4.0,70.0,-45.606783
4.1,70.0,-40.933806
4.2,70.0,-36.808731
4.3,70.0,-33.166475
4.4,70.0,-29.947312
4.5,70.0,-27.097687
4.6,70.0,-24.570176
4.7,70.0,-22.32334
4.8,70.0,-20.321184
4.9,70.0,-18.532653
5.0,70.0,-16.930921
5.1,70.0,-15.492931
5.2,70.0,-14.198846
5.3,70.0,-13.031638
5.4,70.0,-11.976627
5.5,70.0,-11.02115
5.6,70.0,-10.154243
5.7,70.0,-9.366377
5.8,70.0,-8.649213
5.9,70.0,-7.995417
6.0,70.0,-7.398518
6.2,70.0,-6.353145
6.4,70.0,-5.474442
6.6,70.0,-4.731756
6.8,70.0,-4.100675
7.0,70.0,-3.561729
7.2,70.0,-3.099314
7.4,70.0,-2.700859
7.6,70.0,-2.356174
7.8,70.0,-2.056939
8.0,70.0,-1.796296
8.2,70.0,-1.568575
8.4,70.0,-1.369049
8.6,70.0,-1.193755
8.8,70.0,-1.039362
9.0,70.0,-0.903055
9.5,70.0,-0.626613
10.0,70.0,-0.420592
10.5,70.0,-0.265499
11.0,70.0,-0.147795
11.5,70.0,-0.057909
12.0,70.0,0.01104
12.5,70.0,0.06407
13.0,70.0,0.104887
13.5,70.0,0.13626
14.0,70.0,0.160278
14.5,70.0,0.178533
15.0,70.0,0.192246
16.0,70.0,0.209627
17.0,70.0,0.217786
18.0,70.0,0.22006
19.0,70.0,0.218567
20.0,70.0,0.214686
21.0,70.0,0.209264
22.0,70.0,0.203001
23.0,70.0,0.196241
24.0,70.0,0.189244
25.0,70.0,0.182196
50.0,70.0,0.067962
100.0,70.0,0.002033
1.0,80.0,22270.462677
1.1,80.0,14996.478521
1.2,80.0,10576.682365
1.3,80.0,7629.11931
1.4,80.0,5508.923415
1.5,80.0,3918.430312
1.6,80.0,2705.737479
1.7,80.0,1795.329459
1.8,80.0,1129.394892
1.9,80.0,651.41882
2.0,80.0,318.435278
2.1,80.0,94.823057
2.2,80.0,-48.717172
2.3,80.0,-135.319129
2.4,80.0,-182.56999
2.5,80.0,-203.41738
2.6,80.0,-207.190075
2.7,80.0,-200.477451
2.8,80.0,-187.829766
2.9,80.0,-172.32699
3.0,80.0,-155.929363
3.1,80.0,-139.836239
3.2,80.0,-124.712465
3.3,80.0,-110.874336
3.4,80.0,-98.42392
3.5,80.0,-87.340474
3.6,80.0,-77.540025
3.7,80.0,-68.910232
3.8,80.0,-61.330667
3.9,80.0,-54.682769
4.0,80.0,-48.855177
4.1,80.0,-43.745478
4.2,80.0,-39.261065
4.3,80.0,-35.319346
4.4,80.0,-31.847531
4.5,80.0,-28.782398
4.6,80.0,-26.06941
4.7,80.0,-23.661883
4.8,80.0,-21.519836
4.9,80.0,-19.609186
5.0,80.0,-17.900712
5.1,80.0,-16.369325
5.2,80.0,-14.99345
5.3,80.0,-13.754457
5.4,80.0,-12.636282
5.5,80.0,-11.625045
5.6,80.0,-10.708723
5.7,80.0,-9.876842
5.8,80.0,-9.120308
5.9,80.0,-8.431137
6.0,80.0,-7.802332
6.2,80.0,-6.701834
6.4,80.0,-5.777431
6.6,80.0,-4.996527
6.8,80.0,-4.333285
7.0,80.0,-3.767129
7.2,80.0,-3.281586
7.4,80.0,-2.86338
7.6,80.0,-2.501738
7.8,80.0,-2.187857
8.0,80.0,-1.914502
8.2,80.0,-1.675686
8.4,80.0,-1.466432
8.6,80.0,-1.282573
8.8,80.0,-1.120616
9.0,80.0,-0.977604
9.5,80.0,-0.687455
10.0,80.0,-0.471062
10.5,80.0,-0.307976
11.0,80.0,-0.184017
11.5,80.0,-0.089161
12.0,80.0,-0.016204
12.5,80.0,0.040097
13.0,80.0,0.083616
13.5,80.0,0.117242
14.0,80.0,0.14316
14.5,80.0,0.163029
15.0,80.0,0.178125
16.0,80.0,0.197748
17.0,80.0,0.207623
18.0,80.0,0.211244
19.0,80.0,0.210833
20.0,80.0,0.207832
21.0,80.0,0.203122
22.0,80.0,0.197477
23.0,80.0,0.191239
24.0,80.0,0.184692
25.0,80.0,0.178031
50.0,80.0,0.06696
100.0,80.0,0.001782
1.0,90.0,22492.572417
1.1,90.0,15113.235819
1.2,90.0,10410.565438
1.3,90.0,7197.41048
1.4,90.0,4907.49406
1.5,90.0,3251.265179
1.6,90.0,2052.705604
1.7,90.0,1208.660601
1.8,90.0,629.811443
1.9,90.0,242.54336
2.0,90.0,-6.514661
2.1,90.0,-157.895203
2.2,90.0,-242.18525
2.3,90.0,-281.785514
2.4,90.0,-292.652382
2.5,90.0,-285.853029
2.6,90.0,-268.932733
2.7,90.0,-246.867999
2.8,90.0,-222.898012
2.9,90.0,-199.0423
3.0,90.0,-176.480197
3.1,90.0,-155.821047
3.2,90.0,-137.300701
3.3,90.0,-120.924297
3.4,90.0,-106.566892
3.5,90.0,-94.040841
3.6,90.0,-83.137966
3.7,90.0,-73.65386
3.8,90.0,-65.40017
3.9,90.0,-58.209361
4.0,90.0,-51.935218
4.1,90.0,-46.451228
4.2,90.0,-41.648322
4.3,90.0,-37.432634
4.4,90.0,-33.723549
4.5,90.0,-30.452012
4.6,90.0,-27.559037
4.7,90.0,-24.994311
4.8,90.0,-22.714915
4.9,90.0,-20.684179
5.0,90.0,-18.870658
5.1,90.0,-17.247329
5.2,90.0,-15.790876
5.3,90.0,-14.48116
5.4,90.0,-13.300755
5.5,90.0,-12.234571
5.6,90.0,-11.269525
5.7,90.0,-10.394255
5.8,90.0,-9.598884
5.9,90.0,-8.874787
6.0,90.0,-8.214422
6.2,90.0,-7.059201
6.4,90.0,-6.089158
6.6,90.0,-5.269829
6.8,90.0,-4.57404
7.0,90.0,-3.980195
7.2,90.0,-3.471001
7.4,90.0,-3.032507
7.6,90.0,-2.653378
7.8,90.0,-2.324351
8.0,90.0,-2.037813
8.2,90.0,-1.787473
8.4,90.0,-1.568101
8.6,90.0,-1.37533
8.8,90.0,-1.205497
9.0,90.0,-1.055504
9.5,90.0,-0.751087
10.0,90.0,-0.523881
10.5,90.0,-0.352462
11.0,90.0,-0.221969
11.5,90.0,-0.121914
12.0,90.0,-0.044763
12.5,90.0,0.014961
13.0,90.0,0.061311
13.5,90.0,0.097302
14.0,90.0,0.125212
14.5,90.0,0.146777
15.0,90.0,0.163328
16.0,90.0,0.185301
17.0,90.0,0.19698
18.0,90.0,0.202019
19.0,90.0,0.202744
20.0,90.0,0.200667
21.0,90.0,0.196787
22.0,90.0,0.191714
23.0,90.0,0.186023
24.0,90.0,0.179945
25.0,90.0,0.173689
50.0,90.0,0.06592
100.0,90.0,0.001519
1.0,100.0,25283.942037
1.1,100.0,17570.750808
1.2,100.0,12336.163967
1.3,100.0,8585.695843
1.4,100.0,5842.466572
1.5,100.0,3841.534303
1.6,100.0,2399.751022
1.7,100.0,1396.099578
1.8,100.0,715.856769
1.9,100.0,268.184177
2.0,100.0,-14.335496
2.1,100.0,-182.335396
2.2,100.0,-273.192732
2.3,100.0,-313.694128
2.4,100.0,-322.530513
2.5,100.0,-312.438461
2.6,100.0,-291.896793
2.7,100.0,-266.405153
2.8,100.0,-239.414209
2.9,100.0,-212.988504
3.0,100.0,-188.271367
3.1,100.0,-165.811908
3.2,100.0,-145.788361
3.3,100.0,-128.159838
3.4,100.0,-112.765243
3.5,100.0,-99.385464
3.6,100.0,-87.783147
3.7,100.0,-77.725388
3.8,100.0,-68.997275
3.9,100.0,-61.407817
4.0,100.0,-54.792136
4.1,100.0,-49.009868
4.2,100.0,-43.94252
4.3,100.0,-39.490276
4.4,100.0,-35.568781
4.5,100.0,-32.106736
4.6,100.0,-29.043491
4.7,100.0,-26.327317
4.8,100.0,-23.913791
4.9,100.0,-21.764749
5.0,100.0,-19.847184
5.1,100.0,-18.132486
5.2,100.0,-16.595819
5.3,100.0,-15.21557
5.4,100.0,-13.973007
5.5,100.0,-12.851868
5.6,100.0,-11.838048
5.7,100.0,-10.91929
5.8,100.0,-10.084972
5.9,100.0,-9.325842
6.0,100.0,-8.633833
6.2,100.0,-7.423793
6.4,100.0,-6.408031
6.6,100.0,-5.550154
6.8,100.0,-4.821583
7.0,100.0,-4.199695
7.2,100.0,-3.666392
7.4,100.0,-3.20709
7.6,100.0,-2.809937
7.8,100.0,-2.465242
8.0,100.0,-2.16503
8.2,100.0,-1.90272
8.4,100.0,-1.672841
8.6,100.0,-1.470819
8.8,100.0,-1.292818
9.0,100.0,-1.135596
9.5,100.0,-0.816425
10.0,100.0,-0.578069
10.5,100.0,-0.398066
11.0,100.0,-0.26085
11.5,100.0,-0.155447
12.0,100.0,-0.073985
12.5,100.0,-0.010739
13.0,100.0,0.038518
13.5,100.0,0.076936
14.0,100.0,0.106892
14.5,100.0,0.130195
15.0,100.0,0.148239
16.0,100.0,0.172621
17.0,100.0,0.186149
18.0,100.0,0.192637
19.0,100.0,0.194522
20.0,100.0,0.193392
21.0,100.0,0.190294
22.0,100.0,0.185881
23.0,100.0,0.180746
24.0,100.0,0.175143
25.0,100.0,0.169297
50.0,100.0,0.064872
100.0,100.0,0.001258
1.0,110.0,31359.053603
1.1,110.0,23002.676586
1.2,110.0,16884.475441
1.3,110.0,12218.830594
1.4,110.0,8642.748459
1.5,110.0,5938.885951
1.6,110.0,3934.622327
1.7,110.0,2498.065397
1.8,110.0,1492.351564
1.9,110.0,806.176283
2.0,110.0,352.324918
2.1,110.0,63.301039
2.2,110.0,-111.720646
2.3,110.0,-209.875417
2.4,110.0,-257.603312
2.5,110.0,-273.335283
2.6,110.0,-269.662806
2.7,110.0,-255.002498
2.8,110.0,-234.821504
2.9,110.0,-212.587668
3.0,110.0,-190.348379
3.1,110.0,-169.258379
3.2,110.0,-149.894482
3.3,110.0,-132.480116
3.4,110.0,-117.031971
3.5,110.0,-103.450179
3.6,110.0,-91.575137
3.7,110.0,-81.221661
3.8,110.0,-72.201362
3.9,110.0,-64.335529
4.0,110.0,-57.463086
4.1,110.0,-51.443506
4.2,110.0,-46.157002
4.3,110.0,-41.502274
4.4,110.0,-37.394046
4.5,110.0,-33.760471
4.6,110.0,-30.540468
4.7,110.0,-27.681907
4.8,110.0,-25.139937
4.9,110.0,-22.875784
5.0,110.0,-20.8556
5.1,110.0,-19.049786
5.2,110.0,-17.432361
5.3,110.0,-15.980594
5.4,110.0,-14.674559
5.5,110.0,-13.496902
5.6,110.0,-12.432535
5.7,110.0,-11.468404
5.8,110.0,-10.593186
5.9,110.0,-9.797066
6.0,110.0,-9.071506
6.2,110.0,-7.80324
6.4,110.0,-6.739074
6.6,110.0,-5.840656
6.8,110.0,-5.077834
7.0,110.0,-4.426736
7.2,110.0,-3.868326
7.4,110.0,-3.387309
7.6,110.0,-2.971286
7.8,110.0,-2.610149
8.0,110.0,-2.295578
8.2,110.0,-2.020706
8.4,110.0,-1.779815
8.6,110.0,-1.568122
8.8,110.0,-1.381609
9.0,110.0,-1.216876
9.5,110.0,-0.882458
10.0,110.0,-0.632657
10.5,110.0,-0.443885
11.0,110.0,-0.299832
11.5,110.0,-0.189004
12.0,110.0,-0.103181
12.5,110.0,-0.036376
13.0,110.0,0.015811
13.5,110.0,0.056671
14.0,110.0,0.088682
14.5,110.0,0.113733
15.0,110.0,0.13327
16.0,110.0,0.160064
17.0,110.0,0.175437
18.0,110.0,0.18337
19.0,110.0,0.186411
20.0,110.0,0.186221
21.0,110.0,0.183901
22.0,110.0,0.180149
23.0,110.0,0.175562
24.0,110.0,0.170429
25.0,110.0,0.164989
50.0,110.0,0.06385
100.0,110.0,0.001004
1.0,120.0,41650.486232
1.1,120.0,32267.757577
1.2,120.0,24805.935554
1.3,120.0,18721.737427
1.4,120.0,13807.54491
1.5,120.0,9928.218268
1.6,120.0,6945.367475
1.7,120.0,4725.091572
1.8,120.0,3110.270277
1.9,120.0,1963.189813
2.0,120.0,1167.964292
2.1,120.0,630.546915
2.2,120.0,277.519563
2.3,120.0,53.55012
2.4,120.0,-81.976579
2.5,120.0,-158.238685
2.6,120.0,-195.799051
2.7,120.0,-208.88333
2.8,120.0,-207.133975
2.9,120.0,-196.929114
3.0,120.0,-182.438408
3.1,120.0,-166.224479
3.2,120.0,-149.845326
3.3,120.0,-134.184014
3.4,120.0,-119.695212
3.5,120.0,-106.568322
3.6,120.0,-94.835335
3.7,120.0,-84.43787
3.8,120.0,-75.270636
3.9,120.0,-67.207923
4.0,120.0,-60.1203
4.1,120.0,-53.885215
4.2,120.0,-48.391801
4.3,120.0,-43.543167
4.4,120.0,-39.255636
4.5,120.0,-35.457611
4.6,120.0,-32.087515
4.7,120.0,-29.092437
4.8,120.0,-26.426529
4.9,120.0,-24.050083
5.0,120.0,-21.92839
5.1,120.0,-20.031086
5.2,120.0,-18.331438
5.3,120.0,-16.805834
5.4,120.0,-15.433507
5.5,120.0,-14.196172
5.6,120.0,-13.077909
5.7,120.0,-12.064847
5.8,120.0,-11.14503
5.9,120.0,-10.308109
6.0,120.0,-9.545172
6.2,120.0,-8.211214
6.4,120.0,-7.09206
6.6,120.0,-6.147804
6.8,120.0,-5.346748
7.0,120.0,-4.663541
7.2,120.0,-4.077881
7.4,120.0,-3.573497
7.6,120.0,-3.137275
7.8,120.0,-2.758586
8.0,120.0,-2.428726
8.2,120.0,-2.140518
8.4,120.0,-1.887982
8.6,120.0,-1.666115
8.8,120.0,-1.470689
9.0,120.0,-1.298138
9.5,120.0,-0.947993
10.0,120.0,-0.686519
10.5,120.0,-0.488894
11.0,120.0,-0.337976
11.5,120.0,-0.221739
12.0,120.0,-0.131579
12.5,120.0,-0.061259
13.0,120.0,-0.006179
13.5,120.0,0.037082
14.0,120.0,0.071109
14.5,120.0,0.097866
15.0,120.0,0.118865
16.0,120.0,0.148006
17.0,120.0,0.165169
18.0,120.0,0.174501
19.0,120.0,0.178659
20.0,120.0,0.179376
21.0,120.0,0.177802
22.0,120.0,0.174699
23.0,120.0,0.170634
24.0,120.0,0.16595
25.0,120.0,0.160897
50.0,120.0,0.062885
100.0,120.0,0.000763
1.0,130.0,57248.89211
1.1,130.0,46377.236702
1.2,130.0,37012.038354
1.3,130.0,28882.41627
1.4,130.0,21982.811068
1.5,130.0,16311.498799
1.6,130.0,11804.578082
1.7,130.0,8344.238334
1.8,130.0,5755.920376
1.9,130.0,3866.388059
2.0,130.0,2517.813233
2.1,130.0,1575.668345
2.2,130.0,931.225399
2.3,130.0,500.238572
2.4,130.0,219.384481
2.5,130.0,42.225301
2.6,130.0,-64.644993
2.7,130.0,-124.819503
2.8,130.0,-154.68968
2.9,130.0,-165.446748
3.0,130.0,-164.588543
3.1,130.0,-157.106454
3.2,130.0,-146.181669
3.3,130.0,-133.831859
3.4,130.0,-121.276129
3.5,130.0,-109.206396
3.6,130.0,-97.978768
3.7,130.0,-87.743438
3.8,130.0,-78.531332
3.9,130.0,-70.307417
4.0,130.0,-63.002134
4.1,130.0,-56.530645
4.2,130.0,-50.804114
4.3,130.0,-45.736886
4.4,130.0,-41.249964
4.5,130.0,-37.272664
4.6,130.0,-33.742522
4.7,130.0,-30.604651
4.8,130.0,-27.81104
4.9,130.0,-25.319687
5.0,130.0,-23.09403
5.1,130.0,-21.102209
5.2,130.0,-19.316485
5.3,130.0,-17.712501
5.4,130.0,-16.268854
5.5,130.0,-14.966682
5.6,130.0,-13.789376
5.7,130.0,-12.722433
5.8,130.0,-11.753196
5.9,130.0,-10.870786
6.0,130.0,-10.065801
6.2,130.0,-8.656953
6.4,130.0,-7.474
6.6,130.0,-6.476128
6.8,130.0,-5.630563
7.0,130.0,-4.910553
7.2,130.0,-4.294288
7.4,130.0,-3.764161
7.6,130.0,-3.306022
7.8,130.0,-2.908496
8.0,130.0,-2.562356
8.2,130.0,-2.26004
8.4,130.0,-1.995262
8.6,130.0,-1.762765
8.8,130.0,-1.558101
9.0,130.0,-1.377498
9.5,130.0,-1.011354
10.0,130.0,-0.738189
10.5,130.0,-0.531797
11.0,130.0,-0.374155
11.5,130.0,-0.252652
12.0,130.0,-0.158305
12.5,130.0,-0.0846
13.0,130.0,-0.026754
13.5,130.0,0.018798
14.0,130.0,0.054742
14.5,130.0,0.083117
15.0,130.0,0.105492
16.0,130.0,0.136845
17.0,130.0,0.155685
18.0,130.0,0.166326
19.0,130.0,0.171522
20.0,130.0,0.173081
21.0,130.0,0.172202
22.0,130.0,0.169707
23.0,130.0,0.166125
24.0,130.0,0.161851
25.0,130.0,0.157155
50.0,130.0,0.062007
100.0,130.0,0.000547
1.0,140.0,79640.489691
1.1,140.0,66559.17195
1.2,140.0,54524.278352
1.3,140.0,43555.159549
1.4,140.0,33856.398271
1.5,140.0,25606.448217
1.6,140.0,18873.973865
1.7,140.0,13592.76769
1.8,140.0,9577.377714
1.9,140.0,6605.163248
2.0,140.0,4454.42653
2.1,140.0,2928.566306
2.2,140.0,1865.59525
2.3,140.0,1138.337468
2.4,140.0,650.124489
2.5,140.0,329.298297
2.6,140.0,123.845502
2.7,140.0,-3.321826
2.8,140.0,-78.236345
2.9,140.0,-118.919723
3.0,140.0,-137.673691
3.1,140.0,-142.776055
3.2,140.0,-139.758761
3.3,140.0,-132.212172
3.4,140.0,-122.449141
3.5,140.0,-111.903072
3.6,140.0,-101.418318
3.7,140.0,-91.454954
3.8,140.0,-82.235494
3.9,140.0,-73.844076
4.0,140.0,-66.287983
4.1,140.0,-59.53304
4.2,140.0,-53.522711
4.3,140.0,-48.189584
4.4,140.0,-43.462759
4.5,140.0,-39.273252
4.6,140.0,-35.557032
4.7,140.0,-32.256268
4.8,140.0,-29.319613
4.9,140.0,-26.701719
5.0,140.0,-24.362938
5.1,140.0,-22.268861
5.2,140.0,-20.38983
5.3,140.0,-18.700247
5.4,140.0,-17.177964
5.5,140.0,-15.803664
5.6,140.0,-14.560359
5.7,140.0,-13.433114
5.8,140.0,-12.408748
5.9,140.0,-11.475793
6.0,140.0,-10.624282
6.2,140.0,-9.132567
6.4,140.0,-7.878423
6.6,140.0,-6.819982
6.8,140.0,-5.923814
7.0,140.0,-5.162167
7.2,140.0,-4.511814
7.4,140.0,-3.953614
7.6,140.0,-3.472069
7.8,140.0,-3.054771
8.0,140.0,-2.691767
8.2,140.0,-2.374978
8.4,140.0,-2.097748
8.6,140.0,-1.854519
8.8,140.0,-1.640597
9.0,140.0,-1.451991
9.5,140.0,-1.070141
10.0,140.0,-0.785699
10.5,140.0,-0.570968
11.0,140.0,-0.406994
11.5,140.0,-0.280579
12.0,140.0,-0.182347
12.5,140.0,-0.105527
13.0,140.0,-0.045143
13.5,140.0,0.0025
14.0,140.0,0.040183
14.5,140.0,0.070023
15.0,140.0,0.093643
16.0,140.0,0.126982
17.0,140.0,0.147325
18.0,140.0,0.159132
19.0,140.0,0.165253
20.0,140.0,0.16756
21.0,140.0,0.167293
22.0,140.0,0.165343
23.0,140.0,0.162185
24.0,140.0,0.158274
25.0,140.0,0.153889
50.0,140.0,0.061247
100.0,140.0,0.000359
1.0,150.0,115385.079551
1.1,150.0,98114.731396
1.2,150.0,80953.944825
1.3,150.0,64964.603805
1.4,150.0,50702.34777
1.5,150.0,38463.826638
1.6,150.0,28422.484594
1.7,150.0,20534.46646
1.8,150.0,14544.008321
1.9,150.0,10113.768279
2.0,150.0,6906.418304
2.1,150.0,4625.830417
2.2,150.0,3029.551174
2.3,150.0,1928.785742
2.4,150.0,1181.248278
2.5,150.0,681.983549
2.6,150.0,354.827302
2.7,150.0,145.365513
2.8,150.0,15.318882
2.9,150.0,-61.907893
3.0,150.0,-104.574864
3.1,150.0,-125.071769
3.2,150.0,-131.742639
3.3,150.0,-130.09338
3.4,150.0,-123.74312
3.5,150.0,-115.020478
3.6,150.0,-105.380457
3.7,150.0,-95.688451
3.8,150.0,-86.421506
3.9,150.0,-77.813675
4.0,150.0,-69.958069
4.1,150.0,-62.87173
4.2,150.0,-56.53034
4.3,150.0,-50.886502
4.4,150.0,-45.879498
4.5,150.0,-41.443205
4.6,150.0,-37.511709
4.7,150.0,-34.02357
4.8,150.0,-30.92334
4.9,150.0,-28.162062
5.0,150.0,-25.696675
5.1,150.0,-23.489719
5.2,150.0,-21.508861
5.3,150.0,-19.726427
5.4,150.0,-18.118918
5.5,150.0,-16.666202
5.6,150.0,-15.350932
5.7,150.0,-14.157865
5.8,150.0,-13.073564
5.9,150.0,-12.086094
6.0,150.0,-11.184967
6.2,150.0,-9.606308
6.4,150.0,-8.27843
6.6,150.0,-7.157205
6.8,150.0,-6.208242
7.0,150.0,-5.40304
7.2,150.0,-4.717265
7.4,150.0,-4.13033
7.6,150.0,-3.625289
7.8,150.0,-3.18852
8.0,150.0,-2.809162
8.2,150.0,-2.478509
8.4,150.0,-2.189459
8.6,150.0,-1.936125
8.8,150.0,-1.713547
9.0,150.0,-1.517511
9.5,150.0,-1.121256
10.0,150.0,-0.826634
10.5,150.0,-0.604477
11.0,150.0,-0.434926
11.5,150.0,-0.304221
12.0,150.0,-0.20262
12.5,150.0,-0.123112
13.0,150.0,-0.060551
13.5,150.0,-0.011124
14.0,150.0,0.028042
14.5,150.0,0.059125
15.0,150.0,0.0838
16.0,150.0,0.118812
17.0,150.0,0.140417
18.0,150.0,0.153196
19.0,150.0,0.160089
20.0,150.0,0.163017
21.0,150.0,0.16326
22.0,150.0,0.161765
23.0,150.0,0.158955
24.0,150.0,0.155342
25.0,150.0,0.151215
50.0,150.0,0.060626
100.0,150.0,0.000205
1.0,160.0,206812.497236
1.1,160.0,178308.812727
1.2,160.0,140635.608587
1.3,160.0,106052.206902
1.4,160.0,78487.860781
1.5,160.0,57167.105895
1.6,160.0,40983.535333
1.7,160.0,29001.364409
1.8,160.0,20284.755776
1.9,160.0,14021.749689
2.0,160.0,9568.090362
2.1,160.0,6433.628065
2.2,160.0,4251.75873
2.3,160.0,2750.065071
2.4,160.0,1728.608087
2.5,160.0,1042.944819
2.6,160.0,589.771471
2.7,160.0,295.794472
2.8,160.0,109.549262
2.9,160.0,-4.690362
3.0,160.0,-71.441271
3.1,160.0,-107.41183
3.2,160.0,-123.801684
3.3,160.0,-128.083569
3.4,160.0,-125.181277
3.5,160.0,-118.301497
3.6,160.0,-109.496276
3.7,160.0,-100.038663
3.8,160.0,-90.676813
3.9,160.0,-81.812215
4.0,160.0,-73.631647
4.1,160.0,-66.200359
4.2,160.0,-59.52004
4.3,160.0,-53.558292
4.4,160.0,-48.263177
4.5,160.0,-43.57187
4.6,160.0,-39.417436
4.7,160.0,-35.734892
4.8,160.0,-32.464806
4.9,160.0,-29.554695
5.0,160.0,-26.958564
5.1,160.0,-24.636251
5.2,160.0,-22.55282
5.3,160.0,-20.678293
5.4,160.0,-18.987185
5.5,160.0,-17.45805
5.6,160.0,-16.072721
5.7,160.0,-14.815611
5.8,160.0,-13.673025
5.9,160.0,-12.632787
6.0,160.0,-11.684008
6.2,160.0,-10.023409
6.4,160.0,-8.627719
6.6,160.0,-7.449532
6.8,160.0,-6.452749
7.0,160.0,-5.608019
7.2,160.0,-4.89014
7.4,160.0,-4.277384
7.6,160.0,-3.751523
7.8,160.0,-3.297777
8.0,160.0,-2.904369
8.2,160.0,-2.561944
8.4,160.0,-2.26295
8.6,160.0,-2.001174
8.8,160.0,-1.771409
9.0,160.0,-1.569241
9.5,160.0,-1.161211
10.0,160.0,-0.858383
10.5,160.0,-0.630309
11.0,160.0,-0.456352
11.5,160.0,-0.32228
12.0,160.0,-0.218055
12.5,160.0,-0.136457
13.0,160.0,-0.072216
13.5,160.0,-0.021413
14.0,160.0,0.018889
14.5,160.0,0.050923
15.0,160.0,0.076402
16.0,160.0,0.112688
17.0,160.0,0.135248
18.0,160.0,0.148763
19.0,160.0,0.156236
20.0,160.0,0.15963
21.0,160.0,0.160255
22.0,160.0,0.159105
23.0,160.0,0.156556
24.0,160.0,0.153166
25.0,160.0,0.14923
50.0,160.0,0.060168
100.0,160.0,9.2e-05
1.0,170.0,636025.48382
1.1,170.0,560460.87339
1.2,170.0,355504.89361
1.3,170.0,211184.914853
1.4,170.0,131286.993
1.5,170.0,84997.372137
1.6,170.0,56270.23855
1.7,170.0,37871.799726
1.8,170.0,25703.610532
1.9,170.0,17461.431807
2.0,170.0,11805.767835
2.1,170.0,7908.493344
2.2,170.0,5228.284146
2.3,170.0,3396.367606
2.4,170.0,2154.665046
2.5,170.0,1321.578758
2.6,170.0,769.80047
2.7,170.0,410.246361
2.8,170.0,180.763217
2.9,170.0,38.256938
3.0,170.0,-46.778572
3.1,170.0,-94.396798
3.2,170.0,-118.08315
3.3,170.0,-126.811889
3.4,170.0,-126.497456
3.5,170.0,-121.001697
3.6,170.0,-112.815994
3.7,170.0,-103.51361
3.8,170.0,-94.048404
3.9,170.0,-84.956514
4.0,170.0,-76.503329
4.1,170.0,-68.79295
4.2,170.0,-61.843737
4.3,170.0,-55.631109
4.4,170.0,-50.107484
4.5,170.0,-45.212232
4.6,170.0,-40.878389
4.7,170.0,-37.039027
4.8,170.0,-33.631826
4.9,170.0,-30.601607
5.0,170.0,-27.900199
5.1,170.0,-25.48558
5.2,170.0,-23.321016
5.3,170.0,-21.374595
5.4,170.0,-19.619125
5.5,170.0,-18.031764
5.6,170.0,-16.593424
5.7,170.0,-15.287923
5.8,170.0,-14.101327
5.9,170.0,-13.021279
6.0,170.0,-12.036692
6.2,170.0,-10.315147
6.4,170.0,-8.870047
6.6,170.0,-7.651059
6.8,170.0,-6.620296
7.0,170.0,-5.747511
7.2,170.0,-5.006861
7.4,170.0,-4.375867
7.6,170.0,-3.835428
7.8,170.0,-3.369922
8.0,170.0,-2.966892
8.2,170.0,-2.616477
8.4,170.0,-2.310782
8.6,170.0,-2.043347
8.8,170.0,-1.80879
9.0,170.0,-1.602549
9.5,170.0,-1.186749
10.0,170.0,-0.878561
10.5,170.0,-0.646652
11.0,170.0,-0.469859
11.5,170.0,-0.333631
12.0,170.0,-0.227728
12.5,170.0,-0.144807
13.0,170.0,-0.079499
13.5,170.0,-0.027828
14.0,170.0,0.013191
14.5,170.0,0.045825
15.0,170.0,0.071806
16.0,170.0,0.10889
17.0,170.0,0.132047
18.0,170.0,0.146021
19.0,170.0,0.153854
20.0,170.0,0.15754
21.0,170.0,0.158402
22.0,170.0,0.157467
23.0,170.0,0.155078
24.0,170.0,0.151826
25.0,170.0,0.148007
50.0,170.0,0.059886
100.0,170.0,2.3e-05
1.2,180.0,793660.468659
1.3,180.0,333484.376439
1.4,180.0,177476.176038
1.5,180.0,113160.636795
1.6,180.0,65005.098554
1.7,180.0,42311.281887
1.8,180.0,28171.904026
1.9,180.0,18929.801541
2.0,180.0,12720.367461
2.1,180.0,8494.490727
2.2,180.0,5609.386114
2.3,180.0,3645.518387
2.4,180.0,2317.471176
2.5,180.0,1427.360773
2.6,180.0,837.796402
2.7,180.0,453.261754
2.8,180.0,207.367673
2.9,180.0,54.206437
3.0,180.0,-37.683916
3.1,180.0,-89.656462
3.2,180.0,-116.061153
3.3,180.0,-126.442393
3.4,180.0,-127.087057
3.5,180.0,-122.101106
3.6,180.0,-114.138679
3.7,180.0,-104.884276
3.8,180.0,-95.368775
3.9,180.0,-86.180437
4.0,180.0,-77.615726
4.1,180.0,-69.793987
4.2,180.0,-62.739301
4.3,180.0,-56.428902
4.4,180.0,-50.816189
4.5,180.0,-45.841049
4.6,180.0,-41.436599
4.7,180.0,-37.53533
4.8,180.0,-34.074067
4.9,180.0,-30.996582
5.0,180.0,-28.253854
5.1,180.0,-25.803143
5.2,180.0,-23.607007
5.3,180.0,-21.632855
5.4,180.0,-19.852781
5.5,180.0,-18.243329
5.6,180.0,-16.784957
5.7,180.0,-15.461245
5.8,180.0,-14.258094
5.9,180.0,-13.163075
6.0,180.0,-12.16503
6.2,180.0,-10.420664
6.4,180.0,-8.95725
6.6,180.0,-7.723297
6.8,180.0,-6.680153
7.0,180.0,-5.797165
7.2,180.0,-5.048244
7.4,180.0,-4.410635
7.6,180.0,-3.864929
7.8,180.0,-3.395198
8.0,180.0,-2.98873
8.2,180.0,-2.635477
8.4,180.0,-2.327412
8.6,180.0,-2.057981
8.8,180.0,-1.821736
9.0,180.0,-1.614064
9.5,180.0,-1.195546
10.0,180.0,-0.88549
10.5,180.0,-0.65225
11.0,180.0,-0.474477
11.5,180.0,-0.337503
12.0,180.0,-0.231025
12.5,180.0,-0.147648
13.0,180.0,-0.081975
13.5,180.0,-0.030007
14.0,180.0,0.011258
14.5,180.0,0.044094
15.0,180.0,0.070248
16.0,180.0,0.107603
17.0,180.0,0.130962
18.0,180.0,0.145093
19.0,180.0,0.15305
20.0,180.0,0.156833
21.0,180.0,0.157776
22.0,180.0,0.156913
23.0,180.0,0.154579
24.0,180.0,0.151373
25.0,180.0,0.147596
50.0,180.0,0.059792
100.0,180.0,0.0
