2D 
0
-2261607218820.421,661727220260.1528,-4702785490.657734,-1393551101.030716,31073505.4822482,-32421.41988838659,99.15601895525484,8.540405686454625
10
-3816260867900.732,777472441517.9932,-20858411687.12264,-548449710.3913043,17943738.99516726,-28089.26660437887,86.31546621904999,8.975615090010661
20
-897990641400.6844,101394969407.0894,11012779932.94659,-1067145925.825527,23226872.98176145,-23269.69401128578,82.05807022227641,8.956667670717213
30
216074531137.8574,-91664783865.10486,14242550894.55365,-834945307.0588504,18133938.19769875,-16666.77237708062,72.92461052052651,8.944226836822297
40
56836968158.01292,-24075734983.67149,3856714127.626289,-259807830.6195993,6908939.648240027,-9952.288517898716,58.2836233079486,8.960460869705035
50
3560874942.350108,-2018840769.284403,439442375.4381922,-39511901.61707205,1388998.158704188,-5280.553147614447,43.22102650841781,8.996659570693247
60
627351507.7761885,-436729871.7983648,123127888.3968242,-14703365.22500794,671959.9847787442,-3554.019305751473,38.02370684859714,8.971823504199532
70
54466535.13149932,-33813325.39356194,13307233.86077052,-1899858.579107294,76735.22587754762,-2132.821423975161,29.56527019203656,9.00989048465174
80
276219577.9058434,-224732306.6466597,73952705.1071468,-10899917.79387312,616691.8141323322,-2605.681564402677,35.58144624485843,8.921657445161268
90
35652969.49556989,-23532274.06780263,9216773.897890316,-1364701.436060421,42979.12436374324,-1524.281831236916,24.01824935111376,9.079690671138568
100
49260838.57653325,-34590376.65458319,12482408.43019016,-1678985.805467317,45215.43810409234,-1578.292209040257,22.7024972230427,9.153541138447805
110
427628346.5352349,-343889111.6352439,109586329.958944,-15386678.19968069,833014.4520428027,-3281.889021046269,37.74235116782907,9.055010165540448
120
769072133.1420033,-452582913.7173669,102659640.222711,-9409688.295699518,312033.0053554581,-3434.23028147613,32.09024493832955,9.249202461259376
130
2573222797.13264,-1598275925.067365,381823245.7853666,-36599947.73138623,1383365.5817474,-6487.817811066683,44.65134753438557,9.258865952040168
140
22008336134.40798,-10735687423.54988,1994306920.880823,-148524358.9090873,4260179.409435601,-11563.55095119445,54.63669643384578,9.323683755168762
150
263975699884.5801,-106140654215.7141,15740951143.45676,-926347555.8671737,20275494.52092326,-22409.06004280479,72.55496074266375,9.336901094749969
160
-2303050658970.307,276852621145.7569,10851397289.74062,-1485047149.503283,32377421.74370516,-35523.55440005328,85.9557130401835,9.364642535315769
170
-3515867459201.608,879376481498.6786,21313811752.47995,-3390544099.939333,59968617.56953233,-48294.63090404312,93.54232812745401,9.398393997991676
180
48311121596848.36,-6250328966995.502,466998596632.1301,-16711439972.11003,215282991.9133015,-63877.94640307886,119.0266570834544,8.923629365491717
