4D 
0,0,0
167533660.8630976,-974545876.4155023,473558079.3349351,-87039408.78494141,7682753.446827419,-337757.6522401918,6367.437039313059,-4.959752743393007
30,0,0
1799273754.79347,-2007281015.768173,735031555.9354429,-119954438.4509076,9780935.47445293,-402530.8176363965,7189.904167039654,-5.10985199162511
60,0,0
-1502583160.837663,145654886.6364552,186315210.0280014,-50585161.82984894,5209252.764254556,-251023.9152845881,5081.721028512976,-4.150765823121549
90,0,0
1227180280.93686,-1456164358.330232,561495116.2657775,-95178958.29316969,8013841.906207741,-337528.0821790115,6065.107232317341,-4.341202316204536
0,30,0
-3323064691.014682,1553347850.528228,-232598810.3793367,10777048.8107605,475305.4349258568,-66894.80244514326,855.7745600681607,-4.540979393986134
30,30,0
-1454473182.605031,278284905.5717094,120266662.7360068,-39252569.35820758,4280935.879097254,-214671.8246658451,3208.485741281202,-4.905116517558543
60,30,0
-3506042561.778493,1763203579.938735,-306690321.3172835,22883492.32667079,-531278.7178371345,-25402.79315115125,140.6462319557517,-4.016735535664901
90,30,0
-1459412958.10262,520714009.6831163,-8154877.109433487,-13765038.48078066,1980220.064328893,-124547.3484405486,2138.11229860262,-5.503236037549905
0,60,0
-1459673715.582625,579075051.5127243,-25225906.88918978,-14116742.672046,2333156.723496322,-154274.5609268274,443.9086072993396,-8.932792509962313
30,60,0
-1650032330.659558,758766748.4273421,-90249713.2424082,-2250027.450663656,1150328.873477329,-91376.86785611768,-1023.150327891958,-8.102463769552367
60,60,0
-2323643894.483041,1320337649.6946,-271726720.8402915,26701851.56407021,-1253778.780159704,9067.391093002238,-2847.535952494972,-6.691411265371668
90,60,0
-1929074044.055156,1044695952.302312,-198072003.7870781,17513215.54826102,-755003.445361023,3451.266733853012,-3045.739193955064,-7.010959012437767
0,90,0
3257217929.773885,-3107798895.309813,1135253818.924866,-200623803.3551032,18175291.6591616,-815981.3674092988,9704.874516771923,-12.03235137986791
30,90,0
3316867760.649064,-3173376544.064429,1163676499.222338,-206825494.8805121,18890035.81496419,-857001.0344027632,10623.84788971718,-12.22758347941398
60,90,0
3360036336.692667,-3212672818.353623,1177251398.324783,-209038391.6915657,19059738.01023981,-861939.5476410291,10622.04920241529,-12.13057862914147
90,90,0
3330590977.708011,-3185527378.856697,1167724984.140233,-207446748.7713438,18932681.44798335,-858156.8977329031,10659.16716634554,-12.66877750419994
0,0,30
257159787.2499446,-558825641.3367499,269861481.3270977,-50679661.59100261,4555924.523805248,-209682.4989265259,3308.798168893867,-6.608188097423765
30,0,30
338323983.9056866,-590617523.2227919,271895420.6834982,-49922199.56019723,4401630.650263794,-198150.7027402054,2935.493380224699,-5.913118316419559
60,0,30
1371790979.070222,-1307300292.970309,476338675.7229959,-80412082.5505818,6880927.809925855,-300870.7069804804,4618.497643626401,-6.264999242271479
90,0,30
1061962086.023582,-1106480725.636578,423307132.8410022,-72957845.0598449,6288101.991895817,-276613.8046882093,4267.135142227218,-6.111371739036371
0,30,30
-1525120866.607322,774263433.6836985,-106777477.4853871,-591363.5408510242,1306841.556719976,-117624.7766976755,501.7891916539254,-9.159284080022058
30,30,30
-1074597747.068937,432190103.9337704,-14082652.08399395,-10874347.37268159,1595784.319668855,-95929.75160854116,-477.2850512098572,-7.989040093606388
60,30,30
-2529604397.606345,1424762195.350015,-288512917.941333,28243630.08627823,-1386701.102697645,18401.36551054543,-1769.239941030612,-6.563158131193205
90,30,30
-1029684384.914489,415400677.1544051,-22970648.4775001,-6361174.71060803,986948.1017692902,-64866.50625596084,139.8009475057996,-5.485462760066682
0,60,30
-1479240373.533797,1004536199.573442,-256849891.4371932,34983232.21331679,-2740984.999581194,103867.8271100346,-5541.711328324292,-8.068276394816492
30,60,30
-2147378712.658755,1440824045.342158,-365365213.6541358,47386772.75266466,-3326569.500542524,107152.9143587198,-5056.082955529429,-8.79466964115484
60,60,30
-4789253237.815524,3275867576.88945,-869872160.2622209,116689533.5662342,-8214152.598159074,267453.1052894881,-6377.465219408951,-7.763075420385243
90,60,30
-6317459630.785503,4162329438.840814,-1070229258.863475,139528486.5838823,-9626124.349693967,316059.0715807275,-6683.116062902768,-5.400228136745998
0,90,30
-6227455279.051375,3904820220.350624,-918824263.311327,102209037.1315179,-5194817.846091243,65836.50784110189,-1629.926679415273,-8.775481426478276
30,90,30
-4831966185.989313,3107789870.319066,-763990664.9831034,92484127.54412673,-5580626.754060232,128876.6517765356,-3322.09176240233,-8.470796289082863
60,90,30
-4086952747.72957,2644532770.624678,-657722642.0068992,81829152.8164856,-5216871.255489737,136752.1457409502,-4007.161820740788,-8.134058375079308
90,90,30
-4828232886.48664,3188264849.331182,-818376813.0401812,106229173.4917879,-7229736.605386115,222852.8127110796,-5627.348236131452,-7.261299172118905
0,0,60
-2256165949.958119,1437746921.205288,-342189539.0644466,40754469.4107994,-2566773.665285382,69143.89821961563,-3181.047700506124,-8.5934559223483
30,0,60
-3277023392.501161,2267675711.045049,-620566524.1380639,89820380.10287552,-7324689.321951319,308269.9076498732,-8110.250495827672,-6.341006102488261
60,0,60
-3428696333.406808,2308403794.034521,-610323720.2787945,84633950.91260207,-6584757.710400323,264230.132304872,-7208.127746638362,-5.836666576467759
90,0,60
-4233455215.410941,2814606059.90502,-727206447.2826211,95546592.18569863,-6677974.086572264,218236.297666601,-5122.675341670993,-6.835052333392179
0,30,60
-1816377945.624879,1206280065.551048,-305245765.7903959,40207624.99535165,-2936858.914287922,98383.79256284203,-4509.331967432543,-9.614668393744102
30,30,60
-1898772284.633689,1278919468.36994,-338112545.615766,48667913.61267032,-4095245.780764884,174499.2019027702,-6316.021648269124,-8.137106058032614
60,30,60
-2875700068.639517,1933501451.007638,-508100017.8902358,69970763.18679881,-5382581.895020076,206273.2522638073,-6117.849446114641,-7.443992457687236
90,30,60
-2894148984.494955,1814516916.597651,-430667261.910951,51258138.35318298,-3227233.006063325,89761.55598315404,-3156.497222082907,-7.099212605398594
0,60,60
-114708358.8707309,35418240.66695188,11898020.46937986,-3225925.278603776,262867.3130902899,-22241.36128548948,-1858.675887806387,-7.619662494031827
30,60,60
-50721937.17176321,-14560481.51100818,28511291.66046478,-6233224.052861437,577640.9698643846,-40551.67511751562,-1347.741350837319,-8.126481282098961
60,60,60
-1321127807.600996,897987587.0627055,-228538210.524083,29572268.34763892,-1958266.770710569,41684.20621826225,-1974.058351950529,-7.558547736725849
90,60,60
-2854398509.192002,1932801025.77797,-508860733.1121677,68713834.08984877,-4947075.022981901,163143.3619013324,-3719.090265527314,-5.405414398439631
0,90,60
805027271.8342768,-631526363.7859143,212628489.2707105,-35978899.10058649,3412423.648800649,-192405.8515297988,3845.793956762732,-7.823604915303211
30,90,60
2733058964.654194,-1952487128.732172,564113873.2126807,-81103967.44216625,6160078.251360351,-251827.1752061982,3406.076324357271,-7.248828342734747
60,90,60
-468781480.992902,235322835.8634674,-32097874.54256317,1457727.393632767,46740.29087458288,-21524.15572996928,-541.4005258418553,-6.030874419591052
90,90,60
-1398274471.599755,856588779.4059252,-190481057.892006,20156331.31278636,-885371.6304133266,-16178.37218515314,-106.0886797367771,-5.911541867518843
0,0,90
-1522910345.9109,1135498347.57205,-327967764.8080452,49710443.87802427,-4191961.012885391,171870.6176553204,-6181.568207063975,-10.41756639705722
30,0,90
-1997133000.833739,1525601985.79094,-458607120.1417484,72311888.70639756,-6300489.314117546,271678.6571912423,-8094.202929454464,-9.230700756467458
60,0,90
-2848989068.916334,2150210051.792168,-640756980.3134277,99311589.59722681,-8460139.689081736,362445.3122598312,-9800.596597174806,-7.500546134410412
90,0,90
-3961294488.27438,2907293582.966502,-840963183.0730673,125321206.946888,-10180041.32867945,416192.8708567888,-10425.17973533339,-7.287500118438301
0,30,90
-427453879.2221339,165671226.7357511,6475679.483459415,-7832699.120282171,1043423.933811139,-69265.56449226241,-749.6650501891883,-10.37943746634761
30,30,90
-719247720.4341289,464211678.4113691,-109009406.321455,13938523.70372376,-1080435.929520993,34593.78433065211,-2913.90052226836,-8.451054227097949
60,30,90
-1199451075.086608,845432936.9700831,-225688753.1922445,31233159.80467596,-2358221.697967249,77631.89607589641,-3554.325842616011,-7.958877419043771
90,30,90
-1995601815.698231,1403124729.271902,-378218316.9553986,51960045.42734158,-3841874.319109367,132261.7804399189,-4467.365251670411,-8.157213534765953
0,60,90
270426246.7384045,-391072868.2009732,186363715.6504383,-38953990.36595846,4161756.676692481,-238508.2146296593,4815.70538163704,-8.391290885349177
30,60,90
313251808.375689,-321167746.8137,130126011.8184158,-24354355.51306527,2446602.259887693,-146675.9733942274,2849.080210310689,-7.813175493951737
60,60,90
160436837.6325952,-146253202.530187,57393987.71276883,-9565400.777497448,859383.7949019329,-60842.14496519625,635.5794652354435,-6.943639506699051
90,60,90
-1451543223.059882,1072909281.962774,-310095734.738144,46701084.60453706,-3752044.388671326,132378.2077688744,-2869.16569685702,-5.676678916536309
0,90,90
2364033869.358378,-1806764796.790044,564090563.0967928,-89858866.17898798,7879577.853065638,-385046.0909833894,8313.0341135748,-8.077665677276343
30,90,90
1481047773.075112,-1206587269.856088,403122369.0698285,-68285470.76734668,6356306.812631653,-330331.2900243911,7240.967688703831,-7.132090399449327
60,90,90
1230396794.812083,-960006082.8209262,306757254.6985137,-49080487.59946501,4290691.338760591,-216031.8677926901,4211.987451330406,-6.15238842224186
90,90,90
1092927292.315586,-812442126.956723,247761792.9526585,-37760868.5348108,3204492.68665594,-168743.1496159424,3335.417869429591,-6.161271432725762
0,0,120
-1330207230.371202,778454036.5007021,-163059497.4849978,17658886.85233946,-1159599.831564148,36120.46914244696,-3103.983255429725,-8.295065800890884
30,0,120
-2387302720.341475,1577638508.928832,-403002304.2206219,54138307.36823421,-4110102.507073408,156445.9881718788,-5083.895788030829,-7.704417405358336
60,0,120
-3636991682.847224,2511983544.571947,-679438948.7610697,95108713.44162998,-7274017.927032088,275340.1219799118,-6788.368431602328,-6.620837232736917
90,0,120
-5161657768.048284,3615005410.931584,-999108310.6417542,142247237.2707707,-10976155.48998813,421577.7205458353,-9082.854229343891,-6.216074177312665
0,30,120
-1854369490.014048,905907859.890627,-129181903.5641125,2201357.405899214,988044.9336335143,-97064.73339975378,1878.318366804671,-7.467333792016835
30,30,120
-2544514168.038887,1557454631.867493,-362893166.4281456,43537868.55252119,-2858016.042583716,83967.5733775707,-1803.398465387961,-6.924119178363949
60,30,120
-2750972406.207051,1808888322.71462,-458021528.9645761,59500692.6001664,-4157084.71456849,132881.3123761741,-3049.54575020665,-6.84458999984085
90,30,120
-3865714642.083648,2629603959.663383,-692676624.3867311,92345258.65270376,-6502642.206436781,213700.6795796733,-4917.588629492856,-6.647044364100966
0,60,120
2229819752.788379,-1754670377.280049,561801254.9129419,-90271389.670139,7841745.080857852,-369515.0077630145,7285.498863096042,-6.039531450279476
30,60,120
-348613715.3862571,77215888.45095457,34105728.64682002,-11758862.14328608,1504175.700449329,-107525.4838719515,2632.7971562959,-5.927021071884593
60,60,120
-659699901.9890529,354732366.4447777,-63645156.64361603,6073981.594041205,-320706.8032490557,-8073.817200198695,-362.6513151872393,-5.462225745463488
90,60,120
-1117139640.321329,699289081.3399495,-166580790.3706267,21911387.0519853,-1692212.717062133,57230.7976682312,-2510.703409104035,-5.104381541078051
0,90,120
-110784024.2264128,-251968976.2015142,185284868.4230119,-43217466.15673831,4655104.890367562,-248754.7169059325,4118.663521583071,-6.045780854614226
30,90,120
-293059689.3084502,-8042965.453843338,83188887.61868802,-24219305.50750777,2970143.340874445,-184452.3177188839,3319.383906783074,-6.709142826960361
60,90,120
-667955912.4523001,303869491.0631223,-20164590.28326956,-6926198.389111799,1426802.482770267,-114242.3247970786,1696.872971381273,-6.596932010275419
90,90,120
-220939195.134283,25373930.56823016,45916853.93347797,-14461004.47714956,1877465.409728532,-132630.0392515603,2088.417109474332,-7.428938664240918
0,0,150
-1994175033.688675,714523255.6775979,-15723702.14261653,-18298495.38549425,2591280.867312768,-145584.4647542942,2239.510725227797,-5.488601487313994
30,0,150
-2861770937.77861,1334397779.446993,-188858661.8426194,5869257.072422007,817452.0440985847,-82342.1703783673,1441.81457677665,-5.778095447191501
60,0,150
-2227854032.343671,945808085.295386,-92792260.00876948,-6325121.248209743,1649495.050424826,-110979.1503056821,1813.99838124859,-5.553320896265634
90,0,150
-3020572367.798359,1491754212.473155,-246219025.6775561,15937026.85762153,-80989.56140722812,-44004.95678385251,813.2432678090994,-5.292659492483015
0,30,150
-155891638.7680116,-541156640.1819233,331880596.1610561,-68581588.26270874,6656831.432973158,-322850.9626902214,6402.76735035567,-5.904283167538203
30,30,150
542918407.7175584,-951169922.2750726,431259276.825496,-81132741.21914805,7488807.904226818,-347730.0594740009,6348.980742458129,-5.831692456186531
60,30,150
461125717.0670093,-705165259.8692228,317353953.386621,-59033186.89395077,5319921.539950033,-240455.0333896853,3617.168071524762,-5.421874000309852
90,30,150
-4226377144.233898,2491125960.541562,-549987310.7955769,59976125.83103816,-3340648.892200168,74959.01495248771,-1733.905325705575,-5.011385561729131
0,60,150
-1445022457.455783,702942610.4202316,-101418647.740227,3076650.460770486,599672.2186860164,-73465.6179074534,1150.572238152145,-6.819229618946141
30,60,150
7405449.099919214,-270567282.2433829,161555842.848184,-33217695.99399548,3266105.249712285,-171368.008919929,2284.424067281526,-6.860877416634002
60,60,150
-1593633913.750536,866480446.1849592,-162281926.8944766,14358717.577665,-609262.5623882357,-1131.636601663954,-1669.013360134712,-5.576252976880864
90,60,150
-750008909.9017076,404350100.5985576,-64956674.18200964,4438462.146746551,-139915.2010617551,-7234.862424513915,-2655.226936806204,-5.010065736629888
0,90,150
-4331360180.884955,2893308035.232772,-755407624.6485972,101059686.6104407,-7213032.629646615,240989.7952931646,-5987.066148678611,-7.1014433517327
30,90,150
-3660985809.010085,2420129323.34321,-616699663.0626439,79428024.42177796,-5322203.259365343,152814.9863837166,-4314.136463391705,-7.669842085433358
60,90,150
-2734707136.948263,1817982736.15267,-460961073.2841442,59252521.99480277,-4016177.529219659,120276.026935324,-4550.275397101715,-6.749116895084141
90,90,150
-2260921853.592396,1534497603.411458,-392075438.3687803,50227018.26021469,-3312927.110938094,87072.70669181064,-3878.481102308487,-7.203182026664978
0,0,180
-512541833.1079611,-534313227.2588479,370285798.0641004,-75572786.2611715,6979320.169820067,-310951.9788335614,5800.337496780736,-4.453815474525832
30,0,180
10141341.80984589,-852836642.7862995,456448061.7648416,-88921022.29234293,8207018.542531613,-372624.2338202288,7098.974494110994,-4.912927903894897
60,0,180
-880882710.2017169,-255818178.8732321,289415237.721992,-63816796.10875089,6071292.153778805,-275704.0755843995,5262.527420389802,-4.316134427959679
90,0,180
-2254579975.75491,531199237.0352322,111574234.3968309,-43840249.13139313,4919351.80950593,-244030.2964058573,4916.247657522376,-4.051673690896246
0,30,180
-996235251.0577841,264296960.6274533,45503158.45913455,-18706225.77640596,2088420.404122858,-112121.1461399832,1505.006729576531,-5.338894303846187
30,30,180
804365887.0520452,-983320525.9479266,397995155.9347829,-70323039.10649779,6185215.233672158,-277567.362741972,4124.376599308116,-5.025911684883248
60,30,180
-897186054.8084404,193513335.2375718,69268914.31792958,-22766432.89954657,2405953.686629463,-119490.4705055145,1340.249798271796,-4.387789442438522
90,30,180
-4225178273.062442,2446957761.738816,-538594883.7354993,59703202.42606069,-3402161.786261879,74259.15413909478,-829.8004025767046,-5.096971833904551
0,60,180
-1708163267.708596,936378411.9035455,-183274891.574681,17710396.82754734,-898138.6370336147,7331.249639476648,-2852.504922984064,-7.240209026951518
30,60,180
-1233168799.520884,549002475.3613398,-54461623.50320718,-4537034.819334718,1190301.227488547,-92796.60151719148,-922.3458147041899,-7.615501241493657
60,60,180
-1603161858.12969,865004243.7457205,-165184981.9334227,15806195.86057934,-870610.4072861265,15597.71864444724,-3203.271597515132,-7.548672935828402
90,60,180
-2189917893.412194,1312706619.484467,-300033588.525829,35806957.7845478,-2336282.246028694,60054.94197844132,-3441.143128566525,-7.457456132943739
0,90,180
53257270.00003286,-322672108.6256912,175491919.0136644,-34198185.01556379,3003874.864178233,-131747.2141632712,-2388.287351031972,-7.938506077022195
30,90,180
2332537281.181779,-2275340731.719287,840310789.2662847,-148435448.040891,13362258.51417077,-599299.2153704412,5973.514612055616,-10.82584470099447
60,90,180
2716867812.306969,-2591705959.537027,938681497.6963823,-162540024.6135905,14220427.91621443,-606104.9457864957,5144.620666685863,-10.62556809867504
90,90,180
2803339804.961101,-2643901970.383527,947247934.6922548,-162284921.7703069,14068318.34157815,-598273.242126835,5206.762570898468,-11.14030949632009
4D 
0,0,0
4535733897.60824,-3295978993.255214,972400737.6023121,-142201619.208675,10919774.99816479,-430180.605854223,7310.361517930739,-4.617015978585655
30,0,0
4382520047.974296,-3201646359.214483,945867740.4118391,-137947016.4129288,10525569.22352118,-410590.2631965054,6887.384074788399,-4.314864869249121
60,0,0
3573817276.687063,-2738193240.577729,840891134.0870103,-126099175.9413498,9841790.840013836,-392631.3226222596,6759.411132462419,-4.438973641053498
90,0,0
2609917659.366625,-2197336987.636434,719147048.4789512,-112024375.9165228,8954536.651124168,-363029.2658268111,6319.676938065385,-4.225318495786285
0,30,0
1238134426.797593,-1202464681.105752,434757737.4272119,-71802291.70162119,5985315.919907803,-256941.0705306382,3633.837041698497,-5.326120913802034
30,30,0
1027096094.04661,-1025093255.673235,377003038.2532246,-62453122.44126777,5192355.701385535,-223430.1772206873,3063.643988036124,-5.083876221906878
60,30,0
1364188890.999617,-1265037216.954529,445088169.0140492,-72243811.33082566,5940454.9755246,-252229.5299828194,3512.556411221255,-5.223358132275445
90,30,0
-330064848.5623972,-227065572.4094666,193302444.5532504,-41569962.33701177,3984205.899392659,-191210.2572788875,2796.487997347669,-5.171448226001784
0,60,0
-1501832872.398065,772033420.2925202,-130547884.2531188,9011393.232875178,-125349.9921953998,-27038.50689229064,-2263.853168702996,-7.190514060061838
30,60,0
-1437009539.132309,734547373.5673964,-122406695.3887687,8222294.062913314,-98940.06535558746,-26269.3626310799,-2324.628021603352,-7.082637578670495
60,60,0
-1978399685.911411,1125630620.264097,-234555657.0820069,24407162.60685705,-1322108.954546416,18696.59328400448,-2928.927397243991,-7.142482538707754
90,60,0
-3519796762.504333,2223722326.428659,-545048885.7052197,68675605.40627091,-4652512.853134145,143593.0190091087,-4796.863212076832,-6.583781504461266
0,90,0
915992032.1696439,-1083854194.092838,441497373.4561247,-81047786.28692187,7367271.218827432,-335558.5481349466,1456.999915055108,-9.701323506841645
30,90,0
854021286.4523737,-1032294455.567588,424441704.4050025,-78200073.51228175,7116625.505821044,-324619.6983561526,1269.139144124747,-9.632376611531118
60,90,0
3429895322.238421,-3246798794.399312,1177706716.162841,-206804551.3807392,18620155.1901906,-831050.5756655545,9907.441736065255,-11.91964084557653
90,90,0
4291633493.220817,-4074467648.314707,1493882288.328952,-267765404.4982286,24815942.37932959,-1143135.690598537,16048.29337922198,-14.01422021308633
0,0,30
1386487952.301138,-1207773249.328191,415324180.3698904,-66457480.70578475,5367354.507583135,-223252.4972235402,3102.638920493701,-5.776944650110237
30,0,30
1725687992.544623,-1440013715.209337,479757933.9723802,-75687431.95605512,6083847.101217871,-251786.0770078094,3568.125558285428,-5.815887817995858
60,0,30
1131853455.488875,-1032554162.421965,366018878.3689965,-59151228.38644379,4759325.440602064,-195724.1688787802,2541.101502541974,-5.183860576392029
90,0,30
1046928712.76555,-974747469.969579,350787198.728732,-57227946.47962732,4644248.948787272,-193090.1070271578,2536.009212077227,-5.190389649217475
0,30,30
-257392545.309451,-17140876.86166885,70703685.70487227,-16245959.47022698,1440001.987641554,-67275.53391591758,-1458.104544926739,-7.549388549620835
30,30,30
-336882922.5991679,15890315.43451939,69242442.5462573,-17391410.74585722,1660133.197399004,-82329.2951434803,-921.7862138884511,-7.359687727578724
60,30,30
-3098159267.778581,1815363392.254441,-397438058.7965479,43837769.39630257,-2574892.184233341,63268.13553448844,-2431.774736622797,-6.100322059143372
90,30,30
-3697404516.111341,2054379140.902434,-419507837.629818,41344994.82604931,-1976806.467989121,24656.94345875549,-894.6272985515094,-5.404250785974201
0,60,30
138327800.2371498,-212494093.270448,105354771.212307,-19425041.52312459,1621243.252498712,-75423.65635320876,-2472.803116767639,-8.863924450537375
30,60,30
-352384431.512895,150135723.0907199,-1151853.531421049,-3678055.933024627,407106.0322181993,-30001.90599631777,-2978.840994065801,-8.451157232366683
60,60,30
-1913727064.773587,1208385835.268604,-286334421.7878221,35134163.27735382,-2367331.775033134,67970.7622108463,-3951.043431436159,-7.3634271443819
90,60,30
-6484589926.993787,4256298682.218344,-1089054198.916693,140960317.6449191,-9611478.97733321,307614.5122880508,-6266.593765538584,-6.072068403737752
0,90,30
-2758079382.135665,1789174308.857806,-439199852.4883434,53966939.74403861,-3389314.272350455,81673.9846773194,-3318.650196128825,-7.721466633378945
30,90,30
-1402899375.026982,878612544.7511131,-196738418.9819893,21483613.88229269,-1104670.861127197,2225.634902119069,-2307.445097351932,-7.88336733668753
60,90,30
-165970430.9556964,46222167.72106423,22934661.26702919,-7187433.513513691,791771.5649306385,-55120.63917687274,-1911.931582842881,-7.744105056798332
90,90,30
-270802576.0510255,124509777.853057,-730023.2121529446,-3518281.168358576,482070.445930731,-41749.14415809613,-2212.138649010777,-7.696305942494109
0,0,60
-869493289.2198105,526518596.1563193,-111594880.7190784,12865970.12959386,-962069.7888309221,33028.41640639672,-3070.447401179041,-8.219294493714226
30,0,60
-947600923.5821153,571175105.1050624,-120900741.0729847,13733101.80303315,-1002012.053368283,34607.07196853607,-3129.724558900431,-8.284948791770903
60,0,60
-1351331867.929021,883340141.7747204,-218489804.4086795,29472831.30713244,-2381436.678450905,97329.63536344604,-4340.713880286526,-7.259802897794329
90,0,60
-1876768581.286696,1242629891.049999,-316504838.2721618,43084388.94237969,-3398348.521834473,136863.7127298303,-5020.769474254305,-6.714159258632669
0,30,60
-1195219049.085821,832143633.514483,-220732573.0041015,31619081.82808155,-2610176.270548654,102545.6313442784,-4963.134687824244,-8.997783103203242
30,30,60
-1601533288.481007,1131841554.722589,-309765183.5387833,45244866.57516608,-3740871.941244482,151057.6631408403,-5712.44149711838,-8.574030660776659
60,30,60
156918355.6782144,-133239292.2581021,51395395.34231397,-6675030.758578717,196167.1660541444,2749.127730021636,-3175.815707527869,-7.852193596018741
90,30,60
-1762839148.283601,1189718854.525553,-309938243.3389838,42885504.92083876,-3342596.038443932,125617.3868842256,-4228.392852920986,-6.44355368323286
0,60,60
754692618.2361739,-586418663.0854369,192548772.1129662,-30589301.37073749,2561770.113811308,-125886.5158692751,214.0192523690958,-8.832126837688577
30,60,60
594827773.9407076,-458118684.6550807,150715926.7367376,-23496474.69504975,1899988.084135885,-93265.69691509522,-452.0783616006987,-8.404129151355445
60,60,60
373197398.5239111,-289073049.1522457,99541237.19154634,-15707776.90038508,1283362.315435819,-69697.38349567777,-610.1471015003945,-7.506876265902911
90,60,60
-1942077500.718012,1285667542.075365,-325736589.3323781,42197639.25524631,-2857231.650929556,76169.93091707746,-2137.544262447496,-6.030065010565322
0,90,60
1896570910.87622,-1411313413.743113,434585658.4145701,-67882346.07335219,5824451.992083494,-281671.2498028195,5050.990906974392,-7.340784841514124
30,90,60
1725430469.108563,-1279971822.673072,393266501.3053687,-61074038.99355981,5199590.748336999,-251371.6388476861,4262.425561525461,-7.421380165575754
60,90,60
-290462534.1315011,124423741.5526515,1963238.476049474,-5547566.360768404,973309.2116985982,-87331.58905805272,1303.974472889765,-6.613088882361256
90,90,60
-796445105.5479883,490522540.6698732,-105176775.8082401,10682938.19156922,-379261.9547624027,-27793.6809446754,1.669415252174092,-6.120976889504619
0,0,90
-1967164189.40785,1473587688.021531,-430487319.7686468,65464715.38522165,-5475483.435105528,224076.2852309209,-7020.903941878585,-10.10266756407015
30,0,90
-1824718331.539037,1378834922.782632,-407353622.2050589,63120303.21561752,-5430775.625482448,231962.5205059568,-7454.619065177813,-8.850954842827674
60,0,90
-2007807446.497443,1534979663.388469,-461053759.9953619,72643759.55944024,-6351917.594771353,278758.1415387005,-8494.666292402118,-7.906918226675582
90,0,90
-2508659116.867045,1920841815.232218,-579978288.4666438,91320830.23262912,-7922576.645649105,346047.4007123972,-9685.838302776847,-7.21266888913188
0,30,90
359097342.9700084,-272105775.8680641,89649748.1077282,-13108575.88726423,885755.7804513125,-39409.75539189654,-1621.745562000427,-9.688738510714975
30,30,90
138314631.102037,-97154793.55325717,34047477.58562835,-4060487.280649082,88645.60764936435,-2957.864511960776,-2394.630036602485,-8.764850847753106
60,30,90
47133811.90196181,-25697002.80765118,9944965.054607952,466539.6933816397,-412551.99518896,27734.66317990428,-3340.26502699876,-7.914580340587498
90,30,90
-103217298.4395136,112646938.2659554,-40614636.63072352,9809977.686100835,-1331691.294181402,73576.04112035006,-4335.17383269345,-7.294444984916036
0,60,90
706750839.5905459,-602458775.3919588,212992006.9303976,-37147844.11687755,3535499.311839223,-195004.0728293118,3888.1595789098,-8.136978670415125
30,60,90
1071193603.75088,-832175335.5474768,268340847.0985055,-43408811.38994499,3847968.688044448,-198470.5167050349,3591.320782308491,-7.565282656622209
60,60,90
910966217.9241804,-679901375.9230863,209868692.4329897,-31851699.52543887,2601439.280022939,-128616.1088203283,1627.730788351335,-6.724333783786498
90,60,90
-1627872900.4042,1155631904.095566,-318313207.5461608,45036798.42630795,-3333431.63131217,101235.1171816832,-2104.98585766523,-5.66376196777883
0,90,90
2712309542.249309,-2046445218.462598,629547011.7616649,-98809994.96616469,8514172.416689023,-406530.0756258583,8570.93724667895,-7.946879923581467
30,90,90
2308279458.296854,-1731696749.189018,530284973.6370995,-82653639.00908354,7080328.702574109,-340278.1991149135,7065.995860573734,-6.97732282698935
60,90,90
1072120770.708427,-847969713.5108285,275269926.8707535,-44631325.97504545,3967384.213295124,-205444.2087989732,4123.424460028991,-6.136594881366811
90,90,90
1182349764.602094,-895075440.5686775,277958583.7296486,-43142979.09285236,3668439.637326013,-184280.6299551039,3375.866672288989,-5.874707722170831
0,0,120
-2059559956.573721,1322277996.515448,-321491112.3861022,40532054.84453821,-2860538.006853853,96525.62782859981,-3875.725850862551,-8.131445338472805
30,0,120
-1928743121.852414,1248938314.044443,-307745146.5017763,39884201.19350981,-2949299.072139601,107509.4949009347,-4224.850585045482,-7.989699744053264
60,0,120
-2074514969.359208,1373274127.114389,-349749498.3543899,47117576.68366852,-3625459.847734135,140780.570794316,-4945.84910705509,-7.057736656331673
90,0,120
-2000906981.21357,1328805929.569189,-340418655.5134057,46457496.74038364,-3651168.578190625,146326.7561655581,-5161.253344730891,-6.675444074024736
0,30,120
223733238.3039304,-361916896.3294582,173253386.8228068,-33671936.60233703,3211518.798560642,-164717.549054178,2624.620862434028,-7.0913278632536
30,30,120
-150979833.7370414,-67760764.61781536,80313314.04613484,-18525815.25926189,1855369.396591785,-100648.116909969,1108.079480946581,-6.810382417578011
60,30,120
-528838380.9142515,277880468.2997465,-40811628.43509649,2456371.129936912,-68780.67132567553,-10957.10815708637,-1167.894720840297,-6.498178442841982
90,30,120
-2602283931.953423,1738195911.154279,-452228638.0485804,61494355.86545599,-4626034.614454486,169723.8731994723,-4830.970361359487,-6.314589582331921
0,60,120
2684081087.173803,-1964283824.108726,593611453.5487667,-91442732.69964725,7717214.478777136,-359441.9562895724,7191.1030323672,-6.800729969701745
30,60,120
2489309608.60155,-1797685968.166088,535304326.9879563,-80844019.72000374,6656197.048287379,-303803.0224603579,5660.67491326729,-6.63640662710992
60,60,120
1154967448.038859,-863506073.3657935,270602583.59473,-42056950.87831778,3532123.22294938,-171325.6951257124,2546.438817422108,-6.202005357036213
90,60,120
-1116940028.77983,723738175.66835,-173363277.0194164,21264653.89977484,-1328492.606481547,19879.24327944148,-1297.392648984252,-6.28832587128817
0,90,120
1485015415.866534,-1159345711.373092,376102505.1737264,-61628737.80234682,5546986.216987919,-281161.5565184703,5276.920995491653,-7.674591881975214
30,90,120
1723576998.749877,-1283179324.505827,395816847.4064017,-61723202.23841791,5271550.288638198,-254661.3711954464,4300.952674024775,-7.375516833175259
60,90,120
48223550.41293526,-114591227.4406415,68839925.23275425,-14937043.27217429,1659589.992618634,-111436.8004861554,1604.140646590281,-6.546001923924084
90,90,120
-208098074.2391571,95353286.99828735,-5659.082334137289,-3400636.96964034,613462.041660079,-62588.33357099528,487.9629190825256,-6.262600820662411
0,0,150
1647644048.768361,-1370198662.921455,455548882.6706346,-71544892.35213901,5718698.565310913,-236245.520825364,3318.026492171638,-5.864545467267723
30,0,150
1482611255.679085,-1283680541.280997,439454639.8855592,-70378896.41220282,5708519.575487484,-238255.4013108961,3367.972026819535,-5.762132836097403
60,0,150
1126025748.533652,-1031984316.409313,366981524.1220409,-59494379.49508658,4808412.555622987,-198981.6492597876,2621.941270203432,-5.256998266582874
90,0,150
614110602.2787442,-706010438.8623604,284608050.3261653,-49008442.2874916,4105089.096007765,-175521.4442514258,2315.387892313395,-5.172075303553851
0,30,150
3588763025.700528,-2550810588.106639,748032233.6477687,-109722988.8088915,8551110.058509136,-350991.5331487627,6127.178003021493,-5.201857591959887
30,30,150
283797940.9221996,-626012241.2127109,302620317.9127144,-57709582.97995061,5340105.298851216,-252432.2953033678,4738.893759597499,-5.207444339701927
60,30,150
1787164371.121063,-1409904482.520382,454040680.1205122,-70489481.10811301,5678623.812664828,-241741.5166536993,3630.291128762799,-5.481188168004543
90,30,150
-1205775068.850051,492171973.4288776,-29802423.02869597,-7773014.161535329,1292967.011781002,-83581.26094562195,514.5104286559717,-5.693992004274302
0,60,150
-1569316414.061312,726694419.3394597,-82671618.28065927,-4063615.724833313,1541740.13413477,-126682.8023313326,2181.040261745901,-6.130002230976542
30,60,150
-910471576.3904749,345557644.5775696,2745298.058194967,-13370526.72769366,2035896.956798134,-137824.5824363573,2015.903107841069,-6.397336209030195
60,60,150
-1696661037.440884,937663190.1838387,-173580209.8676832,13139176.12078913,-113808.4231364301,-47852.80799382972,-180.8868846038747,-6.451639405844217
90,60,150
-236359031.9834906,49173538.04245293,34209190.73619317,-10014303.49580641,1060665.730212417,-65434.53876384172,-1186.79493660625,-7.02233083378783
0,90,150
-4179844933.060598,2726753057.359404,-685173687.3947955,86561575.25942121,-5669674.717073524,161095.2969819625,-4414.073641658451,-7.4869700936877
30,90,150
-1835074638.598789,1160081882.097016,-269240649.9603932,30867051.59185271,-1744656.160948233,24134.60546487596,-2613.259524671449,-7.777911530747363
60,90,150
-329976203.4654489,169366087.4703357,-13797076.49842795,-1677226.939339032,360688.4758884146,-38882.14476290668,-2131.472775597192,-7.782435361521969
90,90,150
-162342046.2321881,45568672.43511741,21715598.30179477,-6636422.435316472,695372.4354602227,-47665.13262939962,-2207.574509688802,-7.523365571628754
0,0,180
920227732.9361522,-1298800830.342892,530973780.2022106,-92433634.58082125,7907352.823604376,-336767.9733138892,6100.624864035608,-4.276682859625221
30,0,180
725844328.5873388,-1123116759.059797,474523352.3997905,-83709453.13657922,7206902.930519715,-308493.8332099691,5627.722884336463,-4.061126534400457
60,0,180
1300349658.494848,-1496462885.964966,573096207.7439401,-97193856.47730097,8212738.197210298,-347500.7132948215,6268.361674565527,-4.352125673833958
90,0,180
667774827.5560298,-1107453869.729502,475661279.8915946,-84493732.07187086,7305180.234897634,-313632.0546653406,5734.041671450716,-4.143899087677227
0,30,180
893900033.5272262,-973804045.1499813,373843250.3690961,-63526520.65387788,5386069.638138119,-235244.5514760343,3328.195665410604,-5.266298372050492
30,30,180
553605910.0322491,-762006266.0362167,321747112.2297927,-57125821.77675589,4979149.045088793,-222826.9266922418,3183.761392510833,-5.193606573933721
60,30,180
1268807076.104234,-1193744497.47735,423411725.1813762,-68821658.38401873,5645156.919184014,-238960.0235459789,3264.854834768167,-5.141488878604322
90,30,180
437871902.9150229,-655579058.6483079,286202505.2812615,-51443363.53802049,4516869.085225041,-204747.036414346,2920.840196767045,-5.175825986855683
0,60,180
-2518280385.146123,1506789217.578164,-341174374.576702,39404729.47040051,-2430877.208630376,59365.8484680743,-3524.855917301628,-6.926599771705572
30,60,180
-2476029365.406555,1478238126.574613,-333522534.7408724,38370797.68560342,-2357678.507744736,56931.72388510813,-3504.166817703886,-6.874425818188898
60,60,180
-2671939143.462974,1622786240.0155,-376246334.6200688,44810235.67540208,-2876528.033346293,78049.66186532202,-3849.258605997731,-6.795184104606367
90,60,180
-3057535017.457708,1877658918.629031,-443482690.8867301,53846298.75918479,-3528841.46120108,102222.6193545101,-4224.324407055848,-6.649944274325398
0,90,180
3283678334.318086,-3146321484.324052,1154968371.255303,-205479204.6180759,18799214.41842307,-856065.5569820794,10723.86750499954,-12.42553533742162
30,90,180
3314952316.592595,-3172490241.463099,1163464211.094703,-206816981.2168165,18902218.74030967,-859314.788047952,10735.98582660862,-12.35781258661571
60,90,180
3302148792.315164,-3161043903.655597,1159325988.404879,-206043062.615364,18822903.63236734,-854997.5480100542,10630.59440829737,-12.24916135347924
90,90,180
3299062526.111019,-3159502518.841211,1159496394.583755,-206276423.493845,18875462.37490382,-859879.2999403249,10804.82171556136,-12.48321997311765
