2.500000000000000000e+00,1.427186720273510673e+03,1.285950381791203426e+03,1.278147992441910219e+02,1.348686511570342645e+02,3.592770558619131549e+01,-2.287599529757302150e+02,1.713576700714527945e+01,8.331870624805665670e+01,-2.804543426555307519e+02,1.121380483522612792e+01,1.500469584463080253e+02,-6.349998251160274521e+01,9.001431420480527379e+01,2.820523010987021166e+02,8.874548282012339584e+00,-1.611968591769554280e+02,4.568254985468894347e+01,-1.228286792509767906e+02,-1.396406446776651933e+02
2.600000000000000089e+00,9.548608637947405668e+02,9.092169813094869824e+02,8.876262868237840564e+01,6.958682157406281021e+01,1.714767955909756481e+01,-1.236196017296558125e+02,5.783064967816282653e+00,4.573128635556527399e+01,-1.477304908637916867e+02,8.049291125676113490e-01,7.973903297546118552e+01,-3.030115469540554685e+01,5.154141320010188565e+01,1.541986857984800849e+02,6.854787494646170209e+00,-8.799064603084075031e+01,1.943417275494913810e+01,-6.833346763492302500e+01,-7.971301468983322991e+01
2.700000000000000178e+00,6.312895616067179390e+02,6.361517096477040241e+02,6.200543930684342087e+01,3.305063408171018580e+01,7.489680879822929960e+00,-6.435876130203517675e+01,4.390131215756176153e-01,2.439441188731641930e+01,-7.420655746728370161e+01,-3.024478321778294898e+00,4.056353336769286244e+01,-1.300946610882323462e+01,2.873702379796914030e+01,8.093865229581335541e+01,5.115135976067057832e+00,-4.606526144598491612e+01,6.570799553185032948e+00,-3.712317313209368308e+01,-4.425588341831110739e+01
2.799999999999999822e+00,4.102149430385750861e+02,4.397298622927008296e+02,4.356099253109637459e+01,1.346349713210018173e+01,2.777984240382667558e+00,-3.185669757683238856e+01,-1.687308476507493937e+00,1.257855692251919955e+01,-3.485407746610691504e+01,-3.717372481772251103e+00,1.941653129096780006e+01,-4.552083671322574077e+00,1.548275209665301233e+01,4.013276043980734897e+01,3.695285521560735642e+00,-2.277876766560294897e+01,8.521586989124380063e-01,-1.961012043889562406e+01,-2.367927171350493154e+01
2.899999999999999911e+00,2.599174120173148594e+02,2.996088217239108076e+02,3.074485172929966481e+01,3.627257305399973042e+00,6.451943122051966295e-01,-1.464764883825953135e+01,-2.197867462569127905e+00,6.228039923132210554e+00,-1.474395531822795569e+01,-3.120324381342121534e+00,8.473009962683464735e+00,-8.151828639850187130e-01,7.967140330516177649e+00,1.824523669300256401e+01,2.580231254547158404e+00,-1.036195739222963574e+01,-1.254233439787135751e+00,-1.001140119695180708e+01,-1.202696566871258810e+01
3.000000000000000000e+00,1.585245979264551863e+02,2.005704547811974692e+02,2.175509139568074346e+01,-7.854184655888910571e-01,-2.116175652784773042e-01,-5.960114807702102446e+00,-1.982628109206304945e+00,2.938071533772314226e+00,-5.128811011049283941e+00,-2.162862544184754654e+00,3.137231801091956207e+00,5.354917387992451649e-01,3.840262856253262580e+00,7.112964162869279683e+00,1.731524784243861248e+00,-4.111632728873343190e+00,-1.681589016514412060e+00,-4.891435347430260094e+00,-5.636816916536004030e+00
3.100000000000000089e+00,9.088603925230873415e+01,1.312997325590866922e+02,1.538489318821846119e+01,-2.326375285270184889e+00,-4.824415669214537350e-01,-1.868351891018011912e+00,-1.513196407198187377e+00,1.310332496372940358e+00,-9.961406188412248452e-01,-1.265592123533994640e+00,7.650697319476688074e-01,7.815218713913083537e-01,1.671127463042396455e+00,1.895464668069234415e+00,1.103762497388496522e+00,-1.233273863576412888e+00,-1.439452489308214567e+00,-2.245045059491707740e+00,-2.284184373738970208e+00
3.200000000000000178e+00,4.647349295142418413e+01,8.343533938768545966e+01,1.082582789793357492e+01,-2.462163103228594885e+00,-5.140020591324128141e-01,-1.483024261996327142e-01,-1.021451668160993531e+00,5.509575334258475232e-01,4.453192340633679303e-01,-5.802271195735143605e-01,-1.253181417728039815e-01,5.946875426736200065e-01,6.013827598023865351e-01,-2.167367720823009380e-01,6.527784854506166745e-01,-1.053760011973294553e-01,-1.019154742772339972e+00,-9.262202223317931304e-01,-6.373382264735165670e-01
3.299999999999999822e+00,1.795798998712674077e+01,5.083744797398766480e+01,7.534584735032460401e+00,-2.005717400064225053e+00,-4.676459566432219495e-01,4.232808668306994315e-01,-6.065918304941827488e-01,2.225898161566947919e-01,6.913490983691783498e-01,-1.269062815722691029e-01,-3.359656939574922063e-01,3.030418489362565193e-01,1.257507946148370692e-01,-8.092393118912697414e-01,3.392846043053278082e-01,1.839510929805214801e-01,-6.325262315849927708e-01,-2.962763369580863060e-01,8.655716550654762864e-02
3.399999999999999911e+00,2.371363945810534002e-01,2.902699052765339260e+01,5.143544920959583600e+00,-1.383899461718952617e+00,-4.094957945119373499e-01,4.930189657689404981e-01,-2.980531115262115560e-01,9.351405464525577860e-02,5.007463875899808015e-01,1.301763193610057101e-01,-2.802765699183576431e-01,4.800373219014973658e-02,-4.612954281334723933e-02,-7.431934603306376008e-01,1.300930763387879441e-01,1.257357883495876238e-01,-3.490450111920752052e-01,-1.001977293557243520e-02,3.371211187955084343e-01
3.500000000000000000e+00,-1.023532111509751275e+01,1.475908310840481263e+01,3.401302899087524700e+00,-8.014286242049935005e-01,-3.602703757476100055e-01,3.838996367080408922e-01,-9.155344580365951113e-02,4.734144804732332013e-02,2.266407163599985508e-01,2.433720863915592725e-01,-1.560347818249884777e-01,-1.249424384845605474e-01,-7.585164686441615844e-02,-4.606723759755662062e-01,-1.880170713041001695e-03,-3.227850882608390704e-02,-1.721135681042908483e-01,1.121632382424117558e-01,3.647750491142415230e-01
3.600000000000000089e+00,-1.591507991762919616e+01,5.700520915341078521e+00,2.133417130719493571e+00,-3.398795673323703470e-01,-3.216094309898855919e-01,2.434751903173455745e-01,3.099038965030069537e-02,3.001426869939628761e-02,8.918768892526442171e-03,2.628434160376599271e-01,-4.621991680667878605e-02,-2.154146064115183834e-01,-4.938236136651583813e-02,-1.686640923128836234e-01,-7.817334720389634839e-02,-1.781889300980544488e-01,-7.958894483501496864e-02,1.593634028701178817e-01,3.031385327871343738e-01
3.700000000000000178e+00,-1.849270459071950157e+01,1.874067902518452566e-01,1.216680314291364473e+00,-1.633686501723438655e-02,-2.890918726189045107e-01,1.287222707386287968e-01,9.103631670504981621e-02,1.948419137334381213e-02,-1.170556394738280354e-01,2.291421709382766569e-01,2.370372369721495537e-02,-2.408091691017459901e-01,-9.413346930290795306e-03,5.211035563616100985e-02,-1.155467822335661254e-01,-2.722515465937931922e-01,-4.386843621698438556e-02,1.731566777443953875e-01,2.190381322821826071e-01
3.799999999999999822e+00,-1.912225993865412832e+01,-2.955938498143384496e+00,5.623315571005101932e-01,1.827420466885658901e-01,-2.580004622999422792e-01,5.321111248809592964e-02,1.084330217788070927e-01,8.927169894535458283e-03,-1.612787649268102030e-01,1.716102312837230748e-01,5.431244192253140146e-02,-2.225166371584119118e-01,2.526356394855341567e-02,1.843797700579196952e-01,-1.267817335571239101e-01,-3.101481932476195524e-01,-4.069521516219895552e-02,1.715146653287485667e-01,1.423785590506261300e-01
3.899999999999999911e+00,-1.858253292635285803e+01,-4.551497227162947468e+00,1.051245502758383216e-01,2.826876350788131709e-01,-2.253439727030581985e-01,1.227725367512307042e-02,9.944518863185716762e-02,-2.135290904671863221e-03,-1.486255950239192825e-01,1.094755211540172635e-01,5.574347868815220097e-02,-1.796909756859011997e-01,4.839211275942059687e-02,2.392373467473374038e-01,-1.214248852617810376e-01,-3.025759407105718113e-01,-5.205608390484949000e-02,1.615765509855557613e-01,8.362691068940905637e-02
4.000000000000000000e+00,-1.739095358348807707e+01,-5.166899287911298266e+00,-2.038044687193537596e-01,3.107180559424981281e-01,-1.901105347007823188e-01,-4.329005925003528987e-03,7.635291354675376174e-02,-1.222590450826675779e-02,-1.044753646170428346e-01,5.393881752319840822e-02,3.969128412484414919e-02,-1.270450211010470953e-01,5.976761893550498750e-02,2.374581745573736136e-01,-1.064437065352562967e-01,-2.645164243077709476e-01,-6.623296821397404999e-02,1.461002550027996894e-01,4.377712001248265650e-02
4.099999999999999645e+00,-1.588412190364880594e+01,-5.188348663906193536e+00,-4.016230727185052807e-01,2.912265832098008822e-01,-1.528140636426620902e-01,-6.687279307526480809e-03,4.780052932709642766e-02,-1.984854117472245605e-02,-4.900902384542757395e-02,1.038208448157559860e-02,1.601839867358621772e-02,-7.464333530620510804e-02,6.167672308983884744e-02,2.002786842851304316e-01,-8.678376883999006086e-02,-2.100867432102316579e-01,-7.668609616398071316e-02,1.264544876939256435e-01,1.982358968274908900e-02
4.200000000000000178e+00,-1.427465046405672844e+01,-4.873821198980082592e+00,-5.169245792543519791e-01,2.439741901691725723e-01,-1.148684581542618599e-01,-2.571439446148640617e-03,1.943767729332408767e-02,-2.415709589879584673e-02,4.112918883322910606e-03,-1.969528482153833082e-02,-8.256545564065437270e-03,-2.856432400333260013e-02,5.705147793014265362e-02,1.454487034501370235e-01,-6.583173411474063652e-02,-1.504849208237960534e-01,-8.063640444546381347e-02,1.038116247033608608e-01,7.608713170347291416e-03
4.299999999999999822e+00,-1.269115979401729177e+01,-4.391611756578154946e+00,-5.718523271486670723e-01,1.838223338355267911e-01,-7.802971743414038874e-02,2.920538969346797575e-03,-5.387173279607054832e-03,-2.502441961283535798e-02,4.709032749926297251e-02,-3.714707512951850171e-02,-2.885292554479887070e-02,8.165832835142897150e-03,4.860017764082467939e-02,8.607567487324291333e-02,-4.579324939236305292e-02,-9.355246113208771919e-02,-7.775393594792082141e-02,7.947472478157241449e-02,3.177074960457253877e-03
4.400000000000000355e+00,-1.120627508581793208e+01,-3.848063478296570139e+00,-5.835865634745556196e-01,1.212086275874718067e-01,-4.398946752650564895e-02,6.982908812508209495e-03,-2.499522434385005598e-02,-2.287200024585110680e-02,7.662044569189263576e-02,-4.406118332688289257e-02,-4.368452220400371316e-02,3.465984934709626097e-02,3.847257500351285858e-02,3.082933685434524618e-02,-2.799684092511527111e-02,-4.410087916505933681e-02,-6.910770965445919845e-02,5.484144017568873264e-02,3.313121259288648313e-03
4.500000000000000000e+00,-9.856081728440374334e+00,-3.307355808224307303e+00,-5.654204376213050054e-01,6.291495534364197062e-02,-1.412630328649533418e-02,8.487350600793086564e-03,-3.885257718993348486e-02,-1.844266462904477211e-02,9.246653411581405579e-02,-4.299581599932880693e-02,-5.222342341435095431e-02,5.139966547062758961e-02,2.819992920715817808e-02,-1.529074815045503022e-02,-1.313494664633535480e-02,-4.528950339506274125e-03,-5.640396901081851100e-02,3.125892561993481866e-02,5.658047612065099374e-03
4.599999999999999645e+00,-8.653514548681878082e+00,-2.805498625924731648e+00,-5.275661644995485178e-01,1.288616472881642938e-02,1.061146779200825008e-02,7.384088441138067505e-03,-4.716010832385807150e-02,-1.259848875358983433e-02,9.623368040203762741e-02,-3.649695226960340821e-02,-5.492874078209125654e-02,5.964419604363664640e-02,1.876199501877434672e-02,-5.004631056489594609e-02,-1.452438801113759004e-03,2.451627376082635146e-02,-4.148084419012282309e-02,9.885164052889083841e-03,8.630726132727487010e-03
4.700000000000000178e+00,-7.597455924221520718e+00,-2.360126713765190676e+00,-4.777786733350256609e-01,-2.701978552704573100e-02,2.972758505526854056e-02,4.216756972637333845e-03,-5.054820350032597498e-02,-6.172625539060463962e-03,9.043718813470300044e-02,-2.682419985337304580e-02,-5.279657946696539317e-02,6.100496200747258790e-02,1.070014378001227576e-02,-7.311413808907885059e-02,7.108127675994932448e-03,4.355057233070316891e-02,-2.600649540842417395e-02,-8.401490550836859805e-03,1.127527165713814936e-02
4.799999999999999822e+00,-6.678816420377081009e+00,-1.977271631895525461e+00,-4.218507837223494650e-01,-5.639930250589092475e-02,4.313823792473428509e-02,-2.270949329295779417e-04,-4.985952866859499899e-02,1.227107133800614536e-04,7.785607201978680947e-02,-1.582218244728887668e-02,-4.703714907480520402e-02,5.716232059253578690e-02,4.235231363959259324e-03,-8.538511790354352815e-02,1.279650094260785520e-02,5.377874334073516616e-02,-1.132609221592295601e-02,-2.303891065286858830e-02,1.309802465360980148e-02
4.900000000000000355e+00,-5.884510471039789081e+00,-1.655975151569064385e+00,-3.640136877194890541e-01,-7.579916067658318268e-02,5.109893290934958143e-02,-5.142765103909027746e-03,-4.600165898617274152e-02,5.741235854902389246e-03,6.112535509460573224e-02,-4.887387583196803331e-03,-3.886252032451867344e-02,4.969070969077191147e-02,-6.286757018381244899e-04,-8.842697500858467952e-02,1.597306848348337832e-02,5.674065995541539842e-02,1.590069681777217525e-03,-3.377368343200909395e-02,1.392273374544256148e-02
5.000000000000000000e+00,-5.199978842369212373e+00,-1.391374897299763713e+00,-3.072643767228983580e-01,-8.633264692193873269e-02,5.411827905288157936e-02,-9.837974919018041553e-03,-3.985279453885166856e-02,1.031306130345426703e-02,4.251051959952146381e-02,5.007123717902975391e-03,-2.936120230991463853e-02,3.996350225799760736e-02,-4.021300502575703498e-03,-8.409806055794188939e-02,1.704972566618891128e-02,5.406403020250180602e-02,1.213516542919589047e-02,-4.062374618096031842e-02,1.377419584323853752e-02
5.099999999999999645e+00,-4.610721106165849292e+00,-1.176719527281282041e+00,-2.536344798379010501e-01,-8.939908637892401977e-02,5.287240589652753009e-02,-1.379233965654440286e-02,-3.220632657194230641e-02,1.363259952968299410e-02,2.381087810253659093e-02,1.325596623614285624e-02,-1.943585731887960411e-02,2.911286048134619636e-02,-6.144167461599167601e-03,-7.428703951073026279e-02,1.644841422214880083e-02,4.730405205105100985e-02,2.001917135385621049e-02,-4.382472118463190403e-02,1.279115453607544348e-02
5.200000000000000178e+00,-4.103165175476299886e+00,-1.004642814786723903e+00,-2.044107761311055316e-01,-8.648764110610770994e-02,4.812826036678025110e-02,-1.667038755594395238e-02,-2.374280292492632338e-02,1.563374135447190977e-02,6.347624087984939274e-03,1.955280503725063956e-02,-9.783843261926605805e-03,1.802534877012024195e-02,-7.227046765562458036e-03,-6.075068107223655089e-02,1.457331070897551623e-02,3.784947308719026349e-02,2.520642861118281564e-02,-4.377072347572755207e-02,1.116496060970007670e-02
5.299999999999999822e+00,-3.665102819593474059e+00,-8.679320313353378058e-01,-1.603151636662730195e-01,-7.904705795982104599e-02,4.067994832980081910e-02,-1.830671730094111938e-02,-1.502044167466227986e-02,1.635961096311377982e-02,-8.997411468266571649e-03,2.382043577645570620e-02,-9.046167440629124257e-04,7.359028039960267831e-03,-7.499273673605875816e-03,-4.502410343676699345e-02,1.179337793827240494e-02,2.687671197536573020e-02,2.785014922232463552e-02,-4.095718986600738187e-02,9.099017292546297125e-03
5.400000000000000355e+00,-3.285849634849719259e+00,-7.599574362221317436e-01,-1.216503597611755805e-01,-6.840526169030827774e-02,3.129945496780825454e-02,-1.867681931616982371e-02,-6.477574794750515230e-03,1.593187028066202215e-02,-2.171679371625799895e-02,2.614636331306623845e-02,6.877772685587178053e-03,-2.428081757079161851e-03,-7.172373987320021863e-03,-2.838191712992377269e-02,8.432622780160964338e-03,1.533691553300113586e-02,2.823148131968795937e-02,-3.593037003589474865e-02,6.783989434076228772e-03
5.500000000000000000e+00,-2.956237669254258016e+00,-6.748799062907746560e-01,-8.841662558374398240e-02,-5.572539094531027415e-02,2.070126251815032625e-02,-1.786273688610473531e-02,1.557777921399383647e-03,1.452263358371583268e-02,-3.160293645612986813e-02,2.672733976228678504e-02,1.338528872370412653e-02,-1.104500071001804362e-02,-6.430857772980622111e-03,-1.183322579161499855e-02,4.765940139231601702e-03,3.964172827390283205e-03,2.670712881205995759e-02,-2.924581643338912407e-02,4.384364229432625645e-03
5.599999999999999645e+00,-2.668513274435286409e+00,-6.077178687167715809e-01,-6.040410238422369571e-02,-4.198755155777485204e-02,9.519338034175373053e-03,-1.601932555447942164e-02,8.854578785730815582e-03,1.233061266147612162e-02,-3.867450943227637716e-02,2.582411455482791496e-02,1.855498082741689064e-02,-1.833460990923843625e-02,-5.428625811155807744e-03,3.862368145172767608e-03,1.018874270871418519e-03,-6.703866273634742634e-03,2.366707932978186213e-02,-2.143654869400005158e-02,2.032781205448409151e-03
5.700000000000000178e+00,-2.416187749104744320e+00,-5.543290365847579615e-01,-3.726478078255088255e-02,-2.798796897233978009e-02,-1.705532988327151944e-03,-1.334435492676491058e-02,1.526397587414660140e-02,9.562100501120149310e-03,-4.310986898276947255e-02,2.372627080656768833e-02,2.240977965752950773e-02,-2.424287064228423938e-02,-4.289017209926146781e-03,1.816705181075342623e-02,-2.629995857288139338e-03,-1.629919316884562153e-02,1.950244932838698930e-02,-1.299047554643685543e-02,-1.706194275017201140e-04
5.799999999999999822e+00,-2.193870982203209863e+00,-5.113442393661524754e-01,-1.856763080362158758e-02,-1.434926577641129630e-02,-1.253021963432995878e-02,-1.005395260155397125e-02,2.070452738728491282e-02,6.416740741389460878e-03,-4.519046636533637085e-02,2.072623485532985171e-02,2.503277273915536019e-02,-2.879177926214275540e-02,-3.107043032641930262e-03,3.073183734023599012e-02,-6.045031721395879853e-03,-2.459468795042488165e-02,1.458256003069267892e-02,-4.336017138627856760e-03,-2.155848606905472198e-03
5.900000000000000355e+00,-1.997106430710255065e+00,-4.760778452300393759e-01,-3.839968756840714259e-03,-1.537258630644980362e-03,-2.260757645669081439e-02,-6.363752723455413929e-03,2.514835403774044742e-02,3.077638348435399185e-03,-4.525513117104455058e-02,1.710116235042059146e-02,2.654570290639134134e-02,-3.205657104706325505e-02,-1.952775378930001436e-03,4.136261451398602629e-02,-9.128604845177211435e-03,-3.147611941864024432e-02,9.239912971785266271e-03,4.165435197414926738e-03,-3.879140020881976375e-03
6.000000000000000000e+00,-1.822217790979039131e+00,-4.464303810888284874e-01,7.402282767331014313e-03,1.011900987373831606e-02,-3.168045374509495526e-02,-2.475426339377480300e-03,2.860871930669069141e-02,-2.948308736570870447e-04,-4.366485719141773025e-02,1.310128450554607499e-02,2.709178328402770536e-02,-3.414716668888469198e-02,-8.751932221115164834e-04,4.998787606638468994e-02,-1.181579403564694819e-02,-3.691649604102500981e-02,3.761585905715569833e-03,1.222166073936090114e-02,-5.318395820467841303e-03
6.200000000000000178e+00,-1.526463792496038696e+00,-3.979582280487760637e-01,2.130224137694544662e-02,2.920653759095410973e-02,-4.617993687526988911e-02,5.207539160914563536e-03,3.277490307523062835e-02,-6.628911508131114794e-03,-3.692753755604916144e-02,4.807853274040339853e-03,2.588818074551319653e-02,-3.533462069161300706e-02,9.366075975210785137e-04,6.137811383880072136e-02,-1.587332374109552691e-02,-4.367089324886849755e-02,-6.699005767308377490e-03,2.616126073090628557e-02,-7.337655219659037706e-03
6.400000000000000355e+00,-1.288078606277554661e+00,-3.574172512528965839e-01,2.657958847812696979e-02,4.223841892823729238e-02,-5.540640430473306455e-02,1.190471552136623812e-02,3.376435502063244304e-02,-1.182606478008776940e-02,-2.751801257378068064e-02,-2.852501871830323554e-03,2.258086603225921418e-02,-3.345410212015169360e-02,2.219573683594109996e-03,6.577482567727252483e-02,-1.815852181004309895e-02,-4.561836869002465489e-02,-1.546578983619244924e-02,3.639433259098369400e-02,-8.306318033915663715e-03
6.599999999999999645e+00,-1.094155331192264935e+00,-3.204643275171259464e-01,2.608527038949437493e-02,4.950415113073010354e-02,-5.952803449499721733e-02,1.698203487754669505e-02,3.227413912874563251e-02,-1.550720292254286620e-02,-1.738537488771868186e-02,-9.115764271830452403e-03,1.814801902763537103e-02,-2.953968514446086296e-02,2.992411049698310947e-03,6.455663400610443803e-02,-1.883397956302124143e-02,-4.382463108358937431e-02,-2.187217362799759313e-02,4.260769193947713807e-02,-8.418510017235408122e-03
6.799999999999999822e+00,-9.354319572066791544e-01,-2.852339060604063281e-01,2.202782038953508825e-02,5.181678224284766432e-02,-5.919364327433715434e-02,2.019556938372116944e-02,2.900219989086474937e-02,-1.758849623964928860e-02,-7.842429302996164336e-03,-1.365154112525374802e-02,1.332603695436520783e-02,-2.445414558833641783e-02,3.335450617461387362e-03,5.921386202004946808e-02,-1.817719244728201178e-02,-3.938415056271583892e-02,-2.575414193693917331e-02,4.502261785600168709e-02,-7.897268033927644371e-03
7.000000000000000000e+00,-8.050201222049923055e-01,-2.512103472713935193e-01,1.602921920356130403e-02,5.020466357901948173e-02,-5.528638883920894420e-02,2.158649563177385960e-02,2.457338058679272436e-02,-1.818593127647415153e-02,3.515980969961652811e-04,-1.643694364657937584e-02,8.616709272403856590e-03,-1.885981858592088861e-02,3.349370054753739254e-03,5.112549283037914893e-02,-1.650579367584475987e-02,-3.327330136510135705e-02,-2.728065225232512853e-02,4.417757032336672163e-02,-6.952651891055622313e-03
7.200000000000000178e+00,-6.976137601694742951e-01,-2.185237445291869918e-01,9.222594243790155355e-03,4.571461631557968697e-02,-4.874800520654576363e-02,2.137525949835532985e-02,1.950656780488779773e-02,-1.753047511772074657e-02,6.860950847870406905e-03,-1.764082761982945988e-02,4.325655525224826603e-03,-1.323019239625618237e-02,3.132093793482924188e-03,4.145395414616752372e-02,-1.412980321089538777e-02,-2.628880001394583860e-02,-2.680921756364820080e-02,4.075704745365478499e-02,-5.761745380907536823e-03
7.400000000000000355e+00,-6.090045430647534896e-01,-1.875393673653996673e-01,2.358062684847637980e-03,3.929922654338818822e-02,-4.046617561636918492e-02,1.987332691707488497e-02,1.420746208192355531e-02,-1.590228024020341052e-02,1.164150559415551983e-02,-1.753179220033455193e-02,6.097792417945752108e-04,-7.879564133399442893e-03,2.767770593204718545e-03,3.111369065765730302e-02,-1.132455469923381725e-02,-1.903708578615475461e-02,-2.477707655832370875e-02,3.547060450994246605e-02,-4.462495299214287378e-03
7.599999999999999645e+00,-5.357846778377044483e-01,-1.586383142866514551e-01,-4.100240154008262528e-03,3.176280922444456312e-02,-3.121189845463619161e-02,1.741833233487956323e-02,8.975860801147969581e-03,-1.358498294442073845e-02,1.482869676056462228e-02,-1.641237298199742928e-02,-2.477975448694587010e-03,-2.997569016992350510e-03,2.323077884095689234e-03,2.078154936119649965e-02,-8.318265456475824188e-03,-1.195073345174674229e-02,-2.162725457434691578e-02,2.897636531979511099e-02,-3.155309744922571782e-03
7.799999999999999822e+00,-4.751600440668080072e-01,-1.321157393326026774e-01,-9.892894151047826323e-03,2.374537156866372845e-02,-2.161293064317207357e-02,1.433158589781530212e-02,4.020010416085982585e-03,-1.083747468946220233e-02,1.665209763969508969e-02,-1.457647011916493596e-02,-4.951585755562992047e-03,1.318282432759144973e-03,1.847546306963480933e-03,1.092764224578840482e-02,-5.289219138741311360e-03,-5.316598535386504731e-03,-1.776376781698620066e-02,2.183954148001804318e-02,-1.908336956492848527e-03
8.000000000000000000e+00,-4.248266404524660977e-01,-1.081469539554932024e-01,-1.490107346411718298e-02,1.572917868146644915e-02,-1.215108697285445516e-02,1.089388061264160573e-02,-5.266413593552413119e-04,-7.879193393106213861e-03,1.737579730049571003e-02,-1.228504518615715357e-02,-6.863830318725281862e-03,5.035039107740793551e-03,1.375787229893254884e-03,1.853479887284556482e-03,-2.368714287762724302e-03,6.933175801310184627e-04,-1.352876389678781682e-02,1.451605984060969079e-02,-7.639387936745154623e-04
8.199999999999999289e+00,-3.828829770669017196e-01,-8.678956165037400583e-02,-1.909817901957262115e-02,8.057189016740198828e-03,-3.173767211868003257e-03,7.334777966571504049e-03,-4.589006274004284180e-03,-4.884952218169778815e-03,1.726030427712533025e-02,-9.754957221004997153e-03,-8.286369748635813090e-03,8.162495771007416412e-03,9.303691545056698778e-04,-6.270140769257498414e-03,3.529682894313074248e-04,5.993068818310881563e-03,-9.194804702341741187e-03,7.352657692376515786e-03,2.550070103995612236e-04
8.400000000000000355e+00,-3.477632135892760878e-01,-6.800222709515077457e-02,-2.251470208703010983e-02,9.563269441119209846e-04,5.087282163504860955e-03,3.830941628022534184e-03,-8.135637073062529367e-03,-1.985904473123391301e-03,1.654079220447443252e-02,-7.156502665892214982e-03,-9.296542289068485815e-03,1.073678994220130314e-02,5.246650056298170391e-04,-1.336928800235787779e-02,2.819418234980938104e-03,1.055816822496096624e-02,-4.966704242333828956e-03,5.966671754353558565e-04,1.139620889419168566e-03
8.599999999999999645e+00,-3.181829726472084063e-01,-5.166892468595089133e-02,-2.521357150298098732e-02,-5.438709211230088880e-03,1.249468969387225459e-02,5.099464235527803591e-04,-1.116631339252684152e-02,7.259788024506150239e-04,1.541684852101784207e-02,-4.616201942484635806e-03,-9.969251384538881794e-03,1.280859111795331143e-02,1.653512121542522785e-04,-1.943859203782154210e-02,5.000913636813195118e-03,1.440578535801641247e-02,-9.887239828323679536e-04,-5.589414367487277602e-03,1.890568785038017688e-03
8.800000000000000711e+00,-2.930937124379984771e-01,-3.762273477580855424e-02,-2.727345912654673132e-02,-1.106350074904659947e-02,1.898459965772703040e-02,-2.543069682598736447e-03,-1.370202661048249698e-02,3.191786865088457742e-03,1.404975021517300068e-02,-2.222337939724209482e-03,-1.037248627910607526e-02,1.443494443603287984e-02,-1.455517977382711145e-04,-2.451868391144934600e-02,6.887851099992306492e-03,1.757950629457465802e-02,2.645801844057972529e-03,-1.111185888751278772e-02,2.514628121487111692e-03
9.000000000000000000e+00,-2.716436041328874618e-01,-2.566642078536635063e-02,-2.877792024888359279e-02,-1.590496101717044086e-02,2.454786803255951111e-02,-5.277704778672041158e-03,-1.577719261333238032e-02,5.379136099333041432e-03,1.256426058872706086e-02,-3.156721798585823691e-05,-1.056529326954807821e-02,1.567388963191103379e-02,-4.090965447185205758e-04,-2.867889659804771785e-02,8.485096298859122477e-03,2.013805006177483634e-02,5.884307683713275311e-03,-1.593017785659736618e-02,3.022148731435973963e-03
9.500000000000000000e+00,-2.297434516658287407e-01,-3.531377728753955225e-03,-3.063095564339587962e-02,-2.478530685572934503e-02,3.465667931722520023e-02,-1.061678652407855791e-02,-1.923315879177796284e-02,9.585556238689041039e-03,8.873695293227710362e-03,4.394281940584181603e-03,-1.043053654185391484e-02,1.743099266882236834e-02,-8.825314847083879938e-04,-3.562926230374893755e-02,1.132174669862813857e-02,2.427776799150771492e-02,1.216215458859508380e-02,-2.495361943371104951e-02,3.861721835817126698e-03
1.000000000000000000e+01,-1.990796789495113128e-01,1.005357248942059800e-02,-3.059836061122667497e-02,-2.979125479177152300e-02,4.020172768211069392e-02,-1.395083806651887560e-02,-2.077464196421594314e-02,1.214719385326884678e-02,5.753671875226889360e-03,7.326753963046673743e-03,-9.816573773179597048e-03,1.784131246344691085e-02,-1.145250807665558132e-03,-3.878333004226716674e-02,1.280286742646699963e-02,2.599470995821347857e-02,1.604973661321041842e-02,-3.020209876074348224e-02,4.239746398628040265e-03
1.050000000000000000e+01,-1.753154426840415336e-01,1.777845306302170553e-02,-2.946590223879153730e-02,-3.196349815533228861e-02,4.240678314019916129e-02,-1.568036996091917018e-02,-2.102465551709046740e-02,1.341936662634121702e-02,3.410679224534063445e-03,9.014041966631212988e-03,-9.024859820648512346e-03,1.743958748286782504e-02,-1.262893251228274687e-03,-3.939185450903932850e-02,1.331441812668395126e-02,2.613150807207378912e-02,1.805213666143362650e-02,-3.259185632601391963e-02,4.316662543464199614e-03
1.100000000000000000e+01,-1.559854383590969507e-01,2.166766244818460474e-02,-2.774975062060027961e-02,-3.222921037599021238e-02,4.236568322644413548e-02,-1.625884328753958441e-02,-2.046413075181542640e-02,1.377929945597866981e-02,1.779222966911530451e-03,9.783234742496094150e-03,-8.204657850159528462e-03,1.658327003010257039e-02,-1.287572930000894069e-03,-3.841066232394618751e-02,1.318596918384081461e-02,2.530731520447388611e-02,1.871488682693125960e-02,-3.300833922191886982e-02,4.210079126826904265e-03
1.150000000000000000e+01,-1.396793790375756850e-01,2.314344346315580503e-02,-2.577055050265722111e-02,-3.130170942209695856e-02,4.092400162904052258e-02,-1.607630335819410991e-02,-1.943387497966883939e-02,1.354327996008791897e-02,7.058932668377009955e-04,9.929925109169280423e-03,-7.422175783299651310e-03,1.549956716723337180e-02,-1.256262221589238238e-03,-3.651087736159843583e-02,1.266594051913103904e-02,2.394466221381583160e-02,1.849795179268384770e-02,-3.216341628977215095e-02,3.999794297578399514e-03
1.200000000000000000e+01,-1.255728055810064470e-01,2.316021089734312047e-02,-2.371926722556673417e-02,-2.968583162654171367e-02,3.868253249025035284e-02,-1.542804567901934210e-02,-1.816188722330616678e-02,1.294739615817652213e-02,3.458473255115975323e-05,9.683638340231564764e-03,-6.701969908349165311e-03,1.432749833087787819e-02,-1.193565658989889514e-03,-3.413801541335992340e-02,1.192791395196990401e-02,2.231777451372774640e-02,1.774559531556020586e-02,-3.057547964366800347e-02,3.737295647153557592e-03
1.250000000000000000e+01,-1.131651660671673665e-01,2.233735858639598199e-02,-2.170494328803535336e-02,-2.771907812934570198e-02,3.604391770163367648e-02,-1.452098505918353669e-02,-1.679391323100554861e-02,1.215551683310154250e-02,-3.627234431051182609e-04,9.207941140888574114e-03,-6.049318654090157614e-03,1.314907813403396082e-02,-1.115162576512304530e-03,-3.157510926139359825e-02,1.108675249030432672e-02,2.059750324111991188e-02,1.669724176869055374e-02,-2.859823400247204356e-02,3.454523530941997107e-03
1.300000000000000000e+01,-1.021361685137533032e-01,2.106614754697461178e-02,-1.978641283966705092e-02,-2.561702890645310010e-02,3.326550678737432570e-02,-1.349228264068383885e-02,-1.541919421452192518e-02,1.127546052090868181e-02,-5.806829045580675632e-04,8.612811568059061326e-03,-5.461440748634238500e-03,1.201055927237476735e-02,-1.030698109342591436e-03,-2.899465129458767693e-02,1.021505124349820701e-02,1.888603057197199911e-02,1.551075897957527282e-02,-2.646121514944219447e-02,3.170551287312377634e-03
1.350000000000000000e+01,-9.226764511880702901e-02,1.958768295751433033e-02,-1.799241727034207525e-02,-2.351151268381455189e-02,3.050438524250254427e-02,-1.242870785373944263e-02,-1.408970640180498037e-02,1.037495293080027865e-02,-6.851052843610108472e-04,7.968876532078133026e-03,-4.932752161272897264e-03,1.093625345413997557e-02,-9.458973749802305825e-04,-2.649678534380951397e-02,9.356595710461249396e-03,1.724141835923689164e-02,1.428560910519326502e-02,-2.430671364168520213e-02,2.896249283226640537e-03
1.400000000000000000e+01,-8.340104725433572508e-02,1.804664443612866501e-02,-1.633403299130195205e-02,-2.147911861263266525e-02,2.785130181510637667e-02,-1.138260290407345707e-02,-1.283360622263988310e-02,9.494511406669001174e-03,-7.199174391446129658e-04,7.319579474716753423e-03,-4.457145905275799666e-03,9.937277755773054819e-03,-8.640081825649737575e-04,-2.413568345118219036e-02,8.536284572951828228e-03,1.569411489943132315e-02,1.308158412916973594e-02,-2.221854261907607944e-02,2.637384972235903759e-03
1.450000000000000000e+01,-7.541414075282508456e-02,1.652697347496243085e-02,-1.481222489793905875e-02,-1.956112754666490539e-02,2.535452902544363743e-02,-1.038370549108237791e-02,-1.166423430512909636e-02,8.656879405548940920e-03,-7.135815446175519270e-04,6.690355826471084538e-03,-4.028871772770992003e-03,9.016989481931244471e-03,-7.867465838732857174e-04,-2.193705333999351401e-02,7.767014421632840657e-03,1.425769790574825738e-02,1.193253697377792862e-02,-2.024267944054593607e-02,2.396620857538012735e-03
1.500000000000000000e+01,-6.820802677369271205e-02,1.507498460829450292e-02,-1.342238397187097733e-02,-1.777686572344652771e-02,2.303591801275602438e-02,-9.447374715460506514e-03,-1.058596886960472619e-02,7.873544619065921471e-03,-6.841098420247168979e-04,6.095087286278368099e-03,-3.642799746573052461e-03,8.174318146858297954e-03,-7.149006939666887770e-04,-1.990944260495804835e-02,7.054269531609744237e-03,1.293570733798746729e-02,1.085587230811257790e-02,-1.840134138765869148e-02,2.174775192432704639e-03
1.600000000000000000e+01,-5.581787629741531698e-02,1.245385540933312621e-02,-1.100737078005182071e-02,-1.462600594267386353e-02,1.894751329408414509e-02,-7.782991286811600899e-03,-8.696383119585964633e-03,6.483901201279734447e-03,-5.960210531552233510e-04,5.028725844873462372e-03,-2.979854500162965394e-03,6.706710106923868472e-03,-5.880959513854524742e-04,-1.635585099239320050e-02,5.799982911861910166e-03,1.062294866701019719e-02,8.942700597311722260e-03,-1.514461151761638431e-02,1.786284436582199608e-03
1.700000000000000000e+01,-4.569052695733467201e-02,1.023765812001058845e-02,-9.018701664472682233e-03,-1.200134463746932272e-02,1.554536718997855983e-02,-6.390111155647419834e-03,-7.130867911417023385e-03,5.322569776341237908e-03,-5.014401176279465779e-04,4.131523783496434191e-03,-2.438675947634604858e-03,5.496199871081084223e-03,-4.825214769181421009e-04,-1.341155201944449309e-02,4.757702448427049771e-03,8.709201991504789478e-03,7.342024024822971749e-03,-1.242870856272329690e-02,1.464602233713841427e-03
1.800000000000000000e+01,-3.740489791484123000e-02,8.397143940683977903e-03,-7.386324067624662482e-03,-9.835709197076143370e-03,1.273948613320868492e-02,-5.238430552444318239e-03,-5.842279017914131685e-03,4.362940814858298939e-03,-4.155510859536573924e-04,3.387928138618774131e-03,-1.996229373175722067e-03,4.501825948606204969e-03,-3.954348618049452328e-04,-1.098802830105296072e-02,3.898636852781522510e-03,7.134871245942023786e-03,6.018687101662803171e-03,-1.018663832427463625e-02,1.199895313554068211e-03
1.900000000000000000e+01,-3.062332755917808458e-02,6.880627447762739483e-03,-6.048306030081346089e-03,-8.056430608642833890e-03,1.043464657673884126e-02,-4.291322128142332874e-03,-4.784735885678462024e-03,3.573991525481950808e-03,-3.420786792288166376e-04,2.775768655902653009e-03,-1.634228025804615111e-03,3.686489283297136876e-03,-3.238945961065258210e-04,-8.999031615537224707e-03,3.193174250231640542e-03,5.843152852379334544e-03,4.930472922491586571e-03,-8.344130682764211437e-03,9.826787185815452456e-04
2.000000000000000000e+01,-2.507181764051454390e-02,5.635454695178513523e-03,-4.952263385449853610e-03,-6.597386993023104072e-03,8.544802334687804160e-03,-3.514344200611943265e-03,-3.917956689462630433e-03,2.926844201089398231e-03,-2.807552383860696644e-04,2.273333194573933999e-03,-1.337938226153306907e-03,3.018501913629866463e-03,-2.652339900245266873e-04,-7.368813705109841274e-03,2.614807259257972104e-03,4.784563516571502077e-03,4.037758530377731983e-03,-6.833077804008241829e-03,8.046551558939444952e-04
2.100000000000000000e+01,-2.052690622354908997e-02,4.614683537597148721e-03,-4.054691415529339260e-03,-5.401977059842851675e-03,6.996495259238099881e-03,-2.877635844322691538e-03,-3.207952802908674034e-03,2.396558039325794812e-03,-2.301155294943944851e-04,1.861515372733416399e-03,-1.095390964882301350e-03,2.471435922665451111e-03,-2.171741903796483165e-04,-6.033453578470329183e-03,2.140991570608988953e-03,3.917488180892604935e-03,3.306216157171189534e-03,-5.594996758932450388e-03,6.588348895885988172e-04
2.200000000000000000e+01,-1.680595001200452243e-02,3.778464351438553213e-03,-3.319745092978935129e-03,-4.422946421086404976e-03,5.728467784035894475e-03,-2.356132025012799055e-03,-2.626523667839013657e-03,1.962231765016812096e-03,-1.884957188285307198e-04,1.524178425710029459e-03,-8.968228022115726965e-04,2.023475758565042217e-03,-1.778141682129037455e-04,-4.939913564639341129e-03,1.752957661430562314e-03,3.207448608280833585e-03,2.707040438595323655e-03,-4.580996895241095171e-03,5.394227254428263750e-04
2.300000000000000000e+01,-1.375952630687003221e-02,3.093648381993814676e-03,-2.717993782474677211e-03,-3.621269121792540773e-03,4.690154436749754616e-03,-1.929083048308411581e-03,-2.150442953778129197e-03,1.606574827543487015e-03,-1.543615068914244183e-04,1.247928026178044035e-03,-7.342536535892351746e-04,1.656694768650976857e-03,-1.455844961391357232e-04,-4.044510516361852007e-03,1.435223173414919805e-03,2.626066458539277979e-03,2.216388642190605940e-03,-3.750677018322338876e-03,4.416472507117271849e-04
2.400000000000000000e+01,-1.126533932375522323e-02,2.532903122804509161e-03,-2.225311122778009763e-03,-2.964869001824805249e-03,3.840003737068299009e-03,-1.579416288654823071e-03,-1.760643807223889181e-03,1.315365222966928104e-03,-1.263931250959821105e-04,1.021730403170432793e-03,-6.011550316920291279e-04,1.356391714981230231e-03,-1.191954491098394189e-04,-3.311384040358980596e-03,1.175069749723182781e-03,2.150052276386349957e-03,1.814644452728626095e-03,-3.070821845032248223e-03,3.615921275117417151e-04
2.500000000000000000e+01,-9.223276803035586682e-03,2.073779681975731082e-03,-1.821932868284535699e-03,-2.427438484573699387e-03,3.143940213156536274e-03,-1.293122822064229037e-03,-1.441496919886895833e-03,1.076934744752311565e-03,-1.034865798442515439e-04,8.365270150057339555e-04,-4.921837380175739067e-04,1.110521361205998869e-03,-9.758932746920441243e-05,-2.711138902691292898e-03,9.620688318933856174e-04,1.760317932305787651e-03,1.485712177733269652e-03,-2.514186299463503325e-03,2.960473090962717642e-04
5.000000000000000000e+01,-6.214593407382369564e-05,1.397309456833543339e-05,-1.227609929037456458e-05,-1.635600163813278596e-05,2.118376335070086363e-05,-8.713026772749818524e-06,-9.712750133637553066e-06,7.256355545178250130e-06,-6.973126150215348581e-07,5.636501704929857934e-06,-3.316305883741606326e-06,7.482643699833202128e-06,-6.575536276859684510e-07,-1.826754846793666572e-05,6.482385794235616511e-06,1.186095099387077785e-05,1.001068817337536171e-05,-1.694050911796803646e-05,1.994755004949967129e-06
1.000000000000000000e+02,-2.821421041975608442e-09,6.343775119669944557e-10,-5.573340455402964932e-10,-7.425613255663202899e-10,9.617413682269256726e-10,-3.955708035014949859e-10,-4.409581738677121979e-10,3.294380320827124809e-10,-3.165794374447471225e-11,2.558967815099442196e-10,-1.505600541927839676e-10,3.397114984101280201e-10,-2.985288851201025777e-11,-8.293454173771159532e-10,2.942998597516281167e-10,5.384863420380102818e-10,4.544845399453828418e-10,-7.690979240964882169e-10,9.056173711809398756e-11
