R	Gamma	E
1.00	0	2623351.296492
1.00	10	1521932.527921
1.00	20	582829.472838
1.00	30	272120.715145
1.00	40	185729.602164
1.00	50	145827.13512
1.00	60	111686.682477
1.00	70	91654.323619
1.00	80	82497.460956
1.00	90	74211.287225
1.00	100	74819.781154
1.00	110	84106.147465
1.00	120	102913.877914
1.00	130	131407.690947
1.00	140	166370.669689
1.00	150	240545.293262
1.00	160	478515.562035
1.00	170	1080645.055557
1.00	180	1652930.850714
1.10	0	6576507.867412
1.10	10	2361219.735973
1.10	20	641170.090904
1.10	30	249182.975053
1.10	40	163456.036912
1.10	50	128101.031807
1.10	60	94966.309494
1.10	70	76814.564487
1.10	80	68945.548712
1.10	90	60865.092905
1.10	100	61276.280834
1.10	110	69871.370933
1.10	120	87844.839817
1.10	130	116597.930956
1.10	140	146342.436017
1.10	150	224923.205028
1.10	160	543973.860155
1.10	170	1682691.15113
1.10	180	3507441.479271
1.20	10	2953932.763714
1.20	20	628454.469289
1.20	30	219457.98872
1.20	40	143275.094016
1.20	50	109849.638105
1.20	60	79468.690148
1.20	70	63299.335696
1.20	80	54827.494523
1.20	90	49030.607617
1.20	100	49497.326444
1.20	110	57156.655511
1.20	120	73452.317882
1.20	130	100787.284121
1.20	140	127364.522945
1.20	150	203650.159586
1.20	160	567162.839164
1.20	170	2329051.045113
1.30	10	2566150.954729
1.30	20	538580.550847
1.30	30	186107.699196
1.30	40	125012.455612
1.30	50	91770.636602
1.30	60	64951.074027
1.30	70	50104.102862
1.30	80	42000.702601
1.30	90	38195.212227
1.30	100	39105.503872
1.30	110	45857.158521
1.30	120	60104.344597
1.30	130	84461.237873
1.30	140	110341.805712
1.30	150	177606.554869
1.30	160	525652.576027
1.30	170	2444019.800255
1.40	0	4578475.797669
1.40	10	1676353.306772
1.40	20	412914.805229
1.40	30	154379.374469
1.40	40	108176.274927
1.40	50	75060.030261
1.40	60	51656.340016
1.40	70	38554.097957
1.40	80	31644.084752
1.40	90	28932.970214
1.40	100	30158.631266
1.40	110	36073.019595
1.40	120	48291.682632
1.40	130	69420.066671
1.40	140	95467.030763
1.40	150	150505.759416
1.40	160	435841.218147
1.40	170	1874992.085561
1.40	180	7083882.43906
1.50	0	1930982.151846
1.50	10	972784.761984
1.50	20	296702.823276
1.50	30	128053.262591
1.50	40	92278.824175
1.50	50	60342.084264
1.50	60	40226.743011
1.50	70	29170.01232
1.50	80	23522.803728
1.50	90	21547.61917
1.50	100	22809.90759
1.50	110	27872.760749
1.50	120	38215.203928
1.50	130	56365.021974
1.50	140	82157.167956
1.50	150	126296.165493
1.50	160	335084.257966
1.50	180	2725650.83234
1.60	0	918359.16946
1.60	10	553882.962613
1.60	20	210779.15735
1.60	30	108026.909259
1.60	40	76407.947656
1.60	50	47814.51725
1.60	60	30842.487787
1.60	70	21771.501247
1.60	80	17285.040032
1.60	90	15839.378055
1.60	100	16995.57305
1.60	110	21211.397731
1.60	120	29853.964502
1.60	130	45331.574298
1.60	140	69562.072936
1.60	150	107145.76802
1.60	160	250896.053592
1.60	170	740373.238421
1.60	180	1333283.962696
1.70	0	479106.685503
1.70	20	155543.833366
1.70	30	92951.400503
1.70	40	62075.065325
1.70	50	37395.255643
1.70	60	23356.455936
1.70	70	16054.457398
1.70	80	12562.548946
1.70	90	11507.450025
1.70	100	12507.843223
1.70	110	15952.955925
1.70	120	23075.590293
1.70	130	36159.270754
1.70	140	58381.35908
1.70	150	93088.477448
1.70	160	192593.459439
1.70	170	472168.65526
1.70	180	743902.065202
1.80	0	282877.296624
1.80	20	123009.384905
1.80	30	80387.963613
1.80	40	49803.98353
1.80	50	28917.020806
1.80	60	17526.112528
1.80	70	11734.45047
1.80	80	9054.724655
1.80	90	8287.762065
1.80	100	9123.078647
1.80	110	11895.086309
1.80	120	17682.013573
1.80	130	28629.405572
1.80	140	48574.004407
1.80	150	82573.203713
1.80	170	333997.53242
1.80	180	490820.327648
1.90	0	189873.716871
1.90	10	154412.034565
1.90	20	103831.598972
1.90	30	67728.449456
1.90	40	39461.607408
1.90	50	22122.793615
1.90	60	13017.701947
1.90	70	8505.595701
1.90	80	6470.487213
1.90	90	5915.719515
1.90	100	6596.34358
1.90	110	8797.282436
1.90	120	13432.8555
1.90	130	22494.623585
1.90	140	39999.373061
1.90	150	73325.663321
1.90	160	139684.76398
1.90	170	272725.489376
1.90	180	445060.669361
2.00	0	142269.909018
2.00	10	126838.88952
2.00	20	89270.611142
2.00	30	55157.87856
2.00	40	30851.819978
2.00	50	16765.566095
2.00	60	9577.607791
2.00	70	6114.251472
2.00	80	4582.774558
2.00	90	4183.970871
2.00	100	4728.686119
2.00	110	6456.217946
2.00	120	10133.502756
2.00	130	17535.537245
2.00	140	32563.180484
2.00	150	63897.436766
2.00	160	128426.725897
2.00	170	254252.834889
2.00	180	469082.572045
2.10	0	121398.443234
2.10	10	105773.087832
2.10	20	73637.967483
2.10	30	43974.481548
2.10	40	23788.52738
2.10	50	12584.673255
2.10	60	6985.721159
2.10	70	4357.619827
2.10	80	3215.087696
2.10	90	2930.533733
2.10	100	3360.005741
2.10	110	4702.120762
2.10	120	7591.399212
2.10	130	13551.867956
2.10	140	26191.146701
2.10	150	54346.380774
2.10	160	116409.738401
2.10	170	248376.294
2.10	180	750770.727066
2.20	0	96147.19485
2.20	10	85316.997176
2.20	20	59190.904435
2.20	30	34388.803296
2.20	40	18098.146735
2.20	50	9335.820759
2.20	60	5051.846456
2.20	70	3076.845486
2.20	80	2231.786284
2.20	90	2030.546615
2.20	100	2364.760307
2.20	110	3397.447303
2.20	120	5645.434806
2.20	130	10374.52291
2.20	140	20808.089607
2.20	150	45180.904707
2.20	160	101286.093285
2.20	170	237057.822685
2.30	0	78454.836442
2.30	10	69333.47755
2.30	20	46580.129882
2.30	30	26373.008276
2.30	40	13612.816794
2.30	50	6853.010661
2.30	60	3620.645252
2.30	70	2149.875047
2.30	80	1530.354672
2.30	90	1389.467157
2.30	100	1646.549023
2.30	110	2433.779265
2.30	120	4166.397669
2.30	130	7879.464681
2.30	140	16327.870994
2.30	150	36789.395988
2.30	160	85613.923952
2.30	170	215114.163294
2.40	0	66520.994614
2.40	10	54874.335728
2.40	20	35674.974548
2.40	30	19861.459473
2.40	40	10101.218796
2.40	50	4981.898639
2.40	60	2569.488931
2.40	70	1484.136052
2.40	80	1034.167444
2.40	90	936.693376
2.40	100	1132.270354
2.40	110	1726.943661
2.40	120	3050.070629
2.40	130	5933.501571
2.40	140	12644.437922
2.40	150	29389.907342
2.40	160	70431.267815
2.40	170	180853.712199
2.40	180	1303905.89841
2.50	0	58515.052231
2.50	10	41093.078614
2.50	20	26619.005999
2.50	30	14743.081056
2.50	40	7397.339151
2.50	50	3586.618022
2.50	60	1803.503692
2.50	70	1009.970152
2.50	80	686.380022
2.50	90	619.841191
2.50	100	767.1141
2.50	110	1212.190649
2.50	120	2213.27534
2.50	130	4427.65052
2.50	140	9672.002426
2.50	150	23068.720767
2.50	160	56444.285405
2.50	170	142026.133131
2.50	180	506009.430534
2.60	0	53079.078406
2.60	10	29748.924781
2.60	20	19475.698076
2.60	30	10785.487348
2.60	40	5357.372545
2.60	50	2555.484161
2.60	60	1249.895364
2.60	70	675.322521
2.60	80	445.064651
2.60	90	400.339753
2.60	100	510.163834
2.60	110	840.204916
2.60	120	1590.474608
2.60	130	3272.660949
2.60	140	7317.834791
2.60	150	17805.990562
2.60	160	44172.505168
2.60	170	106760.403914
2.60	180	247236.638787
2.70	0	24736.645788
2.70	10	21195.890439
2.70	20	14062.015525
2.70	30	7781.624908
2.70	40	3839.962314
2.70	50	1800.194543
2.70	60	853.27286
2.70	70	441.51411
2.70	80	279.514282
2.70	90	249.997843
2.70	100	331.129209
2.70	110	573.568218
2.70	120	1130.383145
2.70	130	2394.631758
2.70	140	5473.910676
2.70	150	13529.743259
2.70	160	33859.078322
2.70	170	78390.112557
2.70	180	143389.770181
2.80	0	17333.889429
2.80	10	14975.108404
2.80	20	10016.695463
2.80	30	5553.088097
2.80	40	2723.290689
2.80	50	1251.935335
2.80	60	571.851024
2.80	70	280.002875
2.80	80	167.400623
2.80	90	148.371013
2.80	100	207.753
2.80	110	384.121791
2.80	120	793.21277
2.80	130	1733.109368
2.80	140	4047.760065
2.80	150	10144.829157
2.80	160	25477.707767
2.80	170	56826.278208
2.80	180	90522.143117
2.90	0	12072.537773
2.90	10	10478.887926
2.90	20	7060.02537
2.90	30	3923.634215
2.90	40	1909.452122
2.90	50	857.716949
2.90	60	374.304743
2.90	70	169.862306
2.90	80	92.626036
2.90	90	80.747851
2.90	100	123.812232
2.90	110	250.825806
2.90	120	548.250491
2.90	130	1239.283172
2.90	140	2958.188365
2.90	150	7508.137356
2.90	160	18872.732751
2.90	170	40822.667318
2.90	180	59970.920848
3.00	0	8352.028239
3.00	10	7276.82291
3.00	20	4933.463382
3.00	30	2744.493691
3.00	40	1321.970037
3.00	50	577.151362
3.00	60	237.306136
3.00	70	95.867723
3.00	80	43.683927
3.00	90	36.624349
3.00	100	67.568714
3.00	110	158.075089
3.00	120	371.952998
3.00	130	874.20112
3.00	140	2135.486266
3.00	150	5486.605801
3.00	160	13790.265818
3.00	170	29099.803034
3.00	180	40726.038277
3.10	0	5746.307654
3.10	10	5020.556805
3.10	20	3418.408583
3.10	30	1898.87674
3.10	40	901.995896
3.10	50	379.689745
3.10	60	143.572051
3.10	70	47.038305
3.10	80	12.427874
3.10	90	8.56268
3.10	100	30.593388
3.10	110	94.364093
3.10	120	246.374219
3.10	130	607.032934
3.10	140	1521.373282
3.10	150	3959.30243
3.10	160	9948.39554
3.10	170	20586.930497
3.10	180	27963.047025
3.20	0	3930.199851
3.20	10	3439.913113
3.20	20	2346.850985
3.20	30	1297.778549
3.20	40	604.834709
3.20	50	242.410113
3.20	60	80.411074
3.20	70	15.542006
3.20	80	-6.858966
3.20	90	-8.654331
3.20	100	6.879117
3.20	110	51.268402
3.20	120	157.944671
3.20	130	413.625685
3.20	140	1068.217445
3.20	150	2820.859004
3.20	160	7090.645488
3.20	170	14445.969967
3.20	180	19247.092676
3.30	0	2668.907232
3.30	10	2337.822967
3.30	20	1594.26199
3.30	30	874.329283
3.30	40	396.872688
3.30	50	148.230274
3.30	60	38.605696
3.30	70	-4.145272
3.30	80	-18.149109
3.30	90	-18.646386
3.30	100	-7.814328
3.30	110	22.661785
3.30	120	96.476449
3.30	130	275.220674
3.30	140	737.727925
3.30	150	1982.944047
3.30	160	4994.24336
3.30	170	10049.886106
3.30	180	13216.09471
3.40	0	1796.523182
3.40	10	1573.368769
3.40	20	1069.570628
3.40	30	578.884795
3.40	40	253.070439
3.40	50	84.561946
3.40	60	11.560279
3.40	70	-15.877293
3.40	80	-24.175371
3.40	90	-23.8961
3.40	100	-16.446319
3.40	110	4.13091
3.40	120	54.391041
3.40	130	177.417325
3.40	140	499.618764
3.40	150	1373.715644
3.40	160	3475.428577
3.40	170	6928.908797
3.40	180	9027.782908
3.50	0	1196.154578
3.50	10	1046.241245
3.50	20	706.683145
3.50	30	374.901283
3.50	40	154.917345
3.50	50	42.249423
3.50	60	-5.383058
3.50	70	-22.319698
3.50	80	-26.801099
3.50	90	-26.086813
3.50	100	-21.058222
3.50	110	-7.471047
3.50	120	26.096401
3.50	130	109.26813
3.50	140	330.248613
3.50	150	936.064129
3.50	160	2387.854648
3.50	170	4732.051395
3.50	180	6124.257744
3.60	0	785.494736
3.60	10	685.287684
3.60	20	457.96483
3.60	30	235.682551
3.60	40	88.878437
3.60	50	14.737589
3.60	60	-15.480492
3.60	70	-25.304577
3.60	80	-27.284816
3.60	90	-26.350771
3.60	100	-23.043078
3.60	110	-14.360584
3.60	120	7.508528
3.60	130	62.545493
3.60	140	211.426579
3.60	150	625.49742
3.60	160	1617.831889
3.60	170	3198.194784
3.60	180	4120.533509
3.70	0	506.676248
3.70	10	440.152962
3.70	20	289.228997
3.70	30	141.855501
3.70	40	45.184494
3.70	50	-2.60982
3.70	60	-20.997071
3.70	70	-26.08455
3.70	80	-26.470454
3.70	90	-25.445189
3.70	100	-23.345937
3.70	110	-18.081176
3.70	120	-4.324843
3.70	130	31.125148
3.70	140	129.32915
3.70	150	407.910753
3.70	160	1078.658041
3.70	170	2136.00395
3.70	180	2745.151697
3.80	0	319.051297
3.80	10	275.274377
3.80	20	176.055159
3.80	30	79.506055
3.80	40	16.886826
3.80	50	-13.047268
3.80	60	-23.505171
3.80	70	-25.512447
3.80	80	-24.918942
3.80	90	-23.874442
3.80	100	-22.606076
3.80	110	-19.699017
3.80	120	-11.513241
3.80	130	10.498749
3.80	140	73.588012
3.80	150	257.554775
3.80	160	705.344157
3.80	170	1406.869439
3.80	180	1807.052793
3.90	0	194.095561
3.90	10	165.587452
3.90	20	101.10946
3.90	30	38.767819
3.90	40	-0.902057
3.90	50	-18.852704
3.90	60	-24.094208
3.90	70	-24.162853
3.90	80	-22.998241
3.90	90	-21.972031
3.90	100	-21.256763
3.90	110	-19.948128
3.90	120	-15.546906
3.90	130	-2.61445
3.90	140	36.515593
3.90	150	155.241822
3.90	160	449.880047
3.90	170	910.964736
3.90	180	1172.025566
4.00	0	111.865033
4.00	10	93.534445
4.00	20	52.223702
4.00	30	12.734271
4.00	40	-11.598356
4.00	50	-21.618113
4.00	60	-23.514268
4.00	70	-22.416172
4.00	80	-20.943021
4.00	90	-19.95338
4.00	100	-19.590401
4.00	110	-19.333317
4.00	120	-17.468731
4.00	130	-10.573569
4.00	140	12.480458
4.00	150	86.849735
4.00	160	277.277222
4.00	170	576.969982
4.00	180	745.801577
4.10	0	58.522081
4.10	10	46.927354
4.10	20	20.95519
4.10	30	-3.385192
4.10	40	-17.580489
4.10	50	-22.449382
4.10	60	-22.272946
4.10	70	-20.51581
4.10	80	-18.898436
4.10	90	-17.953021
4.10	100	-17.802297
4.10	110	-18.203001
4.10	120	-18.003103
4.10	130	-15.051439
4.10	140	-2.586969
4.10	150	42.10828
4.10	160	162.334265
4.10	170	354.408607
4.10	180	462.426441
4.20	0	24.559143
4.20	10	17.39136
4.20	20	1.498507
4.20	30	-12.898394
4.20	40	-20.495484
4.20	50	-22.104224
4.20	60	-20.702861
4.20	70	-18.609679
4.20	80	-16.947857
4.20	90	-16.050304
4.20	100	-16.018771
4.20	110	-16.797655
4.20	120	-17.650837
4.20	130	-17.219599
4.20	140	-11.583977
4.20	150	13.630272
4.20	160	87.111669
4.20	170	207.927631
4.20	180	276.090586
4.30	0	3.495135
4.30	10	-0.787532
4.30	20	-10.121454
4.30	30	-18.080123
4.30	40	-21.472412
4.30	50	-21.089308
4.30	60	-19.012169
4.30	70	-16.782268
4.30	80	-15.13544
4.30	90	-14.287302
4.30	100	-14.316547
4.30	110	-15.280818
4.30	120	-16.758164
4.30	130	-17.888772
4.30	140	-16.541253
4.30	150	-3.83399
4.30	160	38.974099
4.30	170	112.99113
4.30	180	155.219327
4.40	0	-9.069082
4.40	10	-11.493644
4.40	20	-16.616936
4.40	30	-20.483782
4.40	40	-21.272285
4.40	50	-19.730934
4.40	60	-17.323338
4.40	70	-15.076037
4.40	80	-13.480716
4.40	90	-12.682286
4.40	100	-12.737904
4.40	110	-13.761098
4.40	120	-15.563363
4.40	130	-17.613599
4.40	140	-18.860757
4.40	150	-13.969633
4.40	160	9.103034
4.40	170	52.703194
4.40	180	78.188371
4.50	0	-16.111228
4.50	10	-17.358295
4.50	20	-19.827616
4.50	30	-21.157218
4.50	40	-20.395437
4.50	50	-18.230752
4.50	60	-15.703333
4.50	70	-13.50965
4.50	80	-11.988164
4.50	90	-11.239221
4.50	100	-11.30146
4.50	110	-12.306296
4.50	120	-14.229663
4.50	130	-16.770713
4.50	140	-19.499052
4.50	150	-19.325482
4.50	160	-8.615961
4.50	170	15.505594
4.50	180	30.278076
4.60	0	-19.636623
4.60	10	-20.152737
4.60	20	-20.987966
4.60	30	-20.794862
4.60	40	-19.161915
4.60	50	-16.707621
4.60	60	-14.185977
4.60	70	-12.088009
4.60	80	-10.654402
4.60	90	-9.95368
4.60	100	-10.011162
4.60	110	-10.954891
4.60	120	-12.866209
4.60	130	-15.613218
4.60	140	-19.102057
4.60	150	-21.637165
4.60	160	-18.395055
4.60	170	-6.479698
4.60	180	1.523512
4.70	0	-20.981859
4.70	10	-21.055499
4.70	20	-20.913273
4.70	30	-19.846716
4.70	40	-17.769731
4.70	50	-15.228341
4.70	60	-12.786476
4.70	70	-10.808999
4.70	80	-9.471253
4.70	90	-8.816408
4.70	100	-8.862299
4.70	110	-9.724459
4.70	120	-11.54333
4.70	130	-14.30939
4.70	140	-18.101653
4.70	150	-22.06564
4.70	160	-23.112928
4.70	170	-18.606177
4.70	180	-14.79831
4.80	0	-21.020943
4.80	10	-20.834842
4.80	20	-20.130561
4.80	30	-18.597824
4.80	40	-16.338314
4.80	50	-13.828916
4.80	60	-11.509983
4.80	70	-9.666802
4.80	80	-8.427515
4.80	90	-7.816066
4.80	100	-7.846176
4.80	110	-8.619642
4.80	120	-10.302926
4.80	130	-12.96994
4.80	140	-16.783783
4.80	150	-21.374999
4.80	160	-24.71064
4.80	170	-24.49421
4.80	180	-23.209597
4.90	0	-20.311286
4.90	10	-19.980153
4.90	20	-18.972792
4.90	30	-17.224144
4.90	40	-14.937358
4.90	50	-12.528485
4.90	60	-10.356772
4.90	70	-8.653687
4.90	80	-7.511502
4.90	90	-6.939827
4.90	100	-6.951432
4.90	110	-7.636685
4.90	120	-9.166655
4.90	130	-11.665393
4.90	140	-15.333537
4.90	150	-20.06259
4.90	160	-24.469399
4.90	170	-26.565597
4.90	180	-26.730299
5.00	0	-19.199189
5.00	10	-18.794933
5.00	20	-17.644733
5.00	30	-15.831439
5.00	40	-13.606791
5.00	50	-11.335922
5.00	60	-9.323558
5.00	70	-7.760019
5.00	80	-6.710455
5.00	90	-6.175045
5.00	100	-6.166577
5.00	110	-6.767543
5.00	120	-8.141926
5.00	130	-10.437909
5.00	140	-13.867263
5.00	150	-18.448391
5.00	160	-23.210139
5.00	170	-26.41047
5.00	180	-27.346151
5.10	0	-17.895595
5.10	10	-17.463822
5.10	20	-16.270038
5.10	30	-14.481403
5.10	40	-12.368121
5.10	50	-10.254493
5.10	60	-8.40491
5.10	70	-6.975375
5.10	80	-6.011963
5.10	90	-5.509376
5.10	100	-5.480355
5.10	110	-6.002167
5.10	120	-7.227399
5.10	130	-9.310099
5.10	140	-12.455456
5.10	150	-16.735471
5.10	160	-21.441655
5.10	170	-25.041055
5.10	180	-26.331228
5.20	0	-16.527331
5.20	10	-16.096408
5.20	20	-14.920489
5.20	30	-13.208005
5.20	40	-11.231638
5.20	50	-9.283266
5.20	60	-7.593185
5.20	70	-6.288894
5.20	80	-5.403715
5.20	90	-4.930669
5.20	100	-4.881796
5.20	110	-5.330132
5.20	120	-6.416669
5.20	130	-8.290021
5.20	140	-11.13748
5.20	150	-15.046592
5.20	160	-19.472716
5.20	170	-23.076554
5.20	180	-24.475907
5.30	0	-15.17017
5.30	10	-14.757528
5.30	20	-13.636081
5.30	30	-12.028382
5.30	40	-10.200905
5.30	50	-8.417895
5.30	60	-6.879314
5.30	70	-5.689127
5.30	80	-4.874432
5.30	90	-4.428051
5.30	100	-4.360678
5.30	110	-4.741366
5.30	120	-5.700339
5.30	130	-7.377004
5.30	140	-9.931831
5.30	150	-13.451536
5.30	160	-17.487328
5.30	170	-20.884124
5.30	180	-22.254316
5.40	0	-13.868489
5.40	10	-13.484108
5.40	20	-12.438004
5.40	30	-10.950121
5.40	40	-9.275114
5.40	50	-7.65198
5.40	60	-6.252782
5.40	70	-5.165201
5.40	80	-4.413443
5.40	90	-3.991485
5.40	100	-3.90781
5.40	110	-4.226371
5.40	120	-5.069108
5.40	130	-6.564325
5.40	140	-8.843971
5.40	150	-11.983359
5.40	160	-15.591211
5.40	170	-18.675606
5.40	180	-19.943621
5.50	0	-12.647697
5.50	10	-12.296404
5.50	20	-11.336228
5.50	30	-9.974537
5.50	40	-8.450013
5.50	50	-6.976756
5.50	60	-5.703179
5.50	70	-4.706735
5.50	80	-4.011394
5.50	90	-3.612108
5.50	100	-3.514212
5.50	110	-3.776531
5.50	120	-4.51315
5.50	130	-5.84321
5.50	140	-7.871186
5.50	150	-10.65331
5.50	160	-13.839283
5.50	170	-16.571633
5.50	180	-17.702681
5.60	0	-11.521516
5.60	10	-11.204778
5.60	20	-10.334475
5.60	30	-9.099181
5.60	40	-7.718566
5.60	50	-6.382025
5.60	60	-5.220058
5.60	70	-4.304619
5.60	80	-3.660306
5.60	90	-3.281726
5.60	100	-3.171864
5.60	110	-3.383939
5.60	120	-4.024129
5.60	130	-5.204089
5.60	140	-7.005713
5.60	150	-9.46065
5.60	160	-12.253415
5.60	170	-14.635447
5.60	180	-15.618868
5.70	0	-10.496028
5.70	10	-10.213276
5.70	20	-9.431683
5.70	30	-8.318816
5.70	40	-7.07192
5.70	50	-5.857692
5.70	60	-4.794009
5.70	70	-3.950826
5.70	80	-3.352677
5.70	90	-2.993612
5.70	100	-2.874153
5.70	110	-3.041399
5.70	120	-3.594265
5.70	130	-4.637784
5.70	140	-6.237628
5.70	150	-8.3983
5.70	160	-10.836182
5.70	170	-12.892981
5.70	180	-13.734442
5.80	0	-9.572252
5.80	10	-9.321493
5.80	20	-8.624348
5.80	30	-7.625896
5.80	40	-6.500102
5.80	50	-5.393692
5.80	60	-4.416911
5.80	70	-3.638531
5.80	80	-3.082435
5.80	90	-2.741651
5.80	100	-2.61452
5.80	110	-2.742675
5.80	120	-3.216789
5.80	130	-4.136415
5.80	140	-5.556523
5.80	150	-7.456492
5.80	160	-9.579268
5.80	170	-11.348132
5.80	180	-12.062167
5.90	0	-8.747119
5.90	10	-8.525592
5.90	20	-7.905892
5.90	30	-7.011455
5.90	40	-5.992795
5.90	50	-4.981475
5.90	60	-4.081821
5.90	70	-3.361951
5.90	80	-2.844413
5.90	90	-2.520815
5.90	100	-2.387899
5.90	110	-2.482016
5.90	120	-2.885681
5.90	130	-3.693103
5.90	140	-4.952495
5.90	150	-6.623983
5.90	160	-8.470884
5.90	170	-9.991063
5.90	180	-10.596507
6.00	0	-8.014473
6.00	10	-7.818811
6.00	20	-7.268035
6.00	30	-6.465607
6.00	40	-5.540973
6.00	50	-4.613266
6.00	60	-3.782972
6.00	70	-3.116393
6.00	80	-2.634211
6.00	90	-2.326552
6.00	100	-2.189594
6.00	110	-2.254285
6.00	120	-2.595285
6.00	130	-3.301503
6.00	140	-4.416848
6.00	150	-5.88976
6.00	160	-7.49766
6.00	170	-8.80649
6.00	180	-9.322263
6.20	0	-6.790577
6.20	10	-6.636159
6.20	20	-6.196423
6.20	30	-5.542483
6.20	40	-4.77185
6.20	50	-3.9857
6.20	60	-3.276033
6.20	70	-2.702957
6.20	80	-2.28263
6.20	90	-2.004484
6.20	100	-1.862409
6.20	110	-1.880634
6.20	120	-2.117861
6.20	130	-2.651668
6.20	140	-3.521773
6.20	150	-4.671646
6.20	160	-5.902665
6.20	170	-6.886099
6.20	180	-7.269936
6.40	0	-5.821197
6.40	10	-5.69592
6.40	20	-5.336068
6.40	30	-4.792917
6.40	40	-4.143855
6.40	50	-3.475314
6.40	60	-2.867618
6.40	70	-2.372587
6.40	80	-2.00393
6.40	90	-1.750988
6.40	100	-1.607652
6.40	110	-1.592074
6.40	120	-1.750624
6.40	130	-2.147788
6.40	140	-2.82151
6.40	150	-3.722859
6.40	160	-4.684369
6.40	170	-5.446199
6.40	180	-5.743271
6.60	0	-5.036846
6.60	10	-4.932417
6.60	20	-4.63185
6.60	30	-4.175746
6.60	40	-3.62689
6.60	50	-3.057553
6.60	60	-2.536086
6.60	70	-2.106371
6.60	80	-1.780317
6.60	90	-1.549019
6.60	100	-1.40641
6.60	110	-1.366789
6.60	120	-1.46634
6.60	130	-1.757053
6.60	140	-2.27522
6.60	150	-2.982605
6.60	160	-3.744704
6.60	170	-4.352884
6.60	180	-4.591061
6.80	0	-4.391485
6.80	10	-4.303332
6.80	20	-4.049957
6.80	30	-3.665203
6.80	40	-3.200079
6.80	50	-2.71435
6.80	60	-2.264823
6.80	70	-1.889379
6.80	80	-1.598569
6.80	90	-1.385592
6.80	100	-1.244981
6.80	110	-1.188244
6.80	120	-1.244251
6.80	130	-1.453101
6.80	140	-1.848475
6.80	150	-2.403998
6.80	160	-3.012287
6.80	170	-3.504799
6.80	180	-3.69893
7.00	0	-3.857954
7.00	10	-3.783069
7.00	20	-3.568702
7.00	30	-3.24252
7.00	40	-2.846612
7.00	50	-2.430086
7.00	60	-2.040437
7.00	70	-1.710112
7.00	80	-1.448777
7.00	90	-1.251282
7.00	100	-1.113384
7.00	110	-1.044839
7.00	120	-1.068623
7.00	130	-1.215289
7.00	140	-1.513693
7.00	150	-1.950374
7.00	160	-2.438396
7.00	170	-2.838901
7.00	180	-2.997921
7.20	0	-3.416815
7.20	10	-3.353028
7.20	20	-3.170137
7.20	30	-2.891654
7.20	40	-2.552001
7.20	50	-2.192369
7.20	60	-1.852746
7.20	70	-1.560336
7.20	80	-1.323743
7.20	90	-1.139465
7.20	100	-1.004997
7.20	110	-0.92817
7.20	120	-0.928166
7.20	130	-1.02792
7.20	140	-1.2505
7.20	150	-1.592484
7.20	160	-1.986787
7.20	170	-2.314911
7.20	180	-2.44591
7.40	0	-3.050945
7.40	10	-2.996004
7.40	20	-2.838399
7.40	30	-2.597973
7.40	40	-2.304094
7.40	50	-1.99164
7.40	60	-1.694082
7.40	70	-1.433616
7.40	80	-1.218084
7.40	90	-1.0454
7.40	100	-0.91456
7.40	110	-0.832352
7.40	120	-0.814463
7.40	130	-0.879232
7.40	140	-1.043168
7.40	150	-1.308723
7.40	160	-1.628112
7.40	170	-1.899806
7.40	180	-2.009187
7.60	0	-2.744916
7.60	10	-2.697013
7.60	20	-2.559721
7.60	30	-2.350147
7.60	40	-2.094257
7.60	50	-1.821138
7.60	60	-1.558696
7.60	70	-1.325359
7.60	80	-1.127745
7.60	90	-0.965689
7.60	100	-0.838647
7.60	110	-0.753083
7.60	120	-0.721935
7.60	130	-0.760102
7.60	140	-0.879241
7.60	150	-1.083253
7.60	160	-1.34012
7.60	170	-1.566071
7.60	180	-1.658047
7.80	0	-2.486104
7.80	10	-2.444084
7.80	20	-2.323414
7.80	30	-2.139655
7.80	40	-1.915196
7.80	50	-1.675207
7.80	60	-1.442471
7.80	70	-1.232085
7.80	80	-1.050116
7.80	90	-0.897402
7.80	100	-0.774574
7.80	110	-0.687086
7.80	120	-0.645964
7.80	130	-0.663771
7.80	140	-0.748921
7.80	150	-0.903946
7.80	160	-1.107661
7.80	170	-1.293092
7.80	180	-1.370023
8.00	0	-2.265199
8.00	10	-2.228075
8.00	20	-2.121599
8.00	30	-1.959834
8.00	40	-1.762063
8.00	50	-1.549759
8.00	60	-1.342002
8.00	70	-1.151092
8.00	80	-0.982719
8.00	90	-0.838617
8.00	100	-0.719977
8.00	110	-0.631865
8.00	120	-0.583352
8.00	130	-0.585317
8.00	140	-0.644395
8.00	150	-0.761049
8.00	160	-0.919653
8.00	170	-1.068571
8.00	180	-1.131317
8.20	0	-2.075582
8.20	10	-2.042695
8.20	20	-1.948445
8.20	30	-1.805471
8.20	40	-1.630243
8.20	50	-1.441409
8.20	60	-1.254559
8.20	70	-1.080224
8.20	80	-0.923961
8.20	90	-0.787573
8.20	100	-0.673238
8.20	110	-0.585122
8.20	120	-0.531264
8.20	130	-0.521081
8.20	140	-0.559709
8.20	150	-0.646334
8.20	160	-0.767796
8.20	170	-0.884323
8.20	180	-0.933987
8.40	0	-1.912241
8.40	10	-1.88318
8.40	20	-1.799667
8.40	30	-1.672425
8.40	40	-1.516712
8.40	50	-1.34744
8.40	60	-1.178066
8.40	70	-1.017846
8.40	80	-0.872155
8.40	90	-0.743061
8.40	100	-0.632848
8.40	110	-0.54543
8.40	120	-0.487812
8.40	130	-0.467741
8.40	140	-0.490288
8.40	150	-0.55342
8.40	160	-0.645218
8.40	170	-0.734264
8.40	180	-0.772676
8.60	0	-1.771247
8.60	10	-1.745412
8.60	20	-1.671059
8.60	30	-1.557665
8.60	40	-1.418022
8.60	50	-1.26522
8.60	60	-1.110786
8.60	70	-0.962814
8.60	80	-0.826306
8.60	90	-0.703987
8.60	100	-0.597894
8.60	110	-0.511578
8.60	120	-0.45118
8.60	130	-0.42341
8.60	140	-0.432889
8.60	150	-0.477288
8.60	160	-0.545901
8.60	170	-0.61318
8.60	180	-0.642124
8.80	0	-1.649116
8.80	10	-1.626031
8.80	20	-1.559648
8.80	30	-1.457939
8.80	40	-1.331879
8.80	50	-1.192909
8.80	60	-1.051111
8.80	70	-0.913753
8.80	80	-0.785558
8.80	90	-0.669441
8.80	100	-0.567234
8.80	110	-0.482596
8.80	120	-0.420286
8.80	130	-0.386472
8.80	140	-0.385182
8.80	150	-0.414603
8.80	160	-0.464913
8.80	170	-0.515187
8.80	180	-0.536753
9.00	0	-1.542772
9.00	10	-1.522061
9.00	20	-1.462362
9.00	30	-1.370528
9.00	40	-1.256106
9.00	50	-1.128867
9.00	60	-0.997978
9.00	70	-0.869966
9.00	80	-0.749295
9.00	90	-0.638762
9.00	100	-0.540508
9.00	110	-0.457447
9.00	120	-0.394024
9.00	130	-0.355489
9.00	140	-0.3453
9.00	150	-0.362522
9.00	160	-0.398378
9.00	170	-0.435547
9.00	180	-0.451634
9.50	0	-1.330003
9.50	10	-1.313665
9.50	20	-1.266552
9.50	30	-1.193395
9.50	40	-1.101057
9.50	50	-0.996945
9.50	60	-0.887634
9.50	70	-0.778667
9.50	80	-0.673763
9.50	90	-0.575523
9.50	100	-0.486063
9.50	110	-0.407569
9.50	120	-0.343592
9.50	130	-0.297604
9.50	140	-0.27241
9.50	150	-0.26782
9.50	160	-0.278494
9.50	170	-0.293985
9.50	180	-0.30111
10.00	0	-1.170253
10.00	10	-1.156954
10.00	20	-1.118438
10.00	30	-1.058337
10.00	40	-0.981768
10.00	50	-0.894212
10.00	60	-0.800992
10.00	70	-0.706639
10.00	80	-0.614247
10.00	90	-0.526317
10.00	100	-0.444551
10.00	110	-0.371228
10.00	120	-0.308638
10.00	130	-0.259658
10.00	140	-0.22637
10.00	150	-0.208827
10.00	160	-0.204781
10.00	170	-0.207553
10.00	180	-0.209657
10.50	0	-1.045479
10.50	10	-1.034389
10.50	20	-1.002334
10.50	30	-0.951623
10.50	40	-0.886773
10.50	50	-0.811713
10.50	60	-0.731066
10.50	70	-0.64812
10.50	80	-0.565998
10.50	90	-0.486576
10.50	100	-0.411869
10.50	110	-0.343404
10.50	120	-0.283338
10.50	130	-0.233998
10.50	140	-0.196935
10.50	150	-0.172705
10.50	160	-0.160028
10.50	170	-0.155513
10.50	180	-0.154618
11.00	0	-0.945229
11.00	10	-0.935783
11.00	20	-0.908389
11.00	30	-0.865082
11.00	40	-0.80909
11.00	50	-0.743888
11.00	60	-0.673072
11.00	70	-0.599379
11.00	80	-0.525725
11.00	90	-0.453764
11.00	100	-0.385176
11.00	110	-0.321544
11.00	120	-0.264528
11.00	130	-0.216165
11.00	140	-0.177839
11.00	150	-0.150302
11.00	160	-0.133187
11.00	170	-0.124447
11.00	180	-0.121999
11.50	0	-0.86278
11.50	10	-0.854719
11.50	20	-0.830975
11.50	30	-0.793301
11.50	40	-0.744381
11.50	50	-0.68691
11.50	60	-0.623933
11.50	70	-0.558114
11.50	80	-0.491422
11.50	90	-0.425882
11.50	100	-0.362659
11.50	110	-0.303526
11.50	120	-0.249954
11.50	130	-0.203297
11.50	140	-0.16518
11.50	150	-0.136433
11.50	160	-0.117129
11.50	170	-0.10629
11.50	180	-0.102925
12.00	0	-0.793783
12.00	10	-0.786695
12.00	20	-0.765891
12.00	30	-0.732669
12.00	40	-0.689407
12.00	50	-0.638334
12.00	60	-0.581852
12.00	70	-0.522488
12.00	80	-0.461775
12.00	90	-0.401665
12.00	100	-0.343471
12.00	110	-0.288528
12.00	120	-0.238155
12.00	130	-0.193778
12.00	140	-0.156542
12.00	150	-0.127832
12.00	160	-0.107752
12.00	170	-0.09593
12.00	180	-0.092167
12.50	0	-0.73501
12.50	10	-0.728636
12.50	20	-0.710122
12.50	30	-0.680713
12.50	40	-0.642015
12.50	50	-0.596192
12.50	60	-0.545146
12.50	70	-0.491138
12.50	80	-0.4357
12.50	90	-0.380512
12.50	100	-0.326637
12.50	110	-0.27547
12.50	120	-0.228305
12.50	130	-0.186155
12.50	140	-0.150698
12.50	150	-0.122565
12.50	160	-0.102286
12.50	170	-0.090376
12.50	180	-0.086475
13.00	0	-0.684207
13.00	10	-0.678642
13.00	20	-0.662136
13.00	30	-0.635651
13.00	40	-0.600756
13.00	50	-0.559249
13.00	60	-0.512901
13.00	70	-0.463583
13.00	80	-0.412608
13.00	90	-0.361684
13.00	100	-0.311716
13.00	110	-0.264036
13.00	120	-0.219831
13.00	130	-0.180062
13.00	140	-0.146192
13.00	150	-0.119136
13.00	160	-0.099518
13.00	170	-0.087663
13.00	180	-0.08377
13.50	0	-0.639932
13.50	10	-0.634891
13.50	20	-0.619908
13.50	30	-0.596071
13.50	40	-0.564295
13.50	50	-0.526503
13.50	60	-0.484295
13.50	70	-0.438847
13.50	80	-0.391937
13.50	90	-0.344669
13.50	100	-0.298319
13.50	110	-0.253815
13.50	120	-0.212311
13.50	130	-0.174976
13.50	140	-0.142984
13.50	150	-0.117051
13.50	160	-0.098105
13.50	170	-0.086602
13.50	180	-0.082707
14.00	0	-0.600884
14.00	10	-0.596291
14.00	20	-0.58274
14.00	30	-0.560939
14.00	40	-0.532043
14.00	50	-0.497375
14.00	60	-0.458454
14.00	70	-0.416718
14.00	80	-0.373319
14.00	90	-0.329423
14.00	100	-0.286119
14.00	110	-0.244604
14.00	120	-0.205651
14.00	130	-0.170482
14.00	140	-0.140189
14.00	150	-0.11559
14.00	160	-0.097503
14.00	170	-0.08642
14.00	180	-0.082749
14.50	0	-0.566082
14.50	10	-0.561902
14.50	20	-0.549522
14.50	30	-0.529521
14.50	40	-0.503041
14.50	50	-0.471209
14.50	60	-0.435294
14.50	70	-0.396711
14.50	80	-0.356254
14.50	90	-0.315377
14.50	100	-0.275044
14.50	110	-0.236178
14.50	120	-0.199615
14.50	130	-0.166425
14.50	140	-0.137879
14.50	150	-0.114609
14.50	160	-0.097375
14.50	170	-0.086765
14.50	180	-0.083229
15.00	0	-0.534906
15.00	10	-0.531175
15.00	20	-0.51964
15.00	30	-0.501312
15.00	40	-0.476979
15.00	50	-0.447531
15.00	60	-0.414234
15.00	70	-0.378328
15.00	80	-0.340693
15.00	90	-0.302482
15.00	100	-0.26468
15.00	110	-0.228194
15.00	120	-0.193997
15.00	130	-0.16291
15.00	140	-0.135765
15.00	150	-0.113779
15.00	160	-0.097429
15.00	170	-0.087493
15.00	180	-0.084028
16.00	0	-0.481326
16.00	10	-0.478157
16.00	20	-0.468329
16.00	30	-0.45258
16.00	40	-0.431615
16.00	50	-0.406205
16.00	60	-0.377342
16.00	70	-0.346023
16.00	80	-0.313054
16.00	90	-0.279648
16.00	100	-0.24638
16.00	110	-0.214196
16.00	120	-0.183762
16.00	130	-0.156086
16.00	140	-0.132085
16.00	150	-0.112287
16.00	160	-0.097717
16.00	170	-0.088675
16.00	180	-0.085647
17.00	0	-0.436805
17.00	10	-0.433891
17.00	20	-0.425509
17.00	30	-0.411847
17.00	40	-0.39354
17.00	50	-0.371259
17.00	60	-0.346046
17.00	70	-0.318427
17.00	80	-0.289412
17.00	90	-0.259795
17.00	100	-0.230215
17.00	110	-0.201616
17.00	120	-0.174583
17.00	130	-0.149923
17.00	140	-0.128522
17.00	150	-0.110842
17.00	160	-0.097774
17.00	170	-0.089601
17.00	180	-0.086932
18.00	0	-0.399092
18.00	10	-0.396629
18.00	20	-0.389111
18.00	30	-0.377124
18.00	40	-0.361018
18.00	50	-0.341454
18.00	60	-0.318924
18.00	70	-0.294569
18.00	80	-0.268943
18.00	90	-0.242436
18.00	100	-0.216014
18.00	110	-0.190432
18.00	120	-0.166234
18.00	130	-0.144027
18.00	140	-0.124919
18.00	150	-0.109109
18.00	160	-0.097263
18.00	170	-0.090018
18.00	180	-0.087588
19.00	0	-0.366554
19.00	10	-0.36432
19.00	20	-0.35795
19.00	30	-0.347336
19.00	40	-0.332992
19.00	50	-0.315562
19.00	60	-0.295628
19.00	70	-0.273741
19.00	80	-0.250768
19.00	90	-0.22694
19.00	100	-0.203224
19.00	110	-0.180223
19.00	120	-0.158481
19.00	130	-0.138655
19.00	140	-0.121235
19.00	150	-0.107062
19.00	160	-0.09647
19.00	170	-0.089961
19.00	180	-0.087708
20.00	0	-0.33823
20.00	10	-0.336291
20.00	20	-0.330439
20.00	30	-0.321308
20.00	40	-0.308646
20.00	50	-0.292905
20.00	60	-0.27499
20.00	70	-0.255294
20.00	80	-0.234523
20.00	90	-0.213163
20.00	100	-0.191767
20.00	110	-0.170997
20.00	120	-0.151184
20.00	130	-0.133349
20.00	140	-0.117579
20.00	150	-0.104797
20.00	160	-0.095251
20.00	170	-0.088967
20.00	180	-0.086945
21.00	0	-0.313854
21.00	10	-0.31205
21.00	20	-0.306817
21.00	30	-0.298275
21.00	40	-0.286858
21.00	50	-0.272854
21.00	60	-0.256695
21.00	70	-0.239028
21.00	80	-0.220137
21.00	90	-0.200723
21.00	100	-0.181363
21.00	110	-0.162435
21.00	120	-0.144478
21.00	130	-0.128155
21.00	140	-0.113809
21.00	150	-0.102137
21.00	160	-0.093428
21.00	170	-0.088061
21.00	180	-0.086211
22.00	0	-0.291925
22.00	10	-0.290294
22.00	20	-0.285663
22.00	30	-0.277996
22.00	40	-0.267697
22.00	50	-0.254996
22.00	60	-0.240458
22.00	70	-0.224361
22.00	80	-0.2073
22.00	90	-0.189632
22.00	100	-0.171908
22.00	110	-0.154666
22.00	120	-0.138311
22.00	130	-0.123241
22.00	140	-0.110139
22.00	150	-0.099451
22.00	160	-0.091471
22.00	170	-0.086635
22.00	180	-0.084886
23.00	0	-0.272755
23.00	10	-0.271299
23.00	20	-0.2671
23.00	30	-0.259984
23.00	40	-0.250642
23.00	50	-0.239009
23.00	60	-0.225724
23.00	70	-0.210977
23.00	80	-0.1954
23.00	90	-0.179433
23.00	100	-0.163078
23.00	110	-0.14731
23.00	120	-0.13233
23.00	130	-0.118605
23.00	140	-0.106558
23.00	150	-0.096785
23.00	160	-0.089392
23.00	170	-0.08497
23.00	180	-0.083434
24.00	0	-0.255596
24.00	10	-0.254284
24.00	20	-0.250368
24.00	30	-0.24399
24.00	40	-0.235272
24.00	50	-0.224658
24.00	60	-0.212336
24.00	70	-0.198949
24.00	80	-0.18467
24.00	90	-0.169808
24.00	100	-0.154992
24.00	110	-0.140537
24.00	120	-0.126635
24.00	130	-0.11414
24.00	140	-0.103179
24.00	150	-0.094081
24.00	160	-0.087449
24.00	170	-0.083316
24.00	180	-0.081907
25.00	0	-0.240066
25.00	10	-0.238877
25.00	20	-0.235312
25.00	30	-0.229461
25.00	40	-0.221435
25.00	50	-0.211652
25.00	60	-0.200369
25.00	70	-0.187969
25.00	80	-0.174724
25.00	90	-0.161103
25.00	100	-0.147407
25.00	110	-0.133971
25.00	120	-0.1214
25.00	130	-0.109819
25.00	140	-0.099736
25.00	150	-0.091539
25.00	160	-0.085343
25.00	170	-0.08151
25.00	180	-0.080238
50.00	0	-0.076642
50.00	10	-0.076325
50.00	20	-0.075479
50.00	30	-0.07408
50.00	40	-0.072043
50.00	50	-0.069674
50.00	60	-0.066831
50.00	70	-0.063872
50.00	80	-0.060466
50.00	90	-0.057094
50.00	100	-0.053629
50.00	110	-0.050398
50.00	120	-0.047189
50.00	130	-0.044437
50.00	140	-0.041954
50.00	150	-0.03995
50.00	160	-0.03849
50.00	170	-0.037654
50.00	180	-0.037232
100.00	0	-0.009808
100.00	10	-0.009729
100.00	20	-0.009599
100.00	30	-0.009155
100.00	40	-0.008683
100.00	50	-0.008093
100.00	60	-0.007344
100.00	70	-0.006604
100.00	80	-0.005775
100.00	90	-0.004943
100.00	100	-0.004124
100.00	110	-0.003248
100.00	120	-0.00251
100.00	130	-0.001744
100.00	140	-0.001167
100.00	150	-0.000693
100.00	160	-0.000343
100.00	170	-0.000143
100.00	180	-0.0
