T	2->0	4->0	6->0	8->0	10->0	4->2	6->2	8->2	10->2	6->4	8->4	10->4	8->6	10->6	10->8	
1.000000000000000000e+00 8.489168753168854964e-13 1.006111202856760816e-13 7.749059619554344676e-15 3.829410157582341384e-17 9.718065600758844367e-18 5.489340714021198597e-12 3.182678445549207836e-13 1.321504707006336976e-15 1.759021132554189200e-16 9.400332002741409569e-12 2.824627731260862657e-14 3.473804231448012756e-15 6.638257934563602782e-13 6.312785583735538424e-14 1.096805516880254844e-12
2.000000000000000000e+00 9.427749447898323265e-13 1.198490210104519981e-13 9.191125398818373889e-15 7.161679215354640744e-17 1.582432884478344126e-17 6.683745286085899782e-12 3.846484667004600090e-13 2.488849524816117598e-15 2.863239050173201050e-16 1.175878838701111414e-11 5.291464984593644427e-14 5.614930687172635527e-15 1.199040065302128189e-12 9.914690639840563077e-14 1.677199718199300066e-12
3.000000000000000000e+00 1.063993270645855213e-12 1.227576028063775442e-13 9.566533792854478764e-15 8.623223630127565283e-17 1.790016612698069749e-17 6.820596283322822841e-12 3.991538364710334273e-13 2.990397927860070646e-15 3.218913527460832793e-16 1.222813667203378095e-11 6.304004160328776481e-14 6.247212278353645303e-15 1.373866727938152815e-12 1.071398550084733814e-13 1.759035717078160038e-12
4.000000000000000000e+00 1.209619415691344303e-12 1.228635021375566741e-13 9.704295216612772093e-15 9.352465910934756581e-17 1.879825131452324366e-17 6.773046078406066684e-12 4.023571500800482376e-13 3.229543207406956449e-15 3.358046621926591033e-16 1.227265900516013700e-11 6.765563503995994078e-14 6.466291208600781026e-15 1.435560402443131478e-12 1.086802659243398204e-13 1.745304135909723069e-12
5.000000000000000000e+00 1.363382140767099690e-12 1.225962471573137613e-13 9.764359278951667065e-15 9.786947850262259618e-17 1.931223574093134464e-17 6.700857972894769833e-12 4.020700977666811898e-13 3.361933027582204463e-15 3.425992287981356776e-16 1.218780222100837765e-11 7.007404913554956051e-14 6.555849502587736236e-15 1.458196810340201698e-12 1.086018234550290994e-13 1.715046432163619580e-12
6.000000000000000000e+00 1.513253889435305630e-12 1.225628404001923971e-13 9.776412713211641424e-15 1.009875213725204946e-16 1.970576685607261854e-17 6.641587920600479757e-12 3.998930284355534667e-13 3.448687019041695106e-15 3.470351292862257393e-16 1.204176955563755741e-11 7.156109403337067670e-14 6.604721826263381480e-15 1.466489031672566499e-12 1.082138560964104907e-13 1.686171042656467099e-12
7.000000000000000000e+00 1.653758481671809146e-12 1.229242436167341265e-13 9.743633009403634148e-15 1.036212839054051779e-16 2.007907322222292339e-17 6.603879894724086019e-12 3.961150135847615767e-13 3.516089147531763941e-15 3.509072067148300531e-16 1.185169073507946958e-11 7.265086844631939414e-14 6.645019344388429440e-15 1.469775729219098308e-12 1.079165110525135359e-13 1.662714694939446315e-12
8.000000000000000000e+00 1.783799372351021110e-12 1.237035264355253366e-13 9.668230412514897685e-15 1.061183927682299939e-16 2.047363278856716084e-17 6.588074514191047571e-12 3.908836911775302004e-13 3.576378568543165017e-15 3.549541415211105124e-16 1.162544817025346121e-11 7.358772518148943370e-14 6.689314996163894564e-15 1.471881593902638952e-12 1.078314019593344283e-13 1.645096578001964024e-12
9.000000000000000000e+00 1.904396748956601308e-12 1.248721594960369725e-13 9.555535633030923364e-15 1.086523521100982459e-16 2.090752174335719996e-17 6.591845709552165361e-12 3.844193269250255923e-13 3.635609991102241349e-15 3.594937235782035189e-16 1.137057100289049567e-11 7.449009148604161036e-14 6.742634306822774831e-15 1.474429678424403359e-12 1.079858119372450538e-13 1.632782447057938722e-12
1.000000000000000000e+01 2.017292286833126715e-12 1.263782220593206409e-13 9.412868360694199717e-15 1.113139987488260745e-16 2.138883129658869094e-17 6.611968272027971524e-12 3.769957356206505680e-13 3.696908244180155671e-15 3.646627100765599846e-16 1.109492886735489145e-11 7.541740388243786028e-14 6.806862722872265271e-15 1.478094156353808331e-12 1.083740573313240082e-13 1.625051642105282383e-12
1.100000000000000000e+01 2.124248582205492310e-12 1.281582825564380468e-13 9.247963249845440757e-15 1.141524929420079219e-16 2.192119245715994858e-17 6.644971148504274452e-12 3.688922287545834313e-13 3.761926515254037479e-15 3.705161331109916642e-16 1.080599300602141744e-11 7.639979214170489657e-14 6.882524994075258940e-15 1.483119118452357900e-12 1.089797040423522849e-13 1.621221263596885471e-12
1.200000000000000000e+01 2.226751410132264952e-12 1.301445584357404993e-13 9.067970585022684090e-15 1.171949581759288668e-16 2.250619034413042868e-17 6.687447577495017408e-12 3.603618066892821039e-13 3.831544447221119056e-15 3.770712587914006054e-16 1.051026140180255266e-11 7.745216140000428790e-14 6.969552749552709672e-15 1.489548754688779128e-12 1.097839370559780035e-13 1.620702302155940310e-12
1.300000000000000000e+01 2.325918998692806717e-12 1.322701962366573788e-13 8.879006943803689723e-15 1.204564466528582115e-16 2.314446715312030634e-17 6.736237128752096850e-12 3.516173076098564323e-13 3.906221417508244325e-15 3.843279975354574645e-16 1.021303505787452057e-11 7.858125469667841223e-14 7.067630589899233196e-15 1.497334897404437135e-12 1.107686741489808152e-13 1.623002869965062779e-12
1.400000000000000000e+01 2.422510311974893916e-12 1.344731278530863556e-13 8.686050561159535505e-15 1.239452527414001533e-16 2.383624219685091494e-17 6.788536169596284204e-12 3.428290412600857027e-13 3.986183810416159354e-15 3.922786984534876211e-16 9.918434031250186076e-12 7.978936071737462828e-14 7.176356057173265687e-15 1.506389134201624288e-12 1.119176025666770390e-13 1.627716219309564959e-12
1.500000000000000000e+01 2.516976204336908226e-12 1.366985607221070864e-13 8.493013209739651193e-15 1.276658676464405308e-16 2.458156124394647813e-17 6.841954433367732088e-12 3.341282453256854709e-13 4.071528129569746247e-15 4.009129477692969501e-16 9.629532297116827826e-12 8.107633322702865679e-14 7.295313868669288589e-15 1.516608597072975092e-12 1.132163888635730156e-13 1.634506098906691635e-12
1.600000000000000000e+01 2.609524644513511562e-12 1.389002494918578725e-13 8.302884677876559676e-15 1.316206796421963176e-16 2.538041545588724207e-17 6.894529329792778699e-12 3.256128250412625780e-13 4.162279475573266361e-15 4.102199393263198856e-16 9.348533038482075521e-12 8.244072224592256202e-14 7.424109488838719387e-15 1.527888751370493428e-12 1.146525728516039104e-13 1.643093399881655378e-12
1.700000000000000000e+01 2.700185448081616524e-12 1.410408054313124621e-13 8.117894001826069353e-15 1.358109783148111784e-16 2.623279562140323991e-17 6.944709640296460961e-12 3.173534838301882209e-13 4.258425410780910858e-15 4.201896360567351393e-16 9.076942783522861379e-12 8.388041983813821725e-14 7.562383077028127338e-15 1.540129572879201178e-12 1.162153576380870490e-13 1.653245048957936826e-12
1.800000000000000000e+01 2.788867604534529638e-12 1.430913319290632663e-13 7.939660907808140463e-15 1.402375583203072014e-16 2.713871362068475827e-17 6.991319617758867306e-12 3.093993639126222954e-13 4.359935799089998034e-15 4.308133178840213713e-16 8.815725954974122703e-12 8.539303215360182008e-14 7.709813915266597740e-15 1.553238297373008854e-12 1.178953824129738269e-13 1.664765100326239329e-12
1.900000000000000000e+01 2.875406515966081616e-12 1.450306461644525443e-13 7.769327011281784702e-15 1.449010856681271978e-16 2.809820716679099523e-17 7.033512673020571249e-12 3.017828692159329490e-13 4.466774438916653961e-15 4.420838134170217435e-16 8.565434013380809704e-12 8.697609314421662429e-14 7.866120267390374035e-15 1.567130381685719029e-12 1.196845111395306401e-13 1.677487689466291753e-12
2.000000000000000000e+01 2.959600798573358294e-12 1.468442914681030934e-13 7.607664465288455109e-15 1.498023198393575879e-16 2.911133611516239027e-17 7.070721481836376374e-12 2.945236196219561657e-13 4.578905795707616177e-15 4.539955661846222560e-16 8.326309527809171619e-12 8.862718498069821970e-14 8.031057123133485394e-15 1.581729541467958036e-12 1.215756474989329952e-13 1.691271477363717639e-12
2.100000000000000000e+01 3.041239514905901457e-12 1.485234855591173513e-13 7.455163483500278784e-15 1.549422468544187659e-16 3.017817470167420354e-17 7.102609102167737917e-12 2.876316091497689048e-13 4.696298767212522554e-15 4.665446122660686646e-16 8.098368088884259352e-12 9.034400282841503038e-14 8.204413042544139309e-15 1.596967330487510005e-12 1.235625770142369222e-13 1.705995259203243287e-12
2.200000000000000000e+01 3.120121248222891061e-12 1.500640985545587156e-13 7.312101590677732042e-15 1.603221566627706465e-16 3.129880200588570430e-17 7.129023857107534117e-12 2.811096848156811987e-13 4.818928638210886187e-15 4.797285081150688129e-16 7.881461737290114649e-12 9.212438628558299144e-14 8.386006691333715073e-15 1.612782513468879475e-12 1.256398337120839196e-13 1.721554474324086840e-12
2.300000000000000000e+01 3.196066576300721898e-12 1.514657152267139592e-13 7.178597746622607943e-15 1.659436854091558900e-16 3.247329182088419074e-17 7.149959385922978960e-12 2.749554686375449181e-13 4.946777928758182920e-15 4.935462274910016529e-16 7.675327486717683369e-12 9.396633092150849180e-14 8.575683339421991300e-15 1.629120368714980170e-12 1.278025876470814370e-13 1.737858412395569781e-12
2.400000000000000000e+01 3.268925427864880346e-12 1.527308080897542991e-13 7.054654274516954023e-15 1.718088353315422275e-16 3.370170250119426095e-17 7.165520346835310522e-12 2.691628342709584671e-13 5.079836569113357372e-15 5.079980360678537227e-16 7.479624082072048421e-12 9.586798810536418352e-14 8.773311433636940954e-15 1.645931992741013303e-12 1.300465496353898163e-13 1.754827958633973640e-12
2.500000000000000000e+01 3.338580623365165624e-12 1.538640295005591420e-13 6.940189119889055226e-15 1.779199801688401151e-16 3.498406703337408032e-17 7.175893678813078191e-12 2.637230330435526335e-13 5.218101668715475526e-15 5.230853471681928122e-16 7.293959602710394121e-12 9.782765814533435959e-14 8.978779276909167699e-15 1.663173643383400816e-12 1.323678899660583663e-13 1.772393758327736972e-12
2.600000000000000000e+01 3.404948682072335257e-12 1.548716196854737472e-13 6.835060526572547062e-15 1.842798608421692994e-16 3.632038341239166327e-17 7.181325001749417927e-12 2.586255468897610984e-13 5.361577043332140955e-15 5.388105599071497607e-16 7.117912010919049298e-12 9.984377981035195178e-14 9.191991812227303967e-15 1.680806137816758452e-12 1.347631683959755935e-13 1.790494709583814808e-12
2.700000000000000000e+01 3.467978758883879002e-12 1.557609213349386922e-13 6.739085809036064416e-15 1.908915741634760637e-16 3.771060534340780066e-17 7.182099575308766993e-12 2.538587300964328861e-13 5.510272599509391454e-15 5.551768805679076220e-16 6.951044302321956052e-12 1.019149180963580495e-13 9.412867499674783323e-15 1.698794310793808053e-12 1.372292732663445188e-13 1.809076714922078257e-12
2.800000000000000000e+01 3.527650376993746436e-12 1.565399884648084923e-13 6.652055551095898462e-15 1.977585560357203037e-16 3.915463328151911540e-17 7.178527185684458614e-12 2.494102885791235086e-13 5.664203634475333498e-15 5.721881284982370898e-16 6.792915548225361094e-12 1.040397513426007812e-13 9.641335277517342571e-15 1.717106532410980057e-12 1.397633680570890703e-13 1.828091638762315051e-12
2.900000000000000000e+01 3.583970455013646688e-12 1.572172763957124172e-13 6.573744273291242302e-15 2.048845598082041550e-16 4.065230584386612659e-17 7.170930343126625317e-12 2.452676346554376754e-13 5.823390084119865653e-15 5.898485287157936882e-16 6.643088825761571062e-12 1.062170583315751772e-13 9.877331606695182820e-15 1.735714281634082546e-12 1.423628441036658187e-13 1.847496430265464142e-12
3.000000000000000000e+01 3.636969990643382045e-12 1.578014000923125985e-13 6.503918380079318860e-15 2.122736299924333529e-16 4.220339166081431088e-17 7.159635221986146077e-12 2.414181467109189369e-13 5.987855736276108156e-15 6.081624944007202678e-16 6.501136800150081254e-12 1.084457057152464295e-13 1.012079760799567674e-14 1.754591770445901918e-12 1.450252785352765750e-13 1.867252380391419348e-12
3.100000000000000000e+01 3.686700655347015845e-12 1.583009491605864243e-13 6.442342015284510683e-15 2.199300713292005681e-16 4.380758176363915111e-17 7.144964840166004171e-12 2.378493564191909724e-13 6.157627417853158733e-15 6.271344033171462945e-16 6.366645543323192364e-12 1.107246359354247350e-13 1.037167631011575155e-14 1.773715613071019711e-12 1.477483967576442656e-13 1.887324489155724624e-12
3.200000000000000000e+01 3.733231471849542768e-12 1.587243491571077683e-13 6.388781311277321420e-15 2.278584131542784824e-16 4.546448262818739217e-17 7.127234044576885189e-12 2.345490809368275419e-13 6.332734160136680307e-15 6.467683728111282725e-16 6.239217034226789015e-12 1.130528557061457269e-13 1.062991003338294321e-14 1.793064534861210067e-12 1.505300390037216716e-13 1.907680924456148472e-12
3.300000000000000000e+01 3.776645684326806733e-12 1.590797602959921555e-13 6.343007406294912980e-15 2.360633690823058014e-16 4.717361000402991559e-17 7.106745936694625232e-12 2.315055134388458801e-13 6.513206345207895467e-15 6.670680383238586886e-16 6.118470679462288686e-12 1.154294250735709756e-13 1.089543793751124854e-14 1.812619115831011997e-12 1.533681306200522978e-13 1.928292557910290144e-12
3.400000000000000000e+01 3.817037885804746702e-12 1.593750060181395613e-13 6.304798518444395173e-15 2.445497921711916693e-16 4.893438365612398728e-17 7.083789434058896470e-12 2.287072822366590430e-13 6.699074836810935253e-15 6.880363403322039234e-16 6.004044111352052521e-12 1.178534470462554353e-13 1.116819376240330878e-14 1.832361564364696304e-12 1.562606558539408667e-13 1.949132566210944739e-12
3.500000000000000000e+01 3.854511434878128590e-12 1.596175251465749914e-13 6.273941298759581017e-15 2.533226259063486352e-16 5.074612313229494231e-17 7.058637717991430947e-12 2.261434863193943564e-13 6.890370100315503307e-15 7.096753243178060859e-16 5.895593458231688165e-12 1.203240577835285151e-13 1.144810378901960061e-14 1.852275517182793943e-12 1.592056349662308409e-13 1.970176088807499267e-12
3.600000000000000000e+01 3.889176171350387864e-12 1.598143424623528567e-13 6.250231634809420178e-15 2.623868515266744093e-16 5.260804464734151382e-17 7.031547364606946104e-12 2.238037133172470115e-13 7.087121318098737573e-15 7.319859578275163384e-16 5.792793234294413249e-12 1.228404173340637910e-13 1.173508504326698742e-14 1.872345862206579315e-12 1.622011045251038946e-13 1.991399934445321095e-12
3.700000000000000000e+01 3.921146425307880485e-12 1.599720534918542207e-13 6.233475037304001373e-15 2.717474323810166489e-16 5.451925914614790808e-17 7.002757995675873763e-12 2.216780444732680193e-13 7.289355508307150847e-15 7.549679679882232435e-16 5.695335960147677603e-12 1.254017009250808739e-13 1.202904376034495668e-14 1.892558581464280122e-12 1.652451007459018388e-13 2.012782330385257153e-12
3.800000000000000000e+01 3.950539304514897435e-12 1.600968201054381756e-13 6.223486712189531841e-15 2.814092561401216423e-16 5.647877157672523980e-17 6.972492318751790712e-12 2.197570501277976660e-13 7.497096656297107513e-15 7.786197020449844116e-16 5.602931597709794117e-12 1.280070908115771540e-13 1.232987412065065895e-14 1.912900611629686450e-12 1.683356457374909272e-13 2.034302709093648706e-12
3.900000000000000000e+01 3.977473239333298269e-12 1.601943742028723355e-13 6.220091397749440787e-15 2.913770757859946754e-16 5.848548137218025848e-17 6.940956453012725392e-12 2.180317783905545595e-13 7.710364868941926143e-15 8.029380126634968957e-16 5.515306862122786717e-12 1.306557687024596842e-13 1.263745726173963290e-14 1.933359720167910145e-12 1.714707365029019766e-13 2.055941527925699753e-12
4.000000000000000000e+01 4.002066761478168077e-12 1.602700273189487163e-13 6.223123028595452371e-15 3.016554503545434125e-16 6.053818411032464326e-17 6.908340459317388555e-12 2.164937390399150582e-13 7.929175562373236763e-15 8.279181689272224198e-16 5.432204457421175630e-12 1.333469087853643290e-13 1.295166056442562348e-14 1.953924395385620546e-12 1.746483365254562753e-13 2.077680117887162931e-12
4.100000000000000000e+01 4.024437491952782636e-12 1.603286844396915241e-13 6.232424274875604948e-15 3.122486864187159847e-16 6.263557429254664475e-17 6.874819010830382602e-12 2.151348842016795654e-13 8.153538693595145811e-15 8.535537932051007814e-16 5.353382270581785663e-12 1.360796713739143152e-13 1.327233720522498425e-14 1.974583748948710388e-12 1.778663697547126636e-13 2.099500558000310751e-12
4.200000000000000000e+01 4.044701313823480773e-12 1.603748606911708806e-13 6.247845994573395735e-15 3.231607812715569719e-16 6.477624916069793486e-17 6.840552154931607593e-12 2.139475869858079744e-13 8.383458045818168183e-15 8.798368233953194543e-16 5.278612549378042291e-12 1.388531972002572333e-13 1.359932596224425404e-14 1.995327429645320172e-12 1.811227167917237311e-13 2.121385572156421222e-12
4.300000000000000000e+01 4.062971706632755593e-12 1.604126998632045151e-13 6.269246628679633484e-15 3.343953687071910983e-16 6.695871345264720650e-17 6.805686128610937045e-12 2.129246189725647033e-13 8.618930576380403743e-15 9.067574994808678185e-16 5.207681082481741703e-12 1.416666023722843472e-13 1.393245125741080467e-14 2.016145547343637400e-12 1.844152130617542865e-13 2.143318445634760015e-12
4.400000000000000000e+01 4.079359220873828885e-12 1.604459939714579166e-13 6.296491562717492895e-15 3.459556682093673879e-16 6.918138498396698795e-17 6.770354198686077442e-12 2.120591272188828691e-13 8.859945834845021069e-15 9.343043728712635975e-16 5.140386394968928796e-12 1.445189740094985109e-13 1.427152341470917203e-14 2.037028606228957036e-12 1.877416487555779391e-13 2.165282958725887817e-12
4.500000000000000000e+01 4.093971072828282929e-12 1.604782032541748110e-13 6.329452473160310775e-15 3.578444382489702332e-16 7.144260093479189806e-17 6.734677505411395682e-12 2.113446112859713125e-13 9.106485457378766889e-15 9.624643366521824630e-16 5.076538968392719475e-12 1.474093665646283420e-13 1.461633911179832808e-14 2.057967446509934464e-12 1.910997703179657658e-13 2.187263335127473156e-12
4.600000000000000000e+01 4.106910842038976700e-12 1.605124761528974984e-13 6.368006673374051689e-15 3.700639342707984004e-16 7.374062471683628466e-17 6.698765893736204898e-12 2.107749006583727050e-13 9.358522741916165192e-15 9.912226746156628981e-16 5.015960491578442125e-12 1.503367988303686476e-13 1.496668200098985566e-14 2.078953193865937126e-12 1.944872832638679173e-13 2.209244202992176814e-12
4.700000000000000000e+01 4.118278255646262863e-12 1.605516689474821127e-13 6.412036470596114382e-15 3.826158718223465883e-16 7.607365329536321908e-17 6.662718720923952198e-12 2.103441328237626144e-13 9.616022306978183881e-15 1.020563126789022928e-15 4.958483146041719325e-12 1.533002516225727368e-13 1.532232347497128253e-14 2.099977215971227605e-12 1.979018561086292657e-13 2.231210566704477934e-12
4.800000000000000000e+01 4.128169045687737856e-12 1.605983648106516254e-13 6.461428542944651334e-15 3.955013951489281260e-16 7.843982484395690892e-17 6.626625632707126419e-12 2.100467322048395670e-13 9.878939835412333236e-15 1.050467969109404101e-15 4.903948928249580355e-12 1.562986661232910590e-13 1.568302355275489707e-14 2.121031085481970638e-12 2.013411252078156706e-13 2.253147787649534587e-12
4.900000000000000000e+01 4.136674867209519660e-12 1.606548921213070464e-13 6.516073343400408189e-15 4.087210514549235523e-16 8.083722661564481177e-17 6.590567302826310064e-12 2.098773900744163801e-13 1.014722190280791223e-14 1.080918104890380250e-15 4.852209009702165598e-12 1.593309428595925804e-13 1.604853186200182067e-14 2.142106548912486176e-12 2.048027003141844056e-13 2.275041572413824326e-12
5.000000000000000000e+01 4.143883266638428401e-12 1.607233419329861650e-13 6.575864536013475931e-15 4.222747709139060434e-16 8.326390292163255436e-17 6.554616132848650714e-12 2.098310455382505069e-13 1.042080588895806598e-14 1.111893165784741307e-15 4.803123134903673149e-12 1.623959412874030175e-13 1.641858869499774412e-14 2.163195500860775676e-12 2.082841706733501017e-13 2.296877967024817536e-12
5.100000000000000000e+01 4.149877691311098924e-12 1.608055845375943795e-13 6.640698468184466889e-15 4.361618524036113867e-16 8.571786311809211093e-17 6.518836910711866498e-12 2.099028676341695875e-13 1.069961996951772526e-14 1.143371620051029818e-15 4.756559056636205842e-12 1.654924799438207771e-13 1.679292611702882839e-14 2.184289963072451145e-12 2.117831114951323048e-13 2.318643355995294633e-12
5.200000000000000000e+01 4.154737532348207586e-12 1.609032850975806390e-13 6.710473681696878152e-15 4.503809548469937806e-16 8.819708951156550683e-17 6.483287427599617086e-12 2.100882385682997058e-13 1.098358318396147281e-14 1.175330886069364212e-15 4.712392007487846730e-12 1.686193371266503732e-13 1.717126910762292664e-14 2.205382067858508743e-12 2.152970906538293327e-13 2.340324465086912469e-12
5.300000000000000000e+01 4.158538194205849761e-12 1.610179183443127317e-13 6.785090464192863447e-15 4.649300939590318956e-16 9.069954510418251309e-17 6.448019053607243856e-12 2.103827380878958489e-13 1.127260557508512675e-14 1.207747449214383106e-15 4.670504206270336350e-12 1.717752520562582000e-13 1.755333671699366092e-14 2.226464045407263525e-12 2.188236754872479242e-13 2.361908366846856983e-12
5.400000000000000000e+01 4.161351185240782453e-12 1.611507823583167013e-13 6.864450441956615320e-15 4.798066441308523948e-16 9.322318111066234787e-17 6.413077273270301943e-12 2.107821289740056581e-13 1.156658839461877623e-14 1.240596980370860507e-15 4.630784397755526894e-12 1.749589264723077328e-13 1.793884322197592345e-14 2.247528214554918181e-12 2.223604395807811600e-13 2.383382488100559893e-12
5.500000000000000000e+01 4.163244224503327676e-12 1.613030114597302871e-13 6.948456214174031075e-15 4.950073451280303657e-16 9.576594418968017163e-17 6.378502182455734670e-12 2.112823436249118276e-13 1.186542436902031151e-14 1.273854454563262708e-15 4.593127424036692809e-12 1.781690266164129561e-13 1.832749926770856718e-14 2.268566976603308032e-12 2.259049694388283617e-13 2.404734618702356773e-12
5.600000000000000000e+01 4.164281360733099481e-12 1.614755882459449655e-13 7.037011028256081119e-15 5.105283132380182707e-16 9.832578334239863419e-17 6.344328948399599878e-12 2.118794716921712237e-13 1.216899801918569744e-14 1.307494268358084922e-15 4.557433825759248491e-12 1.814041855511931563e-13 1.871901298325252311e-14 2.289572811797606848e-12 2.294548709611205518e-13 2.425952920954571685e-12
5.700000000000000000e+01 4.164523100190364917e-12 1.616693548188965981e-13 7.130018495330954875e-15 5.263650564716810714e-16 1.009006564406082233e-16 6.310588234849148130e-12 2.125697487244388805e-13 1.247718602762965229e-14 1.341490354882257547e-15 4.523609471449473883e-12 1.846630057665047898e-13 1.911309106119030486e-14 2.310538278101262262e-12 2.330077756558387231e-13 2.447025939203822427e-12
5.800000000000000000e+01 4.164026540521619691e-12 1.618850232475657299e-13 7.227382344615198268e-15 5.425124934048198678e-16 1.034885363558717389e-16 6.277306594358074170e-12 2.133495457696492211e-13 1.278985764664220917e-14 1.375816295478516139e-15 4.491565213187360107e-12 1.879440620246734670e-13 1.950943979300786213e-14 2.331456011930160571e-12 2.365613465346703338e-13 2.467942609211734899e-12
5.900000000000000000e+01 4.162845508342660532e-12 1.621231853125473174e-13 7.329006215056201841e-15 5.589649752361516322e-16 1.060874166692447981e-16 6.244506829812192482e-12 2.142153598831097438e-13 1.310687514099382096e-14 1.410445427186556086e-15 4.461216566910942921e-12 1.912459043982207950e-13 1.990776605369022227e-14 2.352318730532907607e-12 2.401132836470429951e-13 2.488692266975971295e-12
6.000000000000000000e+01 4.161030698636055599e-12 1.623843215795138404e-13 7.434793482388743028e-15 5.757163106372034699e-16 1.086953169485017587e-16 6.212208327245497776e-12 2.151638054873316397e-13 1.342809425892676743e-14 1.445350945395089285e-15 4.432483415697488127e-12 1.945670614557721158e-13 2.030777823045667310e-14 2.373119235728893070e-12 2.436613292216719092e-13 2.509264656747034791e-12
6.100000000000000000e+01 4.158629814411941062e-12 1.626688098474008807e-13 7.544647119559271067e-15 5.927597929757589845e-16 1.113102875863251482e-16 6.180427361956087390e-12 2.161916065287253120e-13 1.375336472541607269e-14 1.480506001153350341e-15 4.405289734436303505e-12 1.979060435544237869e-13 2.070918709191156824e-14 2.393850418740401779e-12 2.472032723932570955e-13 2.529649938047194712e-12
6.200000000000000000e+01 4.155687705379262477e-12 1.629769330154704018e-13 7.658469588335882198e-15 6.100882295066120179e-16 1.139304141986231348e-16 6.149177379857931931e-12 2.172955893764137513e-13 1.408253075199199561e-14 1.515883792760523483e-15 4.379563334384243155e-12 2.012613461997450239e-13 2.111170659509231317e-14 2.414505265879160504e-12 2.507369535006882868e-13 2.549838691550776987e-12
6.300000000000000000e+01 4.152246504626587775e-12 1.633088864112816060e-13 7.776162759833185128e-15 6.276939721403078501e-16 1.165538215870551129e-16 6.118469255915443867e-12 2.184726764091945208e-13 1.441543155777331284e-14 1.551457651367750703e-15 4.355235626175459424e-12 2.046314534376908447e-13 2.151505462895790051e-14 2.435076864871199626e-12 2.542602679505130477e-13 2.569821923730449365e-12
6.400000000000000000e+01 4.148345762523820385e-12 1.636647846191988645e-13 7.897627861633450984e-15 6.455689494212255215e-16 1.191786772740115528e-16 6.088311531409268023e-12 2.197198802379827685e-13 1.475190189675263693e-14 1.587201120430103956e-15 4.332241399939083607e-12 2.080148412459285810e-13 2.191895369378552916e-14 2.455558411626622463e-12 2.577711696457624271e-13 2.589591070212827399e-12
6.500000000000000000e+01 4.144022577233990489e-12 1.640446678465134601e-13 8.022765449172976405e-15 6.637046993698048174e-16 1.218031946217567945e-16 6.058710631678073137e-12 2.210342985127571543e-13 1.509177258678869223e-14 1.623088028935515110e-15 4.310518621260510834e-12 2.114099808953545863e-13 2.232313151673549877e-14 2.475943217282574818e-12 2.612676739855722603e-13 2.609137997819173438e-12
6.600000000000000000e+01 4.139311721373056004e-12 1.644485078616567305e-13 8.151475399080301503e-15 6.820924028691142963e-16 1.244256355502662310e-16 6.029671065875657338e-12 2.224131092650380264e-13 1.543487103618631240e-14 1.659092558414894884e-15 4.290008241802718903e-12 2.148153422558407995e-13 2.272732160451530808e-14 2.496224715368369069e-12 2.647478604454774165e-13 2.628455005293969079e-12
6.700000000000000000e+01 4.134245764479406104e-12 1.648762135364070324e-13 8.283656922196360684e-15 7.007229173025358312e-16 1.270443128705253068e-16 6.001195610178042030e-12 2.238535667391468173e-13 1.578102176417332887e-14 1.695189303803360098e-15 4.270654023482552196e-12 2.182293970234516067e-13 2.313126373463182167e-14 2.516396468961200296e-12 2.682098747518777278e-13 2.647534822746187778e-12
6.800000000000000000e+01 4.128855191057147131e-12 1.653276360214889596e-13 8.419208594070781855e-15 7.195868101764750934e-16 1.296575922517682862e-16 5.973285475772925662e-12 2.253529976678801400e-13 1.613004691200664998e-14 1.731353328277372737e-15 4.252402375172502391e-12 2.216506218494610764e-13 2.353470438717531511e-14 2.536452177719054356e-12 2.716519306670398314e-13 2.666370609845772524e-12
6.900000000000000000e+01 4.123168514041889743e-12 1.658025735825762476e-13 8.558028400810318159e-15 7.386743924891732079e-16 1.322638938423823100e-16 5.945940462865425485e-12 2.269087979507166319e-13 1.648176674185256114e-14 1.767560212237849129e-15 4.235202200970877420e-12 2.250775013544589847e-13 2.393739711944224235e-14 2.556385684694403402e-12 2.750723114032268474e-13 2.684955952831757090e-12
7.000000000000000000e+01 4.117212383606773218e-12 1.663007761214510760e-13 8.700013798250420942e-15 7.579757516334132393e-16 1.348616935650367963e-16 5.919159101840023569e-12 2.285184296952071301e-13 1.683600012098245192e-14 1.803786096645612741e-15 4.219004759151971546e-12 2.285085310136215916e-13 2.433910288598328681e-14 2.576190982847837196e-12 2.784693706861757255e-13 2.703284860398982396e-12
7.100000000000000000e+01 4.111011691282936486e-12 1.668219494049664650e-13 8.845061782526401867e-15 7.774807836468903782e-16 1.374495241070842065e-16 5.892938782629831000e-12 2.301794185847575484e-13 1.719256498920237736e-14 1.840007720944072554e-15 4.203763530972998772e-12 2.319422199018345512e-13 2.473959030687116632e-14 2.595862221195116887e-12 2.818415334892847126e-13 2.721351758538128103e-12
7.200000000000000000e+01 4.104589669413942489e-12 1.673657590225041293e-13 8.993068970233609522e-15 7.971792246488977425e-16 1.400259756274530511e-16 5.867275873260702571e-12 2.318893515385457034e-13 1.755127880778903441e-14 1.876202455825492006e-15 4.189434098575747048e-12 2.353770932897704611e-13 2.513863588712569866e-14 2.615393710534126866e-12 2.851872964605608281e-13 2.739151484408977256e-12
7.300000000000000000e+01 4.097967986000079419e-12 1.679318340908240504e-13 9.143931686484012191e-15 8.170606813256252194e-16 1.425896962011776413e-16 5.842165828459783834e-12 2.336458746318100255e-13 1.791195898853552889e-14 1.912348331112623924e-15 4.175974031278589563e-12 2.388116950842423155e-13 2.553602419032288904e-14 2.634779928709979127e-12 2.885052280647121158e-13 2.756679279330097352e-12
7.400000000000000000e+01 4.091166835017034039e-12 1.685197707235565270e-13 9.297546059287133716e-15 8.371146603485749126e-16 1.451393920224127500e-16 5.817603289145306313e-12 2.354466912471765695e-13 1.827442330181498854e-14 1.948424059037517391e-15 4.163342779608281248e-12 2.422445901081711618e-13 2.593154796945579352e-14 2.654015525387040430e-12 2.917939684627773152e-13 2.773930780969491989e-12
7.500000000000000000e+01 4.084205022315721746e-12 1.691291352810893843e-13 9.453808118804983827e-15 8.573305966312873011e-16 1.476738273863104437e-16 5.793582173547269786e-12 2.372895604300427591e-13 1.863849026284937862e-14 1.984409053204813305e-15 4.151501576471402375e-12 2.456743662173208410e-13 2.632500825811634777e-14 2.673095326306050451e-12 2.950522291514374500e-13 2.790902014820868166e-12
7.600000000000000000e+01 4.077100047226986951e-12 1.697594674152482288e-13 9.612613900151496700e-15 8.776978803487012021e-16 1.501918244695236042e-16 5.770095760646317932e-12 2.391722954232922622e-13 1.900397949562465015e-14 2.020283443528429615e-15 4.140413344912069446e-12 2.490996362525829208e-13 2.671621442503621295e-14 2.692014337012807620e-12 2.982787923836963732e-13 2.807589385048955808e-12
7.700000000000000000e+01 4.069868180007366173e-12 1.704102829219358987e-13 9.773859548525674097e-15 8.982058826609666804e-16 1.526922629283715718e-16 5.747136766560804751e-12 2.410927623587706385e-13 1.937071207412093993e-14 2.056028087428880987e-15 4.130042611946237651e-12 2.525190398280244246e-13 2.710498419496447813e-14 2.710767746052127938e-12 3.014725103919785889e-13 2.823989664785228789e-12
7.800000000000000000e+01 4.062524535270965278e-12 1.710810764137952306e-13 9.937441425583498869e-15 9.188439800994773626e-16 1.551740793328953086e-16 5.724697414459286487e-12 2.430488790849973927e-13 1.973851084073056052e-14 2.091624577574069128e-15 4.120355428003315301e-12 2.559312449561751520e-13 2.749114363877917207e-14 2.729350927627120381e-12 3.046323044339284023e-13 2.840099985952542153e-12
7.900000000000000000e+01 4.055083141558373376e-12 1.717713238239627967e-13 1.010325621606512384e-14 9.396015775872366126e-16 1.576362664541501671e-16 5.702769498527232039e-12 2.450386141125221538e-13 2.010720070191624223e-14 2.127055246439767752e-15 4.111319291543354444e-12 2.593349495131190848e-13 2.787452713563007453e-14 2.747759443729248065e-12 3.077571636803210717e-13 2.855917828693773580e-12
8.000000000000000000e+01 4.047557007196853473e-12 1.724804847510889848e-13 1.027120103380095583e-14 9.604681300785424892e-16 1.600778724211730675e-16 5.681344442472298419e-12 2.470599856601490784e-13 2.047660890131971365e-14 2.162303167957672518e-15 4.102903078452714455e-12 2.627288825468891384e-13 2.825497730979797386e-14 2.765989045749231386e-12 3.108461439635487907e-13 2.871441010475706388e-12
8.100000000000000000e+01 4.039958182607477343e-12 1.732080046549984363e-13 1.044117352632171295e-14 9.814331628143783047e-16 1.624979997631120890e-16 5.660413353011842992e-12 2.491110607869528683e-13 2.084656527066738176e-14 2.197352156509039346e-15 4.095076975853223701e-12 2.661118054334503008e-13 2.863234494483213044e-14 2.784035675582727988e-12 3.138983664041459971e-13 2.886667674935292634e-12
8.200000000000000000e+01 4.032297819214647552e-12 1.739533169116495812e-13 1.061307197739377943e-14 1.002486290199948554e-15 1.648958043510594455e-16 5.639967068749179254e-12 2.511899545965962001e-13 2.121690245893690505e-14 2.232186763511170863e-15 4.087812419989436958e-12 2.694825128852128870e-13 2.900648887739869835e-14 2.801895466247937798e-12 3.169130159317912965e-13 2.901596280531096188e-12
8.300000000000000000e+01 4.024586225111856550e-12 1.747158447354073901e-13 1.078679540689122708e-14 1.023617233319545781e-15 1.672704942531721814e-16 5.619996204811002109e-12 2.532948295019280933e-13 2.158745614034709233e-14 2.266792271832354165e-15 4.081082037885890438e-12 2.728398338175446705e-13 2.937727587313834420e-14 2.819564742034827940e-12 3.198893397161740620e-13 2.916225589058297467e-12
8.400000000000000000e+01 4.016832917635048815e-12 1.754950029760678601e-13 1.096224366750015003e-14 1.044815836111492044e-15 1.696213285157258047e-16 5.600491193587260880e-12 2.554238945392019074e-13 2.195806520181597983e-14 2.301154688258746411e-15 4.074859592491365771e-12 2.761826320791746457e-13 2.974458048669459250e-14 2.837040018207750400e-12 3.228266455220717727e-13 2.930554654081219605e-12
8.500000000000000000e+01 4.009046672991577873e-12 1.762901997975587415e-13 1.113931753782907548e-14 1.066072080232339658e-15 1.719476158818248832e-16 5.581442321886537233e-12 2.575754047225088865e-13 2.232857191059876862e-14 2.335260734224326356e-15 4.069119931050368454e-12 2.795098070526964670e-13 3.010828490793837683e-14 2.854318000284752842e-12 3.257243000019543129e-13 2.944582809332907156e-12
8.600000000000000000e+01 4.001235573088820090e-12 1.771008382447731746e-13 1.131791881157144103e-14 1.087376098644934025e-15 1.742487134585973023e-16 5.562839764793827190e-12 2.597476604301700886e-13 2.269882206287057130e-14 2.369097835002425131e-15 4.063838936463285785e-12 2.828202941316159875e-13 3.046827879627792940e-14 2.871395582918028423e-12 3.285817269384130841e-13 2.958309657127015969e-12
8.700000000000000000e+01 3.993407049702073978e-12 1.779263177045808798e-13 1.149795038243237819e-14 1.108718187969417528e-15 1.765240253428361114e-16 5.544673616494138226e-12 2.619390068158842580e-13 2.306866511405954004e-14 2.402654107544919074e-15 4.058993481416217708e-12 2.861130650805312145e-13 3.082445910481011104e-14 2.888269848400679087e-12 3.313984054477367599e-13 2.971735056823012195e-12
8.800000000000000000e+01 3.985567926116654613e-12 1.787660352666801899e-13 1.167931632459257356e-14 1.130088819639888551e-15 1.787730012142191142e-16 5.526933918303535927e-12 2.641478332383878540e-13 2.343795429176567874e-14 2.435918347142729482e-15 4.054561385079446612e-12 2.893871282851182155e-13 3.117672989593959218e-14 2.904938064825405067e-12 3.341738681550006051e-13 2.984859113381699165e-12
8.900000000000000000e+01 3.977724456374176537e-12 1.796193869896198391e-13 1.186192196853715578e-14 1.151478649912297377e-15 1.809951349044493175e-16 5.509610684129669538e-12 2.663725727042575258e-13 2.380654669212058441e-14 2.468880013069249912e-15 4.050521372190061378e-12 2.926415288986176656e-13 3.152500214996598245e-14 2.921397683920857273e-12 3.369076993501339734e-13 2.997682166044212695e-12
9.000000000000000000e+01 3.969882362247913269e-12 1.804857690770065008e-13 1.204567397212712481e-14 1.172878528771321045e-15 1.831899629499002244e-16 5.492693923565665928e-12 2.686117013192702533e-13 2.417430336045399987e-14 2.501529213356492305e-15 4.046853034349225026e-12 2.958753488914755298e-13 3.186919356801860783e-14 2.937646338591255614e-12 3.395995331335544935e-13 3.010204777163910710e-12
9.100000000000000000e+01 3.962046868066964571e-12 1.813645789686384108e-13 1.223048038683572333e-14 1.194279507785539093e-15 1.853570631346416845e-16 5.476173662804858237e-12 2.708637377444519706e-13 2.454108935713696019e-14 2.533856688842400977e-15 4.043536793378558263e-12 2.990877070107232132e-13 3.220922837060227407e-14 2.953681840184612499e-12 3.422490515591430508e-13 3.022427721217183885e-12
9.200000000000000000e+01 3.954222733503876781e-12 1.822552163510461834e-13 1.241625071911196076e-14 1.215672846961229075e-15 1.874960530300489646e-16 5.460039963548763846e-12 2.731272426535820871e-13 2.490677380946793219e-14 2.565853796616860138e-15 4.040553866592761224e-12 3.022777586555558953e-13 3.254503709290760850e-14 2.969502175514336162e-12 3.448559827815505104e-13 3.034351974015892784e-12
9.300000000000000000e+01 3.946414284435202929e-12 1.831570840916890067e-13 1.260289598686906360e-14 1.237050020645645625e-15 1.896065885365670373e-16 5.444282940066942158e-12 2.754008181894959606e-13 2.527122995045930662e-14 2.597512492983438637e-15 4.037886233857198892e-12 3.054446956754211452e-13 3.287655637793451541e-14 2.985105503658411658e-12 3.474200992140974924e-13 3.045978702141116595e-12
9.400000000000000000e+01 3.938625441979460032e-12 1.840695891008393289e-13 1.279032877112684593e-14 1.258402722530760842e-15 1.916883624326137895e-16 5.428892774554769116e-12 2.776831074170334622e-13 2.563433514536813459e-14 2.628825316044007924e-15 4.035516606309853075e-12 3.085877460967535655e-13 3.320372876837871008e-14 3.000490152559541533e-12 3.499412157028448610e-13 3.057309252615057994e-12
9.500000000000000000e+01 3.930859749812083721e-12 1.849921431249881078e-13 1.297846326286438479e-14 1.279722869808196845e-15 1.937411029350527141e-16 5.413859730923671354e-12 2.799727937709392863e-13 2.599597090679689113e-14 2.659785368003895377e-15 4.033428396636780964e-12 3.117061737842914369e-13 3.352650249813850157e-14 3.015654615448827612e-12 3.524191877217695883e-13 3.068345142825295450e-12
9.600000000000000000e+01 3.923120399852106102e-12 1.859241634754194756e-13 1.316721530516314537e-14 1.301002606525521862e-15 1.957645722751602108e-16 5.399174167147787997e-12 2.822686004974165265e-13 2.635602289916904600e-14 2.690386297286392832e-15 4.031605690799128648e-12 3.147992780426966083e-13 3.384483128421167032e-14 3.030597547114622600e-12 3.548539095933904568e-13 3.079088050713189272e-12
9.700000000000000000e+01 3.915410256410645221e-12 1.868650736954294189e-13 1.335650243074107285e-14 1.322234306193251323e-15 1.977585652935308976e-16 5.384826546281356459e-12 2.845692900883900668e-13 2.671438093335984287e-14 2.720622280536957901e-15 4.030033221117899404e-12 3.178663931639677048e-13 3.415867411967082590e-14 3.045317760037187375e-12 3.572453127386312444e-13 3.089539805235960448e-12
9.800000000000000000e+01 3.907731878886838720e-12 1.878143041695031784e-13 1.354624389499553021e-14 1.343410573690854135e-15 1.997229080569342591e-16 5.370807446252290976e-12 2.868736637078386516e-13 2.707093895223679759e-14 2.750488004589676184e-15 4.028696340630134131e-12 3.209068879259011442e-13 3.446799506832986165e-14 3.059814220408814467e-12 3.595933639592013870e-13 3.099702377109963630e-12
9.900000000000000000e+01 3.900087543092435630e-12 1.887712926776124153e-13 1.373636070468745459e-14 1.364524246518811609e-15 2.016574564997252560e-16 5.357107568529217892e-12 2.891805606098269269e-13 2.742559500783608738e-14 2.779978648461125753e-15 4.027580998636974232e-12 3.239201650466068226e-13 3.477276306164352945e-14 3.074086044057966672e-12 3.618980637553052911e-13 3.109577869840776119e-12
1.000000000000000000e+02 3.892479261282169579e-12 1.897354848976540001e-13 1.392677564241125459e-14 1.385568395442417693e-15 2.035620950920482751e-16 5.343717745751892076e-12 2.914888575480979069e-13 2.777825123087211756e-14 2.809089865429958067e-15 4.026673717370347327e-12 3.269056605998405592e-13 3.507295169831706089e-14 3.088132492295029808e-12 3.641594446810588437e-13 3.119168511044080006e-12
