2D 
0
-8439071973.038668,3739704698.979595,-363343582.7408472,8685729.771710686,927300.8772467219,-86220.06876309693,-77.11536112472697,-4.024370785981263
5
-7807118280.886282,3466041862.061629,-327767684.0971512,6755139.439383226,940105.1272650503,-83492.97485683991,-133.3498859584666,-3.959130008057071
10
-5130859332.518761,2255365523.111504,-137967476.8254705,-8326633.612628879,1556558.983274495,-94645.76345096334,-14.6293423950067,-3.953362124601578
15
1104055318.360412,-528234235.3965188,318617311.9180028,-46569067.94159999,3239007.817658075,-129878.8227093865,346.4846575391412,-3.965953990750497
20
3114802629.822389,-1564621781.733367,485200765.5421527,-60704704.96361351,3864471.070831225,-141720.6817888121,521.4845857281164,-3.948912344516097
25
4563540873.816586,-2362358612.204356,615701553.8363638,-72420233.13621257,4425456.283036632,-153428.5980855211,725.4718004591934,-3.930825360211538
30
4149539042.900736,-2275070035.695389,586421517.6446357,-69639696.48602125,4301016.433375336,-149312.1707768965,796.9433579358246,-3.891343422782922
35
3087669526.403131,-1806806497.36781,479906850.6640199,-58936883.30732256,3758356.953105629,-134668.7846502595,771.5824662758182,-3.83455014251659
40
2045804415.1572,-1284237624.680674,358102058.7022089,-46088333.76137266,3075836.593279507,-116097.4090632029,706.3648509120516,-3.769651309215169
45
766852387.2797083,-573760507.1111718,189826966.4751582,-27235816.49127457,1992170.005226814,-84622.34125937099,473.853960355722,-3.669567382535587
50
583975328.8278941,-457052106.6167575,154388236.738909,-23151198.70139724,1778733.408454978,-79155.72019088484,546.2029788093921,-3.631123494617809
55
523343492.2975848,-412625619.2454855,138543636.7629395,-21372703.16508978,1702633.364895037,-77860.83704702569,657.6280904155826,-3.605105357999704
60
460498591.0983382,-366304569.6041203,123403071.0941573,-19536445.46078624,1605740.348495038,-75328.10678383411,730.6447537950795,-3.573763853097919
65
382441133.4782076,-309141595.0278832,105856839.2158984,-17219610.25881056,1458069.858461033,-70438.40768832156,746.7323295031066,-3.532467069429181
70
295102078.0307395,-244882616.3659608,86530022.01316138,-14530961.27592066,1269822.707207413,-63607.46130291492,711.6645344261144,-3.482568444595671
75
278038022.3369312,-233505213.782071,83310871.11974388,-14235457.96206764,1268544.366749467,-64236.90679748987,782.2936060548096,-3.47695851601458
80
252311550.9145597,-216242295.0585873,78650338.10325252,-13705858.12882239,1244933.590873623,-63890.98581556961,821.2307747452088,-3.470004888966346
85
232802343.8699866,-203410941.2972732,75319882.27537175,-13333170.75187059,1228357.948346738,-63668.67741583191,845.4713303682006,-3.466792155921302
90
241445439.2323382,-211230419.1048432,78110166.83629407,-13856367.07851264,1281414.642043175,-66379.70664638359,911.517344134571,-3.524659400555535
2D 
0
-8439071973.038668,3739704698.979595,-363343582.7408472,8685729.771710686,927300.8772467219,-86220.06876309693,-77.11536112472697,-4.024370785981263
5
-7807118280.886282,3466041862.061629,-327767684.0971512,6755139.439383226,940105.1272650503,-83492.97485683991,-133.3498859584666,-3.959130008057071
10
-5130859332.518761,2255365523.111504,-137967476.8254705,-8326633.612628879,1556558.983274495,-94645.76345096334,-14.6293423950067,-3.953362124601578
15
1104055318.360412,-528234235.3965188,318617311.9180028,-46569067.94159999,3239007.817658075,-129878.8227093865,346.4846575391412,-3.965953990750497
20
3114802629.822389,-1564621781.733367,485200765.5421527,-60704704.96361351,3864471.070831225,-141720.6817888121,521.4845857281164,-3.948912344516097
25
4563540873.816586,-2362358612.204356,615701553.8363638,-72420233.13621257,4425456.283036632,-153428.5980855211,725.4718004591934,-3.930825360211538
30
4149539042.900736,-2275070035.695389,586421517.6446357,-69639696.48602125,4301016.433375336,-149312.1707768965,796.9433579358246,-3.891343422782922
35
3087669526.403131,-1806806497.36781,479906850.6640199,-58936883.30732256,3758356.953105629,-134668.7846502595,771.5824662758182,-3.83455014251659
40
2045804415.1572,-1284237624.680674,358102058.7022089,-46088333.76137266,3075836.593279507,-116097.4090632029,706.3648509120516,-3.769651309215169
45
766852387.2797083,-573760507.1111718,189826966.4751582,-27235816.49127457,1992170.005226814,-84622.34125937099,473.853960355722,-3.669567382535587
50
583975328.8278941,-457052106.6167575,154388236.738909,-23151198.70139724,1778733.408454978,-79155.72019088484,546.2029788093921,-3.631123494617809
55
523343492.2975848,-412625619.2454855,138543636.7629395,-21372703.16508978,1702633.364895037,-77860.83704702569,657.6280904155826,-3.605105357999704
60
460498591.0983382,-366304569.6041203,123403071.0941573,-19536445.46078624,1605740.348495038,-75328.10678383411,730.6447537950795,-3.573763853097919
65
382441133.4782076,-309141595.0278832,105856839.2158984,-17219610.25881056,1458069.858461033,-70438.40768832156,746.7323295031066,-3.532467069429181
70
295102078.0307395,-244882616.3659608,86530022.01316138,-14530961.27592066,1269822.707207413,-63607.46130291492,711.6645344261144,-3.482568444595671
75
278038022.3369312,-233505213.782071,83310871.11974388,-14235457.96206764,1268544.366749467,-64236.90679748987,782.2936060548096,-3.47695851601458
80
252311550.9145597,-216242295.0585873,78650338.10325252,-13705858.12882239,1244933.590873623,-63890.98581556961,821.2307747452088,-3.470004888966346
85
232802343.8699866,-203410941.2972732,75319882.27537175,-13333170.75187059,1228357.948346738,-63668.67741583191,845.4713303682006,-3.466792155921302
90
241445439.2323382,-211230419.1048432,78110166.83629407,-13856367.07851264,1281414.642043175,-66379.70664638359,911.517344134571,-3.524659400555535
