R	Gamma	E
1.00	0	-41.040054407203
1.00	10	-41.045312418975
1.00	20	-41.060281255378
1.00	30	-41.082126448208
1.00	40	-41.107087192107
1.00	50	-41.131792659228
1.00	60	-41.15366886467
1.00	70	-41.170757557239
1.00	80	-41.181406387868
1.00	90	-41.183937020355
1.00	100	-41.176249462322
1.00	110	-41.155421866778
1.00	120	-41.117405346889
1.00	130	-41.056896909172
1.00	140	-40.965681288077
1.00	150	-40.814160239233
1.00	160	-40.435836915182
1.00	170	-38.845140576381
1.10	0	-41.064209166369
1.10	20	-41.086327617956
1.10	30	-41.109707333174
1.10	40	-41.135342816866
1.10	50	-41.159802764257
1.10	60	-41.180837921001
1.10	70	-41.196923838522
1.10	80	-41.206806451735
1.10	90	-41.20913566792
1.10	100	-41.202080710913
1.10	110	-41.18292409145
1.10	120	-41.147741225941
1.10	130	-41.091352924706
1.10	140	-41.006406836626
1.10	150	-40.866642323296
1.10	160	-40.501972571647
1.10	170	-38.639267191537
1.20	0	-41.072405462786
1.20	10	-41.0737988387
1.20	20	-41.104509730043
1.20	30	-41.092855694317
1.20	40	-41.148839474305
1.20	50	-41.174039391809
1.20	60	-41.195148199252
1.20	70	-41.211145462708
1.20	80	-41.221187764928
1.20	90	-41.224267163279
1.20	100	-41.218868553242
1.20	110	-41.202583516809
1.20	120	-41.171769284072
1.20	130	-41.121486675337
1.20	140	-41.045215516388
1.20	150	-40.923168895932
1.20	160	-40.629031221833
1.20	170	-39.381910258212
1.20	180	-35.186702667623
1.30	0	-41.108814616215
1.30	10	-41.110443661414
1.30	20	-41.117435604164
1.30	30	-41.150048433002
1.30	50	-41.184256467387
1.30	60	-41.204979757665
1.30	70	-41.220647776413
1.30	80	-41.230777438803
1.30	90	-41.234658379466
1.30	100	-41.23108540228
1.30	160	-40.769748547848
1.30	170	-40.12707767818
1.30	180	-39.157298109651
1.40	0	-41.137510660271
1.40	10	-41.140643636804
1.40	20	-41.151320068732
1.40	30	-41.184007345011
1.40	40	-41.193998863277
1.40	140	-41.137262706716
1.40	150	-41.058142778976
1.40	160	-40.90063105304
1.40	170	-40.602727674494
1.40	180	-40.288692688718
1.50	0	-41.159361767653
1.50	20	-41.20637588493
1.50	30	-41.215073601224
1.50	40	-41.222386813471
1.50	50	-41.229748939201
1.50	120	-41.244436168741
1.50	130	-41.220929156444
1.50	140	-41.180641847437
1.50	150	-41.117827805081
1.50	170	-40.852901137409
1.50	180	-40.735805884467
1.60	0	-41.226558435266
1.60	10	-41.229238785466
1.60	20	-41.235176547304
1.60	30	-41.241306575905
1.60	40	-41.24697151364
1.60	50	-41.252400148174
1.60	60	-41.25800402428
1.60	70	-41.263881995354
1.60	80	-41.269516630701
1.60	90	-41.274022834895
1.60	100	-41.276320457861
1.60	110	-41.274700007382
1.60	120	-41.266610676245
1.60	130	-41.248627388866
1.60	140	-41.216770701427
1.60	150	-41.167269734617
1.60	170	-40.986680979755
1.60	180	-40.943283193613
1.70	0	-41.253661504589
1.70	10	-41.255115303018
1.70	20	-41.258717073146
1.70	30	-41.262976739107
1.70	40	-41.267174643467
1.70	50	-41.27127059934
1.70	60	-41.27547496847
1.70	70	-41.279904883564
1.70	80	-41.284361949644
1.70	90	-41.288258889573
1.70	100	-41.290594149439
1.70	110	-41.289889397567
1.70	120	-41.284064363808
1.70	130	-41.270339627848
1.70	140	-41.245507290715
1.70	150	-41.206996102367
1.70	160	-41.154227273706
1.80	0	-41.27444822227
1.80	10	-41.275294218816
1.80	20	-41.277496331698
1.80	30	-41.28033356109
1.80	40	-41.283312893769
1.80	50	-41.286330903219
1.80	60	-41.289498690571
1.80	70	-41.292907112857
1.80	80	-41.296432874905
1.80	90	-41.299637030839
1.80	100	-41.30172699423
1.80	110	-41.301517270154
1.80	120	-41.297340014387
1.80	130	-41.2869685807
1.80	140	-41.267865217407
1.80	150	-41.238255164886
1.80	160	-41.199297304497
1.90	0	-41.290156128519
1.90	10	-41.290666727531
1.90	20	-41.292033133536
1.90	30	-41.293888526942
1.90	40	-41.295940885222
1.90	50	-41.298107873834
1.90	60	-41.300455823312
1.90	70	-41.303050010617
1.90	80	-41.305803671339
1.90	90	-41.30838614489
1.90	100	-41.310183186895
1.90	110	-41.310260756181
1.90	120	-41.307298657948
1.90	130	-41.299537991392
1.90	140	-41.285001426769
1.90	150	-41.262458675103
1.90	160	-41.233488483865
1.90	170	-41.205495434913
1.90	180	-41.192990182459
2.00	0	-41.301931854494
2.00	10	-41.302244816611
2.00	20	-41.30309737778
2.00	30	-41.304296069554
2.00	40	-41.305678288851
2.00	50	-41.307198655003
2.00	60	-41.308907146152
2.00	70	-41.310854252886
2.00	80	-41.312979069221
2.00	90	-41.315033254578
2.00	100	-41.316544412859
2.00	110	-41.316782760472
2.00	120	-41.314711625325
2.00	130	-41.308956148036
2.00	140	-41.297993431092
2.00	150	-41.280967839165
2.00	160	-41.259414764223
2.00	170	-41.239333272469
2.00	180	-41.230702888475
2.10	0	-41.310718323579
2.10	10	-41.31090999127
2.10	20	-41.311438959739
2.10	30	-41.312201529665
2.10	40	-41.31311233463
2.10	50	-41.314155671258
2.10	60	-41.31537660299
2.10	70	-41.316818533145
2.10	80	-41.318440884556
2.10	90	-41.320058908793
2.10	100	-41.321310761899
2.10	110	-41.321629405462
2.10	120	-41.320204957733
2.10	130	-41.315970620424
2.10	140	-41.307764020165
2.10	150	-41.294987987438
2.10	160	-41.278974430676
2.10	170	-41.264381061803
2.10	180	-41.258247652225
2.20	0	-41.317256249958
2.20	10	-41.317371742792
2.20	20	-41.317693541816
2.20	30	-41.318167224813
2.20	40	-41.318751674729
2.20	50	-41.31945058932
2.20	60	-41.320307157643
2.20	70	-41.321361228596
2.20	80	-41.322588697894
2.20	90	-41.323853267301
2.20	100	-41.324878955893
2.20	110	-41.325226682896
2.20	120	-41.324266533127
2.20	130	-41.321174149786
2.20	140	-41.315068134393
2.20	150	-41.305531141662
2.20	160	-41.293656043227
2.20	170	-41.282985367509
2.20	180	-41.278559370886
2.30	0	-41.322113949798
2.30	10	-41.322180947517
2.30	20	-41.322369244863
2.30	30	-41.322651944302
2.30	40	-41.323013171694
2.30	50	-41.323467491774
2.30	60	-41.324056208462
2.30	70	-41.324816875429
2.30	80	-41.325737916276
2.30	90	-41.326719932927
2.30	100	-41.327553084283
2.30	110	-41.32789838773
2.30	120	-41.327267427626
2.30	130	-41.325024883917
2.30	140	-41.320504701536
2.30	150	-41.313415733858
2.30	160	-41.304627233064
2.30	170	-41.296803557072
2.30	180	-41.293585304651
2.40	0	-41.325721327459
2.40	10	-41.325757396028
2.40	20	-41.325859686642
2.40	30	-41.32601694269
2.40	40	-41.326227188064
2.40	50	-41.326510239973
2.40	60	-41.326904776594
2.40	70	-41.327446093586
2.40	80	-41.328131754623
2.40	90	-41.328890164587
2.40	100	-41.329562177545
2.40	110	-41.329886710816
2.40	120	-41.329485988446
2.40	130	-41.327871175306
2.40	140	-41.324539283704
2.40	150	-41.319287757412
2.40	160	-41.312795571558
2.40	170	-41.307053317344
2.40	180	-41.304704403677
2.50	0	-41.32840054003
2.50	10	-41.32841701386
2.50	20	-41.3284644424
2.50	30	-41.328540172005
2.50	40	-41.328649646666
2.50	50	-41.328814384745
2.50	60	-41.329069860444
2.50	70	-41.329448863916
2.50	80	-41.329955136213
2.50	90	-41.330537966406
2.50	100	-41.331076834148
2.50	110	-41.331371053234
2.50	120	-41.331128822701
2.50	130	-41.329974484053
2.50	140	-41.327527951958
2.50	150	-41.323647868566
2.50	160	-41.318859403922
2.50	170	-41.314643794787
2.50	180	-41.312926335872
2.60	0	-41.330391433459
2.60	10	-41.330395743517
2.60	20	-41.330408759695
2.60	30	-41.330432470654
2.60	40	-41.330475852236
2.60	50	-41.330560093962
2.60	60	-41.330717158249
2.60	70	-41.330977104755
2.60	80	-41.331347598797
2.60	90	-41.331793363651
2.60	100	-41.332223380093
2.60	110	-41.33248340855
2.60	120	-41.332348322756
2.60	130	-41.331529544614
2.60	140	-41.329739632963
2.60	150	-41.326878979832
2.60	160	-41.3233509893
2.60	170	-41.320256507423
2.60	180	-41.318999657382
2.70	0	-41.33187173099
2.70	10	-41.331868732722
2.70	20	-41.331860863391
2.70	30	-41.331852332871
2.70	40	-41.331853371945
2.70	50	-41.331883896748
2.70	60	-41.331972297311
2.70	70	-41.332145670296
2.70	80	-41.332413946631
2.70	90	-41.332753240962
2.70	100	-41.333094999287
2.70	110	-41.333320608748
2.70	120	-41.333256384503
2.70	130	-41.33268053787
2.70	140	-41.33137564185
2.70	150	-41.329270640786
2.70	160	-41.326673198685
2.70	170	-41.324401608734
2.70	180	-41.323481449236
2.80	0	-41.33297294297
2.80	10	-41.33296579184
2.80	20	-41.332945889854
2.80	30	-41.332918255159
2.80	40	-41.332893180077
2.80	50	-41.332888813477
2.80	60	-41.332930091037
2.80	70	-41.333041134492
2.80	80	-41.333232892598
2.80	90	-41.333489807958
2.80	100	-41.333760479769
2.80	110	-41.333953561886
2.80	120	-41.333934893927
2.80	130	-41.333533882214
2.80	140	-41.332585911267
2.80	150	-41.331039758863
2.80	160	-41.329128484255
2.80	170	-41.327460599479
2.80	180	-41.326786592636
2.90	0	-41.333792393848
2.90	10	-41.333783104442
2.90	20	-41.333756902672
2.90	30	-41.333718808141
2.90	40	-41.333678577075
2.90	50	-41.333652436578
2.90	60	-41.333662090318
2.90	70	-41.333728771527
2.90	80	-41.33386359144
2.90	90	-41.334057013129
2.90	100	-41.334270713013
2.90	110	-41.334434270356
2.90	120	-41.334443787858
2.90	130	-41.334167886073
2.90	140	-41.333481731006
2.90	150	-41.332348042548
2.90	160	-41.33094244553
2.90	170	-41.329717464214
2.90	180	-41.329223505434
3.00	0	-41.334402199398
3.00	10	-41.334392046209
3.00	20	-41.334363145319
3.00	30	-41.334320180461
3.00	40	-41.334272079072
3.00	50	-41.334233195174
3.00	60	-41.334222284976
3.00	70	-41.334257850055
3.00	80	-41.334350631931
3.00	90	-41.334495301093
3.00	100	-41.334663523803
3.00	110	-41.334800968937
3.00	120	-41.334826942965
3.00	130	-41.334640048389
3.00	140	-41.334145406776
3.00	150	-41.333315585421
3.00	160	-41.332282487563
3.00	170	-41.331382709427
3.00	180	-41.331020537706
3.10	0	-41.334855859175
3.10	10	-41.334845608473
3.10	20	-41.334816236606
3.10	30	-41.334771936251
3.10	40	-41.334720716339
3.10	50	-41.334675204293
3.10	60	-41.334651530022
3.10	70	-41.33466567095
3.10	80	-41.334727683324
3.10	90	-41.334835096411
3.10	100	-41.334967131981
3.10	110	-41.335081902485
3.10	120	-41.335116561568
3.10	130	-41.334992601094
3.10	140	-41.334637684762
3.10	150	-41.334031386176
3.10	160	-41.333272574008
3.10	170	-41.332611720843
3.10	180	-41.332346152648
3.20	0	-41.335193075503
3.20	10	-41.335183173885
3.20	20	-41.335154652303
3.20	30	-41.335111185325
3.20	40	-41.335059874163
3.20	50	-41.335011791868
3.20	60	-41.33498077224
3.20	70	-41.334980534211
3.20	80	-41.335020254857
3.20	90	-41.335099349301
3.20	100	-41.335202680795
3.20	110	-41.335298008483
3.20	120	-41.335336299179
3.20	130	-41.335256528958
3.20	140	-41.335003272334
3.20	150	-41.334561165411
3.20	160	-41.334004276766
3.20	170	-41.33351907988
3.20	180	-41.33332438247
3.30	0	-41.335443296159
3.30	10	-41.335433990684
3.30	20	-41.335407079111
3.30	30	-41.335365736269
3.30	40	-41.335316213704
3.30	50	-41.33526818787
3.30	60	-41.335233524215
3.30	70	-41.335223952215
3.30	80	-41.335247715344
3.30	90	-41.335305411401
3.30	100	-41.335386053826
3.30	110	-41.335464865965
3.30	120	-41.335503581014
3.30	130	-41.335454583907
3.30	140	-41.335275078744
3.30	150	-41.33495340305
3.30	160	-41.334545137865
3.30	170	-41.334189160717
3.30	180	-41.334046530375
3.40	0	-41.33562835976
3.40	10	-41.335619778632
3.40	20	-41.335594886495
3.40	30	-41.335556402761
3.40	40	-41.33550979175
3.40	50	-41.335463480924
3.40	60	-41.335427645114
3.40	70	-41.335412312913
3.40	80	-41.335424812056
3.40	90	-41.335466436851
3.40	100	-41.335529209578
3.40	110	-41.335594098371
3.40	120	-41.335631265787
3.40	130	-41.335603457917
3.40	140	-41.335477307849
3.40	150	-41.33524384022
3.40	160	-41.33494493156
3.40	170	-41.334684060987
3.40	180	-41.33457973146
3.50	0	-41.335764498569
3.50	10	-41.335756715386
3.50	20	-41.335734031688
3.50	30	-41.335698794761
3.50	40	-41.335655725245
3.50	50	-41.335612127734
3.50	60	-41.335576736888
3.50	70	-41.33555814038
3.50	80	-41.335562819245
3.50	90	-41.335592443503
3.50	100	-41.335641187832
3.50	110	-41.335694417405
3.50	120	-41.335728898585
3.50	130	-41.335715437286
3.50	140	-41.335627788894
3.50	150	-41.335458869036
3.50	160	-41.335240389592
3.50	170	-41.335049522135
3.50	180	-41.334973337213
3.60	0	-41.335863846497
3.60	10	-41.335856866165
3.60	20	-41.335836468985
3.60	30	-41.335804631918
3.60	40	-41.33576540604
3.60	50	-41.335725084158
3.60	60	-41.335691165041
3.60	70	-41.335671025621
3.60	80	-41.335670386817
3.60	90	-41.335691086578
3.60	100	-41.335728854638
3.60	110	-41.335772380792
3.60	120	-41.335803581806
3.60	130	-41.335799602376
3.60	140	-41.33573965757
3.60	150	-41.33561797066
3.60	160	-41.335458629638
3.60	170	-41.335319271477
3.60	180	-41.335263754092
3.70	0	-41.335935543578
3.70	10	-41.335929351873
3.70	20	-41.335911211519
3.70	30	-41.335882766504
3.70	40	-41.335847461036
3.70	50	-41.335810680309
3.70	60	-41.335778855046
3.70	70	-41.335758342198
3.70	80	-41.335754190259
3.70	90	-41.335768282444
3.70	100	-41.335797471274
3.70	110	-41.335832963434
3.70	120	-41.335860670881
3.70	130	-41.335862722085
3.70	140	-41.33582262421
3.70	150	-41.335735525629
3.70	160	-41.335619686144
3.70	170	-41.335518197061
3.70	180	-41.335477846894
3.80	0	-41.335986520028
3.80	10	-41.335981077588
3.80	20	-41.335965101682
3.80	30	-41.3359399132
3.80	40	-41.335908444936
3.80	50	-41.33587526541
3.80	60	-41.335845878512
3.80	70	-41.335825772797
3.80	80	-41.335819409199
3.80	90	-41.335828621361
3.80	100	-41.335851103409
3.80	110	-41.335879968814
3.80	120	-41.335904214977
3.80	130	-41.335909886427
3.80	140	-41.335883897707
3.80	150	-41.335822138537
3.80	160	-41.335738337435
3.80	170	-41.335664697737
3.80	180	-41.335635471516
3.90	0	-41.336022040419
3.90	10	-41.336017297545
3.90	20	-41.336003319883
3.90	30	-41.335981188795
3.90	40	-41.335953360516
3.90	50	-41.335923698934
3.90	60	-41.335896903143
3.90	70	-41.335877719981
3.90	80	-41.335870054798
3.90	90	-41.335875688015
3.90	100	-41.335892921351
3.90	110	-41.335916333336
3.90	120	-41.335937301141
3.90	130	-41.335944923834
3.90	140	-41.335928877355
3.90	150	-41.335885650504
3.90	160	-41.335825487791
3.90	170	-41.335772345474
3.90	180	-41.335751277297
4.00	0	-41.336046123168
4.00	10	-41.336042005294
4.00	20	-41.336029838599
4.00	30	-41.336010509238
4.00	40	-41.335986049041
4.00	50	-41.335959723559
4.00	60	-41.335935536092
4.00	70	-41.335917570849
4.00	80	-41.335909268231
4.00	90	-41.335912291222
4.00	100	-41.335925409543
4.00	110	-41.335944339568
4.00	120	-41.335962296678
4.00	130	-41.335970759546
4.00	140	-41.335961607485
4.00	150	-41.335931902428
4.00	160	-41.335889163587
4.00	170	-41.335851140386
4.00	180	-41.33583606569
4.10	0	-41.336061792157
4.10	10	-41.336058225787
4.10	20	-41.336047666196
4.10	30	-41.336030835117
4.10	40	-41.336009428186
4.10	50	-41.335986195269
4.10	60	-41.335964540329
4.10	70	-41.335947973911
4.10	80	-41.335939494185
4.10	90	-41.335940634733
4.10	100	-41.335950522796
4.10	110	-41.335965771595
4.10	120	-41.335981023576
4.10	130	-41.335989610563
4.10	140	-41.335985163247
4.10	150	-41.335965248749
4.10	160	-41.335935342844
4.10	170	-41.33590846935
4.10	180	-41.335897804084
4.20	0	-41.336071323601
4.20	10	-41.336068234837
4.20	20	-41.336059075835
4.20	30	-41.33604444404
4.20	40	-41.336025759992
4.20	50	-41.336005341274
4.20	60	-41.335986079203
4.20	70	-41.335970980791
4.20	80	-41.335962641358
4.20	90	-41.335962448513
4.20	100	-41.335969800721
4.20	110	-41.335982027158
4.20	120	-41.335994889284
4.20	130	-41.336003161739
4.20	140	-41.336001859908
4.20	150	-41.335988987826
4.20	160	-41.335968488233
4.20	170	-41.335949820375
4.20	180	-41.335942397287
4.30	0	-41.336076411311
4.30	10	-41.336073729973
4.30	20	-41.336065774716
4.30	30	-41.336053053596
4.30	40	-41.336036766992
4.30	50	-41.336018872532
4.30	60	-41.336001825069
4.30	70	-41.335988192331
4.30	80	-41.335980203714
4.30	90	-41.335979092163
4.30	100	-41.335984456774
4.30	110	-41.335994203677
4.30	120	-41.336004981663
4.30	130	-41.336012692307
4.30	140	-41.336013439647
4.30	150	-41.336005594019
4.30	160	-41.335991952346
4.30	170	-41.335979297265
4.30	180	-41.335974250402
4.40	0	-41.336078302652
4.40	10	-41.336075965788
4.40	20	-41.336069035826
4.40	30	-41.336057960482
4.40	40	-41.336043765802
4.40	50	-41.336028111122
4.40	60	-41.336013081179
4.40	70	-41.336000862341
4.40	80	-41.33599335592
4.40	90	-41.335991637214
4.40	100	-41.335995449168
4.40	110	-41.336003163449
4.40	120	-41.33601214268
4.40	130	-41.336019173077
4.40	140	-41.336021209407
4.40	150	-41.336016921208
4.40	160	-41.336008249516
4.40	170	-41.335999975983
4.40	180	-41.335996661067
4.50	0	-41.336077908255
4.50	10	-41.336075862093
4.50	20	-41.336069803268
4.50	30	-41.336060140184
4.50	40	-41.33604776129
4.50	50	-41.336034079223
4.50	60	-41.336020865396
4.50	70	-41.336009977404
4.50	80	-41.33600302594
4.50	90	-41.336000931952
4.50	100	-41.336003536357
4.50	110	-41.336009585845
4.50	120	-41.336017024455
4.50	130	-41.336023339573
4.50	140	-41.336026146412
4.50	150	-41.336024350948
4.50	160	-41.336019256154
4.50	170	-41.33601415435
4.50	180	-41.336012093443
4.60	0	-41.336075890568
4.60	10	-41.336074091432
4.60	20	-41.336068776003
4.60	30	-41.336060326132
4.60	40	-41.336049520596
4.60	50	-41.336037567957
4.60	60	-41.336025975154
4.60	70	-41.336016317499
4.60	80	-41.336009951167
4.60	90	-41.336007651415
4.60	100	-41.33600932167
4.60	110	-41.336014008741
4.60	120	-41.336020134206
4.60	130	-41.336025748837
4.60	140	-41.336028979443
4.60	150	-41.336028910194
4.60	160	-41.3360263673
4.60	170	-41.336023542022
4.60	180	-41.336022381257
4.70	0	-41.336072734011
4.70	10	-41.336071147643
4.70	20	-41.336066472746
4.70	30	-41.336059070304
4.70	40	-41.336049629582
4.70	50	-41.336039189926
4.70	60	-41.336029035442
4.70	70	-41.336020500223
4.70	80	-41.336014719441
4.70	90	-41.336012335049
4.70	100	-41.336013286949
4.70	110	-41.336016859896
4.70	120	-41.336021868653
4.70	130	-41.336026823621
4.70	140	-41.336030250578
4.70	150	-41.336031360295
4.70	160	-41.336030618251
4.70	170	-41.336029408447
4.70	180	-41.336028886251
4.80	0	-41.336068797855
4.80	10	-41.336067397595
4.80	20	-41.336063281206
4.80	30	-41.3360567894
4.80	40	-41.336048535872
4.80	50	-41.336039419133
4.80	60	-41.336030535813
4.80	70	-41.33602301448
4.80	80	-41.3360178
4.80	90	-41.336015414984
4.80	100	-41.3360158183
4.80	110	-41.33601848108
4.80	120	-41.33602254062
4.80	130	-41.336026886892
4.80	140	-41.336030362475
4.80	150	-41.336032264324
4.80	160	-41.336032777337
4.80	170	-41.336032697507
4.80	180	-41.336032621099
4.90	0	-41.336064353484
4.90	10	-41.336063118156
4.90	20	-41.336059493875
4.90	30	-41.336053798979
4.90	40	-41.336046581365
4.90	50	-41.336038621476
4.90	60	-41.336030858425
4.90	70	-41.336024246055
4.90	80	-41.336019566345
4.90	90	-41.3360172372
4.90	100	-41.336017225087
4.90	110	-41.336019145776
4.90	120	-41.336022398578
4.90	130	-41.336026188262
4.90	140	-41.336029615523
4.90	150	-41.336032036972
4.90	160	-41.336033413302
4.90	170	-41.336034111145
4.90	180	-41.336034340106
5.00	0	-41.336059608784
5.00	10	-41.336058520684
5.00	20	-41.336055332639
5.00	30	-41.336050338194
5.00	40	-41.336044026488
5.00	50	-41.336037078348
5.00	60	-41.336030300307
5.00	70	-41.336024498083
5.00	80	-41.336020314853
5.00	90	-41.336018078086
5.00	100	-41.336017755042
5.00	110	-41.33601907282
5.00	120	-41.336021640562
5.00	130	-41.336024923138
5.00	140	-41.336028236384
5.00	150	-41.336030983662
5.00	160	-41.336032944872
5.00	170	-41.336034169263
5.00	180	-41.336034603243
5.10	0	-41.336054723345
5.10	10	-41.33605376674
5.10	20	-41.336050965834
5.10	30	-41.33604658779
5.10	40	-41.336041068816
5.10	50	-41.336035004985
5.10	60	-41.336029091146
5.10	70	-41.336024007587
5.10	80	-41.336020279679
5.10	90	-41.336018157672
5.10	100	-41.336017605943
5.10	110	-41.336018436726
5.10	120	-41.336020424391
5.10	130	-41.336023246086
5.10	140	-41.336026399342
5.10	150	-41.336029331199
5.10	160	-41.336031678916
5.10	170	-41.336033253527
5.10	180	-41.336033822387
5.20	0	-41.336049818004
5.20	10	-41.336048978344
5.20	20	-41.336046519774
5.20	30	-41.336042683328
5.20	40	-41.336037857241
5.20	50	-41.336032565292
5.20	60	-41.336027407933
5.20	70	-41.336022959331
5.20	80	-41.33601964528
5.20	90	-41.336017650693
5.20	100	-41.336016935319
5.20	110	-41.336017376053
5.20	120	-41.336018875242
5.20	130	-41.336021279925
5.20	140	-41.336024240959
5.20	150	-41.336027251239
5.20	160	-41.336029841305
5.20	170	-41.336031642364
5.20	180	-41.336032297694
5.30	0	-41.336044981591
5.30	10	-41.33604424505
5.30	20	-41.336042087528
5.30	30	-41.33603872498
5.30	40	-41.336034503129
5.30	50	-41.336029883574
5.30	60	-41.336025386844
5.30	70	-41.336021497343
5.30	80	-41.336018556998
5.30	90	-41.336016695869
5.30	100	-41.336015868458
5.30	110	-41.336016000534
5.30	120	-41.33601709158
5.30	130	-41.336019121682
5.30	140	-41.336021869406
5.30	150	-41.336024876733
5.30	160	-41.336027601239
5.30	170	-41.336029539909
5.30	180	-41.336030247965
5.40	0	-41.336040276529
5.40	10	-41.33603963014
5.40	20	-41.336037735462
5.40	30	-41.336034785699
5.40	40	-41.336031089133
5.40	50	-41.336027054077
5.40	60	-41.336023132979
5.40	70	-41.336019734356
5.40	80	-41.336017129742
5.40	90	-41.336015403602
5.40	100	-41.3360145052
5.40	110	-41.336014396821
5.40	120	-41.336015150282
5.40	130	-41.336016847198
5.40	140	-41.336019370348
5.40	150	-41.336022312661
5.40	160	-41.336025088506
5.40	170	-41.336027098708
5.40	180	-41.336027835116
5.50	0	-41.336035744083
5.50	10	-41.336035175914
5.50	20	-41.336033509233
5.50	30	-41.336030917388
5.50	40	-41.33602767632
5.50	50	-41.336024148356
5.50	60	-41.33602072788
5.50	70	-41.336017759217
5.50	80	-41.336015455034
5.50	90	-41.336013862278
5.50	100	-41.336012925356
5.50	110	-41.336012633444
5.50	120	-41.336013110878
5.50	130	-41.33601451467
5.50	140	-41.336016810611
5.50	150	-41.336019642021
5.50	160	-41.336022404804
5.50	170	-41.336024435686
5.50	180	-41.336025182044
5.60	0	-41.336031409309
5.60	10	-41.336030908664
5.60	20	-41.336029438784
5.60	30	-41.336027156437
5.60	40	-41.336024309543
5.60	50	-41.336021221017
5.60	60	-41.336018235471
5.60	70	-41.336015642624
5.60	80	-41.336013606367
5.60	90	-41.336012143098
5.60	100	-41.336011193085
5.60	110	-41.336010764713
5.60	120	-41.336011019323
5.60	130	-41.336012167964
5.60	140	-41.336014241081
5.60	150	-41.336016929702
5.60	160	-41.336019630132
5.60	170	-41.336021642055
5.60	180	-41.336022384004
5.70	0	-41.336027285488
5.70	10	-41.336026842915
5.70	20	-41.336025542727
5.70	30	-41.336023527626
5.70	40	-41.336021021875
5.70	50	-41.336018314132
5.70	60	-41.336015706077
5.70	70	-41.336013441298
5.70	80	-41.336011643184
5.70	90	-41.336010303822
5.70	100	-41.336009360159
5.70	110	-41.336008833928
5.70	120	-41.336008910932
5.70	130	-41.336009839596
5.70	140	-41.336011699332
5.70	150	-41.336014224857
5.70	160	-41.336016826624
5.70	170	-41.336018788936
5.70	180	-41.336019515268
5.80	0	-41.336023377859
5.80	10	-41.336022985331
5.80	20	-41.336021831557
5.80	30	-41.336020047624
5.80	40	-41.336017837382
5.80	50	-41.336015459879
5.80	60	-41.336013179639
5.80	70	-41.336011200877
5.80	80	-41.33600961375
5.80	90	-41.336008391422
5.80	100	-41.336007468519
5.80	110	-41.336006875519
5.80	120	-41.336006812914
5.80	130	-41.336007553121
5.80	140	-41.336009211975
5.80	150	-41.336011563382
5.80	160	-41.336014040986
5.80	170	-41.336015930765
5.80	180	-41.336016632833
5.90	0	-41.336019686473
5.90	10	-41.336019337229
5.90	20	-41.336018310314
5.90	30	-41.336016727003
5.90	40	-41.336014773582
5.90	50	-41.336012683062
5.90	60	-41.336010687582
5.90	70	-41.336008957946
5.90	80	-41.33600755716
5.90	90	-41.336006444058
5.90	100	-41.336005552043
5.90	110	-41.336004916877
5.90	120	-41.336004746038
5.90	130	-41.336005325497
5.90	140	-41.336006797322
5.90	150	-41.336008970196
5.90	160	-41.336011306867
5.90	170	-41.336013107678
5.90	180	-41.336013779085
6.00	0	-41.336016208177
6.00	10	-41.336015896625
6.00	20	-41.336014980265
6.00	30	-41.33601357204
6.00	40	-41.336011842653
6.00	50	-41.336010002168
6.00	60	-41.336008254396
6.00	70	-41.336006741526
6.00	80	-41.33600550472
6.00	90	-41.336004492364
6.00	100	-41.336003637804
6.00	110	-41.336002979538
6.00	120	-41.336002726108
6.00	130	-41.336003168584
6.00	140	-41.336004467309
6.00	150	-41.336006461802
6.00	160	-41.33600864736
6.00	170	-41.336010347989
6.00	180	-41.336010984183
6.20	0	-41.336009868948
6.20	10	-41.336009619844
6.20	20	-41.336008886537
6.20	30	-41.336007767733
6.20	40	-41.336006407716
6.20	50	-41.336004977246
6.20	60	-41.336003633058
6.20	70	-41.336002472371
6.20	80	-41.336001504789
6.20	90	-41.336000667339
6.20	100	-41.335999896438
6.20	110	-41.335999231417
6.20	120	-41.335998870353
6.20	130	-41.335999096433
6.20	140	-41.336000087945
6.20	150	-41.336001736093
6.20	160	-41.336003606594
6.20	170	-41.336005088158
6.20	180	-41.33600564581
6.40	0	-41.336004305076
6.40	10	-41.336004105672
6.40	20	-41.336003517662
6.40	30	-41.336002627306
6.40	40	-41.336001555983
6.40	50	-41.336000441915
6.40	60	-41.335999404723
6.40	70	-41.335998508913
6.40	80	-41.335997744916
6.40	90	-41.335997047521
6.40	100	-41.335996359557
6.40	110	-41.335995718394
6.40	120	-41.335995302149
6.40	130	-41.3359953701
6.40	140	-41.335996100595
6.40	150	-41.335997425089
6.40	160	-41.335998981079
6.40	170	-41.336000234798
6.40	180	-41.336000709282
6.60	0	-41.335999447915
6.60	10	-41.335999289009
6.60	20	-41.335998818764
6.60	30	-41.33599811168
6.60	40	-41.335997268701
6.60	50	-41.335996400432
6.60	60	-41.33599559688
6.60	70	-41.335994898955
6.60	80	-41.335994286445
6.60	90	-41.335993697588
6.60	100	-41.335993083844
6.60	110	-41.335992479871
6.60	120	-41.335992040497
6.60	130	-41.335991993034
6.60	140	-41.335992503888
6.60	150	-41.33599353435
6.60	160	-41.335994790415
6.60	170	-41.3359958204
6.60	180	-41.335996212124
6.80	0	-41.335995219889
6.80	10	-41.335995094287
6.80	20	-41.335994720301
6.80	30	-41.335994161276
6.80	40	-41.335993499656
6.80	50	-41.335992822487
6.80	60	-41.335992196229
6.80	70	-41.335991644912
6.80	80	-41.335991143504
6.80	90	-41.335990637007
6.80	100	-41.335990086258
6.80	110	-41.335989523486
6.80	120	-41.335989080367
6.80	130	-41.335988950058
6.80	140	-41.33598928014
6.80	150	-41.335990052346
6.80	160	-41.335991034309
6.80	170	-41.335991854872
6.80	180	-41.335992168249
7.00	0	-41.335991540333
7.00	10	-41.335991442108
7.00	20	-41.335991146706
7.00	30	-41.335990707044
7.00	40	-41.335990189071
7.00	50	-41.335989659902
7.00	60	-41.335989167332
7.00	70	-41.335988723715
7.00	80	-41.335988302982
7.00	90	-41.335987858449
7.00	100	-41.33598736024
7.00	110	-41.335986838421
7.00	120	-41.335986403519
7.00	130	-41.335986215992
7.00	140	-41.335986401955
7.00	150	-41.335986955982
7.00	160	-41.335987698419
7.00	170	-41.335988332138
7.00	180	-41.33598857492
7.20	0	-41.335988331995
7.20	10	-41.335988256069
7.20	20	-41.335988024287
7.20	30	-41.335987680085
7.20	40	-41.33598727497
7.20	50	-41.335986859469
7.20	60	-41.335986466887
7.20	70	-41.335986101756
7.20	80	-41.335985739445
7.20	90	-41.335985341937
7.20	100	-41.335984887906
7.20	110	-41.335984405428
7.20	120	-41.335983986437
7.20	130	-41.335983762163
7.20	140	-41.335983837438
7.20	150	-41.335984214325
7.20	160	-41.335984756342
7.20	170	-41.335985230909
7.20	180	-41.335985413047
7.40	0	-41.335985525826
7.40	10	-41.335985467827
7.40	20	-41.335985286865
7.40	30	-41.335985018017
7.40	40	-41.335984700509
7.40	50	-41.335984371318
7.40	60	-41.335984052807
7.40	70	-41.335983744606
7.40	80	-41.335983424905
7.40	90	-41.335983064028
7.40	100	-41.335982648065
7.40	110	-41.3359822032
7.40	120	-41.335981805388
7.40	130	-41.335981560629
7.40	140	-41.335981554444
7.40	150	-41.335981792796
7.40	160	-41.335982173571
7.40	170	-41.335982518051
7.40	180	-41.335982650244
7.60	0	-41.33598306303
7.60	10	-41.335983019183
7.60	20	-41.335982878112
7.60	30	-41.335982667792
7.60	40	-41.335982417226
7.60	50	-41.335982152708
7.60	60	-41.335981888543
7.60	70	-41.335981621601
7.60	80	-41.335981333624
7.60	90	-41.335981002491
7.60	100	-41.335980620418
7.60	110	-41.335980211662
7.60	120	-41.335979838668
7.60	130	-41.335979586221
7.60	140	-41.33597952304
7.60	150	-41.335979656884
7.60	160	-41.335979912294
7.60	170	-41.335980154108
7.60	180	-41.335980246628
7.80	0	-41.335980894924
7.80	10	-41.335980862022
7.80	20	-41.335980751636
7.80	30	-41.335980585876
7.80	40	-41.335980385557
7.80	50	-41.335980168793
7.80	60	-41.335979944152
7.80	70	-41.335979707375
7.80	80	-41.335979443879
7.80	90	-41.335979138079
7.80	100	-41.335978787043
7.80	110	-41.335978413069
7.80	120	-41.335978067274
7.80	130	-41.335977816937
7.80	140	-41.335977716588
7.80	150	-41.335977774392
7.80	160	-41.335977935325
7.80	170	-41.335978098514
7.80	180	-41.335978160435
8.00	0	-41.335978981462
8.00	10	-41.335978956825
8.00	20	-41.335978869501
8.00	30	-41.335978736939
8.00	40	-41.335978573633
8.00	50	-41.335978391611
8.00	60	-41.335978195656
8.00	70	-41.335977981334
8.00	80	-41.335977737688
8.00	90	-41.3359774545
8.00	100	-41.335977132465
8.00	110	-41.335976791948
8.00	120	-41.335976474651
8.00	130	-41.335976233568
8.00	140	-41.335976111493
8.00	150	-41.335976116241
8.00	160	-41.335976208108
8.00	170	-41.335976312729
8.00	180	-41.335976351684
8.20	0	-41.335977289523
8.20	10	-41.335977270971
8.20	20	-41.335977200591
8.20	30	-41.33597709223
8.20	40	-41.335976955689
8.20	50	-41.335976798672
8.20	60	-41.335976623615
8.20	70	-41.335976426623
8.20	80	-41.335976199936
8.20	90	-41.335975937649
8.20	100	-41.335975643038
8.20	110	-41.33597533451
8.20	120	-41.335975045994
8.20	130	-41.335974819036
8.20	140	-41.335974686882
8.20	150	-41.335974656478
8.20	160	-41.335974699505
8.20	170	-41.335974761665
8.20	180	-41.335974783818
8.40	0	-41.335975791338
8.40	10	-41.335975777166
8.40	20	-41.335975718919
8.40	30	-41.335975627853
8.40	40	-41.335975510388
8.40	50	-41.335975371336
8.40	60	-41.33597521181
8.40	70	-41.33597502882
8.40	80	-41.33597481738
8.40	90	-41.335974574839
8.40	100	-41.335974306213
8.40	110	-41.33597402795
8.40	120	-41.335973767647
8.40	130	-41.335973557751
8.40	140	-41.335973423855
8.40	150	-41.335973371858
8.40	160	-41.33597338163
8.40	170	-41.335973413931
8.40	180	-41.33597342412
8.60	0	-41.335974463271
8.60	10	-41.33597445218
8.60	20	-41.335974402484
8.60	30	-41.335974323594
8.60	40	-41.335974219655
8.60	50	-41.335974093655
8.60	60	-41.335973946116
8.60	70	-41.335973775062
8.60	80	-41.335973577806
8.60	90	-41.335973354114
8.60	100	-41.335973109993
8.60	110	-41.335972860029
8.60	120	-41.335972626685
8.60	130	-41.335972435209
8.60	140	-41.335972305188
8.60	150	-41.335972241437
8.60	160	-41.335972229656
8.60	170	-41.335972241644
8.60	180	-41.335972243588
8.80	0	-41.335973284947
8.80	10	-41.335973276007
8.80	20	-41.335973232267
8.80	30	-41.335973161937
8.80	40	-41.335973067681
8.80	50	-41.335972951435
8.80	60	-41.335972813631
8.80	70	-41.335972653316
8.80	80	-41.335972469552
8.80	90	-41.335972263838
8.80	100	-41.335972042645
8.80	110	-41.335971818812
8.80	120	-41.335971610603
8.80	130	-41.335971437722
8.80	140	-41.335971315044
8.80	150	-41.335971246365
8.80	160	-41.335971221532
8.80	170	-41.335971220294
8.80	180	-41.335971216716
9.00	0	-41.335972238592
9.00	10	-41.335972231144
9.00	20	-41.335972191591
9.00	30	-41.335972127368
9.00	40	-41.335972040285
9.00	50	-41.335971931742
9.00	60	-41.335971802313
9.00	70	-41.335971651994
9.00	80	-41.335971481196
9.00	90	-41.335971292535
9.00	100	-41.335971092556
9.00	110	-41.335970892517
9.00	120	-41.3359707073
9.00	130	-41.335970552307
9.00	140	-41.335970438821
9.00	150	-41.33597036973
9.00	160	-41.335970337742
9.00	170	-41.335970328323
9.00	180	-41.335970321231
9.50	0	-41.335970101826
9.50	10	-41.335970096605
9.50	20	-41.335970063416
9.50	30	-41.335970008951
9.50	40	-41.335969934335
9.50	50	-41.335969840805
9.50	60	-41.335969729708
9.50	70	-41.335969602611
9.50	80	-41.335969461821
9.50	90	-41.335969311132
9.50	100	-41.335969156344
9.50	110	-41.335969005408
9.50	120	-41.33596886742
9.50	130	-41.335968750908
9.50	140	-41.335968661646
9.50	150	-41.335968600942
9.50	160	-41.335968565344
9.50	170	-41.335968548303
9.50	180	-41.335968537557
10.00	0	-41.335968497462
10.00	10	-41.335968493679
10.00	20	-41.335968464789
10.00	30	-41.335968417441
10.00	40	-41.335968352778
10.00	50	-41.335968272344
10.00	60	-41.335968177998
10.00	70	-41.335968071999
10.00	80	-41.335967957149
10.00	90	-41.33596783712
10.00	100	-41.335967716608
10.00	110	-41.335967601231
10.00	120	-41.335967496811
10.00	130	-41.335967408425
10.00	140	-41.335967339209
10.00	150	-41.335967289758
10.00	160	-41.335967258244
10.00	170	-41.335967241382
10.00	180	-41.335967230246
10.50	0	-41.335967278106
10.50	10	-41.335967275649
10.50	20	-41.335967250701
10.50	30	-41.335967209978
10.50	40	-41.335967154728
10.50	50	-41.335967086573
10.50	60	-41.335967007533
10.50	70	-41.335966919909
10.50	80	-41.335966826392
10.50	90	-41.335966730126
10.50	100	-41.335966634796
10.50	110	-41.335966544468
10.50	120	-41.335966463151
10.50	130	-41.335966394142
10.50	140	-41.335966339379
10.50	150	-41.33596629923
10.50	160	-41.335966272622
10.50	170	-41.335966257761
10.50	180	-41.335966247086
11.00	0	-41.335966337035
11.00	10	-41.335966335825
11.00	20	-41.335966314617
11.00	30	-41.335966280116
11.00	40	-41.335966233502
11.00	50	-41.335966176385
11.00	60	-41.335966110602
11.00	70	-41.335966038285
11.00	80	-41.335965961764
11.00	90	-41.335965883613
11.00	100	-41.335965806758
11.00	110	-41.33596573423
11.00	120	-41.335965668977
11.00	130	-41.335965613355
11.00	140	-41.335965568755
11.00	150	-41.3359655355
11.00	160	-41.335965512979
11.00	170	-41.335965500103
11.00	180	-41.335965490002
11.50	0	-41.33596559903
11.50	10	-41.335965598923
11.50	20	-41.335965581047
11.50	30	-41.335965552024
11.50	40	-41.335965512921
11.50	50	-41.335965465163
11.50	60	-41.335965410406
11.50	70	-41.335965350456
11.50	80	-41.335965287278
11.50	90	-41.335965222992
11.50	100	-41.335965159901
11.50	110	-41.335965100413
11.50	120	-41.335965046758
11.50	130	-41.335965000772
11.50	140	-41.335964963564
11.50	150	-41.335964935452
11.50	160	-41.33596491613
11.50	170	-41.335964904941
11.50	180	-41.33596489535
12.00	0	-41.33596501171
12.00	10	-41.335965012562
12.00	20	-41.335964997486
12.00	30	-41.33596497305
12.00	40	-41.335964940185
12.00	50	-41.335964900136
12.00	60	-41.335964854289
12.00	70	-41.335964804201
12.00	80	-41.335964751506
12.00	90	-41.335964697944
12.00	100	-41.335964645397
12.00	110	-41.335964595773
12.00	120	-41.335964550878
12.00	130	-41.335964512169
12.00	140	-41.3359644806
12.00	150	-41.335964456508
12.00	160	-41.335964439753
12.00	170	-41.335964429968
12.00	180	-41.335964420813
12.50	0	-41.335964538404
12.50	10	-41.335964540014
12.50	20	-41.335964527263
12.50	30	-41.335964506583
12.50	40	-41.335964478791
12.50	50	-41.335964444946
12.50	60	-41.335964406258
12.50	70	-41.335964364026
12.50	80	-41.335964319621
12.50	90	-41.3359642745
12.50	100	-41.335964230192
12.50	110	-41.335964188263
12.50	120	-41.335964150196
12.50	130	-41.335964117204
12.50	140	-41.335964090103
12.50	150	-41.335964069249
12.50	160	-41.335964054641
12.50	170	-41.335964046026
12.50	180	-41.335964037258
13.00	0	-41.33596415286
13.00	10	-41.335964155118
13.00	20	-41.335964144229
13.00	30	-41.335964126582
13.00	40	-41.335964102901
13.00	50	-41.335964074072
13.00	60	-41.335964041131
13.00	70	-41.335964005191
13.00	80	-41.335963967398
13.00	90	-41.335963928993
13.00	100	-41.335963891237
13.00	110	-41.335963855448
13.00	120	-41.335963822839
13.00	130	-41.335963794444
13.00	140	-41.335963770983
13.00	150	-41.335963752812
13.00	160	-41.335963739984
13.00	170	-41.335963732382
13.00	180	-41.335963723939
13.50	0	-41.335963835855
13.50	10	-41.335963838621
13.50	20	-41.33596382926
13.50	30	-41.335963814097
13.50	40	-41.335963793738
13.50	50	-41.335963768976
13.50	60	-41.335963740679
13.50	70	-41.335963709814
13.50	80	-41.335963677364
13.50	90	-41.335963644364
13.50	100	-41.335963611901
13.50	110	-41.335963581053
13.50	120	-41.335963552883
13.50	130	-41.335963528258
13.50	140	-41.335963507796
13.50	150	-41.33596349186
13.50	160	-41.33596348054
13.50	170	-41.335963473811
13.50	180	-41.335963465648
14.00	0	-41.335963573014
14.00	10	-41.335963576211
14.00	20	-41.335963568094
14.00	30	-41.335963554947
14.00	40	-41.335963537312
14.00	50	-41.335963515854
14.00	60	-41.335963491365
14.00	70	-41.335963464637
14.00	80	-41.335963436529
14.00	90	-41.335963407932
14.00	100	-41.335963379777
14.00	110	-41.335963352987
14.00	120	-41.335963328447
14.00	130	-41.335963306922
14.00	140	-41.335963288965
14.00	150	-41.335963274921
14.00	160	-41.335963264887
14.00	170	-41.335963258902
14.00	180	-41.335963250979
14.50	0	-41.335963353407
14.50	10	-41.335963356946
14.50	20	-41.335963349862
14.50	30	-41.33596333839
14.50	40	-41.335963322987
14.50	50	-41.335963304269
14.50	60	-41.335963282891
14.50	70	-41.33596325956
14.50	80	-41.335963235028
14.50	90	-41.335963210054
14.50	100	-41.335963185445
14.50	110	-41.335963161999
14.50	120	-41.335963140486
14.50	130	-41.335963121545
14.50	140	-41.335963105676
14.50	150	-41.335963093217
14.50	160	-41.335963084285
14.50	170	-41.335963078944
14.50	180	-41.335963071234
15.00	0	-41.33596316862
15.00	10	-41.335963172443
15.00	20	-41.335963166212
15.00	30	-41.335963156128
15.00	40	-41.335963142594
15.00	50	-41.335963126137
15.00	60	-41.335963107341
15.00	70	-41.33596308683
15.00	80	-41.335963065261
15.00	90	-41.335963043304
15.00	100	-41.335963021636
15.00	110	-41.335963000976
15.00	120	-41.335962981971
15.00	130	-41.335962965201
15.00	140	-41.335962951109
15.00	150	-41.335962939999
15.00	160	-41.33596293202
15.00	170	-41.335962927226
15.00	180	-41.3359629197
16.00	0	-41.335962878687
16.00	10	-41.33596288296
16.00	20	-41.335962878047
16.00	30	-41.335962870103
16.00	40	-41.335962859436
16.00	50	-41.335962846482
16.00	60	-41.335962831663
16.00	70	-41.335962815504
16.00	80	-41.335962798503
16.00	90	-41.33596278118
16.00	100	-41.335962764069
16.00	110	-41.335962747708
16.00	120	-41.335962732615
16.00	130	-41.335962719238
16.00	140	-41.33596270794
16.00	150	-41.335962698979
16.00	160	-41.335962692511
16.00	170	-41.335962688607
16.00	180	-41.335962681371
17.00	0	-41.335962665736
17.00	10	-41.335962670336
17.00	20	-41.335962666385
17.00	30	-41.335962659977
17.00	40	-41.335962651386
17.00	50	-41.335962640937
17.00	60	-41.335962628998
17.00	70	-41.335962615968
17.00	80	-41.335962602256
17.00	90	-41.335962588269
17.00	100	-41.335962574444
17.00	110	-41.335962561195
17.00	120	-41.335962548945
17.00	130	-41.335962538051
17.00	140	-41.335962528813
17.00	150	-41.335962521463
17.00	160	-41.335962516125
17.00	170	-41.335962512904
17.00	180	-41.335962505886
18.00	0	-41.33596250596
18.00	10	-41.335962510795
18.00	20	-41.335962507553
18.00	30	-41.335962502294
18.00	40	-41.335962495225
18.00	50	-41.335962486637
18.00	60	-41.335962476826
18.00	70	-41.335962466105
18.00	80	-41.335962454811
18.00	90	-41.335962443299
18.00	100	-41.335962431907
18.00	110	-41.33596242098
18.00	120	-41.335962410845
18.00	130	-41.33596240181
18.00	140	-41.335962394128
18.00	150	-41.335962387988
18.00	160	-41.335962383526
18.00	170	-41.335962380825
18.00	180	-41.335962373987
19.00	0	-41.335962383771
19.00	10	-41.33596238879
19.00	20	-41.335962386069
19.00	30	-41.335962381682
19.00	40	-41.335962375778
19.00	50	-41.335962368599
19.00	60	-41.335962360386
19.00	70	-41.335962351414
19.00	80	-41.335962341957
19.00	90	-41.335962332316
19.00	100	-41.335962322759
19.00	110	-41.33596231359
19.00	120	-41.33596230507
19.00	130	-41.335962297464
19.00	140	-41.335962290989
19.00	150	-41.335962285788
19.00	160	-41.335962282002
19.00	170	-41.335962279702
19.00	180	-41.335962272995
20.00	0	-41.335962288704
20.00	10	-41.335962293866
20.00	20	-41.335962291557
20.00	30	-41.335962287836
20.00	40	-41.335962282833
20.00	50	-41.335962276729
20.00	60	-41.335962269759
20.00	70	-41.335962262133
20.00	80	-41.335962254107
20.00	90	-41.33596224591
20.00	100	-41.335962237777
20.00	110	-41.335962229974
20.00	120	-41.335962222711
20.00	130	-41.335962216213
20.00	140	-41.33596221066
20.00	150	-41.335962206215
20.00	160	-41.335962202959
20.00	170	-41.335962200982
20.00	180	-41.335962194385
21.00	0	-41.335962213581
21.00	10	-41.335962218849
21.00	20	-41.335962216878
21.00	30	-41.335962213676
21.00	40	-41.335962209375
21.00	50	-41.335962204132
21.00	60	-41.335962198133
21.00	70	-41.335962191575
21.00	80	-41.335962184665
21.00	90	-41.335962177599
21.00	100	-41.335962170598
21.00	110	-41.335962163856
21.00	120	-41.335962157588
21.00	130	-41.33596215198
21.00	140	-41.335962147172
21.00	150	-41.335962143309
21.00	160	-41.335962140488
21.00	170	-41.335962138765
21.00	180	-41.335962132256
22.00	0	-41.335962153381
22.00	10	-41.335962158728
22.00	20	-41.335962157018
22.00	30	-41.335962154239
22.00	40	-41.335962150495
22.00	50	-41.335962145939
22.00	60	-41.33596214072
22.00	70	-41.335962135014
22.00	80	-41.335962128991
22.00	90	-41.335962122843
22.00	100	-41.335962116731
22.00	110	-41.335962110872
22.00	120	-41.335962105396
22.00	130	-41.335962100492
22.00	140	-41.335962096289
22.00	150	-41.3359620929
22.00	160	-41.33596209043
22.00	170	-41.335962088919
22.00	180	-41.335962082482
23.00	0	-41.335962104495
23.00	10	-41.335962109919
23.00	20	-41.335962108418
23.00	30	-41.335962105977
23.00	40	-41.335962102689
23.00	50	-41.335962098692
23.00	60	-41.335962094108
23.00	70	-41.335962089083
23.00	80	-41.335962083796
23.00	90	-41.335962078381
23.00	100	-41.335962072999
23.00	110	-41.335962067839
23.00	120	-41.335962063022
23.00	130	-41.335962058695
23.00	140	-41.335962054997
23.00	150	-41.335962051996
23.00	160	-41.33596204981
23.00	170	-41.335962048468
23.00	180	-41.335962042091
24.00	0	-41.335962064329
24.00	10	-41.33596206981
24.00	20	-41.335962068477
24.00	30	-41.335962066324
24.00	40	-41.335962063416
24.00	50	-41.335962059869
24.00	60	-41.335962055806
24.00	70	-41.335962051353
24.00	80	-41.335962046665
24.00	90	-41.335962041857
24.00	100	-41.335962037089
24.00	110	-41.335962032499
24.00	120	-41.335962028209
24.00	130	-41.33596202437
24.00	140	-41.335962021071
24.00	150	-41.335962018408
24.00	160	-41.335962016457
24.00	170	-41.335962015265
24.00	180	-41.335962008929
25.00	0	-41.33596203096
25.00	10	-41.335962036494
25.00	20	-41.33596203531
25.00	30	-41.335962033381
25.00	40	-41.335962030787
25.00	50	-41.335962027615
25.00	60	-41.335962023987
25.00	70	-41.335962020016
25.00	80	-41.335962015817
25.00	90	-41.335962011513
25.00	100	-41.335962007253
25.00	110	-41.335962003147
25.00	120	-41.335961999308
25.00	130	-41.335961995865
25.00	140	-41.335961992912
25.00	150	-41.335961990524
25.00	160	-41.335961988772
25.00	170	-41.335961987702
25.00	180	-41.33596198141
50.00	0	-41.335961808387
50.00	10	-41.335961814249
50.00	20	-41.335961814022
50.00	30	-41.335961813655
50.00	40	-41.335961813159
50.00	50	-41.335961812554
50.00	60	-41.33596181185
50.00	70	-41.335961811071
50.00	80	-41.335961810252
50.00	90	-41.335961809414
50.00	100	-41.335961808572
50.00	110	-41.33596180776
50.00	120	-41.335961807001
50.00	130	-41.335961806313
50.00	140	-41.335961805722
50.00	150	-41.335961805252
50.00	160	-41.335961804902
50.00	170	-41.335961804689
50.00	180	-41.335961798674
100.00	0	-41.335961757425
100.00	10	-41.335961763345
100.00	20	-41.335961763294
100.00	30	-41.335961763208
100.00	40	-41.335961763093
100.00	50	-41.335961762949
100.00	60	-41.335961762779
100.00	70	-41.335961762595
100.00	80	-41.335961762398
100.00	90	-41.335961762199
100.00	100	-41.335961761994
100.00	110	-41.335961761807
100.00	120	-41.335961761626
100.00	130	-41.335961761461
100.00	140	-41.335961761316
100.00	150	-41.335961761203
100.00	160	-41.335961761123
100.00	170	-41.335961761065
100.00	180	-41.335961755117
