1.000000000000000000e+00,4.039717640740647039e+04,5.316599867990765779e+04,1.404002707297655579e+05,4.932325824611006101e+04,3.341950494364377664e+04,1.252520855918404231e+04,-3.900372205179581215e+04,2.091187646449698877e+04,-2.267772939640423283e+04,-1.338780814445051192e+03,5.618119840674661646e+03,3.547145238888967469e+03,4.910872174037644982e+02,-7.143385702424805459e+03,-2.276082623503603099e+04,1.049418879869542798e+04,-6.538105084089948832e+03,6.122877620110115458e+03,4.811048415705727166e+03
1.100000000000000089e+00,3.925509999702686764e+04,2.653654137675306993e+04,1.049759136598496116e+05,2.239462064306571119e+04,2.447541813621821711e+04,5.440919168600400553e+03,-2.257697711910697763e+04,1.204288416586295716e+04,-1.360311087461593888e+04,-5.961805483428661319e+02,3.254983758659344403e+03,1.941716237344487809e+03,1.178061490577988479e+02,-4.047144211988083498e+03,-1.366103801957094583e+04,6.196751926557602928e+03,-3.966661063072841898e+03,3.897844322112923237e+03,2.862314990927104645e+03
1.199999999999999956e+00,3.443857269699007884e+04,1.186840045389159604e+04,7.829103428732912289e+04,7.581755611424652670e+03,1.800865924010865638e+04,1.620022346226118088e+03,-1.278041894654686075e+04,6.796385426346354507e+03,-8.076425858734575741e+03,-2.271308977166968930e+02,1.857910417654881940e+03,1.038191952105180917e+03,-4.582537912918424183e+01,-2.254694895422929221e+03,-8.128948083918121483e+03,3.624366983940086811e+03,-2.388726731453730281e+03,2.466891610375769687e+03,1.686316714794549171e+03
1.300000000000000044e+00,2.848160756079368730e+04,4.134264161864990456e+03,5.823253896271194390e+04,-8.122942262158068161e+01,1.329218666592729460e+04,-3.021399241091322097e+02,-7.021032432810229693e+03,3.735436217294902235e+03,-4.738059030388467363e+03,-5.690668925001021705e+01,1.042010678684467621e+03,5.393690470606049985e+02,-1.025426899937979925e+02,-1.231580536142026858e+03,-4.790987456797034611e+03,2.097753329831623887e+03,-1.426728725481076481e+03,1.551108932581445742e+03,9.826143443318738946e+02
1.399999999999999911e+00,2.265697581774030186e+04,3.258077129618628760e+02,4.319108638446182886e+04,-3.634254238848815930e+03,9.828428964119009834e+03,-1.151098576609128941e+03,-3.695206756400247286e+03,1.979651165950555423e+03,-2.740363648332043340e+03,1.196688175061069437e+01,5.722564104151747415e+02,2.702570927835913608e+02,-1.087132073835832671e+02,-6.570956406517697133e+02,-2.793644704552325948e+03,1.200294237006316962e+03,-8.444290509051187428e+02,9.682059823666368175e+02,5.654904969357556865e+02
1.500000000000000000e+00,1.752756746947361171e+04,-1.330487071274839991e+03,3.194109764221139267e+04,-4.911451725350283596e+03,7.271560231744181692e+03,-1.418397066948632300e+03,-1.818683148032011104e+03,9.939193058805470855e+02,-1.557828938525145077e+03,3.236881596758486523e+01,3.063038335309206559e+02,1.291334490808967246e+02,-9.410623045385294461e+01,-3.406886131617249589e+02,-1.609538868801368835e+03,6.781751795760743562e+02,-4.947445012387523207e+02,5.994324470090069781e+02,3.208551559876917167e+02
1.600000000000000089e+00,1.327323973555791781e+04,-1.860667765486480675e+03,2.355005211756513745e+04,-4.998909497713782002e+03,5.377548704855604228e+03,-1.390730017459417240e+03,-7.926312161205306666e+02,4.559616859275164416e+02,-8.666837964319169032e+02,3.192871466967451966e+01,1.587453305624990207e+02,5.774335269649836277e+01,-7.358389596115063114e+01,-1.704089509225353254e+02,-9.148188472101937805e+02,3.779024925307223839e+02,-2.865921765881415126e+02,3.677126827455372791e+02,1.791022447488385296e+02
1.699999999999999956e+00,9.880535024886685278e+03,-1.843897633833561258e+03,1.730945648086951769e+04,-4.523801360498281610e+03,3.971736718066919366e+03,-1.230682684860056725e+03,-2.564727307547585724e+02,1.737453291288309458e+02,-4.688420891332118003e+02,2.432750976373702656e+01,7.888353982666065178e+01,2.331118953568011065e+01,-5.390704190282028208e+01,-8.133358591872287491e+01,-5.119772345542257312e+02,2.074064194109677999e+02,-1.639011481955037652e+02,2.232239543689019285e+02,9.809057018433848896e+01
1.800000000000000044e+00,7.249693108079516605e+03,-1.596227455028146778e+03,1.268206781823485289e+04,-3.835676196472642914e+03,2.927536711109583393e+03,-1.026801963836016512e+03,4.227464227252479390e+00,3.428696833236998032e+01,-2.440684855191197755e+02,1.578576606835844487e+01,3.699895371113667153e+01,7.787237111977328929e+00,-3.762035054485587438e+01,-3.637826750890495475e+01,-2.814769307413957904e+02,1.119598815285835514e+02,-9.237901658909309788e+01,1.339067653860113580e+02,5.252595923992702609e+01
1.899999999999999911e+00,5.252570395732743236e+03,-1.281777820468359778e+03,9.261434276759369823e+03,-3.119126906950811190e+03,2.152223584118400595e+03,-8.243457854533370437e+02,1.150631463006697857e+02,-2.787538996536407154e+01,-1.200384076138431482e+02,8.709657586898043036e+00,1.592487121803566197e+01,1.491656515288602547e+00,-2.521478640429835494e+01,-1.473733480710921029e+01,-1.515865235916084259e+02,5.936037720650119809e+01,-5.120451672737230808e+01,7.923702858288854145e+01,2.737341660930900389e+01
2.000000000000000000e+00,3.762015950804580370e+03,-9.791564352940450817e+02,6.740841359878751973e+03,-2.463059900916077368e+03,1.577300326831963275e+03,-6.439413277286798802e+02,1.481917988066434191e+02,-4.995383139407760353e+01,-5.369829179669304864e+01,3.683583296784096461e+00,5.919674880681047746e+00,-5.933014625963765054e-01,-1.629073652677168482e+01,-4.988377959393360150e+00,-7.967397532225471934e+01,3.087322681766334398e+01,-2.783748141374286078e+01,4.615092865499781283e+01,1.379464510256927667e+01
2.100000000000000089e+00,2.665111760614368450e+03,-7.205154141520148414e+02,4.889477312375634938e+03,-1.902711714771197194e+03,1.151847455496838620e+03,-4.927368368951321713e+02,1.440387448403257054e+02,-5.258918530538324632e+01,-1.973021605558210467e+01,5.189262048629659230e-01,1.574404308060841640e+00,-9.527982910426754382e-01,-1.015354948797701518e+01,-1.026425728965230544e+00,-4.067693409856374842e+01,1.573757099864830167e+01,-1.479347040272187463e+01,2.638715435902521023e+01,6.659907886995142690e+00
2.200000000000000178e+00,1.867652101979180088e+03,-5.140637327147422866e+02,3.534156207796397666e+03,-1.444698172857111786e+03,8.378488808586022287e+02,-3.709378445392087542e+02,1.244804387004118666e+02,-4.685824898549341100e+01,-3.460869165261555302e+00,-1.223311285641110358e+00,-3.256014693467294829e-02,-7.396517044936824492e-01,-6.095438902043302853e+00,3.014552461913538872e-01,-2.004471836377634730e+01,7.861496482156532295e+00,-7.651028089143738775e+00,1.475991112070441247e+01,3.035754123871133192e+00
2.299999999999999822e+00,1.294157125163317232e+03,-3.567035445218622840e+02,2.545325465522602826e+03,-1.081609528861412173e+03,6.068500548880022052e+02,-2.755384433225228236e+02,1.007652423891688898e+02,-3.842911786568952692e+01,3.464485822641127033e+00,-1.994043074466661958e+00,-4.230361880304988054e-01,-4.352681416436541828e-01,-3.510541163349299332e+00,5.505621212488134297e-01,-9.450598229495094316e+00,3.852721625420669316e+00,-3.828462804957659227e+00,8.041385825454323566e+00,1.273791605933444648e+00
2.399999999999999911e+00,8.858542135622483329e+02,-2.408652130672670353e+02,1.826376314258334787e+03,-8.002478333909789399e+02,4.375315022622954189e+02,-2.023729025110713451e+02,7.821007403894660115e+01,-2.999091658140841687e+01,5.698427607478553369e+00,-2.164504831163418075e+00,-3.505611859757707394e-01,-2.029449490500966069e-01,-1.926077462311002853e+00,4.393010892793309252e-01,-4.209396029884729273e+00,1.857615200135081635e+00,-1.838406421187209094e+00,4.241958471280494969e+00,4.670130236572258564e-01
2.500000000000000000e+00,5.979526709030902794e+02,-1.580041324439644939e+02,1.305498060850763522e+03,-5.860613240835274382e+02,3.139237551572821303e+02,-1.471804187044378409e+02,5.894027310869675773e+01,-2.265022828959302714e+01,5.758050517189053252e+00,-2.005648539110645778e+00,-1.605689155680080082e-01,-6.939425841023555419e-02,-9.951094165441544126e-01,2.664390139259405488e-01,-1.737342465241583866e+00,8.850693043646670199e-01,-8.372179139478548304e-01,2.149040180911112152e+00,1.290807942251493423e-01
2.600000000000000089e+00,3.968908628954919209e+02,-1.002286563392338081e+02,9.294881160766603898e+02,-4.253532446867937438e+02,2.240803095854545859e+02,-1.061046600163608389e+02,4.345508059591241334e+01,-1.671635061886059148e+01,4.952153780574929165e+00,-1.698065189013596932e+00,8.749461157403114892e-03,-1.290398479890290939e-02,-4.748036641263104762e-01,1.331042373510222254e-01,-6.438128900217036099e-01,4.182414463262409954e-01,-3.551068021934460361e-01,1.033380359254444159e+00,7.620515155160011156e-03
2.700000000000000178e+00,2.578678428628958841e+02,-6.092134739538002464e+01,6.590622487072757849e+02,-3.062269189025807350e+02,1.590833259310469430e+02,-7.588107828601721394e+01,3.149780334379057578e+01,-1.213039183173416902e+01,3.922389084641761947e+00,-1.351950321453148085e+00,1.176280592531985941e-01,-2.534791557335422385e-03,-2.019928064670593326e-01,5.620391361362268162e-02,-2.026476803886695099e-01,1.952229763030166043e-01,-1.361840858242907293e-01,4.633074845788555107e-01,-2.278726673995444540e-02
2.799999999999999822e+00,1.627708812139183294e+02,-3.484891502897787774e+01,4.653125738842826422e+02,-2.188443009833773658e+02,1.122946365347122111e+02,-5.386098098376165666e+01,2.252118879976461585e+01,-8.690597365952919873e+00,2.953808641843497895e+00,-1.027567089630541330e+00,1.680381281555483608e-01,-1.288996295110633045e-02,-7.122111072319810277e-02,2.311180662307331379e-02,-4.910814467776034725e-02,8.750321648202712133e-02,-4.480490466168212532e-02,1.881628251846018396e-01,-2.079595202422671388e-02
2.899999999999999911e+00,9.850701137262379348e+01,-1.803749775547850831e+01,3.270410238308685393e+02,-1.553372607593732369e+02,7.878973778019673091e+01,-3.795797107791759828e+01,1.592218380733546645e+01,-6.163799136776784593e+00,2.149367316566840547e+00,-7.524138753188134299e-01,1.757842937342237177e-01,-2.759641545787437644e-02,-1.703722240453880987e-02,1.574019595440184771e-02,-9.328262285152077657e-03,3.415941409671896523e-02,-1.149684308121829389e-02,6.582219043328267627e-02,-1.137345130849669664e-02
3.000000000000000000e+00,5.569878349629539827e+01,-7.561719467532434180e+00,2.287585401946793127e+02,-1.095653880699198623e+02,5.492948064575606537e+01,-2.656426479526307816e+01,1.114904605950619398e+01,-4.335184769130000504e+00,1.525349869504726064e+00,-5.341487940370842624e-01,1.579690049624203063e-01,-3.823244821663922960e-02,-6.442539319988453000e-04,1.945759163451063478e-02,-6.460377600711730145e-03,7.207686124021190494e-03,-2.260004120377284449e-03,1.811349569992071196e-02,-3.457918070533933658e-03
3.100000000000000089e+00,2.768686303871332655e+01,-1.322383289948638962e+00,1.591888355392046321e+02,-7.682651575531393462e+01,3.803600445280025610e+01,-1.846190502926070565e+01,7.740628316955845634e+00,-3.026105593791437176e+00,1.061670155021855022e+00,-3.695917422631074811e-01,1.282830126543105242e-01,-4.193959312228768416e-02,-3.233959655800453664e-04,2.508126878890999667e-02,-1.045916431550466576e-02,-6.014003011263837489e-03,-1.484765392176169013e-03,3.742281662891169119e-03,9.778228793655709648e-04
3.200000000000000178e+00,9.780275686286168835e+00,2.153326100825071698e+00,1.101533022882639017e+02,-5.357446487794178580e+01,2.614786878268100168e+01,-1.274092314439658047e+01,5.331814969554685923e+00,-2.096419681054157103e+00,7.270043592425176060e-01,-2.505762102158745064e-01,9.600178175212836784e-02,-3.911446789839453236e-02,-4.843680005824742979e-03,2.813006608943121115e-02,-1.218083454311924552e-02,-1.141248330549786069e-02,-2.680765690815893523e-03,2.101859462224662384e-03,2.519557430730972550e-03
3.299999999999999822e+00,-1.299374325860986445e+00,3.877171626792133452e+00,7.574285636684804501e+01,-3.716881654169868909e+01,1.783544848985799192e+01,-8.729274160963596429e+00,3.643836634099951510e+00,-1.440217190798458669e+00,4.903104071315856904e-01,-1.674811714992174294e-01,6.652368579939088589e-02,-3.165776961942817075e-02,-9.097937690679288453e-03,2.732644667648806078e-02,-1.067959732105303212e-02,-1.206689313415764200e-02,-3.602770741481305539e-03,3.774891741755788573e-03,2.342054492939518728e-03
3.399999999999999911e+00,-7.825096674863420532e+00,4.529741458855625069e+00,5.170504479899673811e+01,-2.566510096040499178e+01,1.206217959841569254e+01,-5.935537692886541983e+00,2.469345173053643538e+00,-9.794428229154421572e-01,3.252872195881398310e-01,-1.111652993311154358e-01,4.237686627018790592e-02,-2.183663183159480908e-02,-1.132428991270524946e-02,2.318939412457175081e-02,-7.426416378314863731e-03,-9.889245377479254084e-03,-3.794556893331408123e-03,5.093572258653261339e-03,1.453206637016619864e-03
3.500000000000000000e+00,-1.135984233916620489e+01,4.558789315750857440e+00,3.499208504820761334e+01,-1.764525462482991713e+01,8.080642653846505041e+00,-4.003507620653484089e+00,1.657123389728934360e+00,-6.575429340963511171e-01,2.113981564537497637e-01,-7.386738769845896391e-02,2.421078474659565244e-02,-1.165268003389738696e-02,-1.141337770228270133e-02,1.699331709890360489e-02,-3.992706579822440441e-03,-6.249377171815291565e-03,-3.423717989105128697e-03,5.121283287104218783e-03,4.991340879430816724e-04
3.600000000000000089e+00,-1.296878971485999799e+01,4.251610212384904663e+00,2.342879321270067194e+01,-1.208420560650648312e+01,5.355052876494641900e+00,-2.677023412417472326e+00,1.098556176157278852e+00,-4.339985627979861538e-01,1.333955202631041392e-01,-4.948234749038177976e-02,1.159237738699802137e-02,-2.568351228479058557e-03,-9.931802895429409431e-03,1.011303365259410766e-02,-1.352387764504314055e-03,-2.173518541569639112e-03,-2.779038733562957508e-03,4.049485356829750013e-03,-2.032397282085867708e-04
3.700000000000000178e+00,-1.337070716997308573e+01,3.787070992901029332e+00,1.546950721980587673e+01,-8.246990709137637765e+00,3.503704019280612592e+00,-1.773212823795567772e+00,7.165502832245045362e-01,-2.799706913167219202e-01,8.033174465632132721e-02,-3.349289378436756670e-02,3.572771512094533204e-03,4.542341672407513437e-03,-7.599876742902212171e-03,3.678966618613541129e-03,1.431989123780834372e-04,1.602388510222450824e-03,-2.089499657438361867e-03,2.399980395450273564e-03,-5.658722403940278506e-04
3.799999999999999822e+00,-1.304506840912802090e+01,3.272252097209787713e+00,1.002083363639846958e+01,-5.610687591150773201e+00,2.256433711017390653e+00,-1.162422177556687863e+00,4.568887028115142801e-01,-1.749943110161386317e-01,4.452159729503779584e-02,-2.273801591197371560e-02,-9.476025874691074028e-04,9.321141521241704114e-03,-5.044844703706460876e-03,-1.553518470286611997e-03,5.727531150260325998e-04,4.608857693003169664e-03,-1.486430027630162871e-03,6.692915108820985878e-04,-6.302340119502753205e-04
3.899999999999999911e+00,-1.230731718884139525e+01,2.767763985602219368e+00,6.312901216552017303e+00,-3.805963821585895523e+00,1.423349938682510141e+00,-7.533393864395744322e-01,2.817077112795048355e-01,-1.045489654192332807e-01,2.064492881490478937e-02,-1.512807729269501078e-02,-3.008348924905960512e-03,1.180115598695245446e-02,-2.711816609229972599e-03,-5.205182992716286816e-03,2.331080461422108119e-04,6.610738193147985137e-03,-1.019925780260405850e-03,-7.964902708472764228e-04,-4.924026149376635811e-04
4.000000000000000000e+00,-1.136138806437771365e+01,2.304915655067109714e+00,3.806226367697587598e+00,-2.573812122111207135e+00,8.719611918496078529e-01,-4.820765069148967852e-01,1.646963996014571274e-01,-5.831341944262006388e-02,5.042720057138581728e-03,-9.367783297496542344e-03,-3.486126820969751797e-03,1.227403052078306425e-02,-8.577787160840653208e-04,-7.207661477681651802e-03,-5.215462008595923155e-04,7.561992199205547910e-03,-6.885182974302570154e-04,-1.816177490030351782e-03,-2.555769525599696848e-04
4.099999999999999645e+00,-1.033610557166066535e+01,1.897136728028991692e+00,2.124623549877449502e+00,-1.733848224427928741e+00,5.105473031626569513e-01,-3.042280634890159874e-01,8.763107439999832937e-02,-2.893107573183646350e-02,-4.802707790404899327e-03,-4.716769386322375995e-03,-3.060672813802029629e-03,1.117214560290306913e-02,4.165055712943999816e-04,-7.714095044698048020e-03,-1.377233588357416882e-03,7.553656631128859850e-03,-4.655573056621294115e-04,-2.342395260099026238e-03,-5.046071486484570573e-06
4.200000000000000178e+00,-9.310234995037401262e+00,1.547420653616926600e+00,1.007088805105695872e+00,-1.161292780655490686e+00,2.761408142135118871e-01,-1.891392384824914785e-01,3.791104674214712533e-02,-1.114494803750846683e-02,-1.063546377291480806e-02,-7.983289049662417591e-04,-2.220973104286199686e-03,8.975958265711000972e-03,1.122512271904477221e-03,-7.010799321960695801e-03,-2.105350805749946555e-03,6.762739337649335825e-03,-3.174998315323539905e-04,-2.418265437133114600e-03,2.012313103436262976e-04
4.299999999999999822e+00,-8.329597639720615732e+00,1.253061650009173578e+00,2.734486128743446876e-01,-7.703998013521381472e-01,1.258960004893303619e-01,-1.157986001465264730e-01,6.827474071390285219e-03,-1.194031066599422070e-03,-1.367813226766888962e-02,2.544075874290931127e-03,-1.291682430792222584e-03,6.148406105823012169e-03,1.341395953995875787e-03,-5.442807842755827824e-03,-2.572034688053293980e-03,5.407752017434232922e-03,-2.143349693523263245e-04,-2.137293134762620513e-03,3.325914813275487013e-04
4.400000000000000355e+00,-7.418673146161030907e+00,1.008584155585415365e+00,-2.000463817766075236e-01,-5.026218680860466970e-01,3.093278738629275451e-02,-6.991459465340320312e-02,-1.164139266935585761e-02,3.608399056690015511e-03,-1.480042719790681041e-02,5.348316780708753382e-03,-4.670254027827423077e-04,3.093797983683876235e-03,1.188891624169168687e-03,-3.358050776498932438e-03,-2.726923094599171399e-03,3.713855003927280657e-03,-1.340864410600516032e-04,-1.612225055942069669e-03,3.808160807260759645e-04
4.500000000000000000e+00,-6.588396695538835779e+00,8.074883152755804039e-01,-4.979744653891693962e-01,-3.182238099652825447e-01,-2.802218521990195235e-02,-4.184787822569919352e-02,-2.166275832077520225e-02,5.171166446293368191e-03,-1.463020720049536608e-02,7.601005432288233943e-03,1.553418212087714239e-04,1.365987838132590171e-04,7.894461917773605564e-04,-1.070122250204523506e-03,-2.582682144011439265e-03,1.888313186845087116e-03,-6.353168780747322011e-05,-9.537839874640217236e-04,3.535694893569826455e-04
4.599999999999999645e+00,-5.841347316245029120e+00,6.432366851374190508e-01,-6.778744903652470510e-01,-1.903855346702613971e-01,-6.369782660214426406e-02,-2.515800749444203899e-02,-2.612194859441508213e-02,4.835652612507925635e-03,-1.362597881616171500e-02,9.278856117783028379e-03,5.444313692297150049e-04,-2.484971884867206299e-03,2.591047530098328916e-04,1.162901508268265188e-03,-2.192723403666997986e-03,1.054432034472696511e-04,3.111703859444772680e-06,-2.580119773458559862e-04,2.679650571243258859e-04
4.700000000000000178e+00,-5.175159880712616456e+00,5.097670705808181602e-01,-7.787284660974247430e-01,-1.010870475944446040e-01,-8.441164364360097261e-02,-1.558823082697129506e-02,-2.701543685116757076e-02,3.527254123634099986e-03,-1.212438802786826308e-02,1.037123228312392814e-02,7.115877369713246399e-04,-4.615241277423874633e-03,-3.043254839225654693e-04,3.147109744220472072e-03,-1.631310698721827324e-03,-1.500582641786790683e-03,6.630712305679981738e-05,3.997735235773680618e-04,1.451911578470763652e-04
4.799999999999999822e+00,-4.584736701480401244e+00,4.017189211239390323e-01,-8.268575343990987037e-01,-3.825948402624980427e-02,-9.554174289496036865e-02,-1.036073696348102646e-02,-2.572065798740962722e-02,1.866011503316711978e-03,-1.037183976519748252e-02,1.088986062740596519e-02,6.919316414448364958e-04,-6.171231393991290226e-03,-8.255989683563806289e-04,4.752460271574058398e-03,-9.779530192237130548e-04,-2.836994443056243403e-03,1.233754694704848436e-04,9.664166535602262270e-04,6.530853244853928458e-06
4.900000000000000355e+00,-4.063654600987578469e+00,3.144940664471215230e-01,-8.399944138717866382e-01,6.171497102606202795e-03,-1.005322544771802551e-01,-7.690577245047755181e-03,-2.318176146844848004e-02,2.485853901158345536e-04,-8.546207690495922701e-03,1.087037920595818052e-02,5.310515571783739090e-04,-7.129709378264022235e-03,-1.252518288578925720e-03,5.906720397454694876e-03,-3.065046374316144143e-04,-3.849602967577921142e-03,1.703336372759893004e-04,1.409459239396936361e-03,-1.292442635847609357e-04
5.000000000000000000e+00,-3.605037830627757511e+00,2.442277917064543669e-01,-8.300777477936163162e-01,3.761825157910460293e-02,-1.015722527630527755e-01,-6.452694856582999981e-03,-2.003817167443178171e-02,-1.090265254512522153e-03,-6.772390363902539706e-03,1.036917383243469645e-02,2.760779532002875878e-04,-7.513345403703405173e-03,-1.553995827811681905e-03,6.586217273602559125e-03,3.214423023032509166e-04,-4.517505306817722055e-03,2.032435261739859791e-04,1.714088927873817607e-03,-2.473061581254438167e-04
5.099999999999999645e+00,-3.202080257958382692e+00,1.877166792498077830e-01,-8.051562205957826235e-01,5.973075561620737328e-02,-1.000483448494798172e-01,-5.955511505294051530e-03,-1.671423054185184470e-02,-2.031201239609734671e-03,-5.134001123294703456e-03,9.457931513284497521e-03,-2.980566203146154227e-05,-7.377449644119047495e-03,-1.716788369060162980e-03,6.805323415151134231e-03,8.596770174739342893e-04,-4.846594774587452414e-03,2.190662917379928871e-04,1.879433548014396681e-03,-3.372968569920987633e-04
5.200000000000000178e+00,-2.848340351088117561e+00,1.423304975586493493e-01,-7.706767493706342398e-01,7.499839045926322278e-02,-9.684200696057651547e-02,-5.788218746711200173e-03,-1.348227049016114884e-02,-2.535045638652873301e-03,-3.682540001526400739e-03,8.217522372826975563e-03,-3.503015760358883877e-04,-6.798173011012733497e-03,-1.741700259582837536e-03,6.606013881912328745e-03,1.277910618820140252e-03,-4.862814297573670591e-03,2.160927757086240474e-04,1.914816793818468164e-03,-3.932194207353712292e-04
5.299999999999999822e+00,-2.537891491838827562e+00,1.059232978586735069e-01,-7.303496060572201021e-01,8.514866683904054323e-02,-9.252168110651939892e-02,-5.718722073146936292e-03,-1.050742720742191098e-02,-2.616100030780880992e-03,-2.444820493737822655e-03,6.732201695814028081e-03,-6.571470549922446601e-04,-5.862614870629542785e-03,-1.639791423842216350e-03,6.048340683529183914e-03,1.560589581376583407e-03,-4.605788552440268427e-03,1.940509207210192565e-04,1.836343053953701579e-03,-4.129300588766710543e-04
5.400000000000000355e+00,-2.265382260691277239e+00,7.675141329398477152e-02,-6.867252000210409824e-01,9.140881365309408424e-02,-8.746449403215540708e-02,-5.626156363420023454e-03,-7.879778727959984436e-03,-2.322112652159997320e-03,-1.429087582533556658e-03,5.084674907420448642e-03,-9.300862086958538912e-04,-4.660968540403351984e-03,-1.428920100463376523e-03,5.202288322584947694e-03,1.704696715883457885e-03,-4.123218751335070223e-03,1.539929240305421172e-04,1.663999793891854373e-03,-3.974204190607703510e-04
5.500000000000000000e+00,-2.026042490518131345e+00,5.340161659592490562e-02,-6.415759943598043913e-01,9.467570514412332328e-02,-8.193164777563888279e-02,-5.456819967453849576e-03,-5.637576455810582900e-03,-1.719457114021109151e-03,-6.300776439243107284e-04,3.352258822349494377e-03,-1.156132639733128487e-03,-3.280629296592372374e-03,-1.130795626317613635e-03,4.141195750362310773e-03,1.717091353708872538e-03,-3.466230048307471570e-03,9.805208511241380979e-05,1.419343553321116350e-03,-3.500296355731418244e-04
5.599999999999999645e+00,-1.815658241103121018e+00,3.473017932498538574e-02,-5.961479169039756165e-01,9.562521034997276126e-02,-7.611387733366212216e-02,-5.195839973654726128e-03,-3.784123799807708258e-03,-8.824060458516407024e-04,-3.317543810700714080e-05,1.604171144290646861e-03,-1.328463741059248467e-03,-1.802066255478702167e-03,-7.686074476384021845e-04,2.936739732342003723e-03,1.611783018174244540e-03,-2.685721492268162286e-03,2.914042566026808258e-05,1.123757895962607459e-03,-2.756811722177433810e-04
5.700000000000000178e+00,-1.630530428321122383e+00,1.981225751141495184e-02,-5.513252136250581525e-01,9.478200291919863796e-02,-7.015800187928696030e-02,-4.849303955676717570e-03,-2.300056556305107858e-03,1.143859864202699528e-04,3.822210099415821426e-04,-1.001407355641290020e-04,-1.445182397948567912e-03,-2.961971533741031282e-04,-3.652243613686111806e-04,1.655355222715503005e-03,1.407396664803053747e-03,-1.829674571976129538e-03,-4.936154266054555879e-05,7.972268692723544561e-04,-1.802027912257888470e-04
5.799999999999999822e+00,-1.467426287040797028e+00,7.900427327747761019e-03,-5.077384774988347171e-01,9.256391553095205671e-02,-6.418186741862472178e-02,-4.433277797127295819e-03,-1.152247897764161963e-03,1.200905350420763962e-03,6.400347837912359530e-04,-1.711784199305916437e-03,-1.508099332122354733e-03,1.177014612603638488e-03,5.808574030138208277e-05,3.559027029702427347e-04,1.124978627605881763e-03,-9.413195010494063153e-04,-1.338892221947498955e-04,4.575458507154860771e-04,-6.975978853987312156e-05
5.900000000000000355e+00,-1.323529218888646053e+00,-1.608995103217117362e-03,-4.658357629734347638e-01,8.931015283594143095e-02,-5.828241883428005726e-02,-3.967293325905859799e-03,-3.002067760212610500e-04,2.314890192293604654e-03,7.654568914294101849e-04,-3.192496287212732292e-03,-1.521627367712926303e-03,2.569013000553087289e-03,4.824882644701294909e-04,-9.116345861695206165e-04,7.862108549664195700e-04,-5.802944624760594805e-05,-2.209332663608723577e-04,1.198853043600615897e-04,4.958864587595182907e-05
6.000000000000000000e+00,-1.196390235648777667e+00,-9.203184120662788459e-03,-4.259299657306098164e-01,8.529943659388952715e-02,-5.253990464815351535e-02,-3.470689204385648055e-03,2.994000246020426387e-04,3.403503661159022059e-03,7.834208753068031168e-04,-4.514185735966083635e-03,-1.491834367221612535e-03,3.842399612578668161e-03,8.920475438828354489e-04,-2.106641486608235719e-03,4.120439049567284351e-04,7.891961018668177535e-04,-3.072255275990470793e-04,-2.033738814296304209e-04,1.722136566253153721e-04
6.200000000000000178e+00,-9.841613187527860074e-01,-2.013964633993971243e-02,-3.528688775332567418e-01,7.588774298797554274e-02,-4.177535985060149004e-02,-2.451832821270746865e-03,9.112378298216277164e-04,5.343370399103309493e-03,5.893081646464082453e-04,-6.613781507590697772e-03,-1.330370420949371271e-03,5.934786069623006199e-03,1.618248680985623876e-03,-4.162300957253436962e-03,-3.678460602444767399e-04,2.283363420438205144e-03,-4.664296675774078256e-04,-7.707713709613145739e-04,4.081391140258871109e-04
6.400000000000000355e+00,-8.168853642056566056e-01,-2.721210930609099798e-02,-2.893683221422952423e-01,6.572247465055111593e-02,-3.226046960168851147e-02,-1.479832192068014640e-03,9.928550644163333314e-04,6.793160240604709244e-03,2.195727883280832772e-04,-7.952823012282499160e-03,-1.080168371816048710e-03,7.343343848646460836e-03,2.169148558023124319e-03,-5.659390967620692159e-03,-1.090603627437771762e-03,3.415526144375853612e-03,-5.940047086735696698e-04,-1.197069754056131162e-03,6.076902619209477441e-04
6.599999999999999645e+00,-6.841320927646624694e-01,-3.189383716353046128e-02,-2.354065785287743351e-01,5.571922942570912279e-02,-2.418498979006204752e-02,-6.135589083590877596e-04,7.888072622223556846e-04,7.657911821479856246e-03,-2.050848560337290537e-04,-8.567973345654820300e-03,-7.910420104574347700e-04,8.067072937629544971e-03,2.518025136999213313e-03,-6.555650581431416574e-03,-1.675489941487453595e-03,4.139920660563302032e-03,-6.802307288106422458e-04,-1.466920329415355266e-03,7.533377849407666554e-04
6.799999999999999822e+00,-5.780360522989207439e-01,-3.511008518110748933e-02,-1.904354977830433060e-01,4.643752680837050228e-02,-1.758987996724607761e-02,1.218171167949337261e-04,4.730240384242254473e-04,7.940247644776101538e-03,-6.044743335784795359e-04,-8.554390570181778786e-03,-5.009243337460883051e-04,8.176001151167924114e-03,2.668357041921163263e-03,-6.885284980629319262e-03,-2.082131816119985913e-03,4.468464606400452538e-03,-7.222942107680092264e-04,-1.587274949901731555e-03,8.386688490955697753e-04
7.000000000000000000e+00,-4.926469641367475227e-01,-3.742684980459960731e-02,-1.535965594971698545e-01,3.817603007191840842e-02,-1.240581350012566128e-02,7.228964782010145924e-04,1.570139742397462859e-04,7.705344191859437447e-03,-9.325553958929009863e-04,-8.036016503881471262e-03,-2.351226621696761226e-04,7.778421760479190677e-03,2.642979112634603195e-03,-6.728465495613317193e-03,-2.302108273969842231e-03,4.449300646436988790e-03,-7.226076182784589227e-04,-1.578383391075369614e-03,8.655659780381528504e-04
7.200000000000000178e+00,-4.234440456838903799e-01,-3.917819718147055874e-02,-1.238789989272278957e-01,3.105034699994343658e-02,-8.491596864681807619e-03,1.198608836156892735e-03,-9.675336657632028353e-05,7.051489211344071778e-03,-1.169124622265437429e-03,-7.143689483569868118e-03,-7.929863840453485555e-06,6.996306812450909379e-03,2.474884588857579996e-03,-6.186872978493322336e-03,-2.349072095297137161e-03,4.149055780417595582e-03,-6.869595078549577474e-04,-1.466718120366106073e-03,8.412521539401562106e-04
7.400000000000000355e+00,-3.669749901478723819e-01,-4.055214044888554720e-02,-1.002333876201060431e-01,2.505530450758394062e-02,-5.667693414899902318e-03,1.563769202855632909e-03,-2.609884936633152797e-04,6.088124995635841447e-03,-1.311717416326218513e-03,-6.000719512650009094e-03,1.748488568473791451e-04,5.948708391577892107e-03,2.200332120415767791e-03,-5.366140690898447974e-03,-2.249681244867306890e-03,3.639742177138761622e-03,-6.228687504995613147e-04,-1.279993298259370863e-03,7.757396355343997452e-04
7.599999999999999645e+00,-3.205882804213977533e-01,-4.164803872459822004e-02,-8.164857032933557635e-02,2.011262584907852827e-02,-3.742337729872268620e-03,1.835084583752212431e-03,-3.315056960696508709e-04,4.921141531538967759e-03,-1.368777972539976127e-03,-4.714632115026236650e-03,3.133015039623180450e-04,4.741858592291790103e-03,1.854221920330550999e-03,-4.364579680847704979e-03,-2.036367566848095237e-03,2.990069020831881072e-03,-5.383081443344321388e-04,-1.044027934698798718e-03,6.798915271395246981e-04
7.799999999999999822e+00,-2.822348191671046891e-01,-4.251426459091251636e-02,-6.719900495693548192e-02,1.610557076105474314e-02,-2.529814391096557938e-03,2.028890171983027419e-03,-3.177407323215948078e-04,3.644207451342078297e-03,-1.354439641418484766e-03,-3.373518975671830483e-03,4.111688299337075371e-04,3.464337156357679900e-03,1.467376516176884492e-03,-3.266943400070023568e-03,-1.742178556781100868e-03,2.260398010280344552e-03,-4.408267632093347717e-04,-7.810480382342225442e-04,5.641072192271237573e-04
8.000000000000000000e+00,-2.503208089200791298e-01,-4.317222853232319246e-02,-5.606939609304668198e-02,1.290269621373268429e-02,-1.861772828145981731e-03,2.160006935250860603e-03,-2.358821845719165367e-04,2.334641598514422198e-03,-1.284858471941693675e-03,-2.045529617501080574e-03,4.741088906664211447e-04,2.185749015014224958e-03,1.065258739499028336e-03,-2.141867332158292614e-03,-1.397498274764325497e-03,1.500424097872706669e-03,-3.370259299652908838e-04,-5.090124253896840742e-04,4.375429231383743019e-04
8.199999999999999289e+00,-2.235984328909938756e-01,-4.363108206669788491e-02,-4.756299238120122175e-02,1.037309451285161298e-02,-1.593025977775807886e-03,2.241280595832258540e-03,-1.042606385129566000e-04,1.052410463257713591e-03,-1.175855014754658388e-03,-7.802966986494314777e-04,5.084656759313740688e-04,9.576143600760513019e-04,6.676797428118550100e-04,-1.041759058143906097e-03,-1.028270748198027371e-03,7.487218503562601685e-04,-2.323127155349983663e-04,-2.416047182294393282e-04,3.077426321864288120e-04
8.400000000000000355e+00,-2.010843850376729247e-01,-4.389618477894085408e-02,-4.109898699664397276e-02,8.395325836298291391e-03,-1.603371148824974182e-03,2.283508711359840456e-03,5.948840627515925017e-05,-1.589192455854551711e-04,-1.041562177273633273e-03,3.886133715780854675e-04,5.204688136580279487e-04,-1.845143431695693559e-04,2.891251256548011198e-04,-4.158122700367861135e-06,-6.553150652935262922e-04,3.344939120480516087e-05,-1.308505086318374495e-04,1.138561262088678624e-05,1.805556060609024138e-04
8.599999999999999645e+00,-1.819989155086056409e-01,-4.397352376204631541e-02,-3.620333366240026385e-02,6.861932667254617285e-03,-1.796798377941135477e-03,2.295570901937804640e-03,2.399663168271503298e-04,-1.270158105701107987e-03,-8.937908111651114186e-04,1.440856625015675407e-03,5.157677246133099847e-04,-1.218402106695975345e-03,-6.058243574616007168e-05,9.461562101050393497e-04,-2.943642577631082509e-04,-6.263235480937542204e-04,-3.563572050384019099e-05,2.434915566985737176e-04,6.023486519418749970e-05
8.800000000000000711e+00,-1.657200019568561000e-01,-4.387161342717375845e-02,-3.249617322443256601e-02,5.681029800787338116e-03,-2.099172040105816081e-03,2.284650879688020827e-03,4.246683086995784936e-04,-2.264021943246905672e-03,-7.418708986253283889e-04,2.366480296499525252e-03,4.992061355008722183e-04,-2.132400251011346698e-03,-3.754812651950004999e-04,1.794802042030932410e-03,4.346614982843289773e-05,-1.219035921629642652e-03,5.135534583214221901e-05,4.509381042949256804e-04,-5.036460899577742574e-05
9.000000000000000000e+00,-1.517486941303460846e-01,-4.360191752875702820e-02,-2.967808537567261790e-02,4.776084897516706673e-03,-2.455179780838959505e-03,2.256486424803882864e-03,6.040781648906663054e-04,-3.132612695383377513e-03,-5.927815094436284654e-04,3.163339014265739019e-03,4.747572473129994201e-04,-2.922902943420608787e-03,-6.526570937665618528e-04,2.535486506700616351e-03,3.509959889352563811e-04,-1.739044384692080628e-03,1.289899446232213674e-04,6.320336382493370059e-04,-1.495457281756479859e-04
9.500000000000000000e+00,-1.244606823548977531e-01,-4.229017713284244362e-02,-2.512837726234281449e-02,3.341455429347238437e-03,-3.349080234038944413e-03,2.138025537813115218e-03,9.908121107773133068e-04,-4.762480893187491342e-03,-2.605327282416167005e-04,4.623605371771003988e-03,3.978981524848654912e-04,-4.382866483766284862e-03,-1.180427682720294313e-03,3.923079043085165966e-03,9.669477380692690152e-04,-2.720790962624068839e-03,2.802580416289588783e-04,9.710645040818103625e-04,-3.440458630954054383e-04
1.000000000000000000e+01,-1.047994674614091681e-01,-4.027694414584918892e-02,-2.247738400610238552e-02,2.601071077604003457e-03,-4.029815048316747264e-03,1.985166339440824854e-03,1.258756446876442515e-03,-5.710737707374730424e-03,-8.722870831348074339e-06,5.440233738693182192e-03,3.201568434122659601e-04,-5.211605468938838512e-03,-1.498255252644308021e-03,4.729832034000135826e-03,1.367673830829094564e-03,-3.298368817681611095e-03,3.750133801382556130e-04,1.167610355134084382e-03,-4.669541429291260018e-04
1.050000000000000000e+01,-9.005927032428066858e-02,-3.781983012657477022e-02,-2.060449203905848764e-02,2.194187482561753798e-03,-4.421885994427168613e-03,1.822808613265725509e-03,1.409716479832423455e-03,-6.138973973419469855e-03,1.623908379547518602e-04,5.782196034245201156e-03,2.539036492276175059e-04,-5.570663519132593687e-03,-1.654482321870525546e-03,5.095752018641947628e-03,1.589282207541411812e-03,-3.565525800222927796e-03,4.248063569377575743e-04,1.256082349123684334e-03,-5.323542481222949194e-04
1.100000000000000000e+01,-7.857979792926726714e-02,-3.513633601673936402e-02,-1.902570301428211166e-02,1.940599613686320611e-03,-4.559512543504183439e-03,1.663322451249724934e-03,1.466771518752122598e-03,-6.206306305071941642e-03,2.673627709312230948e-04,5.802727464618582034e-03,2.018177574246110637e-04,-5.609526972346973867e-03,-1.697625338832732186e-03,5.156849621224292302e-03,1.678833250402032243e-03,-3.616275609698761922e-03,4.423438437369457514e-04,1.269947236984942090e-03,-5.562785141119237168e-04
1.150000000000000000e+01,-6.932688835741245004e-02,-3.238920189744215472e-02,-1.755898256645170227e-02,1.755640753021434205e-03,-4.509013681522209410e-03,1.512439689334235497e-03,1.457041726952192084e-03,-6.042062630819640401e-03,3.237433211984900401e-04,5.621310845276381030e-03,1.624479336458406779e-04,-5.445944567554181909e-03,-1.667438948791859134e-03,5.022849947269251991e-03,1.679034443674810905e-03,-3.527593618449269101e-03,4.385006921966399379e-04,1.236161767535692499e-03,-5.526045847859119113e-04
1.200000000000000000e+01,-6.164713537333824794e-02,-2.968937280406509088e-02,-1.615256010371548742e-02,1.601998749251505767e-03,-4.334771990682251795e-03,1.372468887078850215e-03,1.404137006542869725e-03,-5.741115399590258211e-03,3.469753864077066850e-04,5.323364559269146319e-03,1.331216809847836878e-04,-5.164627336081271947e-03,-1.593233396843290539e-03,4.773855375986601687e-03,1.623216444233778477e-03,-3.356170295227083565e-03,4.215135333698842709e-04,1.174365653600426516e-03,-5.318989810246384188e-04
1.250000000000000000e+01,-5.512105367408497159e-02,-2.710615633595458984e-02,-1.480349465634522507e-02,1.464463271093071001e-03,-4.087826912056263112e-03,1.243999275502527231e-03,1.325995631814163005e-03,-5.368535036589771811e-03,3.489179957181187631e-04,4.966420115839561070e-03,1.112263191049927776e-04,-4.822890468921372034e-03,-1.495198332039007500e-03,4.464621387192800606e-03,1.535222087800609814e-03,-3.140990374275383877e-03,3.971658379846778469e-04,1.097957683059885879e-03,-5.016033774549428321e-04
1.300000000000000000e+01,-4.947397350083769518e-02,-2.467846553024192688e-02,-1.352228968574266214e-02,1.337474657506538970e-03,-3.804600042562371592e-03,1.126786454218731701e-03,1.235162522374424468e-03,-4.966707254353817415e-03,3.379893466651048449e-04,4.587418698094523385e-03,9.464334471869382463e-05,-4.457677349679957032e-03,-1.386548564871744032e-03,4.130729576274872958e-03,1.431112980412732995e-03,-2.907503589191759268e-03,3.693016642990292983e-04,1.015628711374591585e-03,-4.666742685885291145e-04
1.350000000000000000e+01,-4.452152606781765304e-02,-2.242447437046009295e-02,-1.231935369553192189e-02,1.219322127886790031e-03,-3.509301090618733698e-03,1.020206195603493753e-03,1.139890946691136031e-03,-4.561976904773744346e-03,3.198557606955556654e-04,4.209022858021535529e-03,8.180269055180389062e-05,-4.091739851305059052e-03,-1.275552159184867437e-03,3.794258344279401868e-03,1.321198150991342033e-03,-2.671565191449613418e-03,3.403602839691245285e-04,9.327616224677461260e-04,-4.302626395252751252e-04
1.400000000000000000e+01,-4.013613464201938597e-02,-2.034896365236961088e-02,-1.120103167248235124e-02,1.109606242653832318e-03,-3.217087526177875127e-03,9.234839345861212828e-04,1.045323013816785735e-03,-4.169888773442651138e-03,2.981781398824307969e-04,3.844412488188932598e-03,7.159775578924612788e-05,-3.738374340385925212e-03,-1.167138461778626478e-03,3.468220287793395175e-03,1.211794051418235750e-03,-2.442559863389706480e-03,3.118186570472442510e-04,8.525225650623540928e-04,-3.942804759264939606e-04
1.450000000000000000e+01,-3.622635242715978310e-02,-1.844851705713125567e-02,-1.016938456660978693e-02,1.008222031738253760e-03,-2.936857783094932398e-03,8.358089182866651912e-04,9.544745735557151525e-04,-3.798977058935407158e-03,2.752368399501424717e-04,3.500676158842973805e-03,6.327063416135713032e-05,-3.404787514586828275e-03,-1.064064048245401363e-03,3.159755096359500876e-03,1.106564337222207175e-03,-2.225666495982333605e-03,2.845203158380656279e-04,7.766439307186145209e-04,-3.598232162815948477e-04
1.500000000000000000e+01,-3.272408348632214331e-02,-1.671501724319092788e-02,-9.223147150490471763e-03,9.150102320106845996e-04,-2.673384597571059045e-03,7.563894138211440165e-04,8.689689650832567100e-04,-3.453362995778568294e-03,2.523981926744395862e-04,3.181101789140356774e-03,5.630964884026131020e-05,-3.094377438963398768e-03,-9.677134152093126067e-04,2.872311079758513384e-03,1.007468416124822829e-03,-2.023413152614001679e-03,2.589049143855009236e-04,7.059581781248525610e-04,-3.274651298504100295e-04
1.600000000000000000e+01,-2.674182176399272567e-02,-1.370561704930238836e-02,-7.571672324001976935e-03,7.518237937286913761e-04,-2.203725947374948584e-03,6.193812426778181734e-04,7.164199592309567497e-04,-2.842139022198183866e-03,2.097750472939603772e-04,2.617036891229309204e-03,4.521997575782453737e-05,-2.546072540628235240e-03,-7.968531343213306785e-04,2.363941412768654805e-03,8.306201867798276199e-04,-1.665492820510321549e-03,2.133306982191640914e-04,5.809785223907665015e-04,-2.698566273711644177e-04
1.700000000000000000e+01,-2.187578212723817819e-02,-1.122884832581653829e-02,-6.206908763524882772e-03,6.165872706803840692e-04,-1.809852638599179428e-03,5.071416945410944658e-04,5.884140227248790475e-04,-2.332443559017400529e-03,1.729198807927558176e-04,2.147323665898258002e-03,3.669090191543466676e-05,-2.089238781237541445e-03,-6.541046536143168286e-04,1.940006670529573684e-03,6.822088545610303489e-04,-1.366889928718820852e-03,1.751663791297975803e-04,4.767771920943513365e-04,-2.215926472040451872e-04
1.800000000000000000e+01,-1.790353696293274857e-02,-9.196233584771583425e-03,-5.084692161557132287e-03,5.052175706564243206e-04,-1.483861893980459703e-03,4.152249448577830589e-04,4.824435638063634011e-04,-1.911680167794000068e-03,1.420098638475098430e-04,1.759811116060378770e-03,2.991612585370803594e-05,-1.712261336651403664e-03,-5.361642542219138092e-04,1.590038162189406652e-03,5.593447657545905184e-04,-1.120337600119776685e-03,1.436017372599249133e-04,3.907641533607361531e-04,-1.816667789806855442e-04
1.900000000000000000e+01,-1.465565889574584751e-02,-7.530284932033920464e-03,-4.164074853611286937e-03,4.137869007071225732e-04,-1.215653399726528919e-03,3.399618941221780504e-04,3.952471308211829258e-04,-1.565903966236010039e-03,1.164288721459994533e-04,1.441450887928131565e-03,2.444731603808726945e-05,-1.402522730049290782e-03,-4.392064549414309181e-04,1.302439387288271185e-03,4.582483623307049571e-04,-9.177066706604168622e-04,1.176405215819143016e-04,3.200828344878056415e-04,-1.488256638265508022e-04
2.000000000000000000e+01,-1.199811217946053325e-02,-6.165661553536869351e-03,-3.409656573706567988e-03,3.388358402977967895e-04,-9.955771970682489660e-04,2.783388733823425124e-04,3.236954189277988468e-04,-1.282331344064941954e-03,9.538335857632023883e-05,1.180395963244594646e-03,1.999878614305300995e-05,-1.148525146942622199e-03,-3.596775151327975080e-04,1.066578161501526879e-03,3.752911123763886668e-04,-7.515213349337466478e-04,9.634150521486352001e-05,2.621177956925544047e-04,-1.218811647981903198e-04
2.100000000000000000e+01,-9.822882511283942061e-03,-5.048158844969420460e-03,-2.791738620355979465e-03,2.774359979327622799e-04,-8.152145280606226587e-04,2.278851840631606999e-04,2.650542148353262056e-04,-1.049986398725447989e-03,7.811521267049954451e-05,9.665133457989917706e-04,1.636735456141220351e-05,-9.404200493177078748e-04,-2.945106150590088212e-04,8.733254482839595319e-04,3.073025814147314298e-04,-6.153550391780185152e-04,7.888718482396565369e-05,2.146245832226389223e-04,-9.980002584693460502e-05
2.200000000000000000e+01,-8.042170564260904889e-03,-4.133135225765136207e-03,-2.285736819356394382e-03,2.271530241683596271e-04,-6.674798348530293834e-04,1.865768236265205387e-04,2.170208643942389722e-04,-8.596938227023060439e-04,6.396340320345719169e-05,7.913461854170830093e-04,1.339814692969523191e-05,-7.699829199267383024e-04,-2.411365238258871024e-04,7.150497408940530760e-04,2.516128819745063567e-04,-5.038327085572028843e-04,6.459083772122133386e-05,1.757273625970929827e-04,-8.171383153362679435e-05
2.300000000000000000e+01,-6.584326214682130300e-03,-3.383944179499547011e-03,-1.871423128268453898e-03,1.859799851180871642e-04,-5.465004913703793918e-04,1.527562622178974731e-04,1.776863786439150292e-04,-7.038716362710026927e-04,5.237177884631541419e-05,6.479112316252066831e-04,1.096862433152079880e-05,-6.304205130418653099e-04,-1.974301673192029657e-04,5.854447484675892989e-04,2.060086557185300483e-04,-4.125116570542979684e-04,5.288378386960274009e-05,1.438761992528860033e-04,-6.690327645931325282e-05
2.400000000000000000e+01,-5.390773382530525230e-03,-2.770546255639674826e-03,-1.532199068659308421e-03,1.522685718971830389e-04,-4.474419941190471467e-04,1.250662785657188165e-04,1.454790409379936439e-04,-5.762864574582853006e-04,4.287948040115360473e-05,5.304691831592325650e-04,8.980036933009538048e-06,-5.161490101324659732e-04,-1.616437245041862426e-04,4.793258650027071126e-04,1.686676281321590281e-04,-3.377390430239593814e-04,4.329805077290975940e-05,1.177969006087863947e-04,-5.477637702620245260e-05
2.500000000000000000e+01,-4.413585705192223443e-03,-2.268334030845994484e-03,-1.254461221745571675e-03,1.246673450134963600e-04,-3.663364473566341423e-04,1.023956190752176823e-04,1.191088044397832176e-04,-4.718253228624608229e-04,3.510715203487649717e-05,4.343130279882725345e-04,7.352117161259974084e-06,-4.225886678987601699e-04,-1.323432678064386360e-04,3.924403884788606558e-04,1.380941124641146096e-04,-2.765184682440607780e-04,3.544961887444726629e-05,9.644432474554410887e-05,-4.484732780984272623e-05
5.000000000000000000e+01,-2.973847221668197838e-05,-1.528392882017337096e-05,-8.452508210097455264e-06,8.400040678035418690e-07,-2.468366160974385211e-06,6.899363127021695196e-07,8.025523293457464888e-07,-3.179144342848119160e-06,2.365523445815093372e-07,2.926386929717950174e-06,4.953754196872142530e-08,-2.847388845623854298e-06,-8.917251108714780018e-07,2.644251127476034306e-06,9.304748704616558564e-07,-1.863172981731926187e-06,2.388586053187324942e-07,6.498388358767231032e-07,-3.021801462997373490e-07
1.000000000000000000e+02,-1.350124549880965701e-09,-6.938892949306903630e-10,-3.837432790552524051e-10,3.813612567848256338e-11,-1.120636503363324503e-10,3.132306013726629007e-11,3.643581938301582622e-11,-1.443329298701066189e-10,1.073945982915184473e-11,1.328577610670494386e-10,2.249000925986039214e-12,-1.292712535978066367e-10,-4.048425740100941956e-11,1.200488154617841325e-10,4.224349376471674177e-11,-8.458792250598948712e-11,1.084416390463563601e-11,2.950263750573834796e-11,-1.371895741762558838e-11
