[[-4.90890793e+09  3.23714688e+09 -8.78099672e+08  1.28769719e+08
  -1.06268749e+07  4.92105256e+05 -1.38945443e+04 -1.65343878e+00]
 [-6.05090298e+09  3.49053516e+09 -8.28218501e+08  1.02944260e+08
  -6.91020315e+06  2.54555540e+05 -5.56056513e+03 -2.69917088e-01]
 [-9.92169574e+09  5.65114291e+09 -1.27101271e+09  1.47429195e+08
  -9.05395940e+06  2.80248586e+05 -4.09680145e+03  1.44410776e-01]
 [-5.48113112e+09  2.84835285e+09 -5.98862103e+08  6.36750839e+07
  -3.43036184e+06  9.05749873e+04 -1.03904614e+03  1.81140358e-02]
 [-4.92796352e+09  2.52018987e+09 -4.96371983e+08  4.92106427e+07
  -2.53378666e+06  6.34655248e+04 -7.03246437e+02  2.48665303e-02]
 [-1.86246258e+09  7.87779722e+08 -1.29081145e+08  9.42034917e+06
  -2.28796413e+05 -4.11573769e+03  2.21483082e+02 -2.90279897e-02]
 [-1.56345986e+09  7.34939559e+08 -1.30896053e+08  1.15271905e+07
  -5.15274179e+05  1.08788758e+04 -1.17113619e+02  6.28277944e-03]
 [-1.22515832e+09  6.13842001e+08 -1.29906523e+08  1.44805395e+07
  -8.85564263e+05  2.75095125e+04 -3.19573531e+02  1.88943005e-02]
 [-7.63029996e+08  3.76914294e+08 -7.22607852e+07  6.84014115e+06
  -3.22500449e+05  6.87534314e+03 -6.28648942e+01  1.66410310e-03]
 [-7.63181401e+08  3.94411598e+08 -8.55433278e+07  9.85557005e+06
  -6.29920033e+05  2.06127710e+04 -2.55327367e+02  1.50590174e-02]
 [-5.60158067e+07 -2.20996635e+05  7.55291917e+06 -1.72672812e+06
   1.58363464e+05 -6.40242515e+03  8.60196766e+01 -4.82899053e-03]
 [-1.07457965e+07 -2.00441020e+07  9.34873089e+06 -1.57601079e+06
   1.25569508e+05 -4.70539744e+03  7.13746000e+01 -6.74695782e-03]
 [ 6.56860633e+08 -3.94500520e+08  9.41786978e+07 -1.13288719e+07
   7.17743819e+05 -2.25259803e+04  2.70399310e+02 -1.51889568e-02]
 [ 4.66917897e+07  2.15129339e+06 -7.40920375e+06  1.68044315e+06
  -1.55080649e+05  6.42834087e+03 -9.66207904e+01  8.01906370e-03]
 [ 1.33743585e+08 -7.14220525e+07  1.65061088e+07 -2.08918931e+06
   1.48989430e+05 -5.53603470e+03  8.13026363e+01 -7.22764251e-03]
 [ 4.66463185e+08 -2.09384529e+08  3.64125546e+07 -3.09409177e+06
   1.33224568e+05 -2.70312472e+03  2.10526636e+01 -8.62633999e-04]
 [-5.05677136e+08  3.49670105e+08 -9.26615321e+07  1.21602247e+07
  -8.34549229e+05  2.83120325e+04 -3.73414428e+02  2.68650013e-02]
 [ 2.44025926e+09 -1.24516452e+09  2.53519844e+08 -2.61524444e+07
   1.42787952e+06 -3.87051631e+04  4.06133201e+02 -1.79312471e-02]
 [ 1.12512892e+08 -6.30728073e+07  1.61924154e+07 -2.30111608e+06
   1.79705351e+05 -7.03526417e+03  1.06312040e+02 -9.49317944e-03]]