1.000000000000000000e+00,-1.115190461472866821e+10,1.441630070159668541e+10,-5.121700455948303223e+10,3.003167811877071762e+10,-7.388390805505096436e+10,3.918586780477508545e+10,-7.048435215192384338e+10,4.025247189756407166e+10,-4.383036849759258270e+10,2.997733938379207230e+10,-7.275172454555136681e+09,5.918793252012308121e+09,2.666096703893976974e+10,-2.979477089118696976e+10,5.800866425137561798e+10,-7.690083633661274719e+10,1.208920428489178772e+11,-1.939857453902969055e+11,8.726784297250073242e+10
1.100000000000000089e+00,-7.343345088553726196e+09,9.503609551908443451e+09,-3.371523209940134048e+10,1.979387630947964859e+10,-4.861020933598525238e+10,2.580186669807999039e+10,-4.634611199076200104e+10,2.644682938359411240e+10,-2.878795951877448654e+10,1.961735126663823318e+10,-4.699954586502847672e+09,3.743320378210736275e+09,1.770065480991007614e+10,-1.978782137111420441e+10,3.843029691889443970e+10,-5.086683103869934082e+10,8.004011715672679138e+10,-1.282550273597940369e+11,5.776951386501865387e+10
1.199999999999999956e+00,-4.830075789974319458e+09,6.258581064047591209e+09,-2.216903846203220367e+10,1.303248605782367134e+10,-3.194480950135501099e+10,1.697041465395626450e+10,-3.043735044549141312e+10,1.735473101946384430e+10,-1.888248691148025131e+10,1.281810353929084778e+10,-3.025443199351286888e+09,2.353576781888986111e+09,1.174733126398213005e+10,-1.313597363426157379e+10,2.544447538903052521e+10,-3.362290813519755554e+10,5.295804179335254669e+10,-8.473418971493699646e+10,3.821666417837345886e+10
1.300000000000000044e+00,-3.173162115079936028e+09,4.117017256191684723e+09,-1.455925547180908585e+10,8.571069685369347572e+09,-2.096670601044158554e+10,1.114853278364591217e+10,-1.996331789136397171e+10,1.137326883572896957e+10,-1.236718487534068489e+10,8.361620896195398331e+09,-1.939571371780544043e+09,1.469664473526053905e+09,7.793330210674040794e+09,-8.716146657723972321e+09,1.683600569309873772e+10,-2.220837044528086472e+10,3.501503849904843903e+10,-5.593772265712840271e+10,2.526389499215306091e+10
1.399999999999999911e+00,-2.081940715886477470e+09,2.705034269938247681e+09,-9.549095362136960983e+09,5.630111514817471504e+09,-1.374280147578369331e+10,7.314550796290648460e+09,-1.307513322853003120e+10,7.442721533152762413e+09,-8.087066388744772911e+09,5.444797708264103889e+09,-1.237576476751958370e+09,9.102890599722411633e+08,5.168196608241038322e+09,-5.780643008718431473e+09,1.113260375499629974e+10,-1.465756815578394699e+10,2.313444898411216736e+10,-3.689722819406157684e+10,1.668876605434141541e+10
1.500000000000000000e+00,-1.364072594588986874e+09,1.775032405174399376e+09,-6.254188129038822174e+09,3.693450768006239891e+09,-8.994752105039148331e+09,4.792466039445178986e+09,-8.550616063627068520e+09,4.863048394470527649e+09,-5.279079883196445465e+09,3.538604828100793839e+09,-7.853307229984552860e+08,5.583392537431061268e+08,3.425988120177783489e+09,-3.831848211571612358e+09,7.356178868644185066e+09,-9.666138803678991318e+09,1.527312759022591591e+10,-2.431674632823073196e+10,1.101555625872384262e+10
1.600000000000000089e+00,-8.923804260420775414e+08,1.163159489723602057e+09,-4.089924777033803463e+09,2.419556973465209484e+09,-5.877879272365983963e+09,3.135335822200020790e+09,-5.582534114061465263e+09,3.172209087919036865e+09,-3.439564344589993954e+09,2.294921957607063293e+09,-4.951393170142472982e+08,3.383908148734273314e+08,2.270194957391345024e+09,-2.538703249924876690e+09,4.857253309910312653e+09,-6.368997952340511322e+09,1.007493951549010468e+10,-1.601100639382618904e+10,7.264868174756661415e+09
1.699999999999999956e+00,-5.828420014812135696e+08,7.610672879779399633e+08,-2.670175373418301582e+09,1.582623518932673931e+09,-3.834533721841488361e+09,2.047904459150250673e+09,-3.638199022099054337e+09,2.065529321075443268e+09,-2.236395035768838882e+09,1.484931581549475908e+09,-3.097851381013896465e+08,2.020302581882842481e+08,1.503735579813266516e+09,-1.681039295917440653e+09,3.204768368929264069e+09,-4.192723834552425385e+09,6.640225874750446320e+09,-1.053199457279519463e+10,4.787048147900634766e+09
1.800000000000000044e+00,-3.799953435812134147e+08,4.971684803524091840e+08,-1.740132293145252228e+09,1.033479824989044547e+09,-2.496899716027124405e+09,1.335293904515132189e+09,-2.366429241524653435e+09,1.342301759974721909e+09,-1.450790506410401106e+09,9.584151175560109615e+08,-1.920228827199562192e+08,1.182989204702411890e+08,9.956631979473799467e+08,-1.112491550619376659e+09,2.112777730011251450e+09,-2.757449063147808075e+09,4.372484990452052116e+09,-6.920818336324847221e+09,3.151410818783074856e+09
1.899999999999999911e+00,-2.472653155516722500e+08,3.242056425189308524e+08,-1.131808972060565710e+09,6.736695825622971058e+08,-1.622611941486423731e+09,8.689995141277370453e+08,-1.535941753138081074e+09,8.704479843756672144e+08,-9.387943861457338333e+08,6.168822832571307421e+08,-1.176707023728244007e+08,6.748437433033099771e+07,6.590054329102748632e+08,-7.357987384738129377e+08,1.391699520642353296e+09,-1.811685252134346485e+09,2.876449645466237068e+09,-4.542904622616062164e+09,2.072604865407732487e+09
2.000000000000000000e+00,-1.605564204035532475e+08,2.110116652147894502e+08,-7.345711870617396832e+08,4.382710724869436622e+08,-1.052137453080431700e+09,5.643694107869240046e+08,-9.945850312979515791e+08,5.631502328677614927e+08,-6.057996290279327631e+08,3.958485729172429442e+08,-7.107413595460996032e+07,3.709623069133786112e+07,4.360190305106572509e+08,-4.863571277194359303e+08,9.159130886701351404e+08,-1.189046289800169945e+09,1.890361218691850424e+09,-2.978599240738997936e+09,1.361689096263226986e+09
2.100000000000000089e+00,-1.040119789650544375e+08,1.370519659693107903e+08,-4.756369350523993969e+08,2.845189260779830217e+08,-6.805858191920411587e+08,3.656998888995295763e+08,-6.423836943741056919e+08,3.634108278573857546e+08,-3.897128693603308201e+08,2.531577226292556524e+08,-4.213252782483425736e+07,1.926464761850375682e+07,2.883817666874402761e+08,-3.212742449846376777e+08,6.022297421324530840e+08,-7.795268534841065407e+08,1.240988099261938572e+09,-1.950581361400777102e+09,8.936419495474082232e+08
2.200000000000000178e+00,-6.720932378718137741e+07,8.881186838653612137e+07,-3.071826907904508710e+08,1.842736064617941082e+08,-4.390776342572777271e+08,2.363787272655371726e+08,-4.137301563483060598e+08,2.338585028748380244e+08,-2.498384382493009567e+08,1.612952744588753879e+08,-2.435320918653079867e+07,9.063482018161837012e+06,1.906706752722083926e+08,-2.120857161592670381e+08,3.955949586825898290e+08,-5.104509157892142534e+08,8.137649581074744463e+08,-1.275730855925865173e+09,5.857952654061071873e+08
2.299999999999999822e+00,-4.330625089049688727e+07,5.740713359441445768e+07,-1.978249061888772249e+08,1.190412484716057777e+08,-2.824408708458392620e+08,1.523720482624560893e+08,-2.656296959572032094e+08,1.500247921381529570e+08,-1.595458496392729282e+08,1.023348162416749001e+08,-1.358074216271100007e+07,3.432972207285060082e+06,1.260270285259957612e+08,-1.399111850277396739e+08,2.595977126380865872e+08,-3.338416055035302639e+08,5.329802405349832177e+08,-8.332293841139793396e+08,3.835268362901335359e+08
2.399999999999999911e+00,-2.781716927561424300e+07,3.700478275599359721e+07,-1.269970540962383598e+08,7.668281498790092766e+07,-1.810933096576725543e+08,9.792426082698453963e+07,-1.699485779310221970e+08,9.591354376847229898e+07,-1.014379513843948096e+08,6.461915504368045926e+07,-7.168860286175793037e+06,4.901411641661092872e+05,8.327591664141383767e+07,-9.223373442903482914e+07,1.701739332446459532e+08,-2.180530325236366391e+08,3.486378671343377829e+08,-5.434331219743235111e+08,2.507738740649833679e+08
2.500000000000000000e+00,-1.780577449130649865e+07,2.378033150502562150e+07,-8.124148777701200545e+07,4.924143762225019932e+07,-1.156920225494160801e+08,6.272173803686981648e+07,-1.083071865036599189e+08,6.108451823442029953e+07,-6.417043052216969430e+07,4.058363086653199792e+07,-3.442214706253346056e+06,-9.107829222664999543e+05,5.501307031361439824e+07,-6.075956347894197702e+07,1.114313524372438490e+08,-1.422293576093272567e+08,2.277498843322999179e+08,-3.538888996470692158e+08,1.637466933977415562e+08
2.600000000000000089e+00,-1.135301789841241762e+07,1.522986388533838838e+07,-5.176652983582930267e+07,3.150934116421054676e+07,-7.361037640720419586e+07,4.002383312381835282e+07,-6.871932322391089797e+07,3.873579144169476628e+07,-4.036079047443379462e+07,2.533049050447613001e+07,-1.347470116629371420e+06,-1.457245568397873314e+06,3.633462480829454958e+07,-3.999618571094721556e+07,7.288259370097261667e+07,-9.263831642612871528e+07,1.485692570115403235e+08,-2.300848646221960187e+08,1.067656413474012315e+08
2.700000000000000178e+00,-7.206872428793429397e+06,9.716647550978077576e+06,-3.283884138397845998e+07,2.008354418756071478e+07,-4.662095053295733780e+07,2.543263220763409883e+07,-4.338319684443114698e+07,2.444440756603894010e+07,-2.521537358410536498e+07,1.569656395829847269e+07,-2.278487729482391151e+05,-1.554327986846079584e+06,2.399409808275317773e+07,-2.630835808023377135e+07,4.761261450790111721e+07,-6.024676932574931532e+07,9.677251243252669275e+07,-1.493371723646261096e+08,6.950595251312865317e+07
2.799999999999999822e+00,-4.552040398557127453e+06,6.172643442155968398e+06,-2.072671118905275315e+07,1.274430237441040762e+07,-2.937342434814747423e+07,1.608407957186153345e+07,-2.723125617095577344e+07,1.534039388036758080e+07,-1.562911402821665630e+07,9.644531945879602805e+06,3.220364751611239626e+05,-1.435068673987477785e+06,1.584312990490146913e+07,-1.729151473266413808e+07,3.106574846316883713e+07,-3.911871409349897504e+07,6.293474201448597014e+07,-9.675254790324391425e+07,4.517565115025524050e+07
2.899999999999999911e+00,-2.858716076229022816e+06,3.902216527525251266e+06,-1.300634640162917040e+07,8.046463541873627342e+06,-1.839598832821177691e+07,1.011680726255671307e+07,-1.697948126270118728e+07,9.565764658598724753e+06,-9.596149595146415755e+06,5.866166925084201619e+06,5.492714874010762433e+05,-1.229115252584784525e+06,1.046062404409465007e+07,-1.135612759693928808e+07,2.024339033849515393e+07,-2.535757192353380844e+07,4.086065048677849770e+07,-6.256400855799318850e+07,2.931140862371711805e+07
3.000000000000000000e+00,-1.783398509026719024e+06,2.453213784342145082e+06,-8.107087187264840119e+06,5.051139440197879449e+06,-1.144113478598167188e+07,6.323791364171679132e+06,-1.050502907497469522e+07,5.920716978607020341e+06,-5.824588148746632971e+06,3.524224568387583364e+06,6.020542338914945722e+05,-1.005065726667986368e+06,6.906929773802161217e+06,-7.452128614707396366e+06,1.317367383674003370e+07,-1.640840202120226249e+07,2.648227633192894608e+07,-4.037425206101787835e+07,1.898340225896032527e+07
3.100000000000000089e+00,-1.103935446710516233e+06,1.532401419937270693e+06,-5.013695986753746867e+06,3.149752473461737856e+06,-7.057714687189813703e+06,3.924235387505388819e+06,-6.439476525428726338e+06,3.632623585336825345e+06,-3.485166342109421268e+06,2.084880004791061627e+06,5.674072050851291278e+05,-7.963006827906747349e+05,4.560974825315848924e+06,-4.886293504101054743e+06,8.561192344200618565e+06,-1.059796314103425853e+07,1.713157019744104892e+07,-2.599855201735088229e+07,1.227068832786404528e+07
3.200000000000000178e+00,-6.770517471838420024e+05,9.500781543833060423e+05,-3.071782334326514509e+06,1.948825571154527133e+06,-4.311464981161031872e+06,2.414418386197206564e+06,-3.903433799917183816e+06,2.205468631668474525e+06,-2.047588185163871385e+06,1.209190913476950955e+06,4.949609283872460946e+05,-6.165325203680886189e+05,3.012405103983720765e+06,-3.201295610621754080e+06,5.555818190133960918e+06,-6.831826736163630150e+06,1.106076519372497313e+07,-1.670330027043323219e+07,7.915361591251981445e+06
3.299999999999999822e+00,-4.106268995798791875e+05,5.838547907776396023e+05,-1.860855157264799345e+06,1.194665353639023611e+06,-2.602823058279993478e+06,1.470338307042870903e+06,-2.333720820455312729e+06,1.321901860559208319e+06,-1.174187367260413244e+06,6.829680309948629001e+05,4.118379341676202603e+05,-4.690056802275503287e+05,1.990184618672366953e+06,-2.095650333993302193e+06,3.600250428409143817e+06,-4.395107270788682625e+06,7.126418957269707695e+06,-1.070543139819808677e+07,5.094785115858251229e+06
3.399999999999999911e+00,-2.456335581017420336e+05,3.550078511297659134e+05,-1.111654517152250977e+06,7.242101507433539955e+05,-1.548393641232603928e+06,8.842808145071462495e+05,-1.371054211294932524e+06,7.796553769066195237e+05,-6.510001930046505295e+05,3.715850972896210733e+05,3.318807009020714322e+05,-3.518182994335730327e+05,1.315351702973113395e+06,-1.370757671492701629e+06,2.329566673799486365e+06,-2.821496364794905297e+06,4.581476454409759492e+06,-6.843709853137142956e+06,3.271728965760200284e+06
3.500000000000000000e+00,-1.443943628735509410e+05,2.130706629202469776e+05,-6.524295438246186823e+05,4.330138148619222338e+05,-9.039936791934117209e+05,5.235746740475651459e+05,-7.872232495691681979e+05,4.503616573764870991e+05,-3.432057899536921759e+05,1.909465959097400482e+05,2.613073530439101451e+05,-2.609054766230904497e+05,8.697725444685693365e+05,-8.958925809518526075e+05,1.505099454452827340e+06,-1.807281226422667038e+06,2.938563332736681681e+06,-4.363125534224125557e+06,2.095872132493035635e+06
3.600000000000000089e+00,-8.296388478496714379e+04,1.258125629425533698e+05,-3.741063315189955174e+05,2.544343303383053862e+05,-5.148078429354298278e+05,3.038323300625690026e+05,-4.379879465762931504e+05,2.529472799609867507e+05,-1.664038442396715109e+05,8.889807190609692771e+04,2.021278884200209868e+05,-1.916361403316356882e+05,5.754840233735792572e+05,-5.850757198303054320e+05,9.709493958251664881e+05,-1.154960652255568886e+06,1.880206923537164461e+06,-2.773652693395469338e+06,1.339135398451578105e+06
3.700000000000000178e+00,-4.619881544176746684e+04,7.273653979466699820e+04,-2.077600417836649285e+05,1.461364631768900435e+05,-2.831869954858795390e+05,1.716303245414217236e+05,-2.326975858480391616e+05,1.364908821671901678e+05,-6.816163767019884835e+04,3.336709599027038348e+04,1.541690006829511258e+05,-1.396058469243195723e+05,3.810429039674364612e+05,-3.818034769920520484e+05,6.254143845594500890e+05,-7.363149008199051023e+05,1.199943900217247661e+06,-1.757845430750054773e+06,8.532753233181904070e+05
3.799999999999999822e+00,-2.457647216078500060e+04,4.087020436480236094e+04,-1.100850351355780731e+05,8.135978377213908243e+04,-1.479039801557175233e+05,9.332929271792383224e+04,-1.147538714491620631e+05,6.921242947851025383e+04,-1.620245610980884703e+04,4.829429964212476079e+03,1.162438873851215758e+05,-1.009771531139995495e+05,2.525086500698392920e+05,-2.489738967203347129e+05,4.022383111714468105e+05,-4.682483346297699609e+05,7.637359305119168712e+05,-1.110468179306133883e+06,5.421109602150084684e+05
3.899999999999999911e+00,-1.214780210268692645e+04,2.204856446843414597e+04,-5.405220048576244153e+04,4.328515356673565111e+04,-7.083247017173032509e+04,4.787836582174204523e+04,-4.909035327839075035e+04,3.142470112244833217e+04,9.123368418605236002e+03,-8.454590162295517075e+03,8.680388372064295982e+04,-7.257646781270348583e+04,1.674893059212099470e+05,-1.622454033340663300e+05,2.583181068872505857e+05,-2.970086119726316538e+05,4.847233056373305735e+05,-6.991138823931283550e+05,3.433582982521563536e+05
4.000000000000000000e+00,-5.224773316123480981e+03,1.116508468246304801e+04,-2.292215107044769320e+04,2.141132049839029060e+04,-2.842282197646374698e+04,2.219914299276829115e+04,-1.417889290752098896e+04,1.103824391114914579e+04,1.961475852205560295e+04,-1.343595353847452316e+04,6.428163433471813914e+04,-5.186886147548233566e+04,1.112113393097786757e+05,-1.056619279360718792e+05,1.656540892096816096e+05,-1.878926520411026431e+05,3.067286200004781713e+05,-4.385540928425817401e+05,2.167656062298583565e+05
4.099999999999999645e+00,-1.541865996974638165e+03,5.049714142945403182e+03,-6.423557756684340347e+03,9.232335735609813128e+03,-6.269123662508349298e+03,8.235306998639201993e+03,3.051763730389074681e+03,7.069279084710600500e+02,2.223337771071809038e+04,-1.414954618791216490e+04,4.725499712029461080e+04,-3.687943372495611402e+04,7.392628084175451659e+04,-6.877328358464974735e+04,1.060853395785693865e+05,-1.185418956136325432e+05,1.934936577542387240e+05,-2.740610369677366107e+05,1.363758196210059104e+05
4.200000000000000178e+00,2.772882729006138902e+02,1.751796596790491094e+03,1.675860305350304088e+03,2.754483342287827782e+03,4.338045578656031466e+03,1.074612199842940299e+03,1.043045625284252856e+04,-3.975965198731977580e+03,2.099285712626278109e+04,-1.287622988710764730e+04,3.451022580326110619e+04,-2.609836409176320740e+04,4.919994080326755648e+04,-4.474128799722396070e+04,6.785095339928819158e+04,-7.458237965406193689e+04,1.216678891607638798e+05,-1.705828829102528689e+05,8.548849905963921628e+04
4.299999999999999822e+00,1.057520275353095030e+03,8.367222058094317561e+01,5.105597867209005017e+03,-4.466358438844326884e+02,8.587755611284967017e+03,-2.240959269081193270e+03,1.256569068342338869e+04,-5.611495567806630788e+03,1.813437784076936805e+04,-1.085794054648393649e+04,2.505138312786228562e+04,-1.838841980294065797e+04,3.278409997344901058e+04,-2.909524096265568733e+04,4.334692916567664361e+04,-4.679441573993250495e+04,7.624848362464456295e+04,-1.057314830212030211e+05,5.338511480426505295e+04
4.400000000000000355e+00,1.284639986442431791e+03,-6.684212131713914005e+02,6.058516115992937557e+03,-1.822653791622468816e+03,9.514408030221920853e+03,-3.465031965359902188e+03,1.210941015966067243e+04,-5.703119842471928678e+03,1.485169840253486655e+04,-8.733310479960498924e+03,1.808342476990971045e+04,-1.290329445482514711e+04,2.187248242174619008e+04,-1.891481733460617033e+04,2.766503301550131073e+04,-2.927855238676035879e+04,4.761992008434377931e+04,-6.524914171302878822e+04,3.320436856659247132e+04
4.500000000000000000e+00,1.238345905240914135e+03,-9.264783637254837458e+02,5.794484899841039805e+03,-2.227725308891325767e+03,8.848968380616695868e+03,-3.616483619417993395e+03,1.054084738436796943e+04,-5.095628972043590693e+03,1.173350805782153111e+04,-6.799792983275194274e+03,1.298449513825068425e+04,-9.019493484612807151e+03,1.461017749449791518e+04,-1.229405891160602550e+04,1.764242966155157774e+04,-1.826939643829860142e+04,2.963568395831336602e+04,-4.008442044885994255e+04,2.056635586040428461e+04
4.599999999999999645e+00,1.074718926477419245e+03,-9.347462334549601337e+02,5.014643994717840542e+03,-2.153083044654762034e+03,7.545298124293638466e+03,-3.271500719717179891e+03,8.648333134196094761e+03,-4.244887554846841340e+03,9.029735151425567892e+03,-5.168983895302774727e+03,9.275835403560466148e+03,-6.281596283537705858e+03,9.770178751446155729e+03,-7.990079156592706568e+03,1.124447856108086125e+04,-1.136999485632800497e+04,1.837771442045659205e+04,-2.451027971230523326e+04,1.268349157591571384e+04
4.700000000000000178e+00,8.769645214890040279e+02,-8.305809814297781486e+02,4.091334535171249172e+03,-1.872512654938256901e+03,6.102491466791935636e+03,-2.743667390325372253e+03,6.822230242278302285e+03,-3.381865885168476780e+03,6.809175918497211569e+03,-3.856855845084021439e+03,6.593508605452856500e+03,-4.359415137918821529e+03,6.540093192482465383e+03,-5.193037972766743223e+03,7.164538467674322419e+03,-7.058725610990006317e+03,1.135585978655698091e+04,-1.491604849621946050e+04,7.787260491404241293e+03
4.799999999999999822e+00,6.862856625757965503e+02,-6.880988718972924971e+02,3.207805022174075020e+03,-1.531759284642872672e+03,4.759995804258212047e+03,-2.193892228905921456e+03,5.230649006015983105e+03,-2.611116293884972492e+03,5.050740129482307566e+03,-2.834811706258335562e+03,4.663752655009883711e+03,-3.015123541640254189e+03,4.381470003248130524e+03,-3.375662557630509582e+03,4.564909821354493943e+03,-4.372422678391131740e+03,6.992451224209773500e+03,-9.034028518600653115e+03,4.759480502848186916e+03
4.900000000000000355e+00,5.204153964174935254e+02,-5.447862320966853531e+02,2.441943184278292847e+03,-1.202871969161796642e+03,3.614027382021045923e+03,-1.696681422261175385e+03,3.923064759469083583e+03,-1.968947073757467479e+03,3.694677875716361996e+03,-2.057511229865188398e+03,3.282463186721800867e+03,-2.078422161871876142e+03,2.936994828124431933e+03,-2.194897797961719334e+03,2.909426803457724873e+03,-2.703238559614686892e+03,4.291253822237425993e+03,-5.445781571029285260e+03,2.895719716584607795e+03
5.000000000000000000e+00,3.845533703355588386e+02,-4.175132084664201102e+02,1.815596313421072182e+03,-9.167887941068737518e+02,2.685756226523263194e+03,-1.279478713528781782e+03,2.890068336340785208e+03,-1.457077213252932097e+03,2.670079456351336830e+03,-1.477197485262621512e+03,2.298640131257415305e+03,-1.428010953131385122e+03,1.969235130165538294e+03,-1.427687080708985377e+03,1.855466170659818090e+03,-1.668750086888145688e+03,2.625390616188866261e+03,-3.267931286042102784e+03,1.753917613738251248e+03
5.099999999999999645e+00,2.776769458831412862e+02,-3.120155888876116137e+02,1.322967304361375227e+03,-6.825403270189261775e+02,1.960275013928735689e+03,-9.455551351053468352e+02,2.096780695153121087e+03,-1.061564159975800976e+03,1.908611363050903947e+03,-1.050380891202853491e+03,1.601332009885264824e+03,-9.779093114853469615e+02,1.320186119441701294e+03,-9.290778320091473006e+02,1.184410742405375913e+03,-1.029121250159591455e+03,1.601858470585894338e+03,-1.952870705013076531e+03,1.057807590216523067e+03
5.200000000000000178e+00,1.960731330055878914e+02,-2.283918672025308183e+02,9.464589220264015239e+02,-4.983131630641653373e+02,1.408122670188915208e+03,-6.869743718875175773e+02,1.500722144584929538e+03,-7.630273526037592546e+02,1.350502914747772138e+03,-7.403550829775485909e+02,1.109515510146009092e+03,-6.674446678948083900e+02,8.845336821128249767e+02,-6.049156768409458209e+02,7.569569174555927020e+02,-6.344247247362409325e+02,9.752299068418627712e+02,-1.162803791005513858e+03,6.354952693908614947e+02
5.299999999999999822e+00,1.352286431874536277e+02,-1.642003815344937436e+02,6.651171696789803036e+02,-3.576287038007918682e+02,9.965807011759061425e+02,-4.916624446667664188e+02,1.060706624938852656e+03,-5.418333807178230472e+02,9.463556553800515303e+02,-5.175650480119870736e+02,7.643571254917172837e+02,-4.539816642459234686e+02,5.919668446992424151e+02,-3.940627204423453236e+02,4.844436468721817732e+02,-3.912416848269231764e+02,5.928576796361257948e+02,-6.904412056021196804e+02,3.805269711425045784e+02
5.400000000000000355e+00,9.077118550134379404e+01,-1.161341519119656880e+02,4.588083225742502691e+02,-2.526404541721450414e+02,6.951178777092899281e+02,-3.470439889839241800e+02,7.407092102510281393e+02,-3.804457361851401629e+02,6.568522270681799000e+02,-3.589719930986975100e+02,5.233619806653886144e+02,-3.076771548438861146e+02,3.954639316490681153e+02,-2.568276765200094474e+02,3.104939314991611354e+02,-2.415508510391364041e+02,3.601991630763244530e+02,-4.092758335520705941e+02,2.273027619589211668e+02
5.500000000000000000e+00,5.887888522149744830e+01,-8.087026857241123423e+01,3.100116944848469416e+02,-1.757693723294352992e+02,4.775982653821055237e+02,-2.417317158597997775e+02,5.110398193865524945e+02,-2.642419357249875702e+02,4.515373851964158121e+02,-2.470395948703979059e+02,3.559908744949876791e+02,-2.077192924187921790e+02,2.635249444209082412e+02,-1.674436918729940373e+02,1.992813998700136153e+02,-1.494286391135301244e+02,2.189516481849896081e+02,-2.425435188237669024e+02,1.356092627316001824e+02
5.599999999999999645e+00,3.640440154517694538e+01,-5.545361411554419107e+01,2.043390823513881571e+02,-1.204097815842408608e+02,3.227871911994648713e+02,-1.661529261857641586e+02,3.481718117564553268e+02,-1.815525985470404180e+02,3.073059544725804813e+02,-1.686638114917661539e+02,2.404034086430074240e+02,-1.396454142032823142e+02,1.750132137770626741e+02,-1.091812731114860071e+02,1.280447059183757119e+02,-9.269878459225071765e+01,1.333182477544140738e+02,-1.439402052214053072e+02,8.093035469258731496e+01
5.700000000000000178e+00,2.085643654776331601e+01,-3.742835786152971878e+01,1.304221706715491678e+02,-8.113840120281483337e+01,2.140342707657050312e+02,-1.126283202750202008e+02,2.339821092883787230e+02,-1.233474445377707838e+02,2.069191246476445087e+02,-1.141969809336280690e+02,1.610548630114062973e+02,-9.343878164115882612e+01,1.157242381463864831e+02,-7.117519285385289152e+01,8.232013565015517997e+01,-5.770799637403499105e+01,8.141603631677514841e+01,-8.570427456600903326e+01,4.840482344520118119e+01
5.799999999999999822e+00,1.031878039156706706e+01,-2.484124247527481799e+01,7.952690249640468778e+01,-5.367629648949226606e+01,1.386205342780831700e+02,-7.519560753560385535e+01,1.548092541003342717e+02,-8.279812777705753035e+01,1.376929832363526032e+02,-7.662327285922766862e+01,1.069341353752194266e+02,-6.218420437842619464e+01,7.609930936785494282e+01,-4.636531873037962015e+01,5.291019245207159116e+01,-3.606922982470972983e+01,4.992429429748985115e+01,-5.129165685929304175e+01,2.907660272833306081e+01
5.900000000000000355e+00,3.349995721688824535e+00,-1.618673077993309661e+01,4.508700746123679437e+01,-3.474366943904215077e+01,8.702634486059295682e+01,-4.933786785113491646e+01,1.005330633682144565e+02,-5.483476375648690748e+01,9.040667999594101900e+01,-5.089420011615489159e+01,7.027910590066231578e+01,-4.112249827774341071e+01,4.969904824932686438e+01,-3.016083787662289240e+01,3.395872106818722358e+01,-2.263901169328505603e+01,3.076618269448481158e+01,-3.090050871444430314e+01,1.757993389952331142e+01
6.000000000000000000e+00,-1.114625308401871351e+00,-1.033203882649147687e+01,2.225244468033910294e+01,-2.188245144086649319e+01,5.224466682042858423e+01,-3.169926158383788106e+01,6.376559099618593507e+01,-3.574928366859741402e+01,5.842841895383908479e+01,-3.341023056143646386e+01,4.564502188236557600e+01,-2.698812847092027312e+01,3.218222269850777195e+01,-1.957394932262847576e+01,2.173004680366744878e+01,-1.426585403456620327e+01,1.906111427524670887e+01,-1.875428164528264574e+01,1.071837895893918713e+01
6.200000000000000178e+00,-5.409024389636801544e+00,-3.908662072583583669e+00,-1.720304399402599937e+00,-7.638865119477938670e+00,1.422182094258290697e+01,-1.195209076725860875e+01,2.298705025368778720e+01,-1.426808682792529481e+01,2.289416741816026502e+01,-1.375467376246705520e+01,1.840356804545122671e+01,-1.127499543231050971e+01,1.304191563781895979e+01,-8.143403808735508065e+00,8.742027184285856123e+00,-5.712451499042970227e+00,7.415206666803720204e+00,-7.044745216682859024e+00,4.100699462974734644e+00
6.400000000000000355e+00,-6.455925035930485834e+00,-1.311782831951755268e+00,-1.016682389464533465e+01,-1.743672694807145040e+00,-1.010892978408745257e+00,-3.536220056739641127e+00,5.872587064868717732e+00,-4.944777288736166732e+00,7.761256615249260804e+00,-5.153128994434307053e+00,6.790379658171058708e+00,-4.424947344138999483e+00,4.944687370429228679e+00,-3.287257843485734465e+00,3.364059806275436326e+00,-2.286260662724189263e+00,2.894001682735662051e+00,-2.664101868012490382e+00,1.618917530817038264e+00
6.599999999999999645e+00,-6.164984899159126286e+00,-4.113012247896810081e-01,-1.186710089989148997e+01,4.041099819964997231e-01,-6.071670835431233648e+00,-2.675086775906005410e-01,-6.055916704178968546e-01,-1.175074263157103394e+00,1.766527240699977686e+00,-1.588030308713252126e+00,2.115359077056468973e+00,-1.543823908900100461e+00,1.674914971652218698e+00,-1.250087868336474672e+00,1.189115449541193970e+00,-8.931577103752760260e-01,1.094931609959463481e+00,-9.685725788599170993e-01,6.397334520204408514e-01
6.799999999999999822e+00,-5.421524850924283712e+00,-2.003806917615182925e-01,-1.094916904325809170e+01,9.883440996239625242e-01,-6.919668524790193231e+00,7.964615301408183301e-01,-2.573571969547797433e+00,1.750920340202501702e-01,-3.339129037623160823e-01,-2.372086418669764885e-01,3.909924709982864344e-01,-4.027334244150328479e-01,4.496906483929434817e-01,-4.186954807050015104e-01,3.553560239801789034e-01,-3.268766388290176850e-01,3.796466938780065359e-01,-3.123259137269307484e-01,2.396154534103827893e-01
7.000000000000000000e+00,-4.606723150278613232e+00,-2.319497366865320709e-01,-9.243976769396811122e+00,9.894364815288777537e-01,-6.235108335810902958e+00,9.911163724654944440e-01,-2.788219626243515492e+00,5.375493402037849755e-01,-8.848516634538966530e-01,1.878027611761609317e-01,-1.505848869003324486e-01,-2.937748930973427264e-04,4.767868672335308367e-02,-9.783640586116121307e-02,6.876842678392175445e-02,-1.022585981019701884e-01,1.111170875951394132e-01,-7.416891237133314829e-02,7.866457971735191235e-02
7.200000000000000178e+00,-3.865660542315726644e+00,-3.232472530700749580e-01,-7.497988665493815930e+00,8.178770972660509564e-01,-5.149345469093784544e+00,8.895458381079925925e-01,-2.424898159197479419e+00,5.381208345202305177e-01,-8.841493692519637460e-01,2.567445796355730669e-01,-2.587910408205913448e-01,1.054294994943582864e-01,-4.959377649679149597e-02,1.189031110342439468e-02,-8.184168914677956985e-03,-1.828499338591091372e-02,2.722556199404609079e-02,-1.301394918918716281e-03,2.089218019792247333e-02
7.400000000000000355e+00,-3.239319533394877215e+00,-4.090284639582817405e-01,-5.971079969719362168e+00,6.284682754492919576e-01,-4.094324582135747015e+00,7.194108656785846989e-01,-1.947372484077968702e+00,4.344807036787952104e-01,-7.286939109934225112e-01,2.105831759073456544e-01,-2.320368597116674592e-01,1.042488538798847647e-01,-5.059153796277443549e-02,3.839522825006370238e-02,-1.524059832493083674e-02,9.622441690604707776e-03,1.510543637909148029e-02,1.366766490234325171e-02,6.848381289673650257e-03
7.599999999999999645e+00,-2.726726417789367751e+00,-4.723010312490554252e-01,-4.719266374184359236e+00,4.688187348272137012e-01,-3.203488084842391892e+00,5.601275338101261436e-01,-1.515281582703596142e+00,3.229587487435344739e-01,-5.602871936567515032e-01,1.440053950020418472e-01,-1.781915980955929291e-01,7.393791543877480110e-02,-3.166750006233277903e-02,3.524710776813371610e-02,-6.434318545932054406e-03,1.665916171115847805e-02,2.588923763956656188e-02,1.482477398575940408e-02,9.256264142532333317e-03
7.799999999999999822e+00,-2.312717519973547020e+00,-5.134843143974903157e-01,-3.722362615205962122e+00,3.459100993708623673e-01,-2.493119927121410395e+00,4.320364417972687443e-01,-1.167298743733400368e+00,2.329310798738464527e-01,-4.196294117850559169e-01,8.900987834039095215e-02,-1.298576829621392315e-01,4.351591287252818546e-02,-1.600746843415278703e-02,2.399202798728425692e-02,4.331334227472734277e-04,1.679363722226430433e-02,3.971444022422242204e-02,1.744607360462231693e-02,1.587281923860220031e-02
8.000000000000000000e+00,-1.979482921993376943e+00,-5.376920191527116977e-01,-2.938303826467185687e+00,2.540176744354346594e-01,-1.940222754891007817e+00,3.346322045432421066e-01,-8.994576845899117101e-01,1.682671477225812784e-01,-3.114745349085162318e-01,5.231124345624246774e-02,-9.293441263897177229e-02,2.155116623014753999e-02,-7.462282615424201820e-03,1.262200639892745516e-02,1.868723162922601710e-03,1.506061314297638815e-02,4.995106420180469436e-02,2.430821762800139396e-02,2.181246325506937256e-02
8.199999999999999289e+00,-1.710807562225550083e+00,-5.500990710429560782e-01,-2.324248205347857699e+00,1.853184923609138557e-01,-1.513582158626998853e+00,2.618066749243405655e-01,-6.964258414302806344e-01,1.246449085751305252e-01,-2.303201154933746941e-01,3.158265351475888355e-02,-6.565078683406766480e-02,8.639160288237468510e-03,-4.215376602877470014e-03,3.592159503620500488e-03,-8.248004704055171554e-04,1.298689547004569511e-02,5.563254576769439963e-02,3.370618845478713654e-02,2.568039309615217231e-02
8.400000000000000355e+00,-1.493222410521802601e+00,-5.546576038600079528e-01,-1.843419271030507067e+00,1.332346691922739468e-01,-1.184663921319185409e+00,2.072528048169540171e-01,-5.426676868065186676e-01,9.626003428671629780e-02,-1.694494285137542466e-01,2.218731662728703341e-02,-4.517835598875209746e-02,2.765565567377732681e-03,-3.744559455560292349e-03,-2.755610450499892949e-03,-5.423300918183993069e-03,1.091096018932608686e-02,5.780540842787764561e-02,4.316599384898340414e-02,2.755398000035957223e-02
8.599999999999999645e+00,-1.315969693503248106e+00,-5.540454101387948249e-01,-1.466285934266437607e+00,9.301186539181888202e-02,-9.303917824549622351e-01,1.659488730893690922e-01,-4.255694770366775792e-01,7.808156234034457910e-02,-1.234472465998959351e-01,1.973097992335357681e-02,-2.940748385951890212e-02,1.495187978364610065e-03,-4.242148483855798582e-03,-6.778519413910708002e-03,-1.013614301393073874e-02,8.886658192660393252e-03,5.787798142799720907e-02,5.087004619196086597e-02,2.797393284346939152e-02
8.800000000000000711e+00,-1.170595957290075262e+00,-5.499654900592522155e-01,-1.169789158162930942e+00,6.142234239087900061e-02,-7.330018473736149565e-01,1.342523972456573511e-01,-3.356779489012344242e-01,6.635723659204474656e-02,-8.844736948145262567e-02,2.083809894992996736e-02,-1.707590367929793032e-02,2.765072132178501146e-03,-4.743282243088063274e-03,-8.983974503885203133e-03,-1.389649995292641799e-02,6.967598496970497934e-03,5.698839055634955658e-02,5.595151147845234263e-02,2.749656087858742479e-02
9.000000000000000000e+00,-1.050493059979292987e+00,-5.434688220944269288e-01,-9.361062026036071071e-01,3.631314927908926848e-02,-5.790759899767341512e-01,1.096095537027412525e-01,-2.661114318278464674e-01,5.850729705236715900e-02,-6.177225371004886612e-02,2.321725356495366044e-02,-7.486587856267542390e-03,5.082812983502157239e-03,-4.886900187524120809e-03,-9.840950428899999936e-03,-1.625770617181052785e-02,5.249178059173804922e-03,5.585966677481682408e-02,5.831835953484553609e-02,2.654018639653873968e-02
9.500000000000000000e+00,-8.295815248596281055e-01,-5.203614758650492167e-01,-5.439474339568931560e-01,-6.632664047736935853e-03,-3.241340887118038250e-01,6.839151336000029446e-02,-1.516041823730727434e-01,4.639197707027340606e-02,-2.030028674715432871e-02,2.719263944121443066e-02,6.928610635125117406e-03,1.017251716074800069e-02,-3.860822478018966289e-03,-8.393914110369240372e-03,-1.637933340364667451e-02,2.469458920949865743e-03,5.380117781185117520e-02,5.534095717510847251e-02,2.349783318964916018e-02
1.000000000000000000e+01,-6.824694067517501628e-01,-4.911225633109275179e-01,-3.234615060430887645e-01,-3.077463185692845549e-02,-1.827012179490441479e-01,4.476849442190152656e-02,-8.820062484384844081e-02,3.738304386203514240e-02,-1.395601749719321783e-03,2.461535307869536227e-02,1.123366081556603779e-02,1.110166152507701190e-02,-2.513672509582773329e-03,-4.664780639317720606e-03,-1.161282303900991984e-02,2.296016038529961889e-03,5.278923429576640181e-02,4.680521862095855107e-02,2.042793674915814942e-02
1.050000000000000000e+01,-5.788160493772928072e-01,-4.584914281670197100e-01,-1.977897252499232483e-01,-4.332373720684976059e-02,-1.028266945355292977e-01,3.079197557406389979e-02,-5.226696737975120716e-02,2.906063418949015806e-02,5.569746751347111682e-03,1.749697545566230097e-02,9.688499969981979876e-03,8.658792043565710292e-03,-2.013290255487220834e-03,-6.634633488151013558e-04,-5.827745135666008436e-03,4.086066074369822110e-03,5.158630672400201650e-02,3.860031946539375231e-02,1.749534485532793643e-02
1.100000000000000000e+01,-5.015915978827274468e-01,-4.244089529211740874e-01,-1.250811112181136053e-01,-4.875817258885119937e-02,-5.710979468967364303e-02,2.227809299619985112e-02,-3.152374011561014794e-02,2.163733013738725758e-02,6.849834060738885233e-03,9.169308007101074215e-03,5.760382323312829289e-03,4.867579689889814029e-03,-2.320727965865168954e-03,2.698972596109539338e-03,-9.834123846451259948e-04,6.658052081375348541e-03,4.954821890411247737e-02,3.259353894469217000e-02,1.474975115206298218e-02
1.150000000000000000e+01,-4.410962813299769691e-01,-3.903308109975039963e-01,-8.228441605437500361e-02,-4.996145241833496731e-02,-3.071099462758763304e-02,1.691552713757053794e-02,-1.935384109803752611e-02,1.553172015162468736e-02,5.871230143544819979e-03,1.782696945179428061e-03,1.589928785629942179e-03,1.171810185248887970e-03,-2.994134648607840038e-03,5.131958274322615671e-03,2.403216819619889005e-03,9.072536476442804448e-03,4.671753182394090820e-02,2.858100037197442225e-02,1.229657783715538445e-02
1.200000000000000000e+01,-3.917095036375420336e-01,-3.572753503044163725e-01,-5.658061013624508806e-02,-4.875672168412502339e-02,-1.541431456937575849e-02,1.340386741469816456e-02,-1.210998735672661440e-02,1.085206229174630159e-02,4.305280756800863168e-03,-3.808226404147806859e-03,-1.835962666878144731e-03,-1.763601511708670286e-03,-3.667206757652784373e-03,6.668939621503473282e-03,4.479807641013012348e-03,1.085360163461478525e-02,4.340284232403714831e-02,2.583413202722318475e-02,1.021398460127308921e-02
1.250000000000000000e+01,-3.500997737603485094e-01,-3.258870002843983205e-01,-4.076930844116525426e-02,-4.626578581916620386e-02,-6.579257189443873596e-03,1.100268059699207983e-02,-7.742596031873923666e-03,7.452405856548531375e-03,2.847840338322234731e-03,-7.554810283449425734e-03,-4.251829840562400438e-03,-3.794118476684465308e-03,-4.156269733289297968e-03,7.478539357987408140e-03,5.583095021872940683e-03,1.189111715462418464e-02,3.991085311739992619e-02,2.374457988676376488e-02,8.515336746854134178e-03
1.300000000000000000e+01,-3.142330667406076361e-01,-2.965224950941191540e-01,-3.076214602439229090e-02,-4.316178708630698246e-02,-1.538067471948666512e-03,9.284534211994172753e-03,-5.078193108217081073e-03,5.077241614056608211e-03,1.713713714656098144e-03,-9.767030733918822746e-03,-5.742590636943312003e-03,-5.027276809745016492e-03,-4.416062487941132056e-03,7.757147963203034520e-03,6.033990233258222993e-03,1.227391059895696981e-02,3.645770008633046622e-02,2.195145701425936166e-02,7.163304860050398633e-03
1.350000000000000000e+01,-2.828206383531224333e-01,-2.693353127315713524e-01,-2.421146267655790996e-02,-3.983899721135189531e-02,1.265349817471709062e-03,7.998652094916730917e-03,-3.433354097269144568e-03,3.462975046390848709e-03,9.114624147926319187e-04,-1.084304314860060070e-02,-6.514037113028479237e-03,-5.651487725233479351e-03,-4.473168602785244918e-03,7.678596576637289339e-03,6.077661616127287905e-03,1.216223291211254026e-02,3.316882198866114712e-02,2.028569104181605909e-02,6.097298703245454185e-03
1.400000000000000000e+01,-2.550093568675498301e-01,-2.443449261384612881e-01,-1.975383897652973481e-02,-3.652185233366147393e-02,2.748598751489526523e-03,6.995303833414683210e-03,-2.404374556205225895e-03,2.385749906485620450e-03,3.793439712662970750e-04,-1.114300277207263407e-02,-6.778919295242477605e-03,-5.851387934848038819e-03,-4.378895161123650716e-03,7.377819142202186528e-03,5.882968103475174314e-03,1.171687929371450013e-02,3.010474214329871695e-02,1.868861204388174574e-02,5.254305044906976488e-03
1.450000000000000000e+01,-2.302063548097399714e-01,-2.214880516270007760e-01,-1.658856075846519215e-02,-3.333285539910735978e-02,3.456739145613310811e-03,6.183444913086786482e-03,-1.750178389660243545e-03,1.674315599188315939e-03,4.469972156735430198e-05,-1.094795816097369687e-02,-6.713067717034069785e-03,-5.776424592419324155e-03,-4.184591840712122840e-03,6.951363893045612620e-03,5.559401923663242519e-03,1.106987409538951264e-02,2.728634850026129613e-02,1.715271113688396701e-02,4.579596851856774370e-03
1.500000000000000000e+01,-2.079785334927761464e-01,-2.006541250517883679e-01,-1.424007746056501697e-02,-3.033407655656967378e-02,3.714846435627664530e-03,5.506631477861409843e-03,-1.325660964467815714e-03,1.205891528976992151e-03,-1.544774204147444994e-04,-1.045933555771702550e-02,-6.446548082873339129e-03,-5.535963733163036873e-03,-3.931997692585413075e-03,6.464353840284804351e-03,5.175085143725108479e-03,1.031830090003626674e-02,2.471278844919307105e-02,1.568821317239982652e-02,4.030079779853948559e-03
1.600000000000000000e+01,-1.699882249891862540e-01,-1.645081891991656831e-01,-1.096220660199108063e-02,-2.499374272561943888e-02,3.578865188437711699e-03,4.427625084643570935e-03,-8.487289494842310215e-04,6.890172733380512966e-04,-3.185089005176534004e-04,-9.098103098867420940e-03,-5.639704616181155303e-03,-4.832472155667861397e-03,-3.363348413588404355e-03,5.459648862205802519e-03,4.370767040520679055e-03,8.742345145290226355e-03,2.024897107910413399e-02,1.301908946237188662e-02,3.187578694726798164e-03
1.700000000000000000e+01,-1.390692074498977027e-01,-1.347724225700115130e-01,-8.722066269816168213e-03,-2.052118352363900555e-02,3.127655986777060689e-03,3.595347097835683171e-03,-6.077080807373311981e-04,4.489029514368209225e-04,-3.362588846241057168e-04,-7.655705495203472474e-03,-4.757936093238326718e-03,-4.072911635480146175e-03,-2.810622444339960693e-03,4.534053871479681516e-03,3.627997482710011712e-03,7.272485555509591859e-03,1.658223494900302325e-02,1.073123985770380040e-02,2.565687303041348181e-03
1.800000000000000000e+01,-1.138217786685871008e-01,-1.103736844006197454e-01,-7.048657935253428361e-03,-1.682262848436507502e-02,2.633355157530147331e-03,2.932706722726644791e-03,-4.654400542303420755e-04,3.238821494829780250e-04,-3.041779925474137093e-04,-6.346359453306515790e-03,-3.948882870704942087e-03,-3.378835553620352858e-03,-2.323005364017578182e-03,3.736337907895652920e-03,2.988621276414880467e-03,5.997975426711428353e-03,1.357728342687254848e-02,8.814371846456598922e-03,2.083715311729322783e-03
1.900000000000000000e+01,-9.317531167839793182e-02,-9.037792574369306331e-02,-5.737133444696406598e-03,-1.378103009707628591e-02,2.182732353691856347e-03,2.397082730747531962e-03,-3.692468859896156524e-04,2.488277825968812011e-04,-2.599106331126851315e-04,-5.225326608126039732e-03,-3.253110768598748478e-03,-2.782938832376498882e-03,-1.910167292145731593e-03,3.068081618497908985e-03,2.453606005474492924e-03,4.927173444816385084e-03,1.111635491011349515e-02,7.227461641734740996e-03,1.699632779762701639e-03
2.000000000000000000e+01,-7.628032921593895510e-02,-7.399946663441636652e-02,-4.684761703279864860e-03,-1.128583005441562322e-02,1.796901077221538896e-03,1.961088599999657751e-03,-2.979615826731130080e-04,1.976453568991989244e-04,-2.168519689582864109e-04,-4.289057665948975417e-03,-2.670881403592036910e-03,-2.284649024504061682e-03,-1.566995440787766810e-03,2.515284181477104187e-03,2.011320245213284608e-03,4.040156808675013714e-03,9.101354581475968805e-03,5.921438639172945696e-03,1.389163448055714392e-03
2.100000000000000000e+01,-6.245115514882983859e-02,-6.058721637866978232e-02,-3.831002554698618653e-03,-9.241113949044288053e-03,1.474794822183777198e-03,1.605060287650708324e-03,-2.423485915273397833e-04,1.595679488598400638e-04,-1.790477335923649908e-04,-3.515628044903352546e-03,-2.189496648975303595e-03,-1.872798730792961689e-03,-1.284092061973336101e-03,2.060580298862515255e-03,1.647641532821258288e-03,3.310072688384776540e-03,7.451572411500565450e-03,4.849591679061696081e-03,1.136468031796684279e-03
2.200000000000000000e+01,-5.112998447020340037e-02,-4.960519823608998402e-02,-3.134885348544209568e-03,-7.566373206901857128e-03,1.208790381517304028e-03,1.313912364271602011e-03,-1.978288585886432336e-04,1.298120551915618072e-04,-1.471481171050523478e-04,-2.879846697011362831e-03,-1.793629432565371036e-03,-1.534162581883945047e-03,-1.051749158502420000e-03,1.687518091356962841e-03,1.349310296037317105e-03,2.710898085928213543e-03,6.100835123747416593e-03,3.971076786717059152e-03,9.301347836079355879e-04
2.300000000000000000e+01,-4.186143451809856003e-02,-4.061351517629541857e-02,-2.566011512382979348e-03,-6.194965520361253412e-03,9.901633294570049305e-04,1.075666937144263745e-03,-1.617517139075530996e-04,1.059746357031565364e-04,-1.206799426336894082e-04,-2.358369963835693032e-03,-1.468876237518266809e-03,-1.256377621862181902e-03,-8.612557103346928740e-04,1.381791655280155710e-03,1.104845274950473112e-03,2.219805450443501117e-03,4.994942370036677126e-03,3.251452352831139900e-03,7.614094247605643958e-04
2.400000000000000000e+01,-3.427314960588156295e-02,-3.325161257667587356e-02,-2.100646185349423160e-03,-5.072061418277762357e-03,8.108572354461919540e-04,8.806545540698988228e-04,-1.323513179661252250e-04,8.665178032381587914e-05,-9.888002923256984439e-05,-1.931072982556435993e-03,-1.202752934389937460e-03,-1.028749782968666924e-03,-7.051941661258149521e-04,1.131377459800998525e-03,9.046162184247895539e-04,1.817537161077577637e-03,4.089513241420521077e-03,2.662141410709251577e-03,6.233448832256015563e-04
2.500000000000000000e+01,-2.806044694074831536e-02,-2.722414676971775943e-02,-1.719780382491141587e-03,-4.152672025691776445e-03,6.639399982363481832e-04,7.210090160354577869e-04,-1.083307414309622133e-04,7.090290257827811470e-05,-8.098398178800543415e-05,-1.581103570833298317e-03,-9.847819215430563856e-04,-8.423113520595093594e-04,-5.773853781740103655e-04,9.263163958851465497e-04,7.406538255231054661e-04,1.488115614497987358e-03,3.348210356015904159e-03,2.179605562461679920e-03,5.103352614336203021e-04
5.000000000000000000e+01,-1.890696138127933603e-04,-1.834350173050416173e-04,-1.158733144985718554e-05,-2.798059045324425404e-05,4.473956720978249767e-06,4.858065830108311001e-06,-7.297654064867873605e-07,4.775112570544087901e-07,-5.458190986123121338e-07,-1.065380324607903377e-05,-6.635689595120946461e-06,-5.675681814264043914e-06,-3.890508905789185540e-06,6.241596630607046851e-06,4.990578082588978459e-06,1.002707550626733628e-05,2.256006440197852903e-05,1.468622381476115935e-05,3.438521882438669635e-06
1.000000000000000000e+02,-8.583747187320937308e-09,-8.327936901629097405e-09,-5.260640339581051432e-10,-1.270316841290153394e-09,2.031173208928436276e-10,2.205558474684398504e-10,-3.313129819757625031e-11,2.167897753104458998e-11,-2.478014874003612249e-11,-4.836819190753598309e-10,-3.012598415441688381e-10,-2.576755557218219283e-10,-1.766288310631617721e-10,2.833680486353337865e-10,2.265718944237445369e-10,4.552285237076910078e-10,1.024225339286959984e-09,6.667535296663036637e-10,1.561086519494743493e-10
