R	Gamma	E
1.00	0	-93.011264966585
1.00	10	-93.451443205801
1.00	20	-94.316687961827
1.00	30	-95.026897584033
1.00	40	-95.440084376989
1.00	50	-95.632441304767
1.00	60	-95.696780790546
1.00	70	-95.694467424562
1.00	80	-95.688832622276
1.00	90	-95.719049977291
1.00	100	-95.772160185307
1.00	110	-95.804356585179
1.00	120	-95.787370003375
1.00	130	-95.690506891267
1.00	140	-95.465417230076
1.00	150	-95.048634973896
1.00	160	-94.407368049309
1.00	170	-93.675683612018
1.00	180	-93.129171684593
1.10	0	-94.448034108316
1.10	10	-94.64369074964
1.10	20	-95.048988552146
1.10	30	-95.407655110415
1.10	40	-95.630491822734
1.10	50	-95.741062616605
1.10	60	-95.785635448101
1.10	70	-95.802916795388
1.10	80	-95.82038408588
1.10	90	-95.84526630237
1.10	100	-95.87315454859
1.10	110	-95.890070041482
1.10	120	-95.876578554469
1.10	130	-95.808834414624
1.10	140	-95.654557213533
1.10	150	-95.375728552487
1.10	160	-94.953760101001
1.10	170	-94.464286631031
1.10	180	-94.071982178273
1.20	0	-95.114511374791
1.20	10	-95.210884992496
1.20	20	-95.417052158878
1.20	30	-95.611805449056
1.20	40	-95.746046918536
1.20	50	-95.826437445714
1.20	60	-95.873687486696
1.20	70	-95.904286017199
1.20	80	-95.927113270057
1.20	90	-95.945655744039
1.20	100	-95.959640747494
1.20	110	-95.963929427153
1.20	120	-95.946897616526
1.20	130	-95.889910977651
1.20	140	-95.767102934077
1.20	150	-95.547784565773
1.20	160	-95.207078070781
1.20	170	-94.763926100598
1.20	180	-94.403091845834
1.30	0	-95.419789959152
1.30	10	-95.475512447221
1.30	20	-95.599444369777
1.30	30	-95.727967652685
1.30	40	-95.830563805977
1.30	50	-95.903730422877
1.30	60	-95.953558152965
1.30	70	-95.986767192817
1.30	80	-96.008415551368
1.30	90	-96.021894077778
1.30	100	-96.028382589026
1.30	110	-96.025468575435
1.30	120	-96.005157684838
1.30	130	-95.952043407908
1.30	140	-95.842164301474
1.30	150	-95.643342615801
1.30	160	-95.314467224379
1.30	170	-94.785504946473
1.30	180	-94.259687742871
1.40	0	-95.549370813332
1.40	10	-95.597538489451
1.40	20	-95.70224321196
1.40	30	-95.812651197151
1.40	40	-95.904864921759
1.40	50	-95.973233893549
1.40	60	-96.02026172859
1.40	70	-96.050661307954
1.40	80	-96.068957971241
1.40	90	-96.078586534896
1.40	100	-96.081088121963
1.40	110	-96.074942202699
1.40	120	-96.053794898524
1.40	130	-96.00408610213
1.40	140	-95.902330712829
1.40	150	-95.712469880655
1.40	160	-95.374334474431
1.40	170	-94.684730484912
1.40	180	-93.515754434964
1.50	0	-95.593918083894
1.50	10	-95.68235207842
1.50	20	-95.789055939827
1.50	30	-95.890136913047
1.50	40	-95.972361299968
1.50	50	-96.03260699236
1.50	60	-96.073317183095
1.50	70	-96.098836348691
1.50	80	-96.113402535652
1.50	90	-96.120191911047
1.50	100	-96.120658632839
1.50	110	-96.113632620122
1.50	120	-96.09377750158
1.50	130	-96.049043513642
1.50	140	-95.957003207053
1.50	150	-95.780641393255
1.50	160	-95.456306895767
1.50	170	-94.590568588417
1.50	180	-90.136693955208
1.60	0	-95.614900823018
1.60	10	-95.786733709774
1.60	20	-95.877109916761
1.60	30	-95.962348404877
1.60	40	-96.031144183476
1.60	50	-96.081024413979
1.60	60	-96.114199419131
1.60	70	-96.134523133051
1.60	80	-96.145699539601
1.60	90	-96.150437191817
1.60	100	-96.149950898712
1.60	110	-96.143273459534
1.60	120	-96.125929086583
1.60	130	-96.087479017019
1.60	140	-96.007691189011
1.60	150	-95.852497905807
1.60	160	-95.565691673087
1.60	170	-94.615124814753
1.70	0	-95.860632118313
1.70	10	-95.893664157315
1.70	20	-95.959342028447
1.70	30	-96.025538047555
1.70	40	-96.079783507571
1.70	50	-96.119087405119
1.70	60	-96.144995943288
1.70	70	-96.160623539619
1.70	80	-96.168985021336
1.70	90	-96.17226118563
1.70	100	-96.171408161137
1.70	110	-96.165622267684
1.70	120	-96.151229365329
1.70	130	-96.11949362273
1.70	140	-96.05312581213
1.70	150	-95.923121881569
1.70	160	-95.683520272191
1.70	170	-94.879628593715
1.80	0	-95.963462610865
1.80	10	-95.983512992441
1.80	20	-96.028654110202
1.80	30	-96.077362964807
1.80	40	-96.11830810168
1.80	50	-96.148174805461
1.80	60	-96.167803373439
1.80	70	-96.179522718076
1.80	80	-96.18566269683
1.80	90	-96.187910967249
1.80	100	-96.186993215831
1.80	110	-96.182255919683
1.80	120	-96.170758539978
1.80	130	-96.145421923163
1.80	140	-96.092090953461
1.80	150	-95.987288231259
1.80	160	-95.796028232874
1.80	170	-95.244038004495
1.80	180	-93.331945210462
1.90	0	-96.039438513204
1.90	10	-96.052291378092
1.90	20	-96.082988438467
1.90	30	-96.117793861985
1.90	40	-96.1478102058
1.90	50	-96.169925756808
1.90	60	-96.184468169234
1.90	70	-96.193092956594
1.90	80	-96.197537997544
1.90	90	-96.199071216711
1.90	100	-96.198230786913
1.90	110	-96.194499944728
1.90	120	-96.185581781022
1.90	130	-96.165895767146
1.90	140	-96.124219716299
1.90	150	-96.042195578256
1.90	160	-95.894876415529
1.90	170	-95.550601211583
1.90	180	-94.903402758441
2.00	0	-96.094433052915
2.00	10	-96.102899226707
2.00	20	-96.123773942044
2.00	30	-96.148261018117
2.00	40	-96.169845915276
2.00	50	-96.185918332898
2.00	60	-96.196510948074
2.00	70	-96.20276586983
2.00	80	-96.205947817797
2.00	90	-96.206987869228
2.00	100	-96.206279591435
2.00	110	-96.203425827785
2.00	120	-96.196670042441
2.00	130	-96.181713692246
2.00	140	-96.149879312735
2.00	150	-96.087173810562
2.00	160	-95.976650037426
2.00	170	-95.765736634088
2.00	180	-95.506441579891
2.10	0	-96.133741898672
2.10	10	-96.139397663847
2.10	20	-96.153611562639
2.10	30	-96.170682686618
2.10	40	-96.186000184951
2.10	50	-96.197518766004
2.10	60	-96.20513243292
2.10	70	-96.209615577753
2.10	80	-96.211871743072
2.10	90	-96.212573680517
2.10	100	-96.212007186597
2.10	110	-96.209875206473
2.10	120	-96.204857862968
2.10	130	-96.193707988915
2.10	140	-96.169851940275
2.10	150	-96.122834705753
2.10	160	-96.041488769938
2.10	170	-95.909873450547
2.10	180	-95.791483179851
2.20	0	-96.161591366195
2.20	10	-96.165397958526
2.20	20	-96.175081520265
2.20	30	-96.186909042246
2.20	40	-96.197673957443
2.20	50	-96.20584047704
2.20	60	-96.211254924126
2.20	70	-96.214436260161
2.20	80	-96.216022017595
2.20	90	-96.21649294081
2.20	100	-96.216056487621
2.20	110	-96.214495504638
2.20	120	-96.210833597408
2.20	130	-96.202657449418
2.20	140	-96.185074182653
2.20	150	-96.150398569579
2.20	160	-96.091391343732
2.20	170	-96.006910454075
2.20	180	-95.946365302741
2.30	0	-96.181182282153
2.30	10	-96.183754239454
2.30	20	-96.190350065984
2.30	30	-96.198505437818
2.30	40	-96.206014253033
2.30	50	-96.211754561361
2.30	60	-96.215571152445
2.30	70	-96.217808611756
2.30	80	-96.218913107898
2.30	90	-96.219226664073
2.30	100	-96.218899969442
2.30	110	-96.217777585186
2.30	120	-96.215147181892
2.30	130	-96.209240461079
2.30	140	-96.196471241749
2.30	150	-96.171267676582
2.30	160	-96.128974266631
2.30	170	-96.073400055483
2.30	180	-96.039359961093
2.40	0	-96.194880802911
2.40	10	-96.196622034044
2.40	20	-96.201111482976
2.40	30	-96.206712574877
2.40	40	-96.21191794217
2.40	50	-96.215923721044
2.40	60	-96.218593052429
2.40	70	-96.220153091602
2.40	80	-96.220914778037
2.40	90	-96.221121473198
2.40	100	-96.220882701994
2.40	110	-96.220089188731
2.40	120	-96.218228332629
2.40	130	-96.214020738659
2.40	140	-96.204872869369
2.40	150	-96.186794248545
2.40	160	-96.156800876788
2.40	170	-96.119635501872
2.40	180	-96.0991002314
2.50	0	-96.204410203452
2.50	10	-96.205589656869
2.50	20	-96.208641715905
2.50	30	-96.212474783394
2.50	40	-96.216063983102
2.50	50	-96.218840917005
2.50	60	-96.22069375598
2.50	70	-96.221771803942
2.50	80	-96.222291264782
2.50	90	-96.222425815899
2.50	100	-96.222254983408
2.50	110	-96.221703120372
2.50	120	-96.220406407246
2.50	130	-96.217450216561
2.50	140	-96.210980483096
2.50	150	-96.198170467226
2.50	160	-96.177110386714
2.50	170	-96.152039551133
2.50	180	-96.139066386424
2.60	0	-96.211009072231
2.60	10	-96.211807340182
2.60	20	-96.213877977442
2.60	30	-96.216492058927
2.60	40	-96.218954517265
2.60	50	-96.220866848112
2.60	60	-96.222142546638
2.60	70	-96.222880331936
2.60	80	-96.223230355788
2.60	90	-96.22331671747
2.60	100	-96.223197072308
2.60	110	-96.222819647907
2.60	120	-96.221929967779
2.60	130	-96.219881951575
2.60	140	-96.215363388507
2.60	150	-96.206391748555
2.60	160	-96.191746553849
2.60	170	-96.174789312749
2.60	180	-96.166368765721
2.70	0	-96.215558243302
2.70	10	-96.216097077712
2.70	20	-96.217497742058
2.70	30	-96.219274020703
2.70	40	-96.220954732112
2.70	50	-96.222262084743
2.70	60	-96.223132369959
2.70	70	-96.223631874183
2.70	80	-96.223864770544
2.70	90	-96.223919535262
2.70	100	-96.223837688327
2.70	110	-96.223584283727
2.70	120	-96.222983968777
2.70	130	-96.221585905473
2.70	140	-96.218469991124
2.70	150	-96.212258004983
2.70	160	-96.202172250024
2.70	170	-96.190717630111
2.70	180	-96.18517470752
2.80	0	-96.218679766954
2.80	10	-96.219041775511
2.80	20	-96.219985286436
2.80	30	-96.221187044224
2.80	40	-96.222327348123
2.80	50	-96.223213510755
2.80	60	-96.223800867122
2.80	70	-96.224134982258
2.80	80	-96.224288008339
2.80	90	-96.224322547144
2.80	100	-96.224268105549
2.80	110	-96.224101632007
2.80	120	-96.223704195087
2.80	130	-96.22276515708
2.80	140	-96.220645213992
2.80	150	-96.216393436608
2.80	160	-96.209516247619
2.80	170	-96.201807067221
2.80	180	-96.198136470615
2.90	0	-96.22081082411
2.90	10	-96.221052311933
2.90	20	-96.22168413085
2.90	30	-96.222492396027
2.90	40	-96.223260128361
2.90	50	-96.223854629148
2.90	60	-96.224246066631
2.90	70	-96.224466492464
2.90	80	-96.22456575605
2.90	90	-96.224587624539
2.90	100	-96.224552687728
2.90	110	-96.224446287373
2.90	120	-96.224189250309
2.90	130	-96.223570215329
2.90	140	-96.222149203682
2.90	150	-96.219274288612
2.90	160	-96.214632172098
2.90	170	-96.209471876362
2.90	180	-96.207039760378
3.00	0	-96.222257212241
3.00	10	-96.222416751486
3.00	20	-96.222836213564
3.00	30	-96.223375131838
3.00	40	-96.223886665762
3.00	50	-96.224280522222
3.00	60	-96.224537582425
3.00	70	-96.224680638584
3.00	80	-96.224744054082
3.00	90	-96.224758069254
3.00	100	-96.224736721384
3.00	110	-96.224671168596
3.00	120	-96.224510011538
3.00	130	-96.224111156564
3.00	140	-96.223174836506
3.00	150	-96.22125674954
3.00	160	-96.218155505192
3.00	170	-96.214725942068
3.00	180	-96.213120702019
3.10	0	-96.223231744819
3.10	10	-96.223335806416
3.10	20	-96.223610930597
3.10	30	-96.223965713057
3.10	40	-96.224301744433
3.10	50	-96.224558684902
3.10	60	-96.22472455427
3.10	70	-96.224815438145
3.10	80	-96.224855054049
3.10	90	-96.224864137439
3.10	100	-96.22485201276
3.10	110	-96.224813744401
3.10	120	-96.224717103074
3.10	130	-96.224467659841
3.10	140	-96.223863281583
3.10	150	-96.222602994543
3.10	160	-96.220553316873
3.10	170	-96.218293658171
3.10	180	-96.217242606776
3.20	0	-96.223881891539
3.20	10	-96.223948705882
3.20	20	-96.224126221133
3.20	30	-96.224355630576
3.20	40	-96.22457221392
3.20	50	-96.22473662801
3.20	60	-96.224841313038
3.20	70	-96.224897307883
3.20	80	-96.224921116497
3.20	90	-96.224926997802
3.20	100	-96.224920945949
3.20	110	-96.224900511343
3.20	120	-96.224846499363
3.20	130	-96.22469688222
3.20	140	-96.22431673635
3.20	150	-96.223503456821
3.20	160	-96.222164503057
3.20	170	-96.220690526757
3.20	180	-96.220009997121
3.30	0	-96.224309576802
3.30	10	-96.224351697958
3.30	20	-96.224463860465
3.30	30	-96.224608684535
3.30	40	-96.224744801455
3.30	50	-96.224847398642
3.30	60	-96.224911526645
3.30	70	-96.224944408358
3.30	80	-96.224957698341
3.30	90	-96.224961378437
3.30	100	-96.224959194429
3.30	110	-96.224950119299
3.30	120	-96.224923624014
3.30	130	-96.224839569769
3.30	140	-96.224608602232
3.30	150	-96.224095193707
3.30	160	-96.223232120126
3.30	170	-96.222281412634
3.30	180	-96.221846669342
3.40	0	-96.224585258071
3.40	10	-96.22461129882
3.40	20	-96.224680420519
3.40	30	-96.22476909091
3.40	40	-96.224851829608
3.40	50	-96.224913700362
3.40	60	-96.224951319108
3.40	70	-96.224969089322
3.40	80	-96.224975394848
3.40	90	-96.224977480412
3.40	100	-96.224977690785
3.40	110	-96.224975619841
3.40	120	-96.224966344302
3.40	130	-96.224924464724
3.40	140	-96.224791071065
3.40	150	-96.22447602211
3.40	160	-96.223928565556
3.40	170	-96.223323138988
3.40	180	-96.223049725621
3.50	0	-96.224757885941
3.50	10	-96.224773699631
3.50	20	-96.224815136583
3.50	30	-96.224867400063
3.50	40	-96.224915472061
3.50	50	-96.224950971922
3.50	60	-96.224971560888
3.50	70	-96.224979657787
3.50	80	-96.224981385052
3.50	90	-96.224982277161
3.50	100	-96.224983901623
3.50	110	-96.224986021066
3.50	120	-96.224987041974
3.50	130	-96.224971616723
3.50	140	-96.224900868303
3.50	150	-96.224715015382
3.50	160	-96.224374850286
3.50	170	-96.223995050861
3.50	180	-96.223826266571
3.60	0	-96.224861750539
3.60	10	-96.224871219278
3.60	20	-96.224895345494
3.60	30	-96.224924692855
3.60	40	-96.224950838405
3.60	50	-96.22496961986
3.60	60	-96.224979512804
3.60	70	-96.22498162883
3.60	80	-96.22498044997
3.60	90	-96.224980440832
3.60	100	-96.224982836236
3.60	110	-96.224987346605
3.60	120	-96.22499414019
3.60	130	-96.224994721013
3.60	140	-96.224963370219
3.60	150	-96.224860208722
3.60	160	-96.224654731207
3.60	170	-96.22442095289
3.60	180	-96.224319172502
3.70	0	-96.224920921719
3.70	10	-96.224926519294
3.70	20	-96.224940098783
3.70	30	-96.224955469198
3.70	40	-96.224968158016
3.70	50	-96.224976605615
3.70	60	-96.224979979253
3.70	70	-96.224978600951
3.70	80	-96.2249756947
3.70	90	-96.22497501407
3.70	100	-96.224977750753
3.70	110	-96.224983519276
3.70	120	-96.224993196058
3.70	130	-96.225002933863
3.70	140	-96.224995752956
3.70	150	-96.22494439806
3.70	160	-96.224825300787
3.70	170	-96.224685190575
3.70	180	-96.224625887302
3.80	0	-96.224952077494
3.80	10	-96.224955291879
3.80	20	-96.224962519004
3.80	30	-96.224969594135
3.80	40	-96.224974285334
3.80	50	-96.224976538197
3.80	60	-96.224976097252
3.80	70	-96.224972862714
3.80	80	-96.224969060247
3.80	90	-96.224967899697
3.80	100	-96.224970683899
3.80	110	-96.224976993106
3.80	120	-96.224987774941
3.80	130	-96.22500220732
3.80	140	-96.225009332049
3.80	150	-96.224989588191
3.80	160	-96.224924921189
3.80	170	-96.224844389908
3.80	180	-96.224811921267
3.90	0	-96.224966445832
3.90	10	-96.224968114063
3.90	20	-96.224971440097
3.90	30	-96.224973658883
3.90	40	-96.224973747312
3.90	50	-96.224972424295
3.90	60	-96.224969874276
3.90	70	-96.224965818604
3.90	80	-96.224961695818
3.90	90	-96.224960224173
3.90	100	-96.224962856495
3.90	110	-96.22496924273
3.90	120	-96.224980084217
3.90	130	-96.224996352556
3.90	140	-96.225011413235
3.90	150	-96.22501032021
3.90	160	-96.224979152457
3.90	170	-96.224936102289
3.90	180	-96.22492055728
4.00	0	-96.224971280669
4.00	10	-96.224971845042
4.00	20	-96.224972618711
4.00	30	-96.224971956715
4.00	40	-96.224969469995
4.00	50	-96.224966179898
4.00	60	-96.224962557356
4.00	70	-96.224958295618
4.00	80	-96.224954235418
4.00	90	-96.22495260496
4.00	100	-96.224954962155
4.00	110	-96.224961120526
4.00	120	-96.224971444216
4.00	130	-96.22498777738
4.00	140	-96.225006646865
4.00	150	-96.225016076852
4.00	160	-96.22500492828
4.00	170	-96.224985036396
4.00	180	-96.224980000532
4.10	0	-96.224971016759
4.10	10	-96.224970712484
4.10	20	-96.224969650425
4.10	30	-96.224967188894
4.10	40	-96.224963286977
4.10	50	-96.224958984432
4.10	60	-96.224954894597
4.10	70	-96.224950763116
4.10	80	-96.224947002279
4.10	90	-96.224945347676
4.10	100	-96.224947370923
4.10	110	-96.224953104802
4.10	120	-96.224962621541
4.10	130	-96.22497799579
4.10	140	-96.224998002542
4.10	150	-96.225012957944
4.10	160	-96.225013380754
4.10	170	-96.225007392021
4.10	180	-96.225008577732
4.20	0	-96.224968155199
4.20	10	-96.224967136532
4.20	20	-96.22496464828
4.20	30	-96.224960972089
4.20	40	-96.224956297292
4.20	50	-96.224951534127
4.20	60	-96.224947319259
4.20	70	-96.224943483654
4.20	80	-96.22494015005
4.20	90	-96.224938581342
4.20	100	-96.224940263348
4.20	110	-96.224945457047
4.20	120	-96.224954049511
4.20	130	-96.224967952322
4.20	140	-96.224987413901
4.20	150	-96.225004836474
4.20	160	-96.225011716177
4.20	170	-96.225013722509
4.20	180	-96.225018239293
4.30	0	-96.224963943535
4.30	10	-96.224962355834
4.30	20	-96.224958747101
4.30	30	-96.224954207786
4.30	40	-96.224949123873
4.30	50	-96.224944221023
4.30	60	-96.224940076905
4.30	70	-96.224936606979
4.30	80	-96.224933751672
4.30	90	-96.224932347454
4.30	100	-96.22493371546
4.30	110	-96.224938316889
4.30	120	-96.224945967926
4.30	130	-96.224958225385
4.30	140	-96.224976165848
4.30	150	-96.224994155496
4.30	160	-96.225004472398
4.30	170	-96.22501079005
4.30	180	-96.225016739939
4.40	0	-96.224958904804
4.40	10	-96.224956910909
4.40	20	-96.224952485547
4.40	30	-96.224947357276
4.40	40	-96.224942100434
4.40	50	-96.224937259004
4.40	60	-96.224933306049
4.40	70	-96.224930222981
4.40	80	-96.224927844883
4.40	90	-96.224926649896
4.40	100	-96.224927749129
4.40	110	-96.224931753813
4.40	120	-96.224938504077
4.40	130	-96.224949151503
4.40	140	-96.224965108274
4.40	150	-96.224982468486
4.40	160	-96.224994403712
4.40	170	-96.225002786328
4.40	180	-96.225008987968
4.50	0	-96.224953236029
4.50	10	-96.224951010935
4.50	20	-96.224946094825
4.50	30	-96.224940643409
4.50	40	-96.224935402082
4.50	50	-96.224930764807
4.50	60	-96.224927085002
4.50	70	-96.22492438697
4.50	80	-96.224922451771
4.50	90	-96.224921479183
4.50	100	-96.224922359406
4.50	110	-96.2249257964
4.50	120	-96.224931717611
4.50	130	-96.224940905975
4.50	140	-96.224954774465
4.50	150	-96.224970777925
4.50	160	-96.224983138951
4.50	170	-96.224992201401
4.50	180	-96.224997968674
4.60	0	-96.224947063596
4.60	10	-96.224944773181
4.60	20	-96.224939691446
4.60	30	-96.224934183873
4.60	40	-96.224929127225
4.60	50	-96.22492480381
4.60	60	-96.224921455159
4.60	70	-96.224919128447
4.60	80	-96.224917583782
4.60	90	-96.224916821991
4.60	100	-96.224917527373
4.60	110	-96.224920445859
4.60	120	-96.224925624174
4.60	130	-96.224933555487
4.60	140	-96.22494545636
4.60	150	-96.224959723551
4.60	160	-96.224971658984
4.60	170	-96.224980492773
4.60	180	-96.224985459008
4.70	0	-96.224940557828
4.70	10	-96.224938339941
4.70	20	-96.224933380104
4.70	30	-96.224928063489
4.70	40	-96.224923339594
4.70	50	-96.224919412454
4.70	60	-96.224916432389
4.70	70	-96.224914454848
4.70	80	-96.224913240405
4.70	90	-96.22491266083
4.70	100	-96.22491322694
4.70	110	-96.224915685475
4.70	120	-96.224920209914
4.70	130	-96.22492709401
4.70	140	-96.224937266158
4.70	150	-96.224949680284
4.70	160	-96.224960589164
4.70	170	-96.22496856824
4.70	180	-96.224972563289
4.80	0	-96.224933944643
4.80	10	-96.224931898796
4.80	20	-96.224927283895
4.80	30	-96.224922360239
4.80	40	-96.22491808482
4.80	50	-96.22491460656
4.80	60	-96.224912010491
4.80	70	-96.224910352979
4.80	80	-96.224909407413
4.80	90	-96.224908973408
4.80	100	-96.224909426459
4.80	110	-96.224911485417
4.80	120	-96.224915440259
4.80	130	-96.224921468732
4.80	140	-96.224930190841
4.80	150	-96.224940818364
4.80	160	-96.224950336373
4.80	170	-96.224957057078
4.80	180	-96.224960038398
4.90	0	-96.224927470387
4.90	10	-96.224925657568
4.90	20	-96.224921535915
4.90	30	-96.224917145769
4.90	40	-96.224913392174
4.90	50	-96.224910383263
4.90	60	-96.224908164396
4.90	70	-96.224906791551
4.90	80	-96.224906057251
4.90	90	-96.224905731596
4.90	100	-96.224906090191
4.90	110	-96.224907807172
4.90	120	-96.22491126676
4.90	130	-96.224916599525
4.90	140	-96.224924139604
4.90	150	-96.224933156386
4.90	160	-96.224941141702
4.90	170	-96.224946411763
4.90	180	-96.224948427814
5.00	0	-96.224921360183
5.00	10	-96.224919808339
5.00	20	-96.224916257439
5.00	30	-96.224912475458
5.00	40	-96.224909271049
5.00	50	-96.2249067209
5.00	60	-96.224904853154
5.00	70	-96.224903724976
5.00	80	-96.224903151728
5.00	90	-96.224902900722
5.00	100	-96.224903178807
5.00	110	-96.224904606197
5.00	120	-96.224907634277
5.00	130	-96.224912394184
5.00	140	-96.224918983336
5.00	150	-96.224926613892
5.00	160	-96.224933103491
5.00	170	-96.224936923259
5.00	180	-96.224938089724
5.10	0	-96.224915789239
5.10	10	-96.224914500865
5.10	20	-96.224911538101
5.10	30	-96.224908379152
5.10	40	-96.224905709162
5.10	50	-96.224903580925
5.10	60	-96.224902023429
5.10	70	-96.224901098861
5.10	80	-96.22490064483
5.10	90	-96.224900441819
5.10	100	-96.224900650387
5.10	110	-96.224901834375
5.10	120	-96.224904484831
5.10	130	-96.224908759952
5.10	140	-96.224914582684
5.10	150	-96.224921057926
5.10	160	-96.22492620804
5.10	170	-96.22492872468
5.10	180	-96.22492919935
5.20	0	-96.224910869656
5.20	10	-96.224909828885
5.20	20	-96.224907426113
5.20	30	-96.224904856634
5.20	40	-96.224902672787
5.20	50	-96.224900911569
5.20	60	-96.224899615784
5.20	70	-96.224898854726
5.20	80	-96.224898487237
5.20	90	-96.224898313161
5.20	100	-96.224898462145
5.20	110	-96.224899442895
5.20	120	-96.224901761306
5.20	130	-96.224905612035
5.20	140	-96.224910805542
5.20	150	-96.22491633941
5.20	160	-96.224920367392
5.20	170	-96.224921814401
5.20	180	-96.224921770298
5.30	0	-96.224906649178
5.30	10	-96.224905828397
5.30	20	-96.224903926207
5.30	30	-96.224901878756
5.30	40	-96.224900110762
5.30	50	-96.224898652797
5.30	60	-96.224897568761
5.30	70	-96.224896935825
5.30	80	-96.224896630447
5.30	90	-96.224896472782
5.30	100	-96.224896571746
5.30	110	-96.224897383843
5.30	120	-96.22489940957
5.30	130	-96.224902876646
5.30	140	-96.224907538167
5.30	150	-96.224912314485
5.30	160	-96.224915454729
5.30	170	-96.224916096115
5.30	180	-96.224915699203
5.40	0	-96.224903118678
5.40	10	-96.224902483862
5.40	20	-96.224901005269
5.40	30	-96.224899393181
5.40	40	-96.224897961441
5.40	50	-96.224896742364
5.40	60	-96.224895824144
5.40	70	-96.224895289888
5.40	80	-96.224895029034
5.40	90	-96.224894881033
5.40	100	-96.224894938991
5.40	110	-96.224895611654
5.40	120	-96.22489737983
5.40	130	-96.224900493069
5.40	140	-96.224904688926
5.40	150	-96.22490885662
5.40	160	-96.224911329898
5.40	170	-96.224911420988
5.40	180	-96.224910815625
5.50	0	-96.224900225328
5.50	10	-96.224899740405
5.50	20	-96.224898602064
5.50	30	-96.224897333183
5.50	40	-96.224896159142
5.50	50	-96.224895121399
5.50	60	-96.22489433012
5.50	70	-96.224893871092
5.50	80	-96.22489364327
5.50	90	-96.224893501584
5.50	100	-96.224893526907
5.50	110	-96.224894084792
5.50	120	-96.224895626544
5.50	130	-96.224898411388
5.50	140	-96.224902186979
5.50	150	-96.224905860219
5.50	160	-96.224907856143
5.50	170	-96.224907619026
5.50	180	-96.224906921328
5.60	0	-96.224897887281
5.60	10	-96.224897517819
5.60	20	-96.224896639208
5.60	30	-96.224895626763
5.60	40	-96.224894641066
5.60	50	-96.224893737112
5.60	60	-96.224893042458
5.60	70	-96.224892641537
5.60	80	-96.224892438869
5.60	90	-96.224892302402
5.60	100	-96.224892302833
5.60	110	-96.224892766092
5.60	120	-96.224894109688
5.60	130	-96.224896590425
5.60	140	-96.224899979412
5.60	150	-96.224903241395
5.60	160	-96.224904908391
5.60	170	-96.224904519204
5.60	180	-96.224903815693
5.70	0	-96.224896009385
5.70	10	-96.224895725032
5.70	20	-96.22489503521
5.70	30	-96.224894204779
5.70	40	-96.224893351719
5.70	50	-96.224892545824
5.70	60	-96.224891925748
5.70	70	-96.224891570192
5.70	80	-96.224891387358
5.70	90	-96.224891256028
5.70	100	-96.224891238215
5.70	110	-96.224891623617
5.70	120	-96.224892794111
5.70	130	-96.224894996029
5.70	140	-96.224898026685
5.70	150	-96.224900935833
5.70	160	-96.224902379453
5.70	170	-96.22490196339
5.70	180	-96.224901312237
5.80	0	-96.224894496089
5.80	10	-96.224894271619
5.80	20	-96.224893712983
5.80	30	-96.224893006599
5.80	40	-96.224892244712
5.80	50	-96.224891512228
5.80	60	-96.22489095135
5.80	70	-96.224890632043
5.80	80	-96.224890465551
5.80	90	-96.224890339738
5.80	100	-96.224890308777
5.80	110	-96.224890630326
5.80	120	-96.224891649846
5.80	130	-96.224893598038
5.80	140	-96.224896298324
5.80	150	-96.224898895785
5.80	160	-96.224900182949
5.80	170	-96.224899816558
5.80	180	-96.224899250484
5.90	0	-96.224893261181
5.90	10	-96.224893077315
5.90	20	-96.2248926065
5.90	30	-96.224891982122
5.90	40	-96.224891284335
5.90	50	-96.224890609077
5.90	60	-96.224890096854
5.90	70	-96.2248898074
5.90	80	-96.224889654399
5.90	90	-96.224889534446
5.90	100	-96.224889494651
5.90	110	-96.224889763526
5.90	120	-96.224890651232
5.90	130	-96.224892371176
5.90	140	-96.224894768616
5.90	150	-96.224897085543
5.90	160	-96.224898253891
5.90	170	-96.224897973385
5.90	180	-96.224897504473
6.00	0	-96.224892232842
6.00	10	-96.224892075833
6.00	20	-96.224891662506
6.00	30	-96.224891092981
6.00	40	-96.224890442661
6.00	50	-96.224889814983
6.00	60	-96.224889344449
6.00	70	-96.224889080126
6.00	80	-96.224888938311
6.00	90	-96.22488882421
6.00	100	-96.224888779118
6.00	110	-96.224889004575
6.00	120	-96.224889777272
6.00	130	-96.22489129254
6.00	140	-96.224893415611
6.00	150	-96.224895478002
6.00	160	-96.224896546016
6.00	170	-96.224896358778
6.00	180	-96.224895984662
6.20	0	-96.224890589853
6.20	10	-96.224890462753
6.20	20	-96.22489011512
6.20	30	-96.22488961508
6.20	40	-96.224889038327
6.20	50	-96.224888492455
6.20	60	-96.224888091652
6.20	70	-96.224887866363
6.20	80	-96.224887741901
6.20	90	-96.224887639514
6.20	100	-96.224887590637
6.20	110	-96.224887751156
6.20	120	-96.22488833596
6.20	130	-96.224889505909
6.20	140	-96.224891161506
6.20	150	-96.224892785834
6.20	160	-96.224893675973
6.20	170	-96.224893640561
6.20	180	-96.224893420755
6.40	0	-96.224889291189
6.40	10	-96.22488918092
6.40	20	-96.224888874514
6.40	30	-96.224888428884
6.40	40	-96.224887919919
6.40	50	-96.224887447541
6.40	60	-96.224887104143
6.40	70	-96.224886908118
6.40	80	-96.224886796163
6.40	90	-96.224886705017
6.40	100	-96.224886658656
6.40	110	-96.224886775648
6.40	120	-96.224887218566
6.40	130	-96.224888114895
6.40	140	-96.22488939791
6.40	150	-96.224890672674
6.40	160	-96.224891407271
6.40	170	-96.224891461358
6.40	180	-96.224891342329
6.60	0	-96.224888213082
6.60	10	-96.22488811692
6.60	20	-96.224887848452
6.60	30	-96.224887458048
6.60	40	-96.224887016971
6.60	50	-96.224886612358
6.60	60	-96.224886317483
6.60	70	-96.224886144595
6.60	80	-96.224886042892
6.60	90	-96.224885962699
6.60	100	-96.224885922239
6.60	110	-96.224886011381
6.60	120	-96.224886349014
6.60	130	-96.224887031332
6.60	140	-96.224888018043
6.60	150	-96.224889016969
6.60	160	-96.224889624269
6.60	170	-96.224889727755
6.60	180	-96.224889671515
6.80	0	-96.224887302642
6.80	10	-96.224887220141
6.80	20	-96.224886989662
6.80	30	-96.224886655124
6.80	40	-96.224886279557
6.80	50	-96.224885936434
6.80	60	-96.224885683803
6.80	70	-96.224885530845
6.80	80	-96.224885438783
6.80	90	-96.224885369338
6.80	100	-96.224885336881
6.80	110	-96.22488540852
6.80	120	-96.224885669923
6.80	130	-96.224886189386
6.80	140	-96.22488694266
6.80	150	-96.224887722281
6.80	160	-96.224888226083
6.80	170	-96.224888358128
6.80	180	-96.224888342552
7.00	0	-96.224886532286
7.00	10	-96.224886462911
7.00	20	-96.224886268698
7.00	30	-96.224885987099
7.00	40	-96.224885671833
7.00	50	-96.224885383235
7.00	60	-96.224885167853
7.00	70	-96.224885033193
7.00	80	-96.22488495076
7.00	90	-96.224884892216
7.00	100	-96.224884868431
7.00	110	-96.224884929518
7.00	120	-96.224885136833
7.00	130	-96.224885536069
7.00	140	-96.224886110054
7.00	150	-96.224886714895
7.00	160	-96.224887131107
7.00	170	-96.224887275351
7.00	180	-96.224887285404
7.20	0	-96.224885882301
7.20	10	-96.224885824666
7.20	20	-96.224885663332
7.20	30	-96.224885429358
7.20	40	-96.224885167263
7.20	50	-96.224884926673
7.20	60	-96.224884744238
7.20	70	-96.22488462687
7.20	80	-96.224884554127
7.20	90	-96.224884506021
7.20	100	-96.224884490755
7.20	110	-96.224884545526
7.20	120	-96.224884714471
7.20	130	-96.224885027243
7.20	140	-96.224885468442
7.20	150	-96.224885936956
7.20	160	-96.224886276859
7.20	170	-96.224886419178
7.20	180	-96.224886443125
7.40	0	-96.224885336103
7.40	10	-96.224885288774
7.40	20	-96.224885155874
7.40	30	-96.224884963109
7.40	40	-96.224884747144
7.40	50	-96.224884547902
7.40	60	-96.2248843944
7.40	70	-96.224884293247
7.40	80	-96.224884230093
7.40	90	-96.224884191348
7.40	100	-96.224884183606
7.40	110	-96.224884234653
7.40	120	-96.224884376143
7.40	130	-96.224884627122
7.40	140	-96.22488497259
7.40	150	-96.224885338887
7.40	160	-96.224885614783
7.40	170	-96.224885745644
7.40	180	-96.224885775202
7.60	0	-96.224884878801
7.60	10	-96.224884840098
7.60	20	-96.224884731494
7.60	30	-96.224884573754
7.60	40	-96.224884396913
7.60	50	-96.224884232736
7.60	60	-96.224884104666
7.60	70	-96.224884017871
7.60	80	-96.224883963828
7.60	90	-96.224883933195
7.60	100	-96.224883931931
7.60	110	-96.22488398029
7.60	120	-96.224884101266
7.60	130	-96.2248843075
7.60	140	-96.224884584865
7.60	150	-96.224884877166
7.60	160	-96.224885103104
7.60	170	-96.224885219504
7.60	180	-96.224885249924
7.80	0	-96.224884497386
7.80	10	-96.224884465869
7.80	20	-96.224884377403
7.80	30	-96.22488424915
7.80	40	-96.224884104943
7.80	50	-96.224883970398
7.80	60	-96.224883863657
7.80	70	-96.224883789967
7.80	80	-96.224883743819
7.80	90	-96.224883720227
7.80	100	-96.224883723869
7.80	110	-96.22488376993
7.80	120	-96.224883875051
7.80	130	-96.224884047738
7.80	140	-96.224884276026
7.80	150	-96.224884515475
7.80	160	-96.224884704609
7.80	170	-96.224884808283
7.80	180	-96.224884837736
8.00	0	-96.224884180068
8.00	10	-96.224884154524
8.00	20	-96.224884082815
8.00	30	-96.224883978691
8.00	40	-96.22488386163
8.00	50	-96.224883751591
8.00	60	-96.224883662962
8.00	70	-96.22488360051
8.00	80	-96.224883561488
8.00	90	-96.224883543433
8.00	100	-96.224883550691
8.00	110	-96.224883594375
8.00	120	-96.224883686489
8.00	130	-96.224883833194
8.00	140	-96.224884024619
8.00	150	-96.224884225888
8.00	160	-96.224884388436
8.00	170	-96.224884482249
8.00	180	-96.224884510669
8.20	0	-96.2248839164
8.20	10	-96.22488389577
8.20	20	-96.224883837841
8.20	30	-96.224883753718
8.20	40	-96.224883658781
8.20	50	-96.224883568961
8.20	60	-96.224883495472
8.20	70	-96.224883442692
8.20	80	-96.224883409742
8.20	90	-96.224883396188
8.20	100	-96.224883405677
8.20	110	-96.224883446544
8.20	120	-96.224883527646
8.20	130	-96.224883653407
8.20	140	-96.224883815888
8.20	150	-96.22488398809
8.20	160	-96.22488413094
8.20	170	-96.224884217349
8.20	180	-96.224884244795
8.40	0	-96.224883697685
8.40	10	-96.224883681038
8.40	20	-96.224883634261
8.40	30	-96.224883566459
8.40	40	-96.224883489616
8.40	50	-96.224883416333
8.40	60	-96.224883355404
8.40	70	-96.22488331092
8.40	80	-96.224883283199
8.40	90	-96.224883272882
8.40	100	-96.224883283656
8.40	110	-96.224883321455
8.40	120	-96.224883392859
8.40	130	-96.224883501082
8.40	140	-96.224883640174
8.40	150	-96.224883789017
8.40	160	-96.224883915737
8.40	170	-96.224883995711
8.40	180	-96.224884022039
8.60	0	-96.224883516367
8.60	10	-96.224883502997
8.60	20	-96.224883465355
8.60	30	-96.224883410708
8.60	40	-96.224883348619
8.60	50	-96.22488328879
8.60	60	-96.224883238206
8.60	70	-96.224883200668
8.60	80	-96.224883177391
8.60	90	-96.224883169669
8.60	100	-96.224883180638
8.60	110	-96.224883215221
8.60	120	-96.22488327791
8.60	130	-96.224883371237
8.60	140	-96.224883490662
8.60	150	-96.224883619553
8.60	160	-96.224883732181
8.60	170	-96.224883805828
8.60	180	-96.224883830891
8.80	0	-96.224883366145
8.80	10	-96.224883355394
8.80	20	-96.224883325135
8.80	30	-96.224883281207
8.80	40	-96.224883230939
8.80	50	-96.224883181957
8.80	60	-96.224883140023
8.80	70	-96.224883108396
8.80	80	-96.224883088803
8.80	90	-96.224883082918
8.80	100	-96.224883093712
8.80	110	-96.2248831248
8.80	120	-96.224883179736
8.80	130	-96.224883260156
8.80	140	-96.224883362711
8.80	150	-96.224883474353
8.80	160	-96.224883573815
8.80	170	-96.2248836409
8.80	180	-96.224883664136
9.00	0	-96.224883241907
9.00	10	-96.224883233327
9.00	20	-96.224883208943
9.00	30	-96.224883173465
9.00	40	-96.224883132728
9.00	50	-96.224883092594
9.00	60	-96.224883057692
9.00	70	-96.224883030985
9.00	80	-96.224883014498
9.00	90	-96.224883009875
9.00	100	-96.224883020069
9.00	110	-96.224883047734
9.00	120	-96.224883095667
9.00	130	-96.224883164966
9.00	140	-96.224883252882
9.00	150	-96.224883349398
9.00	160	-96.224883436656
9.00	170	-96.224883496764
9.00	180	-96.224883517968
9.50	0	-96.224883017352
9.50	10	-96.224883012303
9.50	20	-96.224882997944
9.50	30	-96.224882976986
9.50	40	-96.224882952402
9.50	50	-96.224882927529
9.50	60	-96.224882905199
9.50	70	-96.224882887507
9.50	80	-96.224882876496
9.50	90	-96.224882873924
9.50	100	-96.224882881643
9.50	110	-96.224882901501
9.50	120	-96.224882934854
9.50	130	-96.224882982324
9.50	140	-96.224883042132
9.50	150	-96.224883107976
9.50	160	-96.224883169045
9.50	170	-96.224883212324
9.50	180	-96.224883227937
10.00	0	-96.224882876949
10.00	10	-96.224882873806
10.00	20	-96.224882865128
10.00	30	-96.224882852061
10.00	40	-96.224882836648
10.00	50	-96.224882820684
10.00	60	-96.224882805965
10.00	70	-96.224882794102
10.00	80	-96.224882786593
10.00	90	-96.224882784973
10.00	100	-96.224882790451
10.00	110	-96.224882804122
10.00	120	-96.224882826901
10.00	130	-96.224882858972
10.00	140	-96.224882899315
10.00	150	-96.224882943742
10.00	160	-96.224882985246
10.00	170	-96.224883014954
10.00	180	-96.224883025813
10.50	0	-96.224882787444
10.50	10	-96.224882785466
10.50	20	-96.224882779888
10.50	30	-96.224882771446
10.50	40	-96.224882761333
10.50	50	-96.224882750674
10.50	60	-96.224882740792
10.50	70	-96.224882732695
10.50	80	-96.224882727461
10.50	90	-96.224882726428
10.50	100	-96.22488273006
10.50	110	-96.224882739406
10.50	120	-96.224882754955
10.50	130	-96.224882776666
10.50	140	-96.224882803747
10.50	150	-96.224882833611
10.50	160	-96.22488286141
10.50	170	-96.224882881411
10.50	180	-96.224882888744
11.00	0	-96.224882728934
11.00	10	-96.224882727683
11.00	20	-96.22488272388
11.00	30	-96.224882718304
11.00	40	-96.224882711369
11.00	50	-96.224882704187
11.00	60	-96.22488269747
11.00	70	-96.224882691938
11.00	80	-96.224882688405
11.00	90	-96.224882687535
11.00	100	-96.224882690128
11.00	110	-96.224882696624
11.00	120	-96.224882707194
11.00	130	-96.22488272216
11.00	140	-96.224882740439
11.00	150	-96.224882760516
11.00	160	-96.224882779317
11.00	170	-96.224882792753
11.00	180	-96.224882797672
11.50	0	-96.224882689859
11.50	10	-96.224882689023
11.50	20	-96.224882686398
11.50	30	-96.224882682512
11.50	40	-96.224882677909
11.50	50	-96.22488267301
11.50	60	-96.22488266837
11.50	70	-96.224882664565
11.50	80	-96.224882662202
11.50	90	-96.224882661707
11.50	100	-96.224882663647
11.50	110	-96.224882668192
11.50	120	-96.224882675783
11.50	130	-96.224882685982
11.50	140	-96.22488269872
11.50	150	-96.224882712466
11.50	160	-96.224882725404
11.50	170	-96.22488273448
11.50	180	-96.224882737837
12.00	0	-96.224882663441
12.00	10	-96.224882662795
12.00	20	-96.224882661129
12.00	30	-96.224882658418
12.00	40	-96.224882655272
12.00	50	-96.224882651982
12.00	60	-96.224882648894
12.00	70	-96.224882646328
12.00	80	-96.224882644797
12.00	90	-96.224882644524
12.00	100	-96.224882646071
12.00	110	-96.224882649303
12.00	120	-96.224882654758
12.00	130	-96.224882662202
12.00	140	-96.224882671242
12.00	150	-96.224882680929
12.00	160	-96.224882689855
12.00	170	-96.22488269629
12.00	180	-96.224882698613
12.50	0	-96.224882645562
12.50	10	-96.22488264512
12.50	20	-96.22488264395
12.50	30	-96.22488264227
12.50	40	-96.224882640131
12.50	50	-96.224882637852
12.50	60	-96.224882635798
12.50	70	-96.224882634162
12.50	80	-96.224882633246
12.50	90	-96.224882633287
12.50	100	-96.224882634364
12.50	110	-96.224882636979
12.50	120	-96.224882640916
12.50	130	-96.224882646287
12.50	140	-96.224882652885
12.50	150	-96.224882659945
12.50	160	-96.224882666346
12.50	170	-96.224882670987
12.50	180	-96.224882672686
13.00	0	-96.224882633555
13.00	10	-96.224882633292
13.00	20	-96.224882632531
13.00	30	-96.224882631393
13.00	40	-96.224882630022
13.00	50	-96.224882628617
13.00	60	-96.224882627257
13.00	70	-96.224882626318
13.00	80	-96.224882625764
13.00	90	-96.22488262595
13.00	100	-96.224882626876
13.00	110	-96.224882628806
13.00	120	-96.224882631868
13.00	130	-96.224882635864
13.00	140	-96.224882640814
13.00	150	-96.224882646039
13.00	160	-96.224882650788
13.00	170	-96.224882654223
13.00	180	-96.22488265546
13.50	0	-96.224882625651
13.50	10	-96.224882625438
13.50	20	-96.224882625052
13.50	30	-96.224882624303
13.50	40	-96.224882623496
13.50	50	-96.224882622566
13.50	60	-96.224882621896
13.50	70	-96.22488262129
13.50	80	-96.224882621076
13.50	90	-96.224882621313
13.50	100	-96.224882622192
13.50	110	-96.22488262367
13.50	120	-96.224882626053
13.50	130	-96.224882629094
13.50	140	-96.22488263288
13.50	150	-96.224882636858
13.50	160	-96.224882640408
13.50	170	-96.224882642976
13.50	180	-96.224882643828
14.00	0	-96.22488262063
14.00	10	-96.22488262048
14.00	20	-96.22488262029
14.00	30	-96.22488261992
14.00	40	-96.224882619391
14.00	50	-96.224882618909
14.00	60	-96.2248826186
14.00	70	-96.224882618352
14.00	80	-96.224882618373
14.00	90	-96.224882618731
14.00	100	-96.224882619484
14.00	110	-96.224882620664
14.00	120	-96.224882622551
14.00	130	-96.224882624922
14.00	140	-96.224882627694
14.00	150	-96.224882630804
14.00	160	-96.224882633504
14.00	170	-96.224882635557
14.00	180	-96.224882636172
14.50	0	-96.224882617642
14.50	10	-96.224882617513
14.50	20	-96.224882617419
14.50	30	-96.224882617216
14.50	40	-96.224882617096
14.50	50	-96.224882616915
14.50	60	-96.224882616776
14.50	70	-96.224882616935
14.50	80	-96.224882617122
14.50	90	-96.224882617413
14.50	100	-96.224882618112
14.50	110	-96.224882619155
14.50	120	-96.224882620551
14.50	130	-96.224882622441
14.50	140	-96.224882624649
14.50	150	-96.224882627063
14.50	160	-96.224882629173
14.50	170	-96.224882630672
14.50	180	-96.224882631208
15.00	0	-96.224882616
15.00	10	-96.224882615995
15.00	20	-96.224882616028
15.00	30	-96.224882616013
15.00	40	-96.22488261606
15.00	50	-96.224882616072
15.00	60	-96.22488261622
15.00	70	-96.224882616344
15.00	80	-96.224882616685
15.00	90	-96.2248826171
15.00	100	-96.224882617719
15.00	110	-96.224882618587
15.00	120	-96.224882619797
15.00	130	-96.224882621192
15.00	140	-96.224882622968
15.00	150	-96.224882624829
15.00	160	-96.224882626533
15.00	170	-96.224882627619
15.00	180	-96.224882628065
16.00	0	-96.224882615617
16.00	10	-96.224882615638
16.00	20	-96.224882615766
16.00	30	-96.224882615931
16.00	40	-96.224882616168
16.00	50	-96.224882616584
16.00	60	-96.22488261694
16.00	70	-96.224882617318
16.00	80	-96.224882617813
16.00	90	-96.224882618273
16.00	100	-96.224882618722
16.00	110	-96.224882619443
16.00	120	-96.224882620216
16.00	130	-96.224882621199
16.00	140	-96.224882622244
16.00	150	-96.224882623451
16.00	160	-96.224882624484
16.00	170	-96.224882625194
16.00	180	-96.224882625514
17.00	0	-96.224882617253
17.00	10	-96.224882617315
17.00	20	-96.224882617478
17.00	30	-96.224882617856
17.00	40	-96.224882618202
17.00	50	-96.224882618592
17.00	60	-96.224882619188
17.00	70	-96.224882619665
17.00	80	-96.224882620195
17.00	90	-96.224882620695
17.00	100	-96.224882621094
17.00	110	-96.224882621589
17.00	120	-96.224882622194
17.00	130	-96.224882622777
17.00	140	-96.224882623516
17.00	150	-96.224882624315
17.00	160	-96.224882625032
17.00	170	-96.224882625474
17.00	180	-96.224882625635
18.00	0	-96.224882619826
18.00	10	-96.224882619872
18.00	20	-96.224882620226
18.00	30	-96.224882620505
18.00	40	-96.224882620892
18.00	50	-96.224882621461
18.00	60	-96.224882621951
18.00	70	-96.224882622582
18.00	80	-96.224882623016
18.00	90	-96.224882623511
18.00	100	-96.224882623958
18.00	110	-96.224882624381
18.00	120	-96.224882624886
18.00	130	-96.224882625228
18.00	140	-96.224882625831
18.00	150	-96.224882626288
18.00	160	-96.224882626749
18.00	170	-96.224882627056
18.00	180	-96.224882627149
19.00	0	-96.224882622823
19.00	10	-96.224882622893
19.00	20	-96.224882623172
19.00	30	-96.224882623538
19.00	40	-96.224882624002
19.00	50	-96.224882624483
19.00	60	-96.224882625061
19.00	70	-96.224882625609
19.00	80	-96.224882626151
19.00	90	-96.224882626556
19.00	100	-96.224882626941
19.00	110	-96.224882627449
19.00	120	-96.22488262771
19.00	130	-96.224882628049
19.00	140	-96.224882628418
19.00	150	-96.224882628765
19.00	160	-96.224882629017
19.00	170	-96.224882629316
19.00	180	-96.224882629377
20.00	0	-96.224882625933
20.00	10	-96.224882626039
20.00	20	-96.224882626221
20.00	30	-96.224882626535
20.00	40	-96.22488262708
20.00	50	-96.224882627519
20.00	60	-96.224882628054
20.00	70	-96.224882628664
20.00	80	-96.224882629083
20.00	90	-96.224882629643
20.00	100	-96.22488262998
20.00	110	-96.224882630211
20.00	120	-96.22488263059
20.00	130	-96.224882630849
20.00	140	-96.22488263111
20.00	150	-96.22488263134
20.00	160	-96.224882631595
20.00	170	-96.224882631761
20.00	180	-96.224882631809
21.00	0	-96.224882628853
21.00	10	-96.224882629033
21.00	20	-96.224882629164
21.00	30	-96.224882629503
21.00	40	-96.224882630017
21.00	50	-96.224882630441
21.00	60	-96.224882630938
21.00	70	-96.224882631509
21.00	80	-96.224882631934
21.00	90	-96.224882632415
21.00	100	-96.22488263277
21.00	110	-96.22488263301
21.00	120	-96.224882633291
21.00	130	-96.224882633494
21.00	140	-96.224882633743
21.00	150	-96.22488263402
21.00	160	-96.22488263408
21.00	170	-96.224882634231
21.00	180	-96.224882634253
22.00	0	-96.224882631692
22.00	10	-96.224882631815
22.00	20	-96.224882631961
22.00	30	-96.224882632341
22.00	40	-96.224882632669
22.00	50	-96.224882633188
22.00	60	-96.224882633704
22.00	70	-96.224882634249
22.00	80	-96.224882634569
22.00	90	-96.22488263504
22.00	100	-96.224882635308
22.00	110	-96.224882635666
22.00	120	-96.224882635903
22.00	130	-96.224882636105
22.00	140	-96.22488263619
22.00	150	-96.224882636396
22.00	160	-96.224882636512
22.00	170	-96.224882636613
22.00	180	-96.224882636686
23.00	0	-96.224882634326
23.00	10	-96.224882634413
23.00	20	-96.224882634588
23.00	30	-96.224882634907
23.00	40	-96.224882635309
23.00	50	-96.224882635703
23.00	60	-96.224882636229
23.00	70	-96.224882636671
23.00	80	-96.224882637142
23.00	90	-96.224882637474
23.00	100	-96.224882637783
23.00	110	-96.224882638069
23.00	120	-96.224882638278
23.00	130	-96.224882638409
23.00	140	-96.22488263861
23.00	150	-96.224882638711
23.00	160	-96.224882638783
23.00	170	-96.224882638872
23.00	180	-96.224882638839
24.00	0	-96.224882636753
24.00	10	-96.224882636844
24.00	20	-96.224882636924
24.00	30	-96.224882637219
24.00	40	-96.224882637636
24.00	50	-96.224882638031
24.00	60	-96.224882638536
24.00	70	-96.224882639014
24.00	80	-96.224882639304
24.00	90	-96.224882639724
24.00	100	-96.224882640025
24.00	110	-96.224882640235
24.00	120	-96.224882640484
24.00	130	-96.224882640537
24.00	140	-96.224882640686
24.00	150	-96.22488264092
24.00	160	-96.224882640946
24.00	170	-96.224882640981
24.00	180	-96.224882640972
25.00	0	-96.224882638955
25.00	10	-96.22488263902
25.00	20	-96.224882639263
25.00	30	-96.224882639426
25.00	40	-96.224882639797
25.00	50	-96.224882640148
25.00	60	-96.22488264055
25.00	70	-96.224882641002
25.00	80	-96.224882641361
25.00	90	-96.224882641724
25.00	100	-96.224882642022
25.00	110	-96.224882642278
25.00	120	-96.224882642545
25.00	130	-96.224882642557
25.00	140	-96.224882642811
25.00	150	-96.224882642699
25.00	160	-96.224882642868
25.00	170	-96.224882642879
25.00	180	-96.224882642878
50.00	0	-96.224882662038
50.00	10	-96.224882662106
50.00	20	-96.224882662144
50.00	30	-96.224882662166
50.00	40	-96.224882662286
50.00	50	-96.224882662403
50.00	60	-96.224882662431
50.00	70	-96.224882662647
50.00	80	-96.224882662749
50.00	90	-96.224882662796
50.00	100	-96.224882662922
50.00	110	-96.224882662998
50.00	120	-96.224882663092
50.00	130	-96.224882663137
50.00	140	-96.224882663211
50.00	150	-96.224882663264
50.00	160	-96.224882663215
50.00	170	-96.224882663249
50.00	180	-96.224882663235
100.00	0	-96.224882669689
100.00	10	-96.224882669784
100.00	20	-96.224882669739
100.00	30	-96.224882669802
100.00	40	-96.224882669831
100.00	50	-96.224882669794
100.00	60	-96.224882669924
100.00	70	-96.224882669873
100.00	80	-96.224882669914
100.00	90	-96.224882669916
100.00	100	-96.224882669971
100.00	110	-96.224882670048
100.00	120	-96.224882669989
100.00	130	-96.22488267005
100.00	140	-96.22488267007
100.00	150	-96.224882670103
100.00	160	-96.224882670066
100.00	170	-96.224882670077
100.00	180	-96.224882670032
