4D 
0,0,0
870349882.2816463,-1007154342.934479,393654267.6385726,-66623274.74511736,5554786.087772137,-232929.899219548,4264.764179559376,-3.565088263006305
30,0,0
870349902.4277698,-1007154347.830568,393654266.4365855,-66623274.183196,5554786.010362863,-232929.8944842312,4264.764063218214,-3.565088168840201
60,0,0
870351064.4211305,-1007155007.15008,393654410.9841626,-66623289.48433155,5554786.805576276,-232929.9125820054,4264.764180685252,-3.565088142773549
90,0,0
870352298.2939376,-1007155690.260015,393654558.8746365,-66623305.39565898,5554787.701852275,-232929.9380580531,4264.76448922303,-3.565088250937651
0,30,0
-747041071.5075309,136593264.1948418,71218452.55122274,-21174736.10859863,2183089.332174791,-110531.05960987,1301.082071507,-4.51075302008705
30,30,0
-747040894.7335248,136593121.4827272,71218499.58474618,-21174744.20789445,2183090.102660913,-110531.0983991865,1301.082912306661,-4.510753520095238
60,30,0
-747038952.6726303,136591857.6121449,71218826.859685,-21174786.94242931,2183093.031893719,-110531.1967113384,1301.084151958876,-4.510753401566625
90,30,0
-747038207.5610611,136591506.2071427,71218879.08083872,-21174788.04202421,2183092.663517871,-110531.1681456444,1301.083637325077,-4.510754214917316
0,60,0
-720903693.2231362,232264274.6030654,16681638.10696949,-11022492.18641698,1282668.146014112,-74063.73361780158,-1715.451647447811,-7.167257024254216
30,60,0
-720903721.0370969,232264304.2203673,16681625.47334308,-11022489.40973083,1282667.811943376,-74063.71238577431,-1715.452237009566,-7.167256372447667
60,60,0
-720903693.2231362,232264274.6030654,16681638.10696949,-11022492.18641698,1282668.146014112,-74063.73361780158,-1715.451647447811,-7.167257024254216
90,60,0
-720903693.2231362,232264274.6030654,16681638.10696949,-11022492.18641698,1282668.146014112,-74063.73361780158,-1715.451647447811,-7.167257024254216
0,90,0
-521812486.7838671,109603315.691584,48657555.89798866,-15986072.73771364,1707387.453679896,-92721.78767153244,-2578.072894334186,-8.757024734751127
30,90,0
-521812642.7307709,109603455.7235113,48657505.69736303,-15986063.62067969,1707386.577839178,-92721.74574629596,-2578.073696244256,-8.757024402088653
60,90,0
-521812486.7838671,109603315.691584,48657555.89798866,-15986072.73771364,1707387.453679896,-92721.78767153244,-2578.072894334186,-8.757024734751127
90,90,0
-521812701.2727233,109603509.464186,48657485.57552863,-15986059.67289962,1707386.146195275,-92721.72036445324,-2578.07435053164,-8.75702398416521
0,0,30
-532802763.5350911,84848972.34396982,65224971.39055842,-17874718.29515233,1737691.436565852,-84563.21178558326,920.9294874664075,-5.091960200246449
30,0,30
-730939266.2423942,224263257.394411,25263089.57557913,-11893408.18574131,1241406.622860821,-62451.8698121849,476.0253111719917,-4.612580954431374
60,0,30
-752140978.19897,239176569.6209041,20989492.05135771,-11253886.6009505,1188349.736464164,-60087.99917241316,428.4590948804649,-4.561350214137335
90,0,30
-827443375.5116351,292159975.6009018,5802892.351568089,-8980962.47205239,999774.8746302797,-51687.17261783794,259.444403839141,-4.379232096026269
0,30,30
-753388305.1401873,347122316.2210295,-36886409.10284916,55736.73227280127,105064.4078205051,-10891.55328428019,-2453.819011702078,-7.150082812290314
30,30,30
-934365828.6745961,472803797.085818,-71780620.69256116,5025118.019817769,-274549.2710404383,4338.723501717285,-2566.489817198429,-6.509464295099042
60,30,30
-739481942.2512687,336472133.8065703,-33232911.02328397,-603489.5736996928,195893.6616479497,-17142.551990328,-1663.590090220414,-5.982565022196841
90,30,30
-868431103.5098362,405972297.496599,-46392312.79763708,326234.3010497692,232400.4133556654,-24533.55290725534,-734.3785883228073,-5.05842359821404
0,60,30
-103116230.7496552,-20250589.82054413,44401227.25982775,-9643993.324368276,787535.9969600254,-39545.7553715364,-3099.459854694107,-8.684015654013011
30,60,30
-189192383.386581,49016225.98681436,21744661.40407607,-5813838.54750744,440430.3832383099,-23325.12090555155,-3300.828324254177,-8.052505944607306
60,60,30
-257600401.922684,96407335.59835222,8778031.946808092,-4070769.332760482,342973.1100017619,-22749.65164862644,-2822.029283961413,-7.501539999075365
90,60,30
-598963654.1384516,323095385.8559916,-49266846.73655421,3074575.006447274,-52914.66968000609,-16305.34392881452,-2099.470186579506,-6.599354985110716
0,90,30
-253368560.1141414,110887987.7938611,5032845.0549505,-4843132.999560529,657373.3210791487,-52864.94508617728,-1666.602972830082,-7.864233857346774
30,90,30
-348628666.1636105,192550744.6093698,-23528028.2528379,307267.5838152917,151501.6963120607,-27242.05622883987,-2283.626710608281,-7.413905973175476
60,90,30
-393647738.3366826,226117690.2237852,-34203734.1498876,2106109.128029778,-23173.30834222404,-18398.91539607178,-2598.245993117585,-7.474670737326457
90,90,30
-434913607.1137078,258201014.4954914,-44636766.72424443,3893522.166352549,-196541.4765519654,-9490.009847117919,-2861.204053435927,-7.359148924376731
0,0,60
-664963205.5320208,451204345.8346049,-113673470.2285761,17308127.38035512,-1713219.7848163,83973.3417418123,-4381.577002271536,-7.224850865256878
30,0,60
-576578166.7660168,379032641.0810091,-89670891.59992428,13141070.9220521,-1312370.845877314,63282.99061405953,-3899.829509628983,-7.878303954282782
60,0,60
-747812059.4382377,518849552.5409617,-136168651.797199,21213143.76392908,-2088831.252427131,103359.7941066457,-4832.955281831991,-6.612471908060499
90,0,60
-777368939.5782309,542987001.8766328,-144197146.2095302,22607152.41329066,-2222948.773953537,110283.6753031004,-4994.197941829775,-6.393738649696454
0,30,60
-470848937.3591733,366590421.9395006,-107977787.8473558,19244930.77080218,-2082080.715397929,106124.4519398901,-5611.946860187119,-8.09875324906459
30,30,60
-340066063.2107337,256110602.7246283,-70513383.98963274,12722850.93766332,-1460385.952400905,74707.23957469282,-4788.340176125266,-8.649951732458842
60,30,60
-244327128.9716457,187977197.1716343,-52469348.38521179,10631929.55927339,-1370061.345951308,76260.70115603982,-4631.38038869823,-7.062470554336027
90,30,60
-713533160.065536,531138455.3684812,-150955000.6207845,24615656.73746579,-2366821.54141075,108602.6050871464,-4400.116056211864,-5.995492445381461
0,60,60
151121563.3269048,-107887145.3581788,39452792.31346969,-5358110.390498667,302063.5250145362,-20626.64894308029,-1870.525544275802,-7.653994459387354
30,60,60
251984400.7789851,-189575389.8559315,66294402.34259194,-9952372.87205516,738481.3251102339,-43085.40393454405,-1309.530535445555,-8.251845058387905
60,60,60
-42457166.06736988,41731524.60582509,-6963739.435962406,1992603.806746927,-317173.6366440779,5544.21555209679,-2109.175140580894,-6.666026073832903
90,60,60
-43591974.94642238,35809078.64292272,-2508798.800961161,765815.6937805573,-141909.2167781705,-6751.776934150571,-1301.219419506213,-5.900679347993754
0,90,60
927650293.9909914,-691193174.7719212,218395371.5231806,-34413803.98320146,3007596.909334485,-158506.5170029344,2770.367338101608,-6.204894003607143
30,90,60
1041384812.578159,-775025754.9281222,243331080.5190869,-38263345.03778003,3331980.817590703,-173329.5195823292,2931.38900497068,-7.027294397174863
60,90,60
315166928.4185317,-237788475.0502907,82085467.98019215,-13149132.77297719,1173676.529601719,-75099.03529366403,649.4075897014196,-5.890666178986462
90,90,60
254655627.6879826,-186445103.0609693,64309866.68243784,-9951740.683826653,853335.1323102163,-58225.73556186527,106.7434918144806,-5.823430766031785
0,0,90
-409343751.5167544,332096462.2480519,-101290094.4787297,18262490.38830049,-1993815.650078593,102591.5561654062,-5546.420261454491,-9.970221773758356
30,0,90
-520274230.9260704,432061314.4588175,-137968328.8311141,25284504.03634373,-2738247.774305728,144904.5011328271,-6630.310616287272,-8.254726153078417
60,0,90
-530417092.7582458,441202519.7671106,-141322672.28947,25926740.3433633,-2806336.409809976,148774.4605408939,-6729.42717176642,-8.097958325919945
90,0,90
-572413571.7004539,479047612.078538,-155208478.3697446,28585167.28372699,-3088167.320512968,164793.5278455435,-7139.772431978896,-7.448481279511412
0,30,90
-184322151.2560504,164488838.8807081,-51682891.11348598,10392916.63497157,-1224802.186746019,57852.9225806482,-3471.995803075929,-8.887047437767805
30,30,90
-442255899.4625742,377238533.2754329,-122873236.6368251,22782764.90331621,-2417263.31713035,119237.8844733197,-4940.546982192577,-7.134701470917828
60,30,90
-325679487.6730396,284466359.6539545,-93971628.30139543,18333783.85861236,-2070435.522279185,106670.866365833,-4892.509345380759,-7.217851539621478
90,30,90
-394590711.2373313,355422205.3685821,-122249556.0228231,23943033.34388138,-2659529.397593263,138246.6320804492,-5663.206894433136,-6.530256713526144
0,60,90
373566535.492053,-291628439.3790908,100587253.1743518,-16875772.38300592,1609375.166584172,-103287.2404467637,2134.702298080662,-7.468267250514345
30,60,90
273943626.5852627,-198264333.3545029,64736872.17287647,-9687153.024782546,810807.5899945173,-56197.55466670616,759.0051227299178,-5.920539451337009
60,60,90
374009608.8252017,-264947096.8266145,81040462.25080878,-11370176.69403012,846892.610707787,-51507.93430179802,224.193578183719,-6.1541050700587
90,60,90
-13640613.18771712,34966682.61195532,-12646147.74181878,3710925.626071134,-476823.0789136074,9203.152751519025,-1124.370432540117,-5.4733409485028
0,90,90
1653397774.820903,-1262080880.493575,395978015.2280538,-63194747.97761438,5593419.059098605,-284325.4802813082,6480.400634873693,-7.255208626892023
30,90,90
1408460262.209558,-1052688715.119494,323287380.183134,-50090953.40917075,4289622.536266793,-215389.5161655085,4673.07228070279,-5.651339234712676
60,90,90
979841056.3185437,-744737810.86581,233444518.1572814,-36454366.63623545,3139112.011575392,-163670.4699394247,3276.427192786247,-5.798389569932732
90,90,90
774066729.9189523,-575483484.988981,177184105.4926067,-26805810.43239548,2232109.551660875,-118800.9399616277,2116.653366811492,-5.259640667290965
0,0,120
-664973818.8244737,451212420.0298529,-113675966.5348395,17308528.53147718,-1713255.177196313,83974.98648756876,-4381.610308925795,-7.224823523612696
30,0,120
-576577998.6357118,379032787.2663493,-89671050.7325675,13141120.84465291,-1312378.071763954,63283.49435117494,-3899.843601948449,-7.87829470216022
60,0,120
-753215399.7439246,523263926.5892268,-137637637.3524301,21468346.64805047,-2113399.043291286,104628.8957849262,-4862.526192506177,-6.572353896876479
90,0,120
-777378217.4720836,542993738.8365036,-144199109.1015918,22607444.22115425,-2222971.774494189,110284.5523405783,-4994.209193674138,-6.393741869882295
0,30,120
559051497.3576866,-432852295.6858656,142963013.9149935,-21330589.66102846,1559877.760149789,-67246.53494919493,386.0058260151268,-5.665822247895568
30,30,120
313924603.4247045,-275776962.0758628,103875578.2649938,-16617250.9027095,1278727.118977793,-60538.82494340882,190.3562370288522,-6.482380023775056
60,30,120
-261402208.6558155,195199208.7995242,-50363998.65001993,9126009.76300054,-1049150.072057762,49058.69593419027,-2573.564049661802,-5.542155755748355
90,30,120
-713530762.0414383,531136458.7932596,-150954296.9356885,24615525.11982591,-2366808.121724708,108601.9220846333,-4400.103693041513,-5.995478306845766
0,60,120
806489827.2577254,-617141918.2900963,203514179.1910934,-33253866.47531579,3003972.836852686,-161320.6424486311,3667.274257373209,-5.156025287475118
30,60,120
1262954566.537685,-923768024.7891829,285388523.72346,-44333277.05807632,3797642.893180578,-190369.7784436827,3847.912399332954,-6.183248190551173
60,60,120
382054600.8120971,-281627337.2291183,94141670.67089812,-14585839.38855422,1222916.567259769,-71534.35728573735,750.9232387605022,-5.408059917498147
90,60,120
-43583410.42073967,35802402.79866325,-2506704.872950916,765478.724269812,-141879.9026547565,-6753.096183683603,-1301.194318122148,-5.90068961756729
0,90,120
927635090.2783579,-691181788.8463236,218391917.5081527,-34413261.02079946,3007550.186187364,-158504.415970063,2770.327747353398,-6.204879426456379
30,90,120
1041388369.119131,-775026813.5448016,243330892.1010841,-38263231.75428213,3331963.548293124,-173328.3842206938,2931.360082858328,-7.027280230589536
60,90,120
309737343.0351393,-233356311.7754498,80611916.06840919,-12893398.70103675,1149085.273848808,-73830.20144193371,619.8802003968796,-5.85059906355342
90,90,120
254658355.169987,-186447879.0967977,64310947.79979466,-9951948.743218677,853355.9504610106,-58226.74584823524,106.7611344028761,-5.823427509141363
0,0,150
-532799729.6662114,84846140.13118923,65226045.55197755,-17874927.75933045,1737713.267168565,-84564.33880463043,920.950887830378,-5.091957162465819
30,0,150
-730980442.0783293,224288927.2906451,25256743.33894176,-11892619.84464502,1241355.501341685,-62450.27821793893,476.0089168631614,-4.612592229469881
60,0,150
-752192115.2000548,239208659.8681215,20981568.69522442,-11252922.43564273,1188291.297839291,-60086.50075038503,428.4520514372998,-4.561358174320504
90,0,150
-827413982.0710756,292140140.7523046,5808221.303491639,-8981683.494760454,999825.7120263112,-51688.8875144716,259.4650156177144,-4.379232433112445
0,30,150
680739590.9385966,-712995309.5419798,281359499.7243952,-49084847.90275495,4317769.550067104,-200438.5793362104,3943.486835831529,-4.658586954964903
30,30,150
239130161.1016109,-433721263.4939461,208434790.2075142,-38956676.09295011,3513932.082765491,-165527.6626346561,3057.32643597078,-4.369353446162106
60,30,150
499662508.6975576,-525742704.1006227,208689631.0748942,-35372893.1070099,2945877.273376691,-131402.8364877809,1758.270576524513,-4.768396754626177
90,30,150
-868419980.4855849,405967317.3786315,-46391785.30228671,326299.2359535625,232383.0718275817,-24532.32752436151,-734.4071794725533,-5.058416902905626
0,60,150
58174140.55262575,-187961443.1713216,113398895.4704094,-23752880.96762895,2424248.54110516,-136925.8560313427,1959.911716837418,-5.878273019338678
30,60,150
-405885227.459086,135876287.6677285,22286190.85480744,-10564479.15451966,1375048.221126473,-92723.88363197849,908.2904618850367,-5.601349035144014
60,60,150
-510193779.6687816,231733730.2149175,-12723303.36481825,-4150779.402484741,727421.6583962257,-59171.63092494544,-405.8739302396063,-6.112507579562314
90,60,150
-598991231.8148299,323116768.2585407,-49273467.44327129,3075615.583570917,-53001.59269903834,-16301.69772296266,-2099.531499323595,-6.599332767317718
0,90,150
-253368224.7205628,110888734.2457177,5032269.644907981,-4842983.305302028,657355.6274909264,-52864.00538901523,-1666.620443104382,-7.864232608946909
30,90,150
-348631298.5979667,192553089.7434303,-23528840.89715524,307406.7043229234,151489.3925727709,-27241.52666835942,-2283.635523874806,-7.413902586063366
60,90,150
-393627695.596481,226102231.2139749,-34198883.77137227,2105316.719647941,-23102.1686384497,-18402.25440488206,-2598.180794006998,-7.474690182513015
90,90,150
-434910637.0190166,258199237.3971269,-44636359.36339112,3893471.854772336,-196536.8190197482,-9490.360886040515,-2861.190869104295,-7.359165032808836
0,0,180
870252945.4084378,-1007093328.507466,393638739.5043477,-66621230.39807244,5554638.983908331,-232924.3744088051,4264.677121746246,-3.565062062393874
30,0,180
870252413.7006173,-1007093030.604326,393638677.6184431,-66621224.96198029,5554638.87752569,-232924.385664324,4264.677625532019,-3.565062274501076
60,0,180
870252490.2955304,-1007092990.951422,393638639.0997081,-66621215.20315228,5554637.767293141,-232924.3267285395,4264.676439194421,-3.565061968586692
90,0,180
870252945.4084378,-1007093328.507466,393638739.5043477,-66621230.39807244,5554638.983908331,-232924.3744088051,4264.677121746246,-3.565062062393874
0,30,180
-747031427.8483193,136584109.194255,71221768.6452186,-21175330.73218237,2183145.37896681,-110533.708561624,1301.131843637929,-4.510764328792906
30,30,180
-747030312.3088313,136583309.2737403,71222002.85895312,-21175366.61935625,2183148.430921206,-110533.8475857049,1301.13465593996,-4.510766302512278
60,30,180
-747031427.8483193,136584109.194255,71221768.6452186,-21175330.73218237,2183145.37896681,-110533.708561624,1301.131843637929,-4.510764328792906
90,30,180
-747031709.1960096,136584294.537643,71221719.69905654,-21175324.13681699,2183144.903357436,-110533.6911903375,1301.131587299165,-4.510764262841096
0,60,180
-720908345.4919454,232267437.7565009,16680841.58669251,-11022405.43742989,1282665.18247068,-74063.84869853217,-1715.443979149162,-7.167264858329972
30,60,180
-720908345.4919454,232267437.7565009,16680841.58669251,-11022405.43742989,1282665.18247068,-74063.84869853217,-1715.443979149162,-7.167264858329972
60,60,180
-720908385.6494706,232267471.8470849,16680829.6774295,-11022403.22615358,1282664.948095738,-74063.83474983975,-1715.444375977333,-7.167264246089293
90,60,180
-720908345.4919454,232267437.7565009,16680841.58669251,-11022405.43742989,1282665.18247068,-74063.84869853217,-1715.443979149162,-7.167264858329972
0,90,180
-521814257.4870912,109604894.8352873,48657006.92071808,-15985978.71188958,1707379.177276563,-92721.42790808184,-2578.079834696969,-8.757016528215106
30,90,180
-521814350.2907329,109604985.0600497,48656971.77353609,-15985971.75300299,1707378.447388539,-92721.38996180825,-2578.080600516025,-8.757016216943693
60,90,180
-521814247.0094333,109604889.7850338,48657006.90715665,-15985978.32170914,1707379.096936154,-92721.42191175584,-2578.079974615322,-8.757016483774558
90,90,180
-521814259.8639046,109604898.3612197,48657005.31274574,-15985978.42658276,1707379.166393019,-92721.43003522437,-2578.079656816081,-8.757016736631542
