T	2->0	4->0	6->0	8->0	10->0	4->2	6->2	8->2	10->2	6->4	8->4	10->4	8->6	10->6	10->8	
1.000000000000000000e+00 4.222340073659814334e-12 2.148804987830079490e-13 2.250015281415547122e-14 7.763718840999331141e-17 1.000094524257783609e-17 4.699195242747449717e-12 5.443723175733734010e-13 2.989206197680666706e-15 3.556505436105128470e-16 1.462193965967077250e-11 4.327434602462189022e-14 6.735889594913552638e-15 8.530536038016645837e-13 8.200630834999197833e-14 1.087710185857820225e-12
2.000000000000000000e+00 7.538852143584930371e-12 2.033119804595605164e-13 2.036150424349513192e-14 1.349530711892174222e-16 1.492379215532809731e-17 4.964646160037373114e-12 5.083491692981689918e-13 5.058080950903011612e-15 5.352490929005968166e-16 1.376246531950749019e-11 7.440406823208912932e-14 1.020489952154225927e-14 1.506961872629462271e-12 1.259491192159717354e-13 1.732249688419286282e-12
3.000000000000000000e+00 1.161416385403644960e-11 2.077703674796323256e-13 2.001156944376426713e-14 1.612142622272450383e-16 1.714032689927143754e-17 5.380305940261232484e-12 5.070582753997329874e-13 5.986432197675847874e-15 6.149931942622556810e-16 1.374175257752577536e-11 8.854075670729866738e-14 1.174319212538753209e-14 1.810261221800983291e-12 1.458811128707268777e-13 2.046269179909223082e-12
4.000000000000000000e+00 1.520372472820312815e-11 2.152102414002666598e-13 2.001694614160102820e-14 1.753215884899459057e-16 1.841390311545258260e-17 5.734257729203725959e-12 5.090122042782467166e-13 6.460699696586851594e-15 6.589760234506790921e-16 1.375551396298166235e-11 9.567563203307424283e-14 1.256440968550281308e-14 1.956742164699421991e-12 1.564818269516446048e-13 2.217020409988875565e-12
5.000000000000000000e+00 1.799975457259771617e-11 2.232446287984987062e-13 2.008244093356573217e-14 1.843224060671480237e-16 1.927070455166892131e-17 6.040747882103182955e-12 5.097871603175358238e-13 6.737878919382110439e-15 6.873076368846272107e-16 1.371520211711507608e-11 9.970571054635481524e-14 1.306324968547305886e-14 2.031747896347126492e-12 1.627589397169689192e-13 2.317012745001190858e-12
6.000000000000000000e+00 2.003499792382258571e-11 2.312114380501303434e-13 2.010722327284601645e-14 1.910075978152090077e-16 1.992280779298244583e-17 6.319465253455133838e-12 5.083696212739678280e-13 6.922249058564967539e-15 7.080624922109855793e-16 1.361052396594862292e-11 1.022371012023350469e-13 1.340139730202252822e-14 2.071670029951712982e-12 1.668207647666291932e-13 2.378830554262802774e-12
7.000000000000000000e+00 2.144183394503074436e-11 2.388726861361932427e-13 2.005092627431062873e-14 1.966262069429592279e-16 2.047229368240866858e-17 6.582136271034568373e-12 5.045194617238563380e-13 7.061197338860160803e-15 7.250380509691407668e-16 1.344344410422704183e-11 1.040075262841972453e-13 1.365560892739912603e-14 2.093408378371963734e-12 1.696853879003613436e-13 2.418868321078402161e-12
8.000000000000000000e+00 2.236237028023071853e-11 2.461357644813989516e-13 1.990463266591768236e-14 2.017965478151204241e-16 2.097387942692726484e-17 6.834776879984192429e-12 4.983967762618218506e-13 7.178292299976197420e-15 7.402116418896053179e-16 1.322188474909994320e-11 1.053871683513830054e-13 1.386592372145062254e-14 2.105464823354363102e-12 1.718899877448026790e-13 2.446039801450523234e-12
9.000000000000000000e+00 2.291898922081074442e-11 2.529652033491882503e-13 1.967619241310379247e-14 2.068493518479065890e-16 2.145916196287318965e-17 7.079962987893808818e-12 4.903741128273223061e-13 7.286064964345769847e-15 7.546882228585508567e-16 1.295689473932640595e-11 1.065743566347071775e-13 1.405461288752851465e-14 2.112388257036149195e-12 1.737357779084340396e-13 2.465468244227254528e-12
1.000000000000000000e+01 2.320849035700533687e-11 2.593465166142439026e-13 1.938068905531626533e-14 2.119724862798020232e-16 2.194748088243008714e-17 7.318219161134135192e-12 4.808955422977289879e-13 7.391506436614105582e-15 7.691185306943159559e-16 1.266015451036520972e-11 1.076804344924773300e-13 1.423464326447684866e-14 2.116723851628630266e-12 1.753991446250459663e-13 2.480222566092204246e-12
1.100000000000000000e+01 2.330445056591030375e-11 2.652711018267805902e-13 1.903486425423759853e-14 2.172780048956297745e-16 2.245128214878892851e-17 7.548877726183666315e-12 4.703908651845041831e-13 7.498650543944629123e-15 7.839018638078341909e-16 1.234239343043074833e-11 1.087699041595858590e-13 1.441381450897191682e-14 2.119939346026856820e-12 1.769865976036235022e-13 2.492199116426211683e-12
1.200000000000000000e+01 2.326168356131497121e-11 2.707314153577960829e-13 1.865431899003013286e-14 2.228356844779291668e-16 2.297895924957532729e-17 7.770656295875425651e-12 4.592347837708062459e-13 7.609876611917995712e-15 7.992916306049680799e-16 1.201267526883883544e-11 1.098808085965667581e-13 1.459692332603388104e-14 2.122895613244300249e-12 1.785637629976021494e-13 2.502596736286508264e-12
1.300000000000000000e+01 2.312059571254506135e-11 2.757208618105349161e-13 1.825238219034159234e-14 2.286908685212580619e-16 2.353644302915677630e-17 7.982059161357371496e-12 4.477341241767305824e-13 7.726605340761154128e-15 8.154534436071708550e-16 1.167824389346056166e-11 1.110356932286752124e-13 1.478695810058205108e-14 2.126099207471770548e-12 1.801714933118130437e-13 2.512185202931585927e-12
1.400000000000000000e+01 2.291079831080153477e-11 2.802352658217221378e-13 1.783986525752881924e-14 2.348744404560004031e-16 2.412813216554984120e-17 8.181646021472101048e-12 4.361296896873084854e-13 7.849687898003353944e-15 8.324985876336327184e-16 1.134465697737693956e-11 1.122477828950765800e-13 1.498578797019285171e-14 2.129844136627933637e-12 1.818352092213012158e-13 2.521463062470623166e-12
1.500000000000000000e+01 2.265391118123317490e-11 2.842743568003316321e-13 1.742523226632280036e-14 2.414086156443364253e-16 2.475745847048157107e-17 8.368195109042946287e-12 4.246044214600263030e-13 7.979631484566966230e-15 8.505040424511761927e-16 1.101603458019233759e-11 1.135245947641732806e-13 1.519457504461848654e-14 2.134294418876434347e-12 1.835705136492099286e-13 2.530753592024955374e-12
1.600000000000000000e+01 2.236567273089576366e-11 2.878426660077628714e-13 1.701492980561985831e-14 2.483104037991989986e-16 2.542724110897781510e-17 8.540785436320266158e-12 4.132933692687295109e-13 8.116733831239308920e-15 8.695248392416964038e-16 1.069532955612544002e-11 1.148701141982610024e-13 1.541402854232734595e-14 2.139533599528017862e-12 1.853866678172180755e-13 2.540264828683826927e-12
1.700000000000000000e+01 2.205750468141696421e-11 2.909497518690743145e-13 1.661374837123261737e-14 2.555937223459159391e-16 2.613991418241810620e-17 8.698821534636704580e-12 4.022933153574711813e-13 8.261165122592172661e-15 8.896018796973307909e-16 1.038457663327536065e-11 1.162861347098446883e-13 1.564456534856804408e-14 2.145595158113606312e-12 1.872887971794617522e-13 2.550128035941849248e-12
1.800000000000000000e+01 2.173766441536503155e-11 2.936098897794950806e-13 1.622515762078671993e-14 2.632707041509823939e-16 2.689767581666178067e-17 8.842020882824141089e-12 3.916711777896324441e-13 8.413018672746718838e-15 9.107669815728367477e-16 1.008510430490788913e-11 1.177730967162660978e-13 1.588641343105247248e-14 2.152481525076251072e-12 1.892793194575890850e-13 2.560422856778250486e-12
1.900000000000000000e+01 2.141209116069958501e-11 2.958414190743543008e-13 1.585159420733796532e-14 2.713525124653898645e-16 2.770258715136501061e-17 8.970379857591539238e-12 3.814709665597155980e-13 8.572342586326746015e-15 9.330461807955225822e-16 9.797707177465229099e-12 1.193306183742129546e-13 1.613967942024855321e-14 2.160176137647292253e-12 1.913588835419924359e-13 2.571194039776779478e-12
2.000000000000000000e+01 2.108502681446744389e-11 2.976659208746877200e-13 1.549469852809416272e-14 2.798498488723991445e-16 2.855663844663838378e-17 9.084129599759486087e-12 3.717193616323148923e-13 8.739159630844585115e-15 9.564619100829649122e-16 9.522782325128507910e-12 1.209578335731012899e-13 1.640439319726729996e-14 2.168651153581604721e-12 1.935269938321149582e-13 2.582462714833270354e-12
2.100000000000000000e+01 2.075947146954480590e-11 2.991073563452589689e-13 1.515550444971067918e-14 2.887732673377413796e-16 2.946179295171146071e-17 9.183689365262061941e-12 3.624300962537521270e-13 8.913479693513684184e-15 9.810344364077117131e-16 9.260435219018888565e-12 1.226536073588678967e-13 1.668053743429429760e-14 2.177872410638968898e-12 1.957824283706160590e-13 2.594234077180348608e-12
2.200000000000000000e+01 2.043751781729997308e-11 3.001912497117277290e-13 1.483458881727927133e-14 2.981333645151452424e-16 3.042001519198070308e-17 9.269621970208956731e-12 3.536073548237104365e-13 9.095307521459441117e-15 1.006782797606315624e-15 9.010560979292769794e-12 1.244166725915922205e-13 1.696806711098967823e-14 2.187802615563059018e-12 1.981235195751686811e-13 2.606502666154219568e-12
2.300000000000000000e+01 2.012059676576886497e-11 3.009439635438335164e-13 1.453218793723762324e-14 3.079408903812341093e-16 3.143328785744212031e-17 9.342593823263590238e-12 3.452483814643405940e-13 9.284647437289606830e-15 1.033725391372335344e-15 8.772906108528609957e-12 1.262457155955416799e-13 1.726692224164208708e-14 2.198403383143971918e-12 2.005483421193406416e-13 2.619256010740200721e-12
2.400000000000000000e+01 1.980965791814347026e-11 3.013920872834788958e-13 1.424828759282344981e-14 3.182068070591893881e-16 3.250361993423006517e-17 9.403340623245591678e-12 3.373454678718875799e-13 9.481506103124742367e-15 1.061880315660001416e-15 8.547115032039271461e-12 1.281394286199793152e-13 1.757703592951318574e-14 2.209636522807034212e-12 2.030548373017898938e-13 2.632477152870561566e-12
2.500000000000000000e+01 1.950530220451418770e-11 3.015619426154086894e-13 1.398269217231386672e-14 3.289423134089184888e-16 3.363304777862475074e-17 9.452638913859018747e-12 3.298874587919439116e-13 9.685894018914051084e-15 1.091265525616031635e-15 8.332764936989489563e-12 1.300965406582322419e-13 1.789833915471086809e-14 2.221464830453040833e-12 2.056408935196305086e-13 2.646146391774299026e-12
2.600000000000000000e+01 1.920787932830654177e-11 3.014791989328864585e-13 1.373507747774799735e-14 3.401588463467258842e-16 3.482363028604273697e-17 9.491283175498364342e-12 3.228608855781979209e-13 9.897826194904506850e-15 1.121898851128305344e-15 8.129391664940104560e-12 1.321158341575827300e-13 1.823076324663060296e-14 2.233852554368176910e-12 2.083043961518766988e-13 2.660242483150888513e-12
2.700000000000000000e+01 1.891755931134627250e-11 3.011685867599209512e-13 1.350503086695321636e-14 3.518680655740505207e-16 3.607743902193169804e-17 9.520067872454473874e-12 3.162508145457287315e-13 1.011732228022858790e-14 1.153797906317827952e-15 7.936508799467043441e-12 1.341961525519181235e-13 1.857424069856903484e-14 2.246765646664447132e-12 2.110432560141080862e-13 2.674743454328513707e-12
2.800000000000000000e+01 1.863438495564875263e-11 3.006536948543360979e-13 1.329208160758092504e-14 3.640818256381850293e-16 3.739654406226313323e-17 9.539773771274035623e-12 3.100414774521746064e-13 1.034440632763049087e-14 1.186979914801382206e-15 7.753621598378521576e-12 1.363364018504308684e-13 1.892870479243473954e-14 2.260171874278866853e-12 2.138554227948337695e-13 2.689627147793525697e-12
2.900000000000000000e+01 1.835831023686444346e-11 2.999568365726932821e-13 1.309572369052871574e-14 3.768121375201212415e-16 3.878299626885650113e-17 9.551157838799434736e-12 3.042167360277467722e-13 1.057910630861836605e-14 1.221461470295238159e-15 7.580237033264784702e-12 1.385355484007946817e-13 1.929408837826643537e-14 2.274040838898361700e-12 2.167388880398473880e-13 2.704871572320484585e-12
3.000000000000000000e+01 1.808922832334815455e-11 2.990989720555159826e-13 1.291543284660359762e-14 3.900711209258942697e-16 4.023880674817840132e-17 9.554946073964691324e-12 2.987604204100871897e-13 1.082145345139520950e-14 1.257258249739414948e-15 7.415870899157293291e-12 1.407926142128771019e-13 1.967032207217661567e-14 2.288343938808395128e-12 2.196916809991718500e-13 2.720455118130781915e-12
3.100000000000000000e+01 1.782699194531947774e-11 2.980996743155831439e-13 1.275067911431661701e-14 4.038709479320436071e-16 4.176592427586891523e-17 9.551828698461650209e-12 2.936565719905088992e-13 1.107148144778402536e-14 1.294384694673841401e-15 7.260052726432215476e-12 1.431066707496061408e-13 2.005733208141209187e-14 2.303054294737999610e-12 2.227118597874090144e-13 2.736356676645849468e-12
3.200000000000000000e+01 1.757142812575338393e-11 2.969771290253251800e-13 1.260093599814597170e-14 4.182237784489583327e-16 4.336621149013687151e-17 9.542457211188467698e-12 2.888896139797442989e-13 1.132922555973377335e-14 1.332853675500367848e-15 7.112329050706746371e-12 1.454768317802984685e-13 2.045503782610191401e-14 2.318146654454720864e-12 2.257974996985655983e-13 2.752555694232957433e-12
3.300000000000000000e+01 1.732234875963672046e-11 2.957481594916768190e-13 1.246568701759798143e-14 4.331416880024383448e-16 4.504142065283263121e-17 9.527442890252904833e-12 2.844444674816207190e-13 1.159472164728065890e-14 1.372676152169665043e-15 6.972265462034164779e-12 1.479022456922182492e-13 2.086334949739083800e-14 2.333597285949649994e-12 2.289466800733000373e-13 2.769032181377399762e-12
3.400000000000000000e+01 1.707955814094662060e-11 2.944282698654623444e-13 1.234443026297908909e-14 4.486365885046538572e-16 4.679316974300427874e-17 9.507356399064848421e-12 2.803066266411560870e-13 1.186800513555648243e-14 1.413860843567502264e-15 6.839447752432933886e-12 1.503820875304644751e-13 2.128216566706137801e-14 2.349383865752459669e-12 2.321574707834889830e-13 2.785766692959085343e-12
3.500000000000000000e+01 1.684285825061127737e-11 2.930317010062431385e-13 1.223668143185571759e-14 4.647201429217226339e-16 4.862291958534827502e-17 9.482728217375564193e-12 2.764622032088615182e-13 1.214910993683644524e-14 1.456413916389191567e-15 6.713482403070443500e-12 1.529155509587236604e-13 2.171137104218870309e-14 2.365485366700572592e-12 2.354279191399522447e-13 2.802740291095060627e-12
3.600000000000000000e+01 1.661205240709588190e-11 2.915714945982298374e-13 1.214197571110697550e-14 4.814036749938832927e-16 5.053195263009392819e-17 9.454049673350588433e-12 2.728979484017645813e-13 1.243806734348019189e-14 1.500338702608878658e-15 6.593996593394277830e-12 1.555018402864444730e-13 2.215083443872776009e-14 2.381881948000306883e-12 2.387560378214742425e-13 2.819934498880192385e-12
3.700000000000000000e+01 1.638694772455790353e-11 2.900595620949759687e-13 1.205986878572930693e-14 4.986980753878428226e-16 5.252135389829763251e-17 9.421774399191986577e-12 2.696012580634921154e-13 1.273490490809874446e-14 1.545635452838715610e-15 6.480637869675426811e-12 1.581401626797076523e-13 2.260040702976187179e-14 2.398554849421503571e-12 2.421397942529877584e-13 2.837331251009178828e-12
3.800000000000000000e+01 1.616735670737956259e-11 2.885067558774934637e-13 1.198993719126977561e-14 5.166137058341850571e-16 5.459199449458388826e-17 9.386320071231808181e-12 2.665601656923892916e-13 1.303964532782079348e-14 1.592301131015091671e-15 6.373073576380590361e-12 1.608297206555147934e-13 2.305992090738737950e-14 2.415486290798681695e-12 2.455771017194417618e-13 2.854912845483582575e-12
3.900000000000000000e+01 1.595309822375495559e-11 2.869229406639833444e-13 1.193177817741047841e-14 5.351603029115170295e-16 5.674451797494933600e-17 9.348070326783015636e-12 2.637633268123830445e-13 1.335230534979049380e-14 1.640329254028147927e-15 6.270990127929049973e-12 1.635697049472263920e-13 2.352918798198548047e-14 2.432659377561403439e-12 2.490658123842562822e-13 2.872661899252097748e-12
4.000000000000000000e+01 1.574399803710604235e-11 2.853170637322386605e-13 1.188500921230533040e-14 5.543468831781301706e-16 5.897932974625199000e-17 9.307376775376548151e-12 2.611999973254980773e-13 1.367289471482599339e-14 1.689709778198837912e-15 6.174092178745448815e-12 1.663592878192118485e-13 2.400799922910626059e-14 2.450058012710717220e-12 2.526037122840617106e-13 2.890561309598370070e-12
4.100000000000000000e+01 1.553988902668430954e-11 2.836972229293960344e-13 1.184926722809424524e-14 5.741816513230847012e-16 6.129658957105520918e-17 9.264561042301197452e-12 2.588600078461480090e-13 1.400141515543729747e-14 1.740429032960590184e-15 6.082101734600472144e-12 1.691976168995534394e-13 2.449612428249632526e-14 2.467666815447578448e-12 2.561885182922939616e-13 2.908594222304697652e-12
4.200000000000000000e+01 1.534061119353810331e-11 2.820707317673969260e-13 1.182420768552761475e-14 5.946719129185577715e-16 6.369620715986266219e-17 9.219916798469047344e-12 2.567337355287665459e-13 1.433785946316222066e-14 1.792469700758040672e-15 5.994757236905695181e-12 1.720838095899401989e-13 2.499331136201830339e-14 2.485471046510499520e-12 2.598178769813306486e-13 2.926744007028214386e-12
4.300000000000000000e+01 1.514601152194542039e-11 2.804441811530158550e-13 1.180950351824704700e-14 6.158239932140648485e-16 6.617784075446466362e-17 9.173711743313108577e-12 2.548120745263767356e-13 1.468221063849885122e-14 1.845810841053998788e-15 5.911812643038123984e-12 1.750169481013579378e-13 2.549928751733585333e-14 2.503456540171811491e-12 2.634893652645362152e-13 2.944994239887735980e-12
4.400000000000000000e+01 1.495594374709648814e-11 2.788234974928718750e-13 1.180484400378057291e-14 6.376431632324126478e-16 6.874089854202210490e-17 9.126189517333303998e-12 2.530864059312050064e-13 1.503444113469223972e-14 1.900427955443551610e-15 5.833036519262586380e-12 1.779960751529025035e-13 2.601375916220569873e-14 2.521609642761373959e-12 2.672004926642384514e-13 2.963328692943207198e-12
4.500000000000000000e+01 1.477026806552798543e-11 2.772139970582941888e-13 1.180993359780179485e-14 6.601335742191724474e-16 7.138454268964406856e-17 9.077571528582931747e-12 2.515485678287631915e-13 1.539451220438321703e-14 1.956293090204772040e-15 5.758211157900311775e-12 1.810201903592598767e-13 2.653641286989960670e-14 2.539917157524344152e-12 2.709487050276540264e-13 2.981731330030439135e-12
4.600000000000000000e+01 1.458885081427330887e-11 2.756204366020596911e-13 1.182449075997303796e-14 6.832982012737358468e-16 7.410769575290346021e-17 9.028058683279360456e-12 2.501908259282314366e-13 1.576237335576029464e-14 2.013374972153784832e-15 5.687131726683371927e-12 1.840882473205059513e-13 2.706691639750833697e-14 2.558366295570837598e-12 2.747313894985556773e-13 3.000186308271741348e-12
4.700000000000000000e+01 1.441156413694203962e-11 2.740470602968041347e-13 1.184824679320938729e-14 7.071387967611959760e-16 7.690904918783435622e-17 8.977833015195295373e-12 2.490058451024922932e-13 1.613796192247373417e-14 2.071639173396815756e-15 5.619605455449213765e-12 1.871991514162490151e-13 2.760491990545994429e-14 2.576944632636499071e-12 2.785458805464304883e-13 3.018677984501477011e-12
4.800000000000000000e+01 1.423828564926271048e-11 2.724976431197698120e-13 1.188094471306208280e-14 7.316558538794400424e-16 7.978707368303004308e-17 8.927059211839368731e-12 2.479866620716720337e-13 1.652120274926215771e-14 2.131048300458827237e-15 5.555450863248954908e-12 1.903517582951339589e-13 2.815005733831164302e-14 2.595640071342444901e-12 2.823894668555595154e-13 3.037190925811040933e-12
4.900000000000000000e+01 1.406889811248336398e-11 2.709755308456606140e-13 1.192233815981944859e-14 7.568485805422693181e-16 8.274003102492481593e-17 8.875886037906436277e-12 2.471266593875870074e-13 1.691200799307842282e-14 2.191562203291321023e-15 5.494497027399750278e-12 1.935448730406485773e-13 2.870194793354120418e-14 2.614440808619588290e-12 2.862593988824548505e-13 3.055709923419032141e-12
5.000000000000000000e+01 1.390328912002700280e-11 2.694836768328568248e-13 1.197219036263130405e-14 7.827148835426887942e-16 8.576598721357593928e-17 8.824447658262266369e-12 2.464195408177753520e-13 1.731027703753600387e-14 2.253138199795315537e-15 5.436582894877926700e-12 1.967772499852377225e-13 2.926019782647293707e-14 2.633335307945326135e-12 2.901528969001638669e-13 3.074220009100185707e-12
5.100000000000000000e+01 1.374135080064737734e-11 2.680246758013656260e-13 1.203027316230437311e-14 8.092513627846743975e-16 8.886282655669794009e-17 8.772864863977796758e-12 2.458593081827697800e-13 1.771589651676694788e-14 2.315731311714711079e-15 5.381556635627758291e-12 2.000475931370916446e-13 2.982440172144398357e-14 2.652312276029438526e-12 2.940671593609835740e-13 3.092706473453329412e-12
5.200000000000000000e+01 1.358297953980361367e-11 2.666007948062467340e-13 1.209636609725881375e-14 8.364533152191484274e-16 9.202826648487870500e-17 8.721246205767292708e-12 2.454402396658470725e-13 1.812874044330872278e-14 2.379294508038056810e-15 5.329275036776032433e-12 2.033545571777061717e-13 3.039414460168417588e-14 2.671360643580319535e-12 2.979993714241392430e-13 3.111154885348007363e-12
5.300000000000000000e+01 1.342807571990528538e-11 2.652140016098897402e-13 1.217025555538073966e-14 8.643147479917790142e-16 9.525987284951815290e-17 8.669689039710007924e-12 2.451568695883204870e-13 1.854867043342877923e-14 2.443778952373373856e-15 5.279602936337747343e-12 2.066967489834325742e-13 3.096900345300926523e-14 2.690469549782082022e-12 3.019467135111796407e-13 3.129551111956658220e-12
5.400000000000000000e+01 1.327654347934917094e-11 2.638659906520131958e-13 1.225173399307437561e-14 8.928284002065987730e-16 9.855507548592350663e-17 8.618280490422018529e-12 2.450039696236965317e-13 1.897553602234910217e-14 2.509134251113992130e-15 5.232412694729264369e-12 2.100727296207040226e-13 3.154854897918905221e-14 2.709628330116886640e-12 3.059063697685187672e-13 3.147881338850146649e-12
5.500000000000000000e+01 1.312829048978426398e-11 2.625582068088595782e-13 1.234059922165334078e-14 9.219857726295554066e-16 1.019111838461984662e-16 8.567098336954479200e-12 2.449765314093115318e-13 1.940917506113753079e-14 2.575308699579148889e-15 5.187583702238495040e-12 2.134810167623625337e-13 3.213234728965440604e-14 2.728826507174756823e-12 3.098755363332029660e-13 3.166132089706211008e-12
5.600000000000000000e+01 1.298322775073453044e-11 2.612918671237164764e-13 1.243665376026653082e-14 9.517771645986076269e-16 1.053254025292671263e-16 8.516211826673405729e-12 2.450697505033183414e-13 1.984941418657133447e-14 2.642249523679836126e-15 5.145001920511603178e-12 2.169200874714248566e-13 3.271996154296952075e-14 2.748053784104561268e-12 3.138514293141543609e-13 3.184290245250652947e-12
5.700000000000000000e+01 1.284126940052880623e-11 2.600679806803426310e-13 1.253970425379481286e-14 9.821917173699160259e-16 1.087948465579248201e-16 8.465682422260572205e-12 2.452790116272691465e-13 2.029606935502845361e-14 2.709903115018586694e-15 5.104559456082072340e-12 2.203883812985655666e-13 3.331095353215760637e-14 2.767300040374123608e-12 3.178312924165385149e-13 3.202343061118021126e-12
5.800000000000000000e+01 1.270233254239698830e-11 2.588873667796723571e-13 1.264956095355178018e-14 1.013217463111016147e-15 1.123165562746999969e-16 8.415564486793921279e-12 2.455998751293860749e-13 2.074894643139982293e-14 2.778215257674953646e-15 5.066154163976260673e-12 2.238843036404538438e-13 3.390488520048550629e-14 2.786555329524127359e-12 3.218124041512886434e-13 3.220278184381231268e-12
5.900000000000000000e+01 1.256633708456445948e-11 2.577506715687339260e-13 1.276603725815142513e-14 1.044841378749211713e-15 1.158875117491605879e-16 8.365905911640392036e-12 2.460280646004166590e-13 2.120784182411606396e-14 2.847131345250915289e-15 5.029689279467651091e-12 2.274062293076952880e-13 3.450132007865308656e-14 2.805809878619042069e-12 3.257920845850558723e-13 3.238083668557014249e-12
6.000000000000000000e+01 1.243320559319107084e-11 2.566583832593375894e-13 1.288894931154833423e-14 1.077049443894550202e-15 1.195046466088311774e-16 8.316748691641038336e-12 2.465594555723282449e-13 2.167254315761797174e-14 2.916596587049051140e-15 4.995073076111429232e-12 2.309525062533700372e-13 3.509982463647720281e-14 2.825054089118125928e-12 3.297677015978414264e-13 3.255747986946007685e-12
6.100000000000000000e+01 1.230286315704423187e-11 2.556108460630168041e-13 1.301811565499639195e-14 1.109826702079269450e-15 1.231648612239245735e-16 8.268129451800324995e-12 2.471900652296768016e-13 2.214282997394820242e-14 2.986556202528976885e-15 4.962218548264858009e-12 2.345214594158996270e-13 3.569996954409703850e-14 2.844278538910346213e-12 3.337366766262876206e-13 3.273260044212530433e-12
6.200000000000000000e+01 1.217523726285528232e-11 2.546082729580650522e-13 1.315335692949484757e-14 1.143157324587437688e-15 1.268650351925239545e-16 8.220079929417790913e-12 2.479160430640444282e-13 2.261847445557743680e-14 3.056955603433060618e-15 4.931043116382258446e-12 2.381113946330814208e-13 3.630133083945379980e-14 2.863473985278234471e-12 3.376964898800520240e-13 3.290609186149576139e-12
6.300000000000000000e+01 1.205025768037840979e-11 2.536507573944231758e-13 1.329449562518465200e-14 1.177024676187566679e-15 1.306020390876423971e-16 8.172627415327692896e-12 2.487336624032468640e-13 2.309924216208125945e-14 3.127740563190878577e-15 4.901468353462035178e-12 2.417206025874977944e-13 3.690349100031709868e-14 2.882631368576911234e-12 3.416446850269011461e-13 3.307785207609518435e-12
6.400000000000000000e+01 1.192785635624547489e-11 2.527382840327021821e-13 1.344135587411271323e-14 1.211411382125472157e-15 1.343727454407351343e-16 8.125795157645970884e-12 2.496393127489193072e-13 2.358489277383401549e-14 3.198857373403751157e-15 4.873419731114799283e-12 2.453473627470458928e-13 3.750603992044911031e-14 2.901741816435621098e-12 3.455788733492070864e-13 3.324778358610888534e-12
6.500000000000000000e+01 1.180796731578540618e-11 2.518707386047896132e-13 1.359376328278635891e-14 1.246299395782900142e-15 1.381740389477923249e-16 8.079602731167126223e-12 2.506294928584322564e-13 2.407518083646641739e-14 3.270252987376959485e-15 4.846826383813373334e-12 2.489899472679311392e-13 3.810857579062609094e-14 2.920796648309545669e-12 3.494967373804650404e-13 3.341579348656357795e-12
6.600000000000000000e+01 1.169052657205002343e-11 2.510479169753145261e-13 1.375154480098861560e-14 1.281670066458042309e-15 1.420028258941657741e-16 8.034066375308699365e-12 2.517008045097734376e-13 2.456985650042942145e-14 3.341875150809494221e-15 4.821620889976355717e-12 2.526466248310886076e-13 3.871070588618836670e-14 2.939787380229459296e-12 3.533960340353807356e-13 3.358179349317588680e-12
6.700000000000000000e+01 1.157547204135873063e-11 2.502695334757218796e-13 1.391452862340721131e-14 1.317504206775768736e-15 1.458560428028717703e-16 7.989199303269582758e-12 2.528499468909501340e-13 2.506866625060597716e-14 3.413672519870995654e-15 4.797739068625486073e-12 2.563156643865434445e-13 3.931204726357828488e-14 2.958705729615688798e-12 3.572745972510724142e-13 3.374569995158906309e-12
6.800000000000000000e+01 1.146274346474017157e-11 2.495352285758060495e-13 1.408254412074154139e-14 1.353782159287153619e-15 1.497306643183666630e-16 7.945011984851035500e-12 2.540737115585432744e-13 2.557135362150303662e-14 3.485594766994722199e-15 4.775119790442541783e-12 2.599953387836666629e-13 3.991222736896460289e-14 2.977543620040612713e-12 3.611303401600967700e-13 3.390743383084546732e-12
6.900000000000000000e+01 1.135228233471056715e-11 2.488445759512689564e-13 1.425542179708555150e-14 1.390483861868870019e-15 1.536237103438226758e-16 7.901512405186259767e-12 2.553689779132166379e-13 2.607765989413188720e-14 3.557592674795882835e-15 4.753704802133487999e-12 2.636839282685850430e-13 4.051088456255795490e-14 2.996293185840712619e-12 3.649612568184305098e-13 3.406692070203722347e-12
7.000000000000000000e+01 1.124403182688465827e-11 2.481970890001425053e-13 1.443299327053528045e-14 1.427588911582474293e-15 1.575322524548492322e-16 7.858706301435748485e-12 2.567327091431953627e-13 2.658732477123655586e-14 3.629618218588328997e-15 4.733438563085526796e-12 2.673797238331193829e-13 4.110766856260772598e-14 3.014946776494602628e-12 3.687654235133049502e-13 3.422409070314491184e-12
7.100000000000000000e+01 1.113793673596684318e-11 2.475922268557374771e-13 1.461509127413374195e-14 1.465076626701079689e-15 1.614534196165253128e-16 7.816597379330968785e-12 2.581619485899368525e-13 2.710008702805524752e-14 3.701624638021293426e-15 4.714268093376692113e-12 2.710810304025561702e-13 4.170224081335328405e-14 3.033496960697869716e-12 3.725409996769799806e-13 3.437887849111720281e-12
7.200000000000000000e+01 1.103394341571658964e-11 2.470293999390913710e-13 1.480154967443800301e-14 1.502926106655880630e-15 1.653844032336402557e-16 7.775187511287681075e-12 2.596538164933830228e-13 2.761568513629154020e-14 3.773566498393368943e-15 4.696142832267122000e-12 2.747861698522625879e-13 4.229427478139064738e-14 3.051936530078523063e-12 3.762862284332485208e-13 3.453122318226605969e-12
7.300000000000000000e+01 1.093199972252479582e-11 2.465079750896719714e-13 1.499220350517153415e-14 1.541116289697270645e-15 1.693224615662842977e-16 7.734476917661931162e-12 2.612055070772847530e-13 2.813385785943171917e-14 3.845399742224944096e-15 4.679014506366747828e-12 2.784934838456531278e-13 4.288345618502820135e-14 3.070258502508787733e-12 3.799994368037349818e-13 3.468106828205755465e-12
7.400000000000000000e+01 1.083205496227539271e-11 2.460272803092872918e-13 1.518688901360458585e-14 1.579626008104581934e-15 1.732649235444951572e-16 7.694464332585311633e-12 2.628142859380979876e-13 2.865434481796659429e-14 3.917081731684321990e-15 4.662837006735316761e-12 2.822013364882805766e-13 4.346948316124643326e-14 3.088456124979585576e-12 3.836790356009829801e-13 3.482836160536756223e-12
7.500000000000000000e+01 1.073405984020087184e-11 2.455866091507447203e-13 1.538544371748562687e-14 1.618434040814736149e-15 1.772091920166308758e-16 7.655147155691357358e-12 2.644774877038466698e-13 2.917688702346314082e-14 3.988571282468373196e-15 4.647566274227952537e-12 2.859081167948722034e-13 4.405206637486359669e-14 3.106522876013627868e-12 3.873235190349432952e-13 3.497305518825020805e-12
7.600000000000000000e+01 1.063796641347086296e-11 2.451852247797439349e-13 1.558770647052455233e-14 1.657519163373271305e-15 1.811527464666039420e-16 7.616521590930527270e-12 2.661925139321293248e-13 2.970122738078189262e-14 4.059828689736932028e-15 4.633160192452802208e-12 2.896122409679642037e-13 4.463092907444777431e-14 3.124452467601478795e-12 3.909314640588738332e-13 3.511510519223533784e-12
7.700000000000000000e+01 1.054372804628014135e-11 2.448223637357424155e-13 1.579351753460193759e-14 1.696860195141251748e-15 1.850931452351360085e-16 7.578582773566738126e-12 2.679568312190879512e-13 3.022711115805031805e-14 4.130815746692559759e-15 4.619578487756931999e-12 2.933121544884073818e-13 4.520580709941479592e-14 3.142238846652362388e-12 3.945015294798464751e-13 3.525447180213206929e-12
7.800000000000000000e+01 1.045129936722690437e-11 2.444972394150887046e-13 1.600271865704727557e-14 1.736436043718664268e-15 1.890280272798647870e-16 7.541324886353078552e-12 2.697679694936633500e-13 3.075428642428337242e-14 4.201495756384773642e-15 4.606782635702682935e-12 2.970063340194374618e-13 4.577644884262030916e-14 3.159876195957968496e-12 3.980324548581042592e-13 3.539111911827057215e-12
7.900000000000000000e+01 1.036063622879377503e-11 2.442090452975232353e-13 1.621515315149063733e-14 1.776225746569021906e-15 1.929551135085027579e-16 7.504741265797240180e-12 2.716235204738277050e-13 3.128250445478954905e-14 4.271833537301410174e-15 4.594735773539395992e-12 3.006932891272387317e-13 4.634261517259773369e-14 3.177358934673080264e-12 4.015230592184353579e-13 3.552501504406559665e-12
8.000000000000000000e+01 1.027169566876343246e-11 2.439569579351886596e-13 1.643066598094703299e-14 1.816208509851260528e-15 1.968722077183760051e-16 7.468824499347942014e-12 2.735211362637020160e-13 3.181152010471711038e-14 4.341795423290123185e-15 4.583402618214918486e-12 3.043715638219840989e-13 4.690407931941869633e-14 3.194681718321588961e-12 4.049722395955795549e-13 3.565613116973288113e-12
8.100000000000000000e+01 1.018443587341781009e-11 2.437401397215465190e-13 1.664910384193910293e-14 1.856363744483705694e-15 2.007771971746039902e-16 7.433566514261226464e-12 2.754585280725411568e-13 3.234109215128192255e-14 4.411349258331012819e-15 4.572749389507795476e-12 3.080397379242243714e-13 4.746062672796352683e-14 3.211839438340460590e-12 4.083789694344640710e-13 3.578444265293615398e-12
8.200000000000000000e+01 1.009881614238546579e-11 2.435577414560341236e-13 1.687031524860205647e-14 1.896671099481125470e-15 2.046680528579706439e-16 7.398958658839867400e-12 2.774334650385068238e-13 3.287098360537827307e-14 4.480464386657680196e-15 4.562743737894830250e-12 3.116964282622475931e-13 4.801205488219181330e-14 3.228827221177545983e-12 4.117422968648330431e-13 3.590992809708831128e-12
8.300000000000000000e+01 1.001479685501496452e-11 2.434089047189001917e-13 1.709415061584439769e-14 1.937110492619781375e-15 2.085428294122033616e-16 7.364991776678983902e-12 2.794437731419399722e-13 3.340096199340769644e-14 4.549111638698882778e-15 4.553354676799722923e-12 3.153402897066213248e-13 4.855817310379868807e-14 3.245640426961791437e-12 4.150613428685666272e-13 3.603256942797558261e-12
8.400000000000000000e+01 9.932339438164542831e-12 2.432927640694151133e-13 1.732046234075868954e-14 1.977662138497160695e-15 2.123996648189739461e-16 7.331656274496512926e-12 2.814873341945052132e-13 3.393079961027264919e-14 4.617263313287350440e-15 4.544552518897186549e-12 3.189700160486179142e-13 4.909880232843641436e-14 3.262274647766556054e-12 4.183352993567391654e-13 3.615235176932002998e-12
8.500000000000000000e+01 9.851406335309087577e-12 2.432084490795357847e-13 1.754910488158882132e-14 2.018306574062885387e-15 2.162367798274727696e-16 7.298942184077542283e-12 2.835620848921133908e-13 3.446027374457133878e-14 4.684893156556122514e-15 4.536308816173315437e-12 3.225843407295797888e-13 4.963377486247526035e-14 3.278725705488376935e-12 4.215634271722283217e-13 3.626926331784343205e-12
8.600000000000000000e+01 9.771960976874976971e-12 2.431550862141094054e-13 1.777993483366389770e-14 2.059024681705303914e-15 2.200524771639215085e-16 7.266839218816214754e-12 2.856660159209286661e-13 3.498916687710103351e-14 4.751976337916713237e-15 4.528596303467273944e-12 3.261820374285499465e-13 5.016293412307369205e-14 3.294989649364727792e-12 4.247450540324751967e-13 3.638329521834442840e-12
8.700000000000000000e+01 9.693967751722007933e-12 2.431318005678096840e-13 1.801281100180371384e-14 2.099797709984647919e-15 2.238451405448919304e-16 7.235336825297781315e-12 2.877971711070611286e-13 3.551726685383106310e-14 4.818489423487508342e-15 4.521388845241597205e-12 3.297619205156598784e-13 5.068613436412786764e-14 3.311062753155107379e-12 4.278795724258255432e-13 3.649444143925225790e-12
8.800000000000000000e+01 9.617391979699241340e-12 2.431377174681962051e-13 1.824759446878801969e-14 2.140607292108556552e-15 2.276132335168075142e-16 7.204424230325947501e-12 2.899536466017143247e-13 3.604436703454435133e-14 4.884410347315370615e-15 4.514661385349004527e-12 3.333228453788674249e-13 5.120324039047719544e-14 3.326941512010271942e-12 4.309664374737466017e-13 3.660269864907297162e-12
8.900000000000000000e+01 9.542199885208440514e-12 2.431719639535713959e-13 1.848414865956098772e-14 2.181435462249430001e-15 2.313552981425433150e-16 7.174090483766458163e-12 2.921335900946328756e-13 3.657026641837187470e-14 4.949718380708776327e-15 4.508389899582357277e-12 3.368637086316554967e-13 5.171412726255500663e-14 3.342622639054629473e-12 4.340051647701383938e-13 3.670806609410109887e-12
9.000000000000000000e+01 9.468358571714784990e-12 2.432336701336621913e-13 1.872233940091369316e-14 2.222264669805430901e-15 2.350699535545948152e-16 7.144324497546815118e-12 2.943352000496592022e-13 3.709476974745603473e-14 5.014394099976711119e-15 4.502551350811711372e-12 3.403834482092691672e-13 5.221867999349240391e-14 3.358103061706687092e-12 4.369953282079164604e-13 3.681054547772564323e-12
9.100000000000000000e+01 9.395835997150086314e-12 2.433219704405706654e-13 1.896203497645245315e-14 2.263077791708465337e-15 2.387558943929040444e-16 7.115115081123625005e-12 2.965567249570911450e-13 3.761768758998204843e-14 5.078419352844680064e-15 4.497123646528222210e-12 3.438810433609820587e-13 5.271679324051318702e-14 3.373379917762195356e-12 4.399365578020770634e-13 3.691014084162227655e-12
9.200000000000000000e+01 9.324600950158500219e-12 2.434360047769121320e-13 1.920310617671849843e-14 2.303858142882937408e-15 2.424118891440776679e-16 7.086450973703359370e-12 2.987964625983171879e-13 3.813883640380868056e-14 5.141777223796943938e-15 4.492085598629196108e-12 3.473555145457486998e-13 5.320837099229260597e-14 3.388450551264157836e-12 4.428285375175194836e-13 3.700685844908472385e-12
9.300000000000000000e+01 9.254623027139088387e-12 2.435749195675795348e-13 1.944542634437616011e-14 2.344589484958808243e-15 2.460367783974423223e-16 7.058320873478537234e-12 3.010527593189178129e-13 3.865803858191542921e-14 5.204451998573222807e-15 4.487416885291921425e-12 3.508059232384314590e-13 5.369332625379850590e-14 3.403312508183215601e-12 4.456710031090425751e-13 3.710070667071522043e-12
9.400000000000000000e+01 9.185872610043502397e-12 2.437378687211466851e-13 1.968887141443260837e-14 2.385256033341547303e-15 2.496294730321477896e-16 7.030713464120064751e-12 3.033240093070548737e-13 3.917512248086137082e-14 5.266429128028027622e-15 4.483098014796033474e-12 3.542313716535934571e-13 5.417158072998777151e-14 3.417963531931236879e-12 4.484637399801140890e-13 3.719169587266157857e-12
9.500000000000000000e+01 9.118320844890495614e-12 2.439240145065206770e-13 1.993331994949241559e-14 2.425842462740057021e-15 2.531889523483516175e-16 7.003617438746632001e-12 3.056086538745385517e-13 3.968992243342430222e-14 5.327695191542017426e-15 4.479110291165423137e-12 3.576310023936221750e-13 5.464306450959328232e-14 3.432401558730028119e-12 4.512065810662537201e-13 3.727983830755909454e-12
9.600000000000000000e+01 9.051939620962183761e-12 2.441325283501028211e-13 2.017865317008546209e-14 2.466333911251610331e-15 2.567142621544059598e-16 6.977021521574328593e-12 3.079051807384603746e-13 4.020227874655695977e-14 5.388237860156956261e-15 4.475435781510895057e-12 3.610039980277071944e-13 5.510771575010825776e-14 3.446624712856243833e-12 4.538994047481687545e-13 3.736514800830841678e-12
9.700000000000000000e+01 8.986701550649635819e-12 2.443625915583817497e-13 2.042475498013727946e-14 2.506715983100426657e-15 2.602045128209098921e-16 6.950914487433008145e-12 3.102121233017263722e-13 4.071203768576164126e-14 5.448045859589172091e-15 4.472057284964103227e-12 3.643495806079348436e-13 5.556548036495550089e-14 3.460631301782520008e-12 4.565421327991222931e-13 3.744764068479579406e-12
9.800000000000000000e+01 8.922579949918047429e-12 2.446133959705851810e-13 2.067151198767730887e-14 2.546974750123770286e-15 2.636588773115027061e-16 6.925285179321224145e-12 3.125280599312168352e-13 4.121905144694657073e-14 5.507108933260819522e-15 4.468958303101962640e-12 3.676670111284956991e-13 5.601631171371655778e-14 3.474419811233907121e-12 4.591347283704162549e-13 3.752733362363906804e-12
9.900000000000000000e+01 8.859548819363883199e-12 2.448841445457348565e-13 2.091881352090265228e-14 2.587096752096400977e-15 2.670765891993385400e-16 6.900122524157541315e-12 3.148516132326356338e-13 4.172317811678611128e-14 5.565417805473652618e-15 4.466123011768471920e-12 3.709555889337184647e-13 5.646017029619310015e-14 3.487988900177577396e-12 4.616771940183057085e-13 3.760424559102271678e-12
1.000000000000000000e+02 8.797582825838556947e-12 2.451740518882002666e-13 2.116655163973415907e-14 2.627068995981012919e-15 2.704569406773128371e-16 6.875415546873803006e-12 3.171814493214199273e-13 4.222428162256570184e-14 5.622964144836494582e-15 4.463536234208196414e-12 3.742146510803716278e-13 5.689702345097703925e-14 3.501337395762806305e-12 4.641695697751678711e-13 3.767839673866629721e-12
