T	1->0	2->0	3->0	4->0	5->0	2->1	3->1	4->1	5->1	3->2	4->2	5->2	4->3	5->3	5->4	
1.000000000000000000e+00 6.403706348790411425e-12 1.391397988838044671e-13 3.945613670280459106e-14 2.808027671843724702e-14 2.067859850337194716e-15 1.550962001387009656e-12 8.450312828891486724e-13 2.152619365212864941e-14 1.180859653241620134e-14 3.695593097557778807e-13 2.313230777342203478e-13 1.786970130887467317e-14 2.136177074171132128e-13 1.005658232921917525e-13 1.452925016793302092e-13
2.000000000000000000e+00 4.460352390184737703e-12 1.388092425635073652e-13 3.078580327752890153e-14 2.810389551953670258e-14 2.242341486837850070e-15 1.551208450942214582e-12 6.439980127536228918e-13 2.157384744204778960e-14 1.291454900326369286e-14 2.911158320385746355e-13 2.393301684679398400e-13 1.943396237071450319e-14 2.278292697240044963e-13 1.104215239983542481e-13 1.614127173791082244e-13
3.000000000000000000e+00 3.592023962470552028e-12 1.442170858320287663e-13 2.722689137013764745e-14 2.683119212035875902e-14 2.277341082267945763e-15 1.519900769988766233e-12 5.617467451001786238e-13 2.060179625616088248e-14 1.316478098834202257e-14 2.550810042830617262e-13 2.314601802424221797e-13 1.975025950743019417e-14 2.222284402547103690e-13 1.126651489082184417e-13 1.655860563752545263e-13
4.000000000000000000e+00 3.147631285047821786e-12 1.500253264686708858e-13 2.542558152928202041e-14 2.596092344535998956e-14 2.280897779444444364e-15 1.472346740222467901e-12 5.199238885743189883e-13 1.993090521664634201e-14 1.321739660229910315e-14 2.357407550026058258e-13 2.252593042388835061e-13 1.978069887559095143e-14 2.167584013487731081e-13 1.130428613322034253e-13 1.664793699972769918e-13
5.000000000000000000e+00 2.896106357089433612e-12 1.533852717953671171e-13 2.442744107846522988e-14 2.545556752752786222e-14 2.284373219950761564e-15 1.413266592811267486e-12 4.963122602810330022e-13 1.953788782450906548e-14 1.326421952997828827e-14 2.244268539742279595e-13 2.214655790769149570e-13 1.980639578052337304e-14 2.130776366794828879e-13 1.132823013276234699e-13 1.668512560100689620e-13
6.000000000000000000e+00 2.746675202783723902e-12 1.541317542641547268e-13 2.387219970522008048e-14 2.521597155857895693e-14 2.295038684779050469e-15 1.347296539444336442e-12 4.826015050607629226e-13 1.934843387303922589e-14 1.335102600473306393e-14 2.176259259566545964e-13 2.195965046193568269e-13 1.989330723262713116e-14 2.110258955819950688e-13 1.138111741911664427e-13 1.674537302986898814e-13
7.000000000000000000e+00 2.657369553544373765e-12 1.529703376383023077e-13 2.359150954944322031e-14 2.517061679928809184e-14 2.313961650098814230e-15 1.278967472421090470e-12 4.749504478824326447e-13 1.930832398834782768e-14 1.348557854657775138e-14 2.136415993271132611e-13 2.191875521567684314e-13 2.005170436146028213e-14 2.102713726373720475e-13 1.147115125107581065e-13 1.684736061608284504e-13
8.000000000000000000e+00 2.606255407131473042e-12 1.506611384083205597e-13 2.349490947769280500e-14 2.527158878246775919e-14 2.340531195317320456e-15 1.211598649142832712e-12 4.713176360225912109e-13 1.938107305289460779e-14 1.366510406724293072e-14 2.115491862096961165e-13 2.198956655562381873e-13 2.027667175639680472e-14 2.105335877573730658e-13 1.159670540804966768e-13 1.699242055092066507e-13
9.000000000000000000e+00 2.580731248594716635e-12 1.477939497641424816e-13 2.352883193739393234e-14 2.548638486421400158e-14 2.373663100092528881e-15 1.147230002064621150e-12 4.705072073793936386e-13 1.954187992398969593e-14 1.388368098792150124e-14 2.107987236713875049e-13 2.214758381395420584e-13 2.055895516417599768e-14 2.116003278287907471e-13 1.175315712869676864e-13 1.717605029316071567e-13
1.000000000000000000e+01 2.572965540484507979e-12 1.447746078086684153e-13 2.365920477985895944e-14 2.579234553776403089e-14 2.412121433742380565e-15 1.086939530927781186e-12 4.717667323032267480e-13 1.977343886088651233e-14 1.413425031080631091e-14 2.110409961737846184e-13 2.237515728625058296e-13 2.088788940181094499e-14 2.133138013603257039e-13 1.193483755177379064e-13 1.739152736677038272e-13
1.100000000000000000e+01 2.577746419196592056e-12 1.418649052103854750e-13 2.386312715283055818e-14 2.617321657860214356e-14 2.454615552847077548e-15 1.031175341494806153e-12 4.745961631033095348e-13 2.006333389643849600e-14 1.440925058139881239e-14 2.120426725121759795e-13 2.265932973824687239e-13 2.125229240921901826e-14 2.155558804935666677e-13 1.213567003011168037e-13 1.763121497090063142e-13
1.200000000000000000e+01 2.591395934332671839e-12 1.392254333342729414e-13 2.412451150148397136e-14 2.661702595886032641e-14 2.499854785267292611e-15 9.800044913449366580e-13 4.786484912515705553e-13 2.040242231545890277e-14 1.470098949531885676e-14 2.136413549346326641e-13 2.299038877407145891e-13 2.164096118752568285e-14 2.182368721350099162e-13 1.234951103909591498e-13 1.788722512883257367e-13
1.300000000000000000e+01 2.611195287614913206e-12 1.369491023090547856e-13 2.443163652004833684e-14 2.711474352113439012e-14 2.546599461010525794e-15 9.332783468987355928e-13 4.836743142297717468e-13 2.078381070159607649e-14 1.500198890321258638e-14 2.157201621028060165e-13 2.336090621449613636e-13 2.204312412573303320e-14 2.212875721110514126e-13 1.257043226638310475e-13 1.815188871934593121e-13
1.400000000000000000e+01 2.635068473564025288e-12 1.350847778067305187e-13 2.477569422473699783e-14 2.765941180891425523e-14 2.593707213951193850e-15 8.907361461237766167e-13 4.894891007509125334e-13 2.120218909604453551e-14 1.530529622696732475e-14 2.181925750010300624e-13 2.376509379768249805e-13 2.244884749947603304e-14 2.246537229586850693e-13 1.279296070178937559e-13 1.841811487997282269e-13
1.500000000000000000e+01 2.661400226098163121e-12 1.336532193046420250e-13 2.514988726685005181e-14 2.824556704919429308e-14 2.640167923946133939e-15 8.520674667011443816e-13 4.959529390003328658e-13 2.165338641200374029e-14 1.560472127785289716e-14 2.209929970871928689e-13 2.419836336301731062e-13 2.284934136074444843e-14 2.282921294999077632e-13 1.301225475792035951e-13 1.867963964478423078e-13
1.600000000000000000e+01 2.688924790747652604e-12 1.326575987593855055e-13 2.554884677013493623e-14 2.886884327256878605e-14 2.685124137961993411e-15 8.169486831268111284e-13 5.029575099422431296e-13 2.213406596191690311e-14 1.589497913182276759e-14 2.240706537859388895e-13 2.465702058860694055e-13 2.323713846917128568e-14 2.321679024313511078e-13 1.322420596212094483e-13 1.893116430504495269e-13
1.700000000000000000e+01 2.716652590087309097e-12 1.320903638501299138e-13 2.596824501189283781e-14 2.952569469685273243e-14 2.727877664550550138e-15 7.850633985005159580e-13 5.104174260445309901e-13 2.264151180247238578e-14 1.617174376410967233e-14 2.273855250203411458e-13 2.513804725419642551e-13 2.360615272457422092e-14 2.362524713237766557e-13 1.342547191936871862e-13 1.916839811138930930e-13
1.800000000000000000e+01 2.743817741343494940e-12 1.319376828933433657e-13 2.640453086063825925e-14 3.021319603961552525e-14 2.767885193069225636e-15 7.561131824792035320e-13 5.182643061827324214e-13 2.317347517397515974e-14 1.643163061550033328e-14 2.309055595793968483e-13 2.563894310241480433e-13 2.395164202820250554e-14 2.405221269087790744e-13 1.361345545611373576e-13 1.938802841575912628e-13
1.900000000000000000e+01 2.769837697615553055e-12 1.321823034340757430e-13 2.685474491397659390e-14 3.092889513852929883e-14 2.804746402686081170e-15 7.298225438507460633e-13 5.264426208231480912e-13 2.372806144973879296e-14 1.667213009887296210e-14 2.346047224118692774e-13 2.615760845756659120e-13 2.427010573040245656e-14 2.449569316145375406e-13 1.378624721540157536e-13 1.958764257900009550e-13
2.000000000000000000e+01 2.794280580461818264e-12 1.328053738349793397e-13 2.731638770947755887e-14 3.167070135959363470e-14 2.838187730494357130e-15 7.059405458083964743e-13 5.349067147262534334e-13 2.430364490506031368e-14 1.689151219808665596e-14 2.384615974450692488e-13 2.669225519177943652e-13 2.455914422079685460e-14 2.495398898777105271e-13 1.394254724466343895e-13 1.976562273849459130e-13
2.100000000000000000e+01 2.816837939930057480e-12 1.337875878723988920e-13 2.778732404339394125e-14 3.243679906171615488e-14 2.868044293749035395e-15 6.842405276364104256e-13 5.436186321900501518e-13 2.489880300829752070e-14 1.708871807396995994e-14 2.424583694005060381e-13 2.724133780606785070e-13 2.481730235141688564e-14 2.542563049212812708e-13 1.408157771441432106e-13 1.992102958378753904e-13
2.200000000000000000e+01 2.837301737262895453e-12 1.351098878478002938e-13 2.826571230974779754e-14 3.322557913838210778e-14 2.894241728821764801e-15 6.645188151371835650e-13 5.525465011359170948e-13 2.551226479554902832e-14 1.726324998035820816e-14 2.465800693284641891e-13 2.780349914597003940e-13 2.504391202038674612e-14 2.590932723616208327e-13 1.420299530102355813e-13 2.005348633248142163e-13
2.300000000000000000e+01 2.855544842911418933e-12 1.367538804168571811e-13 2.874995145505951860e-14 3.403558410457540825e-14 2.916779071620292893e-15 6.465929458240087284e-13 5.616633137885384238e-13 2.614286976691960741e-14 1.741506676669883147e-14 2.508140068435884820e-13 2.837752709353281005e-13 2.523894370358972337e-14 2.640392769596741640e-13 1.430680865782496283e-13 2.016306992715498310e-13
2.400000000000000000e+01 2.871504567002094709e-12 1.387020663053615171e-13 2.923864051142297615e-14 3.486546378002757863e-14 2.935713310970459374e-15 6.302997171776008316e-13 5.709459935574804931e-13 2.678953496644000521e-14 1.754448912034089500e-14 2.551493365563878088e-13 2.896231977749933672e-13 2.540287243698683030e-14 2.690838695053163810e-13 1.439330400740272189e-13 2.025021331052589186e-13
2.500000000000000000e+01 2.885168839064414673e-12 1.409379504244626839e-13 2.973054722661810991e-14 3.571393962025343966e-14 2.951145895534034172e-15 6.154932336582680777e-13 5.803746715310310491e-13 2.745122868997155092e-14 1.765211647031923467e-14 2.595767222635273663e-13 2.955685762222755835e-13 2.553656070287669018e-14 2.742174078642054878e-13 1.446298019245425978e-13 2.031562041670659637e-13
2.600000000000000000e+01 2.896564701422906372e-12 1.434460761721066388e-13 3.022458335239303120e-14 3.657977635594593300e-14 2.963211242602346476e-15 6.020430478271937043e-13 5.899321185129825661e-13 2.812694974868401363e-14 1.773875598932221098e-14 2.640880732136800796e-13 3.016018104981819559e-13 2.564115865436899861e-14 2.794308507685001531e-13 1.451649340382889276e-13 2.036019406595435958e-13
2.700000000000000000e+01 2.905748809835257381e-12 1.462120127452309460e-13 3.071978486215740038e-14 3.746175995377779094e-14 2.972067155000550145e-15 5.898324426964472755e-13 5.996032938435567049e-13 2.881571150088755956e-14 1.780536321373712016e-14 2.686763341018046464e-13 3.077137295500859240e-13 2.571802087591902334e-14 2.847155958133402453e-13 1.455461112171734279e-13 2.038497607521578478e-13
2.800000000000000000e+01 2.912799659779643360e-12 1.492223143966472595e-13 3.121529586014424456e-14 3.835868110315479452e-14 2.977886974312816669e-15 5.787568739081509377e-13 6.093749828529921229e-13 2.951653002436048862e-14 1.785299329034808647e-14 2.733353155381002908e-13 3.138954525632211311e-13 2.576863819793735524e-14 2.900633549138151271e-13 1.457817443262532308e-13 2.039109842622755877e-13
2.900000000000000000e+01 2.917811282035301965e-12 1.524644640097491522e-13 3.171035528769974044e-14 3.926932353094391924e-14 2.980853263731934607e-15 5.687225739096846681e-13 6.192355022741456076e-13 3.022841588584190213e-14 1.788276162096292781e-14 2.780595553311334796e-13 3.201382893698161353e-13 2.579458277832512982e-14 2.954660615936797013e-13 1.458806771905818562e-13 2.037974413193268302e-13
3.000000000000000000e+01 2.920888177607627754e-12 1.559268090014500255e-13 3.220428577562257229e-14 4.019245649481014067e-14 2.981152806386897367e-15 5.596453112347581499e-13 6.291744582948867850e-13 3.095036900880411669e-14 1.789581261447973235e-14 2.828442034955533747e-13 3.264336705716660780e-13 2.579746459734403162e-14 3.009158051981115600e-13 1.458519468506621063e-13 2.035211641080546505e-13
3.100000000000000000e+01 2.922141288901150903e-12 1.595984946598791458e-13 3.269648416535224216e-14 4.112683083430620394e-14 2.978972713911441244e-15 5.514492934090994362e-13 6.391825458169798193e-13 3.168137616740517180e-14 1.789329529966878564e-14 2.876849257560636863e-13 3.327731026593849393e-13 2.577889758814514475e-14 3.064047876317253056e-13 1.457045972541814085e-13 2.030941484734427926e-13
3.200000000000000000e+01 2.921684830308200638e-12 1.634693980926925488e-13 3.318641334711175835e-14 4.207117798406057334e-14 2.974497457756004474e-15 5.440662000735768174e-13 6.492513803393437924e-13 3.242041065695476425e-14 1.787634465357549514e-14 2.925778216789526474e-13 3.391481437903040650e-13 2.574047377815010467e-14 3.119252986322602678e-13 1.454475373293461807e-13 2.025281733838307276e-13
3.300000000000000000e+01 2.919633826179659656e-12 1.675300646833157667e-13 3.367359515397346203e-14 4.302421138377319585e-14 2.967906657414366735e-15 5.374343325448834339e-13 6.593733559924757797e-13 3.316643371625075607e-14 1.784606762878421441e-14 2.975193545614135818e-13 3.455503962446424842e-13 2.568374400371018519e-14 3.174697059626349019e-13 1.450894354386899900e-13 2.018346676858584239e-13
3.400000000000000000e+01 2.916102226884301821e-12 1.717716481123488788e-13 3.415760411702490770e-14 4.398462975828331109e-14 2.959373482289171371e-15 5.314978665299619312e-13 6.695415248190933831e-13 3.391839730744502664e-14 1.780353299833332491e-14 3.025062909445275112e-13 3.519715119466490155e-13 2.561020395558371564e-14 3.230304572695017697e-13 1.446386433056564900e-13 2.010246150582288088e-13
3.500000000000000000e+01 2.911201494031360769e-12 1.761858544565771735e-13 3.463806193518039739e-14 4.495112178748693716e-14 2.949063545575666506e-15 5.262061956574873383e-13 6.797494935649102773e-13 3.467524789482349863e-14 1.774976426833458204e-14 3.075356481568663377e-13 3.584032078215657172e-13 2.552128450026004051e-14 3.286000907247848058e-13 1.441031435543076758e-13 2.001084894728794316e-13
3.600000000000000000e+01 2.905039563833239512e-12 1.807648905320640571e-13 3.511463254857217630e-14 4.592237173841646632e-14 2.937134188352483028e-15 5.215133546361154779e-13 6.899913351147156879e-13 3.543593090377853858e-14 1.768573502909624725e-14 3.126046486917834269e-13 3.648372881556773926e-13 2.541834539375400623e-14 3.341712519363602866e-13 1.434905159600426533e-13 1.990962147459697854e-13
3.700000000000000000e+01 2.897720113084034305e-12 1.855014164352053624e-13 3.558701773032569404e-14 4.689706568774198724e-14 2.923734069614931688e-15 5.173775120464106246e-13 7.002615123566702103e-13 3.619939558350706544e-14 1.761236622293994591e-14 3.177106805090950279e-13 3.712656715250385003e-13 2.530267165655097895e-14 3.397367149782237194e-13 1.428079183565471387e-13 1.979971428837359432e-13
3.800000000000000000e+01 2.889342065483061952e-12 1.903885021118593547e-13 3.605495313041892113e-14 4.787389801971647464e-14 2.909002993177816496e-15 5.137605239372436846e-13 7.105548127376606301e-13 3.696460003969420553e-14 1.753052490016839245e-14 3.228512625584074173e-13 3.776804202470216696e-13 2.517547201006949477e-14 3.452894057407498672e-13 1.420620788772171076e-13 1.968200468962482679e-13
3.900000000000000000e+01 2.879999287251949859e-12 1.954195877192536811e-13 3.651820471908365917e-14 4.885157793986173288e-14 2.893071915306059042e-15 5.106275404830121155e-13 7.208662921261641004e-13 3.773051624499772639e-14 1.744102411423651399e-14 3.280240149675988095e-13 3.840737706771999676e-13 2.503787888713587473e-14 3.508224261302885382e-13 1.412592968328328667e-13 1.955731245731610515e-13
4.000000000000000000e+01 2.869780430413370184e-12 2.005884475175205366e-13 3.697656558721562911e-14 4.982883579673247709e-14 2.876063087795849537e-15 5.079466589446423849e-13 7.311912268586814379e-13 3.849613487421110689e-14 1.734462367419726770e-14 3.332266334419075642e-13 3.904381630140208065e-13 2.489094962319310500e-14 3.563290779483909618e-13 1.404054500508060282e-13 1.942640104031747369e-13
4.100000000000000000e+01 2.858768889952162496e-12 2.058891570232492210e-13 3.742985306852179539e-14 5.080442905163688446e-14 2.858090300262541004e-15 5.056886170583785387e-13 7.415250730354472127e-13 3.926046984665015933e-14 1.724203152832478087e-14 3.384568674888573489e-13 3.967662695798810680e-13 2.473566851333313232e-14 3.618028855503980860e-13 1.395060069363867832e-13 1.928997933890110127e-13
4.200000000000000000e+01 2.847042847586938845e-12 2.113160631667529628e-13 3.787790615341902268e-14 5.177714777850165065e-14 2.839259192838917186e-15 5.038265217537763343e-13 7.518634322699371726e-13 4.002256249001796750e-14 1.713390559892703792e-14 3.437125021313915848e-13 4.030510208165680502e-13 2.457294948486378064e-14 3.672376166192229267e-13 1.385660418746986490e-13 1.914870389783727501e-13
4.300000000000000000e+01 2.834675380245867515e-12 2.168637572114428648e-13 3.832058316856647111e-14 5.274581961280025045e-14 2.819667616583069457e-15 5.023356087823985479e-13 7.622020231985915491e-13 4.078148526750761923e-14 1.702085592616241434e-14 3.489913428030540235e-13 4.092856284648797153e-13 2.440363918802593714e-14 3.726273005925137591e-13 1.375902528857211876e-13 1.900318137139100261e-13
4.400000000000000000e+01 2.821734615743795407e-12 2.225270502135859459e-13 3.875775969878302089e-14 5.370931409962065209e-14 2.799406023853342347e-15 5.011930294298129334e-13 7.725366581332189839e-13 4.153634503320347171e-14 1.690344700947067939e-14 3.542912031403364009e-13 4.154636055935006049e-13 2.422852035051850352e-14 3.779662444513803522e-13 1.365829806827489941e-13 1.885397115155373432e-13
4.500000000000000000e+01 2.808283921757228714e-12 2.283009508211916207e-13 3.918932673027781899e-14 5.466654641675268471e-14 2.778557874917618387e-15 5.003776609952910131e-13 7.828632242966458635e-13 4.228628580011145839e-14 1.678220026017366337e-14 3.596098954022039202e-13 4.215787833030499213e-13 2.404831527630703870e-14 3.832490457184635858e-13 1.355482284775475931e-13 1.870158807587136246e-13
4.600000000000000000e+01 2.794382117124406591e-12 2.341806452301889523e-13 3.961518899583024623e-14 5.561648046953084702e-14 2.757200050290195013e-15 4.998699381650088180e-13 7.931776691282822816e-13 4.303049102068624966e-14 1.665759649890143129e-14 3.649452232582139985e-13 4.276253240605918636e-13 2.386368939720968889e-14 3.884706026251884887e-13 1.344896820303760266e-13 1.854650515130523429e-13
4.700000000000000000e+01 2.780083696875557194e-12 2.401614791336749680e-13 4.003526350395290293e-14 5.655813137055375632e-14 2.735403260871229068e-15 4.996517027846606872e-13 8.034759891845717265e-13 4.376818539189654093e-14 1.653007844761002290e-14 3.702949766964278068e-13 4.335977317212179391e-13 2.367525480818385978e-14 3.936261214955920771e-13 1.334107295669586218e-13 1.838915624658040589e-13
4.800000000000000000e+01 2.765439064320650218e-12 2.462389415153669456e-13 4.044947823526903059e-14 5.749056732986521225e-14 2.713232450019048294e-15 4.997060698642700936e-13 8.137542221928980248e-13 4.449863620608698871e-14 1.640005317880650526e-14 3.756569288118034386e-13 4.394908583701821688e-13 2.348357373509752768e-14 3.987111214603837614e-13 1.323144812830886943e-13 1.822993871818433502e-13
4.900000000000000000e+01 2.750494765070171180e-12 2.524086501515229992e-13 4.085777099041003205e-14 5.841291099025907003e-14 2.690747183312879654e-15 5.000173079287480928e-13 8.240084418481122973e-13 4.522115427556736140e-14 1.626789449478659512e-14 3.810288342456666728e-13 4.452999081749393314e-13 2.328916189791556800e-14 4.037214366629777781e-13 1.312037882355399934e-13 1.806921594520487590e-13
5.000000000000000000e+01 2.735293719106573082e-12 2.586663386966080909e-13 4.126008837473920552e-14 5.932434024859620571e-14 2.668002023044117989e-15 5.005707320691584901e-13 8.342347549700209925e-13 4.593509446338240276e-14 1.613394521772646133e-14 3.864084290576227326e-13 4.510204384748321811e-13 2.309249174336683186e-14 4.086532161521553471e-13 1.300812604793005642e-13 1.790731975605335471e-13
5.100000000000000000e+01 2.719875448017099556e-12 2.650078452370948604e-13 4.165638490616215241e-14 6.022408860788300207e-14 2.645046885475035891e-15 5.013526082570837503e-13 8.444293006684273333e-13 4.663985585546760410e-14 1.599851937776362311e-14 3.917934318230369942e-13 4.566483583600184297e-13 2.289399552986540384e-14 4.135029216763696966e-13 1.289492843590307156e-13 1.774455273623121462e-13
5.200000000000000000e+01 2.704276295287766266e-12 2.714291022053842490e-13 4.204662223321440512e-14 6.111144510680535745e-14 2.621927379679928825e-15 5.023500676630538925e-13 8.545882511900386517e-13 4.733488161070656244e-14 1.586190429109546990e-14 3.971815457618544207e-13 4.621799250034673658e-13 2.269406825421424988e-14 4.182673236050864829e-13 1.278100388997458127e-13 1.758119041101226555e-13
5.300000000000000000e+01 2.688529638183326562e-12 2.779261275521189058e-13 4.243076845152572729e-14 6.198575387384048293e-14 2.598685127379655836e-15 5.035510298738370225e-13 8.647078141490362574e-13 4.801965852558041315e-14 1.572436252389265792e-14 4.025704617180623245e-13 4.676117380128199276e-13 2.249307041481051640e-14 4.229434952048930732e-13 1.266655112701760613e-13 1.741748330050953205e-13
5.400000000000000000e+01 2.672666090229353844e-12 2.844950170804704834e-13 4.280879750765065213e-14 6.284641335230798194e-14 2.575358063632993642e-15 5.049441340362225163e-13 8.747842358699773498e-13 4.869371634939050734e-14 1.558613374069605459e-14 4.079578618231064407e-13 4.729407320647727219e-13 2.229133061001535199e-14 4.275288054944451449e-13 1.255175113138247255e-13 1.725365884730425479e-13
5.500000000000000000e+01 2.656713693696133303e-12 2.911319378505903346e-13 4.318068868013035869e-14 6.369287524108986278e-14 2.551980718586511905e-15 5.065186770697814757e-13 8.848138055981851298e-13 4.935662688467384198e-14 1.544743643812274836e-14 4.133414236909977862e-13 4.781641680752049359e-13 2.208914797330222616e-14 4.320209108940030242e-13 1.243676851588363336e-13 1.708992321881934048e-13
5.600000000000000000e+01 2.640698101780952130e-12 2.978331225664888012e-13 4.354642612849795143e-14 6.452464319346372202e-14 2.528584480732668116e-15 5.082645581906992069e-13 8.947928603584063756e-13 5.000800290558976379e-14 1.530846956629712726e-14 4.187188250072990564e-13 4.832796231449661136e-13 2.188679444896491036e-14 4.364177458738080154e-13 1.232175279295601685e-13 1.692646298807009462e-13
5.700000000000000000e+01 2.624642750413177508e-12 3.045948648613529062e-13 4.390599850175995202e-14 6.534127131378257128e-14 2.505197842302864998e-15 5.101722290753317811e-13 9.047177902672149441e-13 5.064749692489979186e-14 1.516941404156706723e-14 4.240877483885483926e-13 4.882849795053766924e-13 2.168451691371439708e-14 4.407175127917730594e-13 1.220683955910608074e-13 1.676344669744038475e-13
5.800000000000000000e+01 2.608569019777516749e-12 3.114135154008892796e-13 4.425939859867878416e-14 6.614236248874317907e-14 2.481846627543518403e-15 5.122326490675820049e-13 9.145850441282820635e-13 5.127479983780954714e-14 1.503043415485878602e-14 4.294458864026903426e-13 4.931784126700212772e-13 2.148253915055908067e-14 4.449186710958953500e-13 1.209215159635360049e-13 1.660102631080903531e-13
5.900000000000000000e+01 2.592496385778977675e-12 3.182854787277290254e-13 4.460662307292964884e-14 6.692756658685831059e-14 2.458554204701279000e-15 5.144372449001409249e-13 9.243911351619076711e-13 5.188963946848795294e-14 1.489167888054463986e-14 4.347909466545496010e-13 4.979583789810883166e-13 2.128106368205050790e-14 4.490199260510019299e-13 1.197779989472430108e-13 1.643933855976589038e-13
6.000000000000000000e+01 2.576442561764700393e-12 3.252072107734039466e-13 4.494767217691739639e-14 6.769657855658125543e-14 2.435341682588361829e-15 5.167778744574351821e-13 9.341326467411720241e-13 5.249177904261280883e-14 1.475328309100746454e-14 4.401206568532745962e-13 5.026236027200701423e-13 2.108027347037484761e-14 4.530202171335471107e-13 1.186388460005876502e-13 1.627850618987086432e-13
6.100000000000000000e+01 2.560423630882409887e-12 3.321752169678783168e-13 4.528254953870783544e-14 6.844913645040579364e-14 2.412228092618117032e-15 5.192467941589426668e-13 9.438062380264263884e-13 5.308101560685761169e-14 1.461536868223263978e-14 4.454327697907291059e-13 5.071730629343676652e-13 2.088033349194547298e-14 4.569187062224998759e-13 1.175049589148611846e-13 1.611863911297074560e-13
6.200000000000000000e+01 2.544454169497926280e-12 3.391860508801596360e-13 4.561126196715016029e-14 6.918501939924023262e-14 2.389230557201193562e-15 5.218366295863338008e-13 9.534086494078133033e-13 5.365717841388911920e-14 1.447804561578401518e-14 4.507250681711042013e-13 5.116059801137797634e-13 2.068139219416069873e-14 4.607147656992609547e-13 1.163771479290405489e-13 1.595983547153664606e-13
6.300000000000000000e+01 2.528547362119502832e-12 3.462363133271035579e-13 4.593381928084430830e-14 6.990404555846838042e-14 2.366364445378306182e-15 5.245403490175405668e-13 9.629367076817812318e-13 5.422012728921056701e-14 1.434141288245351197e-14 4.559953692423823172e-13 5.159218028341096164e-13 2.048358284187400862e-14 4.644079665551945621e-13 1.152561392273066982e-13 1.580218262084953608e-13
6.400000000000000000e+01 2.512715108289537820e-12 3.533226518912069230e-13 4.625023415713992542e-14 7.060607004440136019e-14 2.343643516541259589e-15 5.273512395659356594e-13 9.723873309023233606e-13 5.476975099409122712e-14 1.420555939274107683e-14 4.612415291897699018e-13 5.201201944694106714e-13 2.028702476091749610e-14 4.679980665918984248e-13 1.141425818607005013e-13 1.564575803466675660e-13
6.500000000000000000e+01 2.496968121906406851e-12 3.604417607918399602e-13 4.656052199783633750e-14 7.129098287729647085e-14 2.321080053062013925e-15 5.302628856540861362e-13 9.817575328609861817e-13 5.530596559687075332e-14 1.407056479914074069e-14 4.664614472598108841e-13 5.242010200598389958e-13 2.009182448574848221e-14 4.714849987868922595e-13 1.130370541327466392e-13 1.549063013976686411e-13
6.600000000000000000e+01 2.481316023434356219e-12 3.675903810581178973e-13 4.686470080869851786e-14 7.195870694479273972e-14 2.298684982612936090e-15 5.332691495792957816e-13 9.910444271614240671e-13 5.582871286313518747e-14 1.393650025499599408e-14 4.716530695915518347e-13 5.281643334086680812e-13 1.989807681797640599e-14 4.748688598859284446e-13 1.119400694870667366e-13 1.533685908450837370e-13
6.700000000000000000e+01 2.465767425448401394e-12 3.747653009553236228e-13 4.716279109030043485e-14 7.260919599748989402e-14 2.276467990921709084e-15 5.363641539530689057e-13 1.000245230864663463e-12 5.633795867362557270e-14 1.380342911445360073e-14 4.768143927379718611e-13 5.320103644698586132e-13 1.970586580218641796e-14 4.781498992727630206e-13 1.108520819330477781e-13 1.518449744626101612e-13
6.800000000000000000e+01 2.450330011946892565e-12 3.819633566204414968e-13 4.745481573806769137e-14 7.324243268646388478e-14 2.254437625663058930e-15 5.395422658187805248e-13 1.009357267690374659e-12 5.683369147725449947e-14 1.367140757780026833e-14 4.819434668669100547e-13 5.357395070765384318e-13 1.951526562512128390e-14 4.813285081578009797e-13 1.097734910436096112e-13 1.503359088228445768e-13
6.900000000000000000e+01 2.435010611846727741e-12 3.891814328660453365e-13 4.774079994971004928e-14 7.385842665078291407e-14 2.232601392147645590e-15 5.427980822718262197e-13 1.018377970767202494e-12 5.731592078527570744e-14 1.354048528621637946e-14 4.870383986359233292e-13 5.393523070508884844e-13 1.932634144392453619e-14 4.844052091186476345e-13 1.087046465570698831e-13 1.488417872834547500e-13
7.000000000000000000e+01 2.419815267056965635e-12 3.964164641152908441e-13 4.802077113852259301e-14 7.445721266152911450e-14 2.210965841426950052e-15 5.461264174243611470e-13 1.027304884931961918e-12 5.778467571145987234e-14 1.341070586973202918e-14 4.920973537400318885e-13 5.428494507271215860e-13 1.913915014878946235e-14 4.873806460181243498e-13 1.076458526130765966e-13 1.473629454908506959e-13
7.100000000000000000e+01 2.404749295506383961e-12 4.036654354342393332e-13 4.829475885128215306e-14 7.503884882745866443e-14 2.189536651392290873e-15 5.495222905728270113e-13 1.036135668583154873e-12 5.824000356207354838e-14 1.328210745192569354e-14 4.971185591351502194e-13 5.462317539115107189e-13 1.895374106500872008e-14 4.902555743186962462e-13 1.065973716505972495e-13 1.458996664387504873e-13
7.200000000000000000e+01 2.389817349479557279e-12 4.109253836310463669e-13 4.856279468968998747e-14 7.560341486621057717e-14 2.168318701406822527e-15 5.529809154409455039e-13 1.044868095098937789e-12 5.868196847852674345e-14 1.315472311466789935e-14 5.021003049432147028e-13 5.495001512965513031e-13 1.877015659908047722e-14 4.930308518065153598e-13 1.055594279940392620e-13 1.444521851164247974e-13
7.300000000000000000e+01 2.375023469595415234e-12 4.181933983947768596e-13 4.882491223450297701e-14 7.615101044391162396e-14 2.147316140971549118e-15 5.564976903838484589e-13 1.053500053833588676e-12 5.911065013473977427e-14 1.302858132598402484e-14 5.070409460476868787e-13 5.526556863404493158e-13 1.858843283320109587e-14 4.957074297332226262e-13 1.045322111517395125e-13 1.430206927789035692e-13
7.400000000000000000e+01 2.360371134741362975e-12 4.254666234495980447e-13 4.908114697166452586e-14 7.668175358509203820e-14 2.126532452890504111e-15 5.600681894507891720e-13 1.062029550709515394e-12 5.952614249056967600e-14 1.290370633389191850e-14 5.119389033902882028e-13 5.556995016179532210e-13 1.840860007216486327e-14 4.982863443793609547e-13 1.035158788493142392e-13 1.416053408690644013e-13
7.500000000000000000e+01 2.345863308256245345e-12 4.327422577030340991e-13 4.933153621989062050e-14 7.719577915402394124e-14 2.105970511366171886e-15 5.636881542144211393e-13 1.070454708424364236e-12 5.992855260202420944e-14 1.278011852886327289e-14 5.167926649815277864e-13 5.586328296441578173e-13 1.823068334639695359e-14 5.007687090394937037e-13 1.025105598187076694e-13 1.402062446192844469e-13
7.600000000000000000e+01 2.331502480635935858e-12 4.400175563696437492e-13 4.957611905929011671e-14 7.769323740790331257e-14 2.085632635424162077e-15 5.673534862842159483e-13 1.078773766294507901e-12 6.031799948846632272e-14 1.265783477736223368e-14 5.216007866389078794e-13 5.614569841691444003e-13 1.805470287456943259e-14 5.031557064260190200e-13 1.015163563622227440e-13 1.388234863582408203e-13
7.700000000000000000e+01 2.317290709016885543e-12 4.472898320540358213e-13 4.981493626070502307e-14 7.817429262170777341e-14 2.065520638036026616e-15 5.710602404301563847e-13 1.086985079757509280e-12 6.069461305656488688e-14 1.253686872873124657e-14 5.263618924676684792e-13 5.641733519381684113e-13 1.788067448898997592e-14 5.054485814860063023e-13 1.005333467093545985e-13 1.374571185464798235e-13
7.800000000000000000e+01 2.303229653675234822e-12 4.545564557794813083e-13 5.004803021554454833e-14 7.863912178406569784e-14 2.045635871280981328e-15 5.748046182506420854e-13 1.095087119557019786e-12 6.105853308037160992e-14 1.241723109752213960e-14 5.310746750995830245e-13 5.667833849094697161e-13 1.770861002670972154e-14 5.076486346231941514e-13 9.956158718288496100e-14 1.361071665625398472e-13
7.900000000000000000e+01 2.289320611762416753e-12 4.618148579505929720e-13 5.027544486596142605e-14 7.908791336305846175e-14 2.025979267860992977e-15 5.785829623255081462e-13 1.103078470633963527e-12 6.140990823659182222e-14 1.229892992321001590e-14 5.357378957057324382e-13 5.692885929196103131e-13 1.753851768907002813e-14 5.097572153155079798e-13 9.860111418942074316e-14 1.347736312597106291e-13
8.000000000000000000e+01 2.275564548482457448e-12 4.690625292405378420e-13 5.049722563528093342e-14 7.952086614053250976e-14 2.006551379259250916e-15 5.823917508013948380e-13 1.110957830747982051e-12 6.174889519385732205e-14 1.218197080907782799e-14 5.403503837993450335e-13 5.716905367845126685e-13 1.737040237219647390e-14 5.117757161170056722e-13 9.765194604837834873e-14 1.334564913119231252e-13
8.100000000000000000e+01 2.261962125901302338e-12 4.762970213950752990e-13 5.071341935864271957e-14 7.993818811322404073e-14 1.987352410809386473e-15 5.862275923623807345e-13 1.118724008853008538e-12 6.207565775460364692e-14 1.206635714192065111e-14 5.449110368447903990e-13 5.739908218229668161e-13 1.720426597075251862e-14 5.137055670320459391e-13 9.671408467231475482e-14 1.321557053657989910e-13
8.200000000000000000e+01 2.248513729564554082e-12 4.835159479474231311e-13 5.092407421385755745e-14 8.034009545877176889e-14 1.968382253921697979e-15 5.900872215438902380e-13 1.126375923250328790e-12 6.239036604798558538e-14 1.195209029408966287e-14 5.494188196886018210e-13 5.761910917883102962e-13 1.704010765708333387e-14 5.155482302485954284e-13 9.578751711048866643e-14 1.308712140145278369e-13
8.300000000000000000e+01 2.235219493087346088e-12 4.907169848394297326e-13 5.112923965251052320e-14 8.072681156452596647e-14 1.949640515693204982e-15 5.939674943525329284e-13 1.133912599541998868e-12 6.269319577214082291e-14 1.183916980927632848e-14 5.538727638281284627e-13 5.782930231932049805e-13 1.687792413771187540e-14 5.173051952169983503e-13 9.487221696659328265e-14 1.296029416079847351e-13
8.400000000000000000e+01 2.222079320867541948e-12 4.978978709459224008e-13 5.132896633137057541e-14 8.109856611692649914e-14 1.931126546110344715e-15 5.978653841586457382e-13 1.141333168406718184e-12 6.298432748401311579e-14 1.172759357332685705e-14 5.582719665329713055e-13 5.802983200118704868e-13 1.671770988899385610e-14 5.189779740600682866e-13 9.396814570073042710e-14 1.283507979123430622e-13
8.500000000000000000e+01 2.209092909062502629e-12 5.050564085003027665e-13 5.152330604418093337e-14 8.145559424913521003e-14 1.912839463036484418e-15 6.017779778320328932e-13 1.148636863219333555e-12 6.326394593488192684e-14 1.161735797127476242e-14 5.626155898338447177e-13 5.822087087437823947e-13 1.655945737359424825e-14 5.205680973001556728e-13 9.307525382489234378e-14 1.271146796313658454e-13
8.600000000000000000e+01 2.196259764959201133e-12 5.121904634205389569e-13 5.171231165392219754e-14 8.179813574454195851e-14 1.894778175161083355e-15 6.057024720947333274e-13 1.155823017534343123e-12 6.353223944970244247e-14 1.150845803168521161e-14 5.669028593929474286e-13 5.840259338226926179e-13 1.640315723931570201e-14 5.220771098887194292e-13 9.219348200047633376e-14 1.258944718005766794e-13
8.700000000000000000e+01 2.183579224857506253e-12 5.192979655356630353e-13 5.189603702564466780e-14 8.212643429373255774e-14 1.876941403073201549e-15 6.096361700676980343e-13 1.162891062452574756e-12 6.378939934833805432e-14 1.140088755931764498e-14 5.711330632692760125e-13 5.857517533547800158e-13 1.624879850168634042e-14 5.235065675239547502e-13 9.132276204567295489e-14 1.246900490646028683e-13
8.800000000000000000e+01 2.171050470577748249e-12 5.263769087137125776e-13 5.207453695997431753e-14 8.244073680249700981e-14 1.859327698609031741e-15 6.135764779908229473e-13 1.169840523889303325e-12 6.403561940676323658e-14 1.129463925703324184e-14 5.753055505916722909e-13 5.873879351698592807e-13 1.609636871160257835e-14 5.248580332421758718e-13 9.046301785994014406e-14 1.235012768471500787e-13
8.900000000000000000e+01 2.158672544695127949e-12 5.334253508927542869e-13 5.224786712739768873e-14 8.274129274846125918e-14 1.841935462611099361e-15 6.175209020983308225e-13 1.176671019760897362e-12 6.427109535632597056e-14 1.118970483779973154e-14 5.794197301516797561e-13 5.889362531697752610e-13 1.594585410921800633e-14 5.261330742688434836e-13 8.961416627219505790e-14 1.223280124222990775e-13
9.000000000000000000e+01 2.146444364595926618e-12 5.404414140172870123e-13 5.241608400343062080e-14 8.302835358395683523e-14 1.824762961225784882e-15 6.214670456335073057e-13 1.183382257105995257e-12 6.449602441918137296e-14 1.108607512757808004e-14 5.834750689276039519e-13 5.903984839583970499e-13 1.579723976517447743e-14 5.273332591154371448e-13 8.877611781882368514e-14 1.211701058951119900e-13
9.100000000000000000e+01 2.134364735443222388e-12 5.474232838827822805e-13 5.257924480477238636e-14 8.330217218277558430e-14 1.807808340855624952e-15 6.254126059888166591e-13 1.189974029156201833e-12 6.471060487804190948e-14 1.098374015981309168e-14 5.874710905504666480e-13 5.917764037379996740e-13 1.565050971018350446e-14 5.284601549086965881e-13 8.794877745711628674e-14 1.200274010988848142e-13
9.200000000000000000e+01 2.122432362133401494e-12 5.543692098916226972e-13 5.273740742654340641e-14 8.356300232851082624e-14 1.791069641873510136e-15 6.293553719590423482e-13 1.196446212370016979e-12 6.491503567843069712e-14 1.088268926219215322e-14 5.914073737218053185e-13 5.930717854572075408e-13 1.550564705388500542e-14 5.295153249391501998e-13 8.713204521928680464e-14 1.188997364157895246e-13
9.300000000000000000e+01 2.110645860318327424e-12 5.612775047239913988e-13 5.289063038069925821e-14 8.381109824224099859e-14 1.774544811197341720e-15 6.332932210966868214e-13 1.202798763442922463e-12 6.510951606167215960e-14 1.078291113628352059e-14 5.952835505926399652e-13 5.942863961961842321e-13 1.536263409383660388e-14 5.305003264162889080e-13 8.632581681181957749e-14 1.177869455271005843e-13
9.400000000000000000e+01 2.099003766562807836e-12 5.681465439275982438e-13 5.303897273570674679e-14 8.404671414738300028e-14 1.758231713815764240e-15 6.372241171601547628e-13 1.209031716305252484e-12 6.529424522690887654e-14 1.068439393061672922e-14 5.990993051121726225e-13 5.954219947751855996e-13 1.522145241541800953e-14 5.314167084181585136e-13 8.552998416450626924e-14 1.166888580986990672e-13
9.500000000000000000e+01 2.087504547701394670e-12 5.749747654303277555e-13 5.318249405756021353e-14 8.427010386960522768e-14 1.742128143348374257e-15 6.411461076464835528e-13 1.215145179118663101e-12 6.546942202048926810e-14 1.058712530772293464e-14 6.028543713541962017e-13 5.964803295731485785e-13 1.508208298337225828e-14 5.322660100236462501e-13 8.474443593318423555e-14 1.156053004070865706e-13
9.600000000000000000e+01 2.076146609453988029e-12 5.817606689800530641e-13 5.332125435221034095e-14 8.448152046977351105e-14 1.726231831717115025e-15 6.450573214014127944e-13 1.221139331280951825e-12 6.563524465113154318e-14 1.049109250561167741e-14 6.065485318285151315e-13 5.974631365435075453e-13 1.494450622564810231e-14 5.330497586161997167e-13 8.396905795986799530e-14 1.145360959107169810e-13
9.700000000000000000e+01 2.064928304355187911e-12 5.885028155159825796e-13 5.345531400946846842e-14 8.468121590797502780e-14 1.710540457999435038e-15 6.489559663005443173e-13 1.227014420448138755e-12 6.579191042933112299e-14 1.039628239412287794e-14 6.101816157840595563e-13 5.983721374149684441e-13 1.480870211015451953e-14 5.337694683482026244e-13 8.320373369366775171e-14 1.134810657710657971e-13
9.800000000000000000e+01 2.053847939048188271e-12 5.951998264759759983e-13 5.358473374844245274e-14 8.486944073674689409e-14 1.695051656528156398e-15 6.528403269961241015e-13 1.232770759581765205e-12 6.593961552954225164e-14 1.030268152655773378e-14 6.137534975098233398e-13 5.992090380655128281e-13 1.467465021498965517e-14 5.344266387557157596e-13 8.244834457561952139e-14 1.124400293274992268e-13
9.900000000000000000e+01 2.042903780990364718e-12 6.018503830442681661e-13 5.370957456455153805e-14 8.504644382171562813e-14 1.679763024297849061e-15 6.567087627247880766e-13 1.238408724028633327e-12 6.607855477372829626e-14 1.021027618696053532e-14 6.172640946391692546e-13 5.999755270584510468e-13 1.454232979266183976e-14 5.350227535137966480e-13 8.170277039029943552e-14 1.114128045296786372e-13
1.000000000000000000e+02 2.032094064613967088e-12 6.084532253440640603e-13 5.382989767816000613e-14 8.521247208793486194e-14 1.664672127732697106e-15 6.605597051721344839e-13 1.243928748639341830e-12 6.620892143493766617e-14 1.011905243339362338e-14 6.207133664625277532e-13 6.006732743298838166e-13 1.441171982877899778e-14 5.355592793230550770e-13 8.096688958686792658e-14 1.103992083309329485e-13
