T	1->0	2->0	3->0	4->0	5->0	2->1	3->1	4->1	5->1	3->2	4->2	5->2	4->3	5->3	5->4	
1.000000000000000000e+00 6.388912990370785846e-12 1.389472840012912711e-13 2.030786387746370836e-14 1.544411449895030617e-14 1.737788823238646356e-15 1.499199353162101599e-12 4.245998627541366016e-13 1.186861264040896256e-14 9.930033172651568557e-15 2.035167967860679554e-13 1.337603254543814463e-13 1.499110860654744474e-14 1.306481965197871151e-13 8.415358532456599444e-14 1.217661052351410923e-13
2.000000000000000000e+00 4.453274922863775455e-12 1.385610292094354038e-13 2.144336881798526563e-14 2.064437175103548201e-14 2.117781111399758801e-15 1.529478187098080519e-12 4.381643644337819344e-13 1.587830282562750686e-14 1.218402359251526058e-14 2.132795447405620769e-13 1.829858822978456632e-13 1.832138802987732154e-14 1.818294664888008870e-13 1.037610477396031668e-13 1.515791996741772362e-13
3.000000000000000000e+00 3.587688710519270885e-12 1.440295962953456003e-13 2.150694001420320706e-14 2.201084747558400513e-14 2.198145861876805395e-15 1.507354503837052165e-12 4.356236757992287001e-13 1.692301240794003885e-14 1.269218509403317933e-14 2.083870555688283026e-13 1.954160813376934375e-13 1.903458297999735930e-14 1.934956491724196019e-13 1.082702695634507783e-13 1.589495344511018059e-13
4.000000000000000000e+00 3.144634896953228951e-12 1.498812757945814897e-13 2.146800270522398727e-14 2.254298421508775384e-14 2.223007579318185792e-15 1.463938207951397323e-12 4.326424022290316618e-13 1.732305178189861328e-14 1.286896320734855979e-14 2.037948175025798424e-13 1.998372721920406230e-13 1.925473890893821883e-14 1.967910187412540645e-13 1.097722503089658751e-13 1.614720147218993583e-13
5.000000000000000000e+00 2.893878678079382411e-12 1.532705773701315708e-13 2.148061215800212199e-14 2.287498587733645506e-14 2.239326130342212939e-15 1.407125738293062488e-12 4.313193289920030075e-13 1.756922914606746792e-14 1.299178587341329424e-14 2.008028551101481406e-13 2.023323427571240108e-13 1.939594307328005013e-14 1.981981650767212286e-13 1.107116598725968624e-13 1.628800734301497608e-13
6.000000000000000000e+00 2.744936096896757196e-12 1.540380413350457973e-13 2.156805437328712491e-14 2.318013942291467274e-14 2.258614209744928398e-15 1.342556517011409833e-12 4.317836225768883715e-13 1.779550882174006124e-14 1.313008130052022174e-14 1.992382653412134368e-13 2.045332549336368441e-13 1.956084068221808520e-14 1.993940917908403765e-13 1.117194423210491491e-13 1.642020819317860119e-13
7.000000000000000000e+00 2.655963607892137477e-12 1.528923794407207852e-13 2.172588631050949999e-14 2.351198897591172270e-14 2.283695627569099099e-15 1.275165305179711111e-12 4.338053113690577210e-13 1.804322103037511004e-14 1.330161874664572676e-14 1.988012640707675336e-13 2.069327782004809084e-13 1.977513023503731538e-14 2.008580431029764582e-13 1.129659583230067772e-13 1.657476080293030166e-13
8.000000000000000000e+00 2.605088900817925652e-12 1.505954143773054205e-13 2.194426579130043985e-14 2.388668621175786128e-14 2.314847406898511121e-15 1.208461455076078558e-12 4.371202910659874082e-13 1.832480891612705885e-14 1.350876742709447548e-14 1.992436456554672636e-13 2.096739558801954028e-13 2.004178356465655421e-14 2.027138774486609205e-13 1.144812581489089399e-13 1.675958286331405265e-13
9.000000000000000000e+00 2.579744221459982106e-12 1.477379452547736176e-13 2.221344546485134519e-14 2.430747432663762687e-14 2.351482806535188787e-15 1.144584899789222987e-12 4.414990861308469193e-13 1.864276358284566838e-14 1.374851778905431514e-14 2.003790778006954937e-13 2.127813708109311849e-13 2.035600083610596336e-14 2.049705100598666471e-13 1.162457631430790938e-13 1.697403704206561405e-13
1.000000000000000000e+01 2.572117945108545579e-12 1.447264547159425159e-13 2.252501975469301417e-14 2.477301616512999824e-14 2.392661667181141444e-15 1.084670821869977575e-12 4.467554002087164163e-13 1.899605585632384629e-14 1.401555361248756920e-14 2.020695608919027949e-13 2.162386375563801707e-13 2.070978206551428196e-14 2.076000416014308160e-13 1.182189728300350858e-13 1.721379042609001922e-13
1.100000000000000000e+01 2.577010611231198334e-12 1.418231794350538458e-13 2.287202071109965822e-14 2.528047258653149446e-14 2.437277234563911125e-15 1.029202210733687030e-12 4.527406528098341608e-13 1.938250871943722476e-14 1.430340144925351138e-14 2.042120361855235324e-13 2.200165906430880948e-13 2.109361127744321481e-14 2.105650803078933531e-13 1.203503740612869021e-13 1.747274401936876020e-13
1.200000000000000000e+01 2.590752298245854618e-12 1.391890301283552636e-13 2.324872240979680205e-14 2.582668614882824879e-14 2.484158843883662749e-15 9.782685270547234952e-13 4.593364155248524702e-13 1.979970631468671957e-14 1.460508132727241326e-14 2.067283948829073801e-13 2.240839135939665824e-13 2.149737755217885306e-14 2.138284630154958424e-13 1.225853242992348529e-13 1.774404219375670099e-13
1.300000000000000000e+01 2.610629546674973748e-12 1.369171539881561369e-13 2.365040392415340826e-14 2.640863069362769995e-14 2.532150082174458721e-15 9.317361372855288066e-13 4.664477200606630281e-13 2.024533674060070094e-14 1.491361111919852952e-14 2.095584680075215081e-13 2.284110592888845496e-13 2.191106882485366384e-14 2.173564767965372898e-13 1.248692946021022288e-13 1.802074433631387600e-13
1.400000000000000000e+01 2.634569970289994149e-12 1.350565965139995404e-13 2.407313978408067784e-14 2.702356420225851833e-14 2.580170604735870205e-15 8.893546731623801158e-13 4.739977497344898802e-13 2.071730648529227024e-14 1.522240956143937973e-14 2.126551583036851704e-13 2.329715026776201182e-13 2.232531711509929805e-14 2.211196137316609505e-13 1.271510969272028974e-13 1.829630303203634638e-13
1.500000000000000000e+01 2.660960793867552399e-12 1.336282556438437083e-13 2.451363122455491491e-14 2.766906013594436430e-14 2.627259805768395934e-15 8.508211232173729167e-13 4.819237779051338284e-13 2.121376176134282100e-14 1.552558463206427474e-14 2.159810381306244930e-13 2.377419252493063047e-13 2.273178293395059079e-14 2.250924078830748839e-13 1.293851198602994102e-13 1.856488213699285849e-13
1.600000000000000000e+01 2.688538000452604544e-12 1.326354110510012613e-13 2.496907512835833070e-14 2.834299025312420654e-14 2.672601993127040011e-15 8.158172746970645820e-13 4.901740926639184805e-13 2.173307308181800706e-14 1.581810437985022648e-14 2.195059427059400391e-13 2.427019890267307524e-13 2.312337735747016522e-14 2.292529674536883810e-13 1.315326117846786668e-13 1.882153510478173048e-13
1.700000000000000000e+01 2.716313241437458087e-12 1.320705948189489621e-13 2.543706373135466679e-14 2.904348980325150614e-14 2.715535466295541899e-15 7.840307658581745408e-13 4.987056672261050356e-13 2.227380691802040908e-14 1.609586500572633371e-14 2.232052435633172618e-13 2.478339744446106588e-13 2.349434331712346611e-14 2.335824440530921711e-13 1.335621561402637896e-13 1.906227037097957611e-13
1.800000000000000000e+01 2.743521516660775099e-12 1.319200417389982254e-13 2.591550823156348529e-14 2.976891802806141192e-14 2.755549378536649306e-15 7.551662279226223123e-13 5.074823856693412008e-13 2.283469438525333035e-14 1.635568051543054910e-14 2.270585924096640962e-13 2.531223946237367894e-13 2.384023016271164194e-14 2.380645294309645915e-13 1.354495411198952647e-13 1.928403433353169871e-13
1.900000000000000000e+01 2.769580924784733644e-12 1.321665519067554758e-13 2.640258055925140164e-14 3.051781913861035872e-14 2.792272452584612297e-15 7.289505283243812650e-13 5.164736813241280088e-13 2.341460087794762031e-14 1.659521957189484466e-14 2.310489946863826753e-13 2.585536292769243985e-13 2.415779702639033535e-14 2.426850079357206740e-13 1.371772280239102820e-13 1.948464069309120614e-13
2.000000000000000000e+01 2.794060069719390399e-12 1.327913153513418142e-13 2.689666879320449450e-14 3.128888565937505205e-14 2.825457058810611636e-15 7.051345719296068039e-13 5.256534829334408615e-13 2.401249801804823344e-14 1.681291173262416570e-14 2.351621173274963201e-13 2.641155923516178736e-13 2.444487557402190531e-14 2.474313685199930697e-13 1.387335916444075453e-13 1.966266980893604897e-13
2.100000000000000000e+01 2.816650870812415334e-12 1.337750589723652546e-13 2.739634277526627060e-14 3.208092475285986670e-14 2.854961330697448007e-15 6.834931533000426574e-13 5.349993918438857655e-13 2.462743827869025306e-14 1.700784005794669828e-14 2.393857649735516791e-13 2.697974360792748953e-13 2.470021544994994410e-14 2.522924716928173995e-13 1.401120637979647227e-13 1.981735563692817625e-13
2.200000000000000000e+01 2.837145579716129219e-12 1.350987514713764793e-13 2.790032732924392967e-14 3.289282772507323518e-14 2.880731167459253322e-15 6.638237606032081556e-13 5.444920339238123541e-13 2.525853232441647271e-14 1.717963190612392002e-14 2.437094787510069254e-13 2.755892903221046093e-13 2.492332853693542972e-14 2.572582649932673784e-13 1.413102702720649693e-13 1.994847218745342804e-13
2.300000000000000000e+01 2.855417301705985313e-12 1.367440206048662699e-13 2.840748114912249920e-14 3.372354283233106031e-14 2.902783284791184975e-15 6.459448688770067124e-13 5.541145446236743288e-13 2.590492905650429980e-14 1.732835539809698967e-14 2.481242251528228020e-13 2.814820353744128954e-13 2.511434215843486267e-14 2.623195411449759864e-13 1.423292176779764644e-13 2.005622688874439577e-13
2.400000000000000000e+01 2.871403542065701833e-12 1.386933840182501361e-13 2.891677992019038418e-14 3.457205151869840583e-14 2.921189955235527885e-15 6.296940386017696631e-13 5.638521562114720822e-13 2.656579837462352145e-14 1.745442575437090540e-14 2.526221517689448918e-13 2.874671065935644809e-13 2.527386683003268290e-14 2.674677342128782293e-13 1.431725613720298290e-13 2.014116487171570620e-13
2.500000000000000000e+01 2.885092396701852325e-12 1.409303602405052340e-13 2.942730261007897944e-14 3.543734821005545473e-14 2.936065716579317265e-15 6.149260003992328856e-13 5.736918639248758745e-13 2.724031668224411587e-14 1.755852340376218235e-14 2.571963930288826757e-13 2.935363295223577437e-13 2.540288100681903647e-14 2.726947500921216748e-13 1.438459679646060774e-13 2.020408586890323120e-13
2.600000000000000000e+01 2.896511052994621963e-12 1.434395036773911360e-13 2.993822014458273749e-14 3.631842374628848981e-14 2.947556089944711135e-15 6.015108247161612328e-13 5.836221534336198770e-13 2.792765514763607889e-14 1.764152425317933307e-14 2.618409136470009236e-13 2.996817842284338458e-13 2.550263321170831875e-14 2.779928283033637748e-13 1.443565744594176735e-13 2.024597392200248987e-13
2.700000000000000000e+01 2.905716295559829118e-12 1.462063924671849440e-13 3.044878588917857004e-14 3.721425245201424859e-14 2.955828206441693080e-15 5.893322260507439911e-13 5.936327761984163355e-13 2.862697068660020641e-14 1.770444158834441753e-14 2.665503807032334921e-13 3.058956974075864564e-13 2.557456068486851292e-14 2.833544323688233552e-13 1.447125391569834210e-13 2.026793919962706283e-13
2.800000000000000000e+01 2.912786736071486432e-12 1.492175881635343486e-13 3.095832750970961197e-14 3.812378274547844010e-14 2.961063164248003217e-15 5.782860220471128174e-13 6.037145624609655648e-13 2.933739956937986449e-14 1.774837857162593713e-14 2.713200576441771081e-13 3.121703604625258423e-13 2.562022302174829550e-14 2.887721661039714298e-13 1.449226757371458669e-13 2.027117075326267698e-13
2.900000000000000000e+01 2.917816511298021133e-12 1.524605796426278197e-13 3.146623989856091805e-14 3.904593108297363526e-14 2.963449904668420543e-15 5.682787508629206950e-13 6.138592639908908177e-13 3.005805348627548667e-14 1.777449007662916167e-14 2.761457152169571053e-13 3.184980713833586130e-13 2.564124897465919481e-14 2.942387130963297005e-13 1.449961603304790493e-13 2.025689884160767147e-13
3.000000000000000000e+01 2.920910219750699766e-12 1.559237192640537565e-13 3.197197893613323291e-14 3.997957894653394605e-14 2.963180389885253171e-15 5.592264408204292919e-13 6.240594205486833769e-13 3.078801784547385937e-14 1.778395254803926504e-14 2.810235556296965631e-13 3.248710979091328665e-13 2.563929453954087282e-14 2.997467965500669854e-13 1.449423011104167673e-13 2.022636542753575404e-13
3.100000000000000000e+01 2.922178894084056105e-12 1.595961564068960270e-13 3.247505591912035495e-14 4.092357251455480677e-14 2.960445875405449822e-15 5.510535215227321035e-13 6.343082454378473444e-13 3.152635202966544846e-14 1.777794062801215670e-14 2.859501471898088078e-13 3.312816591983863134e-13 2.561601053684761814e-14 3.052891566164281597e-13 1.447703604378977577e-13 2.018080152571205516e-13
3.200000000000000000e+01 2.921736832576904348e-12 1.634677715688868907e-13 3.297503253260801680e-14 4.187672461198480733e-14 2.955434089033966889e-15 5.436918635212672983e-13 6.445995266128027990e-13 3.227209130842952460e-14 1.775760939908816470e-14 2.909223673889799620e-13 3.377219231072775729e-13 2.557301805732549126e-14 3.108585423393556655e-13 1.444894205007721103e-13 2.012141020448089796e-13
3.300000000000000000e+01 2.919699137769218689e-12 1.675291129355243620e-13 3.347151627645150791e-14 4.283781851851448524e-14 2.948327150664283249e-15 5.370799331254509218e-13 6.549275406528020445e-13 3.302425009132763174e-14 1.772408122708087193e-14 2.959373529410245466e-13 3.441840161689485478e-13 2.551189033722663054e-14 3.164477154335388121e-13 1.441082844749758620e-13 2.004935419239879308e-13
3.400000000000000000e+01 2.916179833035014063e-12 1.717713364841342075e-13 3.396415628079295426e-14 4.380561321680948292e-14 2.939300090271045349e-15 5.311620493517790875e-13 6.652869775592499189e-13 3.378182621031278021e-14 1.767843632646529971e-14 3.009924556786594413e-13 3.506600434735725539e-13 2.543413982707131247e-14 3.220494632733174613e-13 1.436354063487875044e-13 1.996574718907486769e-13
3.500000000000000000e+01 2.911290448215206433e-12 1.761861501416444850e-13 3.445263946320811643e-14 4.477884968399029665e-14 2.928519843486056543e-15 5.258877308907185607e-13 6.756728748250804127e-13 3.454380593645168775e-14 1.762170630428169759e-14 3.060852035094173656e-13 3.571421158425742903e-13 2.534120940832972977e-14 3.276566186911106941e-13 1.430788436120695475e-13 1.987164812119930590e-13
3.600000000000000000e+01 2.905138983320550502e-12 1.807657621677532928e-13 3.493668699252448651e-14 4.575625786349132218e-14 2.916144624137745888e-15 5.212111220667656479e-13 6.860805595925026190e-13 3.530916946167371465e-14 1.755487006057626172e-14 3.112132658436435770e-13 3.636223819471506686e-13 2.523446688549569158e-14 3.332620844451878474e-13 1.424462279761189831e-13 1.976805771238981027e-13
3.700000000000000000e+01 2.897829174802275471e-12 1.855028337216988840e-13 3.541605103311423500e-14 4.673656399658229324e-14 2.902323590760908742e-15 5.170904879272292439e-13 6.965055979856541670e-13 3.607689660799474514e-14 1.747885153134272502e-14 3.163744230576589786e-13 3.700930633156376384e-13 2.511520203366566187e-14 3.388588605003412873e-13 1.417447501387020686e-13 1.965591684762804850e-13
3.800000000000000000e+01 2.889460002133876058e-12 1.903904354463562443e-13 3.589051174942224142e-14 4.771849803922031808e-14 2.887196739278997554e-15 5.134877697310014618e-13 7.069437508988990080e-13 3.684597256149267135e-14 1.739451885326176107e-14 3.215665396577430193e-13 3.765464904846993737e-13 2.498462561337681681e-14 3.444400725549426509e-13 1.409811553403510425e-13 1.953610630940124333e-13
3.900000000000000000e+01 2.880125383662276494e-12 1.954220078373947712e-13 3.635987455439569830e-14 4.870080093728956966e-14 2.870894966946593454e-15 5.103681931727025954e-13 7.173909356574513199e-13 3.761539346384761642e-14 1.730268460887267726e-14 3.267875408775796384e-13 3.829751388581615701e-13 2.484386987612122335e-14 3.499990005306551455e-13 1.401617470779995879e-13 1.940944754411036464e-13
4.000000000000000000e+01 2.869914020102469719e-12 2.005913251368953258e-13 3.682396758792085447e-14 4.968223157922556107e-14 2.853540263427405165e-15 5.076999226476181990e-13 7.278431930592195544e-13 3.838417172868260975e-14 1.720410687737368718e-14 3.320353924828588454e-13 3.893716631314171289e-13 2.469399017746581700e-14 3.555291060067851606e-13 1.392923968608579585e-13 1.927670418530040229e-13
4.100000000000000000e+01 2.858909351900176454e-12 2.058924624859287177e-13 3.728263941278961058e-14 5.066157328779514753e-14 2.835245993823059764e-15 5.054537557311065114e-13 7.382966593671329839e-13 3.915134098196913951e-14 1.709949087151106893e-14 3.373080835794906593e-13 3.957289294096373490e-13 2.453596739222334202e-14 3.610240578231629057e-13 1.383785583231893776e-13 1.913858411646358169e-13
4.200000000000000000e+01 2.847189603193234909e-12 2.113197660795416468e-13 3.773575691645315419e-14 5.163763975132224320e-14 2.816117245814595320e-15 5.036028528135566301e-13 7.487475428592301920e-13 3.991596055458513585e-14 1.698949098651020608e-14 3.426036122323924705e-13 4.020400443890685093e-13 2.437071088983591160e-14 3.664777552896777781e-13 1.374252843616444512e-13 1.899574190222364585e-13
4.300000000000000000e+01 2.834827890466902927e-12 2.168678260839531160e-13 3.818320340712642296e-14 5.260928032833741367e-14 2.796251219072828710e-15 5.021224975041483157e-13 7.591921045668968976e-13 4.067711948029450179e-14 1.687471312417981289e-14 3.479199737047041075e-13 4.082983811798739375e-13 2.419906188013265058e-14 3.718843486255225483e-13 1.364372462526881531e-13 1.884878145418891695e-13
4.400000000000000000e+01 2.821892378401267282e-12 2.225314520953622551e-13 3.862487689287308937e-14 5.357538468830665013e-14 2.775737639954074932e-15 5.009898840016719454e-13 7.696266428456029098e-13 4.143393997382941694e-14 1.675571718551346932e-14 3.532551511260509830e-13 4.144976015259205624e-13 2.402179698179606561e-14 3.772382564069934874e-13 1.354187539389480499e-13 1.869825882806789724e-13
4.500000000000000000e+01 2.808446469007865069e-12 2.283056509399447844e-13 3.906068853225739209e-14 5.453488677486289000e-14 2.754659188415816458e-15 5.001839281374133041e-13 7.800474814314485633e-13 4.218558038146885130e-14 1.663301964949001237e-14 3.586071083956312018e-13 4.206316743227732916e-13 2.383963189987766904e-14 3.825341799307156633e-13 1.343737768612800415e-13 1.854468507300343298e-13
4.600000000000000000e+01 2.794549013083293879e-12 2.341856066338252569e-13 3.949056124509284565e-14 5.548676809712843596e-14 2.733091927228667793e-15 4.996850992326516099e-13 7.904509606438929168e-13 4.293123761075495514e-14 1.650709617535246962e-14 3.639737851232246242e-13 4.266948904522160038e-13 2.365322512597828344e-14 3.877671145016345289e-13 1.333059648639794052e-13 1.838852907355723936e-13
4.700000000000000000e+01 2.780254535385223287e-12 2.401666623391838685e-13 3.991442847180203905e-14 5.643006036969246344e-14 2.711105726066440124e-15 4.994752702902725041e-13 8.008334314021806271e-13 4.367014905708394097e-14 1.637838418128404087e-14 3.693530934098060748e-13 4.326818740427182276e-13 2.346318159646507335e-14 3.929323577346993021e-13 1.322186688206091650e-13 1.823022034025742529e-13
4.800000000000000000e+01 2.765613466858360471e-12 2.462443041678518811e-13 4.033223306996681782e-14 5.736384753308452298e-14 2.688764675043352125e-15 4.995375843642649576e-13 8.111912517314622074e-13 4.440159405321903903e-14 1.624728536482518115e-14 3.747429162699713569e-13 4.385875903335853655e-13 2.327005626135942269e-14 3.980255150187587107e-13 1.311149607230672797e-13 1.807015171685691506e-13
4.900000000000000000e+01 2.750672378786183165e-12 2.524141466967111272e-13 4.074392633680695775e-14 5.828726719466494939e-14 2.666127483834393184e-15 4.998563352296846274e-13 8.215207854451411539e-13 4.512489487367966871e-14 1.611416814019204744e-14 3.801411075011163980e-13 4.444073503693043433e-13 2.307435753014520972e-14 4.030425023336843093e-13 1.299976530514734781e-13 1.790868198205934808e-13
5.000000000000000000e+01 2.735474214986478934e-12 2.586719200700831653e-13 4.114946714658354734e-14 5.919951153523271705e-14 2.643247863742283656e-15 5.004168607153288575e-13 8.318184027027581952e-13 4.583941732983968391e-14 1.597936997536214628e-14 3.855454928092905466e-13 4.501368127829414262e-13 2.287655057141664632e-14 4.079795466398993920e-13 1.288693173011250962e-13 1.774613833096213095e-13
5.100000000000000000e+01 2.720058519161422367e-12 2.650134585733260008e-13 4.154882119227586640e-14 6.009982772979790826e-14 2.620174891029032805e-15 5.012054472675061257e-13 8.420804821577358647e-13 4.654457099376896474e-14 1.584319961779923587e-14 3.909538720087076358e-13 4.557719829462784596e-13 2.267706045158565307e-14 4.128331840759050810e-13 1.277323015883419148e-13 1.758281872726241932e-13
5.200000000000000000e+01 2.704461655302450387e-12 2.714346905693396580e-13 4.194196032131470572e-14 6.098751793230531448e-14 2.596953350565785549e-15 5.022092444907342865e-13 8.523034144262403708e-13 4.723980908970048264e-14 1.570593920233161637e-14 3.963640221207864789e-13 4.613092097723198578e-13 2.247627510426982734e-14 4.176002562063512323e-13 1.265887472920985309e-13 1.741899412171127391e-13
5.300000000000000000e+01 2.688717019674972479e-12 2.779316296959166434e-13 4.232886195565986808e-14 6.186193887400543234e-14 2.573624059415773811e-15 5.034161885641677672e-13 8.624836066269677107e-13 4.792462809178421784e-14 1.556784623825013594e-14 4.017737012089719522e-13 4.667451804551840916e-13 2.227454812686709509e-14 4.222779045627392079e-13 1.254406047150561250e-13 1.725491053566178985e-13
5.400000000000000000e+01 2.672855243399272051e-12 2.845003672271516169e-13 4.270950858706669047e-14 6.272250112398095903e-14 2.550224170387456026e-15 5.048149335646395354e-13 8.726174877613116619e-13 4.859856706574936826e-14 1.542915547537566667e-14 4.071806527970990329e-13 4.720769134252196690e-13 2.207220140450226796e-14 4.268635637127201331e-13 1.242896477676677218e-13 1.709079101106149959e-13
5.500000000000000000e+01 2.656904385027605441e-12 2.911370655066845279e-13 4.308388733898254786e-14 6.356866805832804791e-14 2.526787455907302305e-15 5.063947898414973560e-13 8.827015147237585827e-13 4.926120679044871217e-14 1.529008065084149690e-14 4.125826107313615200e-13 4.773017497851712351e-13 2.186952756425473613e-14 4.313549530836418341e-13 1.231374876938326230e-13 1.692683743006961289e-13
5.600000000000000000e+01 2.640890112814481844e-12 2.978379523646312875e-13 4.345198958713320723e-14 6.439995458190328858e-14 2.503344572787401486e-15 5.081456686875182122e-13 8.927321787529926725e-13 4.991216869318302663e-14 1.515081611978757104e-14 4.179773043586986461e-13 4.824173434777754457e-13 2.166679226454812467e-14 4.357500677527393864e-13 1.219855858672381355e-13 1.676323220877960153e-13
5.700000000000000000e+01 2.624835876604464213e-12 3.045993164338020905e-13 4.381381063148842451e-14 6.521592564356875019e-14 2.479923308620991926e-15 5.100580326363817920e-13 9.027060121547413736e-13 5.055111363034480131e-14 1.501153837418896783e-14 4.233624639073170338e-13 4.874216504174713509e-13 2.146423632596389746e-14 4.400471684011745525e-13 1.208352656949455186e-13 1.660013987041506359e-13
5.800000000000000000e+01 2.608763069433548694e-12 3.114175032843853169e-13 4.416934941292376923e-14 6.601619458265946423e-14 2.456548810643973454e-15 5.121228507922973320e-13 9.126195951474707242e-13 5.117774054239743263e-14 1.487240745473243759e-14 4.287358259678626201e-13 4.923129167999046596e-13 2.126207771066265478e-14 4.442447706128210990e-13 1.196877236696711463e-13 1.643770850393338577e-13
5.900000000000000000e+01 2.592691179067545354e-12 3.182889122997617861e-13 4.451860826851116284e-14 6.680042134108450690e-14 2.433243797964649111e-15 5.143315586630763652e-13 9.224695627014186368e-13 5.179178500961436527e-14 1.473356826108892982e-14 4.340951389862422266e-13 4.970896667833245429e-13 2.106051335816237033e-14 4.483416336818941570e-13 1.185440396151635828e-13 1.627607111429273936e-13
6.000000000000000000e+01 2.576637929793064767e-12 3.252099942196014814e-13 4.486159271996857931e-14 6.756831057215302459e-14 2.410028758096774520e-15 5.166760220255474787e-13 9.322526112598751994e-13 5.239301773241423222e-14 1.459515176616507518e-14 4.394381686910763532e-13 5.017506897164150535e-13 2.085972088551688169e-14 4.523367490767676949e-13 1.174051861705364527e-13 1.611534687077196384e-13
6.100000000000000000e+01 2.560619414841039589e-12 3.321772492799011409e-13 4.519831129036804973e-14 6.831960967396156668e-14 2.386922128740099355e-15 5.191485044028402712e-13 9.419655052489160787e-13 5.298124295759833714e-14 1.445727614000082714e-14 4.447627033901209390e-13 5.062950270679876087e-13 2.065986016002371985e-14 4.562293286909380340e-13 1.162720375597459351e-13 1.595564225972609843e-13
6.200000000000000000e+01 2.544650219865379135e-12 3.391872258832059484e-13 4.552877534474352700e-14 6.905410677204907925e-14 2.363940465744101555e-15 5.217416377777702107e-13 9.516050832978936226e-13 5.355629686936917666e-14 1.432004778895205987e-14 4.500665590806293237e-13 5.107219591956165026e-13 2.046107475252404184e-14 4.600187929964066583e-13 1.151453776919008750e-13 1.579705214805076560e-13
6.300000000000000000e+01 2.528743537924831571e-12 3.462365197358781279e-13 4.585299895074416680e-14 6.977162867305250118e-14 2.341098598168990705e-15 5.244483962060357897e-13 9.611682641077404691e-13 5.411804596170653866e-14 1.418356231568436765e-14 4.553475843284572495e-13 5.150309920729430530e-13 2.026349327917569010e-14 4.637047591998982782e-13 1.140259076369706537e-13 1.563966076344351415e-13
6.400000000000000000e+01 2.512911276428690331e-12 3.533217733929819077e-13 4.617099875595052185e-14 7.047203880831247408e-14 2.318409771327433384e-15 5.272620720280034742e-13 9.706520519175992179e-13 5.466638540652729039e-14 1.404790540533273834e-14 4.606036648797312424e-13 5.192218440791675350e-13 2.006723063931971157e-14 4.672870294884937671e-13 1.129142525199077535e-13 1.548354259731412452e-13
6.500000000000000000e+01 2.497164156509376870e-12 3.604396761550740089e-13 4.648279387890367564e-14 7.115523518379358733e-14 2.295885778653282981e-15 5.301762544089966863e-13 9.800535415323753018e-13 5.520123743005924710e-14 1.391315364296781879e-14 4.658327279770564502e-13 5.232944329392436881e-13 1.987238915674367410e-14 4.707655794384476965e-13 1.118109678743524136e-13 1.532876323592452553e-13
6.600000000000000000e+01 2.481511805279880344e-12 3.675869642649475235e-13 4.678840581129396866e-14 7.182114835030986480e-14 2.273537083202532300e-15 5.331848099657758928e-13 9.893699228846023207e-13 5.572254970803050291e-14 1.377937526726881006e-14 4.710327463595733132e-13 5.272488628895737450e-13 1.967905963129231982e-14 4.741405466492576952e-13 1.107165454950526818e-13 1.517538012504698256e-13
6.700000000000000000e+01 2.465962841423339605e-12 3.747604213561231441e-13 4.708785832911561457e-14 7.246973940588027864e-14 2.251372929548165325e-15 5.362818652616931060e-13 9.985984851135156150e-13 5.623029378860847122e-14 1.364663086504567237e-14 4.762017419326830102e-13 5.310854121315114230e-13 1.948732230740262348e-14 4.774122196544282461e-13 1.096314188259907761e-13 1.502344327312703653e-13
6.800000000000000000e+01 2.450524954547428217e-12 3.819568791085937167e-13 4.738117741091828792e-14 7.310099804008047878e-14 2.229401446786109707e-15 5.394617909751944947e-13 1.007736620152539429e-12 5.672446355051638490e-14 1.351497401098831142e-14 4.813377890989778701e-13 5.348045206237555209e-13 1.929724776575784896e-14 4.805810271508041347e-13 1.085559679190231255e-13 1.487299589763173626e-13
6.900000000000000000e+01 2.435204978718715256e-12 3.891732180709897675e-13 4.766839116157702731e-14 7.371494062849607551e-14 2.207629743324983623e-15 5.427191875662393444e-13 1.016781825823560565e-12 5.720507370240389605e-14 1.338445185675358696e-14 4.864390177469067219e-13 5.384067782546418636e-13 1.910889774387147666e-14 4.836475275798103785e-13 1.074905239956605945e-13 1.472407501896198367e-13
7.000000000000000000e+01 2.420008960572952821e-12 3.964063686119110706e-13 4.794952974026110627e-14 7.431160838381174284e-14 2.186063994088460513e-15 5.460488722830637217e-13 1.025731708442462093e-12 5.767215832834219604e-14 1.325510567323768171e-14 4.915036158979784303e-13 5.418929134264192552e-13 1.892232589103483632e-14 4.866123990863456471e-13 1.064353736424753874e-13 1.457671200601233758e-13
7.100000000000000000e+01 2.404942222376886404e-12 4.036533119666396515e-13 4.822462529151036621e-14 7.489106556867653668e-14 2.164709520716548110e-15 5.494458673677654288e-13 1.034583984945541565e-12 5.812576948324698810e-14 1.312697134962432802e-14 4.965298320169550676e-13 5.452637820756978093e-13 1.873757846269479751e-14 4.894764298744049120e-13 1.053907626685410833e-13 1.443093307717691545e-13
7.200000000000000000e+01 2.390009420396386787e-12 4.109110813488031811e-13 4.849371187852968094e-14 7.545339777425710538e-14 2.143570865311081858e-15 5.529053893336404826e-13 1.043336484550674467e-12 5.856597584109246695e-14 1.300007985255176589e-14 5.015159769925280142e-13 5.485203571473561368e-13 1.855469495897505281e-14 4.922405089726610686e-13 1.043568996513184936e-13 1.428675976032759861e-13
7.300000000000000000e+01 2.375214598904832825e-12 4.181767630997651558e-13 4.875682541798647270e-14 7.599871026731498083e-14 2.122651858231662129e-15 5.564228392002065273e-13 1.051987149970531705e-12 5.899286139795758749e-14 1.287445764850418423e-14 5.064604257984823201e-13 5.516637185331725759e-13 1.837370871171675496e-14 4.949056174181623258e-13 1.033339591954941088e-13 1.414420931503162936e-13
7.400000000000000000e+01 2.360561240145102363e-12 4.254474978515776289e-13 4.901400361574920667e-14 7.652712640770907989e-14 2.101955680411133725e-15 5.599937935835718956e-13 1.060534038197893084e-12 5.940652423123190927e-14 1.275012709230820080e-14 5.113616188473812104e-13 5.546950434812607277e-13 1.819464742409452140e-14 4.974728198619296737e-13 1.023220849274757980e-13 1.400329512003121707e-13
7.500000000000000000e+01 2.346052310538460940e-12 4.327204816822214824e-13 4.926528590313461240e-14 7.703878613741455567e-14 2.081484920624778580e-15 5.636139965503811310e-13 1.068975320885168316e-12 5.980707531569254414e-14 1.262710678440210495e-14 5.162180630503853889e-13 5.576155974779278122e-13 1.801753366656166697e-14 4.999432565965081496e-13 1.013213922465485358e-13 1.386402702877772078e-13
7.600000000000000000e+01 2.331690303414290068e-12 4.399929672445857340e-13 4.951071337334461682e-14 7.753384454145679658e-14 2.061241628114478514e-15 5.672793521531025765e-13 1.077309284341790871e-12 6.019463739663638382e-14 1.250541189934535378e-14 5.210283325980382287e-13 5.604267255998063061e-13 1.784238533259464641e-14 5.023181360023508879e-13 1.003319708520975215e-13 1.372641169559762830e-13
7.700000000000000000e+01 2.317477278516039820e-12 4.472622648531802067e-13 4.975032871786681303e-14 7.801247048056941601e-14 2.041227360938372057e-15 5.709859175730110882e-13 1.085534329174140974e-12 6.056934391980427958e-14 1.238505448784814083e-14 5.257910694777075346e-13 5.631298443309139953e-13 1.766921605744114774e-14 5.045987274072763887e-13 9.935388706481246001e-14 1.359045287486644149e-13
7.800000000000000000e+01 2.303414898521138570e-12 4.545257435149402001e-13 4.998417616269290401e-14 7.847484529488748794e-14 2.021443230387810901e-15 5.747298968049798041e-13 1.093648969593299831e-12 6.093133801745771681e-14 1.226604375442565497e-14 5.305049837439467792e-13 5.657264338366600281e-13 1.749803560282820030e-14 5.067863543510305234e-13 9.838718595839364525e-14 1.345615169537959068e-13
7.900000000000000000e+01 2.289504462795898863e-12 4.617808318926829373e-13 5.021230140427503644e-14 7.892116157757312506e-14 2.001889941786721323e-15 5.785076348251817123e-13 1.101651832416148467e-12 6.128077154965523007e-14 1.214838631261822229e-14 5.351688535583633510e-13 5.682180306846449226e-13 1.732885021035597261e-14 5.088823882452068457e-13 9.743189331698683005e-14 1.332350691193554059e-13
8.000000000000000000e+01 2.275746938590636144e-12 4.690250191917740461e-13 5.043475154519348063e-14 7.935162201692814313e-14 1.982567831963660752e-15 5.823156121890976018e-13 1.109541655785270184e-12 6.161780419951910205e-14 1.203208641956682079e-14 5.397815250156729320e-13 5.706062210003358368e-13 1.716166292608834007e-14 5.108882424173269655e-13 9.648801743236876591e-14 1.319251513598535004e-13
8.100000000000000000e+01 2.262142989865474423e-12 4.762558559624174761e-13 5.065157502955359256e-14 7.976643830527261812e-14 1.963476903663876972e-15 5.861504400129127347e-13 1.117317287632786902e-12 6.194260262107591861e-14 1.191714619159265720e-14 5.443419117725379432e-13 5.728926340443319263e-13 1.699647389865296710e-14 5.128053665267764746e-13 9.555555075379412422e-14 1.306317104705400076e-13
8.200000000000000000e+01 2.248693003923361972e-12 4.834709548116488387e-13 5.086282157816311267e-14 8.016583011264616336e-14 1.944616857147373463e-15 5.900088552964790330e-13 1.124977683912704280e-12 6.225533963808931980e-14 1.180356580229889154e-14 5.488489944955484820e-13 5.750789361968452053e-13 1.683328065297919981e-14 5.146352413394227233e-13 9.463447140238149474e-14 1.293546758650089762e-13
8.300000000000000000e+01 2.235397116013903123e-12 4.906679910206271177e-13 5.106854212356890865e-14 8.055002412321859999e-14 1.925987119199351235e-15 5.938877165506355031e-13 1.132521906625645410e-12 6.255619349217781414e-14 1.169134366459219728e-14 5.533018201443333997e-13 5.771668253342580494e-13 1.667207834163245104e-14 5.163793738471330859e-13 9.372474456096516946e-14 1.280939613506028300e-13
8.400000000000000000e+01 2.222255232059482399e-12 4.978447030641845706e-13 5.126878874505123338e-14 8.091925313216830512e-14 1.907586869761227258e-15 5.977839996957990692e-13 1.139949121658973788e-12 6.284534713841692027e-14 1.158047659791022286e-14 5.576995011053235778e-13 5.791580255820531292e-13 1.651285997554668443e-14 5.180392927180013880e-13 9.282632374946067922e-14 1.268494667548506427e-13
8.500000000000000000e+01 2.209267049643905461e-12 5.049988930307991089e-13 5.146361460368805887e-14 8.127375520069401734e-14 1.889415066373665133e-15 6.016947942024582777e-13 1.147258596464359956e-12 6.312298758655862295e-14 1.147095998183823655e-14 5.620412141911300591e-13 5.810542824280767278e-13 1.635561663581159935e-14 5.196165440628344018e-13 9.193915199498145496e-14 1.256210794150966270e-13
8.600000000000000000e+01 2.196432077393336585e-12 5.121284269422417468e-13 5.165307387761188601e-14 8.161377286676940907e-14 1.871470466607678737e-15 6.056172994475375141e-13 1.154449697593799475e-12 6.338930528596182638e-14 1.136278789720347998e-14 5.663261995198929409e-13 5.828573581799395874e-13 1.620033766803817600e-14 5.211126875033807417e-13 9.106316290519796293e-14 1.244086755424863306e-13
8.700000000000000000e+01 2.183749652869544939e-12 5.192312349730860207e-13 5.183722169758555072e-14 8.193955240921424326e-14 1.853751648645604215e-15 6.095488212635776052e-13 1.161521888113985474e-12 6.364449355230512203e-14 1.125595325564824134e-14 5.705537592882829330e-13 5.845690277503240851e-13 1.604701086070287532e-14 5.225292925277934821e-13 9.019828165274388713e-14 1.232121214705614144e-13
8.800000000000000000e+01 2.171218959086544608e-12 5.263053115711050772e-13 5.201611408302701818e-14 8.225134316264978471e-14 1.836257030160720673e-15 6.134867686603666168e-13 1.168474724917816768e-12 6.388874803415275887e-14 1.115044791860244609e-14 5.747232564511506555e-13 5.861910747540956868e-13 1.589562260875806280e-14 5.238679351189735205e-13 8.934442587784184629e-14 1.220312747978796391e-13
8.900000000000000000e+01 2.158839039753262574e-12 5.333487154802844994e-13 5.218980787861080915e-14 8.254939688091471937e-14 1.818984885632209434e-15 6.174286507010387536e-13 1.175307855950653052e-12 6.412226621745443544e-14 1.104626280650218290e-14 5.788341133200977973e-13 5.877252879013130221e-13 1.574615806369209289e-14 5.251301946416490175e-13 8.850150651573929452e-14 1.208659854333027953e-13
9.000000000000000000e+01 2.146608813337265915e-12 5.403595696688036742e-13 5.235836069157200468e-14 8.283396714654639792e-14 1.801933362221168299e-15 6.213720735168016420e-13 1.182021017367789505e-12 6.434524696608550873e-14 1.094338799903294260e-14 5.828858100925193617e-13 5.891734576705366718e-13 1.559860127112684565e-14 5.263176509743507852e-13 8.766942855501226189e-14 1.197160965518921026e-13
9.100000000000000000e+01 2.134527086037323471e-12 5.473360611648439738e-13 5.252183082983284983e-14 8.310530882397002226e-14 1.785100494323153464e-15 6.253147374463588687e-13 1.188614030638462330e-12 6.455789009656790237e-14 1.084181282711325782e-14 5.868778833219354765e-13 5.905373732472038026e-13 1.545293529695267278e-14 5.274318818727869093e-13 8.684809173230289798e-14 1.185814454686965664e-13
9.200000000000000000e+01 2.122592563746028454e-12 5.542764408035183415e-13 5.268027724106623375e-14 8.336367755409160676e-14 1.768484216903446743e-15 6.292544342877933376e-13 1.195086799610575525e-12 6.476039598515406500e-14 1.074152595727720238e-14 5.908099243397144265e-13 5.918188197122512915e-13 1.530914234291977585e-14 5.284744605515157048e-13 8.603739116860524951e-14 1.174618644371271681e-13
9.300000000000000000e+01 2.110803863077598311e-12 5.611790228885679504e-13 5.283375945280331244e-14 8.360932928804894725e-14 1.752082377712631767e-15 6.331890446521884905e-13 1.201439307549232536e-12 6.495296520550631193e-14 1.064251546906108755e-14 5.946815776375689291e-13 5.930195754666399158e-13 1.516720385253103824e-14 5.294469534712490892e-13 8.523721795180112309e-14 1.163571813780617200e-13
9.400000000000000000e+01 2.099159521530294634e-12 5.680421847727481817e-13 5.298233751368416567e-14 8.384251985794228147e-14 1.735892748472206961e-15 6.371165354096078986e-13 1.207671614161087081e-12 6.513579819525756369e-14 1.054476892595121850e-14 5.984925392195267986e-13 5.941414098779285756e-13 1.502710060801303594e-14 5.303509183195693003e-13 8.444745966976617596e-14 1.152672205453230782e-13
9.500000000000000000e+01 2.087658006847725509e-12 5.748643663610467882e-13 5.312607193594168330e-14 8.406350458243708216e-14 1.719913035112708523e-15 6.410349572192403801e-13 1.213783852615504005e-12 6.530909494979698692e-14 1.044827344040473992e-14 6.022425549313894145e-13 5.951860811355640970e-13 1.488881281907925036e-14 5.311879021733161669e-13 8.366800089801712099e-14 1.141918031327121031e-13
9.600000000000000000e+01 2.076297725638452416e-12 5.816440695410335262e-13 5.326502363920105708e-14 8.427253790520909871e-14 1.704140887140188665e-15 6.449424421365745959e-13 1.219776226572528627e-12 6.547305474168621851e-14 1.035301573341469756e-14 6.059314187750584987e-13 5.961553343020890463e-13 1.475232020414229188e-14 5.319594398313883269e-13 8.289872364555143658e-14 1.131307478273570439e-13
9.700000000000000000e+01 2.065077031308893830e-12 5.883798575447480696e-13 5.339925389566715011e-14 8.446987306427798593e-14 1.688573906200782209e-15 6.488372012913951288e-13 1.225649007226718110e-12 6.562787586417301831e-14 1.025898218905263377e-14 6.095589712144730487e-13 5.970508995480159521e-13 1.461760206457876124e-14 5.326670523071842458e-13 8.213950776223516898e-14 1.120838713137497518e-13
9.800000000000000000e+01 2.053994231360389872e-12 5.950703542465924989e-13 5.352882427676394463e-14 8.465576179035726891e-14 1.673209653907485124e-15 6.527175226312081251e-13 1.231402530375004098e-12 6.577375539733383250e-14 1.016615890438742319e-14 6.131250974793170626e-13 5.978744905586569476e-13 1.448463735260216331e-14 5.333122454704113337e-13 8.139023131082454757e-14 1.110509887324861183e-13
9.900000000000000000e+01 2.043047594097530451e-12 6.017142434017251492e-13 5.365379660128119382e-14 8.483045403242895814e-14 1.658045658988142104e-15 6.565817687254339136e-13 1.237037193515898136e-12 6.591088899544085512e-14 1.007453173514720511e-14 6.166297258720848590e-13 5.986278031017520938e-13 1.435340473325466105e-14 5.338965088284649282e-13 8.065077090645943198e-14 1.100319140974011688e-13
1.000000000000000000e+02 2.032235354791314829e-12 6.083102678294300840e-13 5.377423288507529363e-14 8.499419770883168053e-14 1.643079423808892976e-15 6.604283746263266261e-13 1.242553452986563838e-12 6.603947069421325650e-14 9.984086337462100322e-15 6.200728260835538105e-13 5.993125137452721812e-13 1.422388264098743280e-14 5.344213144380755007e-13 7.992100202623806713e-14 1.090264606744896394e-13
