1337772.9711299999617040,-2276802.6371574066579342
669197.6555650000227615,-1163680.4619769556447864
352793.3823279999778606,-594033.7772682140348479
197022.3467710000113584,-298699.0474891767953523
119782.9836340000038035,-148206.1000459839124233
82595.7410760000057053,-75511.4243627726827981
66229.3308269999979530,-44410.7007735611332464
60622.4785610000035376,-34944.1990241467283340
60358.4583469999997760,-36063.5382272713468410
30148.2539240000005520,-9383.6431009118532529
21341.3497600000009697,-4636.5811655763500312
15087.7628540000005160,-2195.9650019376967975
10638.4302160000006552,-998.3473629346808593
7439.6745240000000194,-416.6558118450575421
5148.4967479999995703,-149.7797107014930589
3530.1467109999998684,-51.1113920979287286
2380.9418529999998100,-15.3973154801019518
1570.2661949999999251,-3.5746406103974095
1005.0503569999999627,-0.4143334303062147
616.6389209999999821,0.0713725013312114
354.3058940000000234,0.0119284794263876
180.8449699999999893,-0.0286395797286048
69.1970340000000022,-0.0062216236890009
-0.1239890000000000,0.0236538535170477
-40.9831029999999998,0.0284855490506999
-63.1091740000000030,0.0097157854930074
-73.2224369999999993,-0.0152566411077828
-75.8834710000000001,-0.0305341672944195
-74.1264309999999966,-0.0298834554971421
-69.9262339999999938,-0.0158521125523237
-64.5362899999999939,0.0043008499163619
-58.7273670000000010,0.0221819950514544
-52.9541699999999977,0.0312301424875727
-47.4697460000000007,0.0289276547747832
-42.4017660000000021,0.0172558516655954
-37.8015619999999970,0.0012826568171747
-33.6747080000000025,-0.0132315503525078
-29.9999789999999997,-0.0219810144721144
-26.7415580000000013,-0.0230684293641978
-23.8568880000000014,-0.0170804125004267
-21.3017910000000015,-0.0065127199802433
-19.0338470000000015,0.0052028268535551
-17.0144599999999997,0.0146713998569297
-15.2100819999999999,0.0194413545784453
-13.5925309999999993,0.0184360457660500
-12.1387520000000002,0.0120463247800906
-10.8301470000000002,0.0018808006135540
-9.6515290000000000,-0.0098452737499848
-8.5902290000000008,-0.0207931153807834
-7.6351440000000004,-0.0290860224605485
-6.7761920000000000,-0.0335375392519737
-5.3093370000000002,-0.0301843627765779
-4.1201790000000003,-0.0151695126808846
-3.1496710000000001,0.0031869879615725
-2.3517730000000001,0.0189907250007986
-1.6925220000000001,0.0304110633420571
-1.1465090000000000,0.0379646159998153
-0.6932570000000000,0.0422051388004321
-0.3155830000000000,0.0430696536236395
0.0008480000000000,0.0401915693925971
0.2673890000000000,0.0336327327735192
0.4927650000000000,0.0240074083253220
0.6835050000000000,0.0124357232203043
0.8447050000000000,0.0000930731115025
0.9805060000000000,-0.0120140078134260
1.0944380000000000,-0.0231852982710641
1.3030619999999999,-0.0451249864357219
1.4321710000000001,-0.0585074918775523
1.5082180000000001,-0.0650121148166165
1.5482659999999999,-0.0660913065228561
1.5636150000000000,-0.0630687984420812
1.5617710000000000,-0.0569716842369410
1.5480039999999999,-0.0487857121311179
1.5260030000000000,-0.0393102411226580
1.4984139999999999,-0.0292008682839531
1.4671019999999999,-0.0189218333581873
1.4334549999999999,-0.0088544121735226
1.3984510000000001,0.0007612711043585
1.3269940000000000,0.0180831907900640
1.2563800000000001,0.0323996769347021
1.1884470000000000,0.0436578581678178
1.1240650000000001,0.0520711534326592
1.0637420000000000,0.0577886265439538
1.0074939999999999,0.0611830809905585
0.9545850000000000,0.0632072276751441
0.9052789999999999,0.0637024783355894
0.8593420000000001,0.0629362873263536
0.8165220000000000,0.0611479483935686
0.2770510000000000,-0.0253402976658614
0.0015210000000000,0.0191406759596266
1044386.3357189999660477,-1947407.3787143146619201
545511.7469160000327975,-1023040.4214573730714619
293187.8581649999832734,-527884.5310666491277516
164386.4547169999859761,-264900.0962285908171907
99091.6183869999949820,-128881.1349429514666554
66923.3736030000000028,-62176.9667438075848622
51656.7971630000029108,-32342.4685744404741854
43619.4960240000000340,-20233.7238488473813049
35758.0040319999970961,-13398.9801048657500360
26745.1158409999989090,-7535.6029559692942712
19336.2552409999989322,-3838.2585288500376919
13820.8352300000005926,-1841.6263353157846723
9805.2330870000005234,-841.2733258833814034
6874.2921269999997094,-343.7161040086084540
4767.6146849999995538,-122.2585910649086145
3269.7486579999999776,-40.8674908464149667
2202.3919759999998860,-11.6884561767265041
1448.3612530000000334,-2.3431250592511788
922.4856519999999591,-0.0680431843666156
561.3235959999999523,0.1393379059885547
317.7528389999999945,0.0140739178559102
157.1089530000000138,-0.0338335191106864
54.1270189999999971,-0.0067385432912417
-9.4049139999999998,0.0270198299688040
-46.4504349999999988,0.0324556946821914
-66.1061550000000011,0.0120757709584893
-74.6517599999999959,-0.0159304432260541
-76.3449590000000029,-0.0342452380709801
-74.0138149999999939,-0.0351675573973722
-69.4940019999999947,-0.0204722622435725
-63.9451469999999986,0.0021398334103822
-58.0753640000000004,0.0230435423216875
-52.2985189999999989,0.0346649802932575
-46.8418149999999969,0.0340211438098379
-41.8168610000000029,0.0228620208705053
-37.2655400000000014,0.0064128592730270
-33.1878559999999965,-0.0095239530337494
-29.5598129999999983,-0.0203171873250376
-26.3442930000000004,-0.0238216548625871
-23.4986700000000006,-0.0200674168417407
-20.9789899999999996,-0.0112283321992130
-18.7432450000000017,-0.0005084716202539
-16.7532280000000000,0.0087682134555536
-14.9755509999999994,0.0139444133690638
-13.3823209999999992,0.0138669308094901
-11.9507100000000008,0.0088122791225800
-10.6623429999999999,0.0003051661187694
-9.5021760000000004,-0.0095662002747012
-8.4576580000000003,-0.0185798855993529
-7.5177600000000000,-0.0249883637382924
-6.6724240000000004,-0.0277568083263082
-5.2282640000000002,-0.0220542834739605
-4.0563050000000000,-0.0062938070460561
-3.0986090000000002,0.0115444480084648
-2.2999920000000000,0.0158175475474240
-1.6501399999999999,0.0278616881865252
-1.1116660000000000,0.0358273276716585
-0.6644470000000000,0.0403082848727583
-0.2915720000000000,0.0412592803898804
0.0210270000000000,0.0383747818929058
0.2844440000000000,0.0318090343141521
0.5072040000000000,0.0222416874771152
0.6957630000000000,0.0107572054725097
0.8550970000000000,-0.0014366812591045
0.9892690000000000,-0.0133261571266982
1.1018070000000000,-0.0242660696951371
1.3078749999999999,-0.0457491015103881
1.4353419999999999,-0.0588099658896108
1.5102840000000000,-0.0650543610269669
1.5496460000000001,-0.0659983627030234
1.5644819999999999,-0.0628295730989852
1.5622959999999999,-0.0566402363219822
1.5482769999999999,-0.0483765652615056
1.5261190000000000,-0.0388688013208800
1.4983900000000001,-0.0287108921254169
1.4670040000000000,-0.0184265488934268
1.4333089999999999,-0.0083638605938656
1.3982420000000000,0.0012735349379378
1.3267610000000001,0.0185599533310705
1.2560970000000000,0.0328865387441386
1.1881679999999999,0.0441127206710668
1.1238130000000000,0.0524786001444686
1.0634850000000000,0.0581856536776815
1.0072170000000000,0.0615880605775112
0.9543320000000000,0.0635784808569864
0.9050570000000000,0.0640346331858901
0.8591400000000000,0.0632415090932286
0.8163250000000000,0.0614420904182347
0.2769940000000000,-0.0252561803130918
0.0015060000000000,0.0191579018782006
583953.0628969999961555,-1328441.1559183881618083
332294.9261919999844395,-725544.0046614469029009
189674.2800289999868255,-382591.9627574316691607
111675.0442069999990053,-193992.2332207565777935
70368.5927950000041164,-94469.9930092318827519
49182.3762019999994664,-44921.3391450261915452
38263.2521730000007665,-22096.5125772088722442
31602.5162920000002487,-12167.8348700424394337
25792.9930170000006910,-7274.7470574022190704
20016.7627350000002480,-4147.1837101531418739
14931.6125470000006317,-2158.7166921175830794
10890.0669479999996838,-1042.6378141371460515
7812.9097119999996721,-466.3644863036870447
5501.9830030000002807,-169.6605791731981299
3829.9176000000002205,-54.9790063922332592
2622.1121659999998883,-14.7842823699734254
1755.7398299999999836,-2.0152988420920792
1142.4333670000000893,0.9057675777276017
715.0124240000000100,0.8475212402565830
422.3616000000000099,0.3259790507186153
226.1091319999999882,0.0199551856331652
97.8235600000000005,-0.0480339730890904
16.7103499999999983,-0.0085238623577055
-32.2422400000000025,0.0364669166198510
-59.7173510000000007,0.0443864114703985
-73.2038890000000038,0.0185627562101160
-77.8619759999999985,-0.0188234828968206
-77.1790629999999993,-0.0456866586654456
-73.4593380000000025,-0.0501795905617399
-68.1846819999999951,-0.0326621171588215
-62.2769339999999971,-0.0028428689982860
-56.2868080000000006,0.0264931716822545
-50.5264030000000020,0.0452546767491739
-45.1587430000000012,0.0489182765183145
-40.2565010000000001,0.0388988201133884
-35.8384470000000022,0.0203693348333829
-31.8918509999999991,-0.0004097739743081
-28.3866419999999984,-0.0178248867201596
-25.2838059999999984,-0.0282819376476198
-22.5408949999999990,-0.0304561743752458
-20.1149309999999986,-0.0255716091077716
-17.9647539999999992,-0.0166252090460510
-16.0528990000000000,-0.0071074457877316
-14.3466970000000007,0.0000630980255352
-12.8186560000000007,0.0031854397017845
-11.4465000000000003,0.0022190252154477
-10.2123270000000002,-0.0016108815941305
-9.1014999999999997,-0.0064847465908482
-8.1017220000000005,-0.0105134562863505
-7.2021069999999998,-0.0123154506374652
-6.3926869999999996,-0.0112084015516869
-5.0079399999999996,-0.0007648244933822
-3.8808970000000000,0.0157134233276470
-2.9571290000000001,0.0317290508082064
-2.1551600000000000,0.0037233249827215
-1.5311969999999999,0.0182394398771690
-1.0135970000000001,0.0281049385167258
-0.5831680000000000,0.0339790296206103
-0.2236610000000000,0.0357782335856501
0.0781800000000000,0.0334447235243140
0.3328240000000000,0.0273045866176633
0.5483000000000000,0.0181706000821678
0.7305960000000000,0.0073052082643839
0.8845950000000000,-0.0042224414512555
1.0141929999999999,-0.0154164655814302
1.1228520000000000,-0.0257135276043585
1.3215939999999999,-0.0458707560718821
1.4443440000000001,-0.0581774568890712
1.5162089999999999,-0.0640340202896064
1.5534910000000000,-0.0647708658437096
1.5669139999999999,-0.0615254988371914
1.5637289999999999,-0.0553122001582227
1.5490320000000000,-0.0470960071173461
1.5263560000000000,-0.0376191657430642
1.4983139999999999,-0.0275693600197933
1.4666729999999999,-0.0173565938918505
1.4327950000000000,-0.0073662371609169
1.3976329999999999,0.0021654120571060
1.3260190000000001,0.0193014290048803
1.2553500000000000,0.0334567136017727
1.1873890000000000,0.0446069409510428
1.1230730000000000,0.0528701591224043
1.0627570000000000,0.0585304416585191
1.0064979999999999,0.0619079196154084
0.9536590000000000,0.0638486304194343
0.9044270000000000,0.0642659056777761
0.8585820000000000,0.0634098255002651
0.8157940000000000,0.0615954405524179
0.2768540000000000,-0.0252291432827734
0.0014640000000000,0.0191906292510113
287594.2343910000054166,-880932.4393246296094730
175387.0336430000024848,-491317.3850826761918142
106954.2090779999998631,-264155.1806628685444593
67528.4117980000009993,-136677.6144867232360411
45771.2872869999991963,-68218.5405695750378072
33967.0205350000032922,-33348.7181201640414656
27138.4706259999984468,-16543.4270039166840434
22295.6360569999997097,-8644.0565897634332941
18017.7712449999999080,-4706.3308154934893537
14053.8137189999997645,-2530.6678452464329894
10613.2543800000003102,-1298.9867386386631551
7817.2030569999997169,-630.6166171274235239
5616.0154000000002270,-264.6027079630803200
3966.5027519999998731,-99.3225293353680172
2753.1521969999998873,-35.1709757725971031
1867.6476800000000367,-10.7244765916668712
1231.2705060000000685,-2.3558995670089189
781.8378340000000435,-0.1285361032026913
470.3329539999999724,0.1384839153549819
258.9171739999999886,0.0211399328432549
118.9822910000000036,-0.0443050531159628
29.2523170000000015,-0.0210540624488367
-25.8412499999999987,0.0280580486785915
-57.5186520000000030,0.0537249715276431
-73.7382110000000068,0.0397436015187083
-80.0552050000000008,-0.0013213031753594
-80.2773059999999958,-0.0448885151725591
-76.9587599999999981,-0.0688874813698845
-71.7672280000000029,-0.0632546148985966
-65.7547310000000067,-0.0321201060748280
-59.5568799999999996,0.0105310050152383
-53.5378830000000008,0.0489838623469510
-47.8911540000000002,0.0717344585154223
-42.7067040000000020,0.0744304241286926
-38.0133939999999981,0.0589794956947998
-33.8053349999999995,0.0316088272435096
-30.0573610000000002,0.0001332498384308
-26.7345000000000006,-0.0279450083438135
-23.7970809999999986,-0.0471711507052817
-21.2036039999999986,-0.0551653847384195
-18.9125399999999999,-0.0528512647194503
-16.8843449999999997,-0.0433185927252424
-15.0828000000000007,-0.0306798136728030
-13.4764269999999993,-0.0184725668572927
-12.0390160000000002,-0.0087629960831812
-10.7491880000000002,-0.0021396641124056
-9.5897500000000004,0.0020916062878644
-8.5465879999999999,0.0052224419818891
-7.6076540000000001,0.0085056578450660
-6.7623540000000002,0.0128697792451336
-6.0010089999999998,0.0186574252066896
-4.6952520000000000,0.0335092589328481
-3.6282260000000002,0.0489619346486299
-2.7508170000000001,0.0612506647009843
-1.9421670000000000,-0.0145779199692280
-1.3555320000000000,0.0034594967724939
-0.8682720000000000,0.0158854987294749
-0.4622910000000000,0.0233819378881650
-0.1223880000000000,0.0260289087383399
0.1636410000000000,0.0240912645393988
0.4052860000000000,0.0182732611628105
0.6097630000000001,0.0097065412883053
0.7827110000000000,-0.0004030908217142
0.9286100000000000,-0.0109159385730472
1.0513180000000000,-0.0210702370093694
1.1540840000000001,-0.0303121884204225
1.3418820000000000,-0.0483044054099584
1.4575979999999999,-0.0591253313457216
1.5248670000000000,-0.0639440189139950
1.5590619999999999,-0.0639154038924654
1.5703469999999999,-0.0600771876700956
1.5656730000000001,-0.0534265618321144
1.5499490000000000,-0.0449168100490605
1.5265629999999999,-0.0352546993642726
1.4979830000000001,-0.0250520841830504
1.4659830000000000,-0.0147702081669479
1.4318720000000000,-0.0047701616374756
1.3965490000000000,0.0047467849710161
1.3247530000000001,0.0218090777870317
1.2540340000000001,0.0358397180368908
1.1861400000000000,0.0467975126284810
1.1218319999999999,0.0549587456785878
1.0615660000000000,0.0604958895943641
1.0053080000000001,0.0638134336165526
0.9525420000000000,0.0656321183996069
0.9034250000000000,0.0658924378008872
0.8576279999999999,0.0649515713727741
0.8149250000000000,0.0630192831073043
0.2766210000000000,-0.0248400738729982
0.0014070000000000,0.0192604401706355
144381.1315290000056848,-518927.7416791380383074
93684.1120090000040364,-288557.2633570310426876
61814.6311300000015763,-155022.8830167730920948
42770.7852980000025127,-80471.3939193693513516
31613.5314209999996820,-40583.9623669585780590
24811.8470869999982824,-20184.6849729640307487
20109.0599860000002082,-10127.9829327301395097
16288.2191550000006828,-5202.2460038836306921
12902.8667110000005778,-2705.6022101272883447
9930.4494739999990998,-1388.9506688147102977
7437.6925689999998212,-688.9259257735147912
5415.4557930000000852,-302.8551777805005258
3864.0046010000000933,-120.2679694407897841
2705.1897730000000593,-45.9420216462440294
1848.5944059999999354,-15.7720701443959115
1226.4892729999999119,-4.4402211864257879
783.2077359999999544,-0.8364515512859043
473.5468859999999722,-0.0242913469852510
261.8661329999999907,0.0174074571351639
120.7859129999999936,-0.0308745329681699
29.7004389999999994,-0.0266084456835465
-26.6331430000000005,0.0137321937764767
-59.2941020000000023,0.0464695712768233
-76.2054920000000067,0.0479388392724331
-82.9383720000000011,0.0174930640526298
-83.3442299999999960,-0.0275347261928545
-80.0329469999999930,-0.0641925195693887
-74.7289009999999934,-0.0753072801269781
-68.5337470000000053,-0.0563785698956281
-62.1206839999999971,-0.0156117071049948
-55.8774540000000002,0.0313964819263788
-50.0100490000000022,0.0693354318901953
-44.6135400000000004,0.0880904323919083
-39.7184439999999981,0.0846096090217117
-35.3193259999999967,0.0620153058076696
-31.3919360000000012,0.0276129893587189
-27.9026829999999997,-0.0097173828544186
-24.8137529999999984,-0.0417743929523695
-22.0853569999999984,-0.0630657450983563
-19.6771199999999986,-0.0717127657120216
-17.5495310000000018,-0.0690547754560917
-15.6654079999999993,-0.0584934719970622
-13.9912939999999999,-0.0439823593457671
-12.4984120000000001,-0.0287369288691703
-11.1627139999999994,-0.0147559782306494
-9.9646150000000002,-0.0026370763790027
-8.8879400000000004,0.0078008350943151
-7.9192289999999996,0.0172123949292153
-7.0468409999999997,0.0261715416188588
-6.2606149999999996,0.0351254340022571
-5.5513360000000000,0.0441078650865521
-4.3313449999999998,0.0612897456756096
-3.3308740000000001,0.0755643277931983
-2.5064890000000002,0.0856748454487746
-1.6905420000000000,-0.0425711788244889
-1.1475310000000001,-0.0178778289138657
-0.6958380000000000,-0.0002411195498369
-0.3184580000000000,0.0108718739189756
-0.0015760000000000,0.0159252896330626
0.2656540000000000,0.0157309823912096
0.4916530000000000,0.0114054775993914
0.6828550000000000,0.0043305977991266
0.8444110000000000,-0.0042305489584025
0.9805670000000000,-0.0132531916906471
1.0949199999999999,-0.0219974592097618
1.1906740000000000,-0.0300941813449280
1.3654160000000000,-0.0461217705898835
1.4727820000000000,-0.0561157037988824
1.5346059999999999,-0.0607172627502737
1.5651090000000001,-0.0607146856827949
1.5738749999999999,-0.0570587869430506
1.5674830000000000,-0.0506903302036246
1.5505220000000000,-0.0424486540202831
1.5262960000000001,-0.0330939699175876
1.4971500000000000,-0.0232088888242954
1.4647660000000000,-0.0132281001204770
1.4303720000000000,-0.0034784390081695
1.3948929999999999,0.0057786916087497
1.3229150000000001,0.0224484488811716
1.2521880000000001,0.0361476223718862
1.1843070000000000,0.0469034898651433
1.1201340000000000,0.0548380544449956
1.0599010000000000,0.0603133684848662
1.0036810000000000,0.0636043746612311
0.9510640000000000,0.0653109406486146
0.9020430000000000,0.0655277237868438
0.8563620000000000,0.0645324015018659
0.8137680000000000,0.0625574533729368
0.2763310000000000,-0.0250247069375684
0.0013270000000000,0.0193014797752917
85315.5747359999950277,-253576.4180300515727140
59966.4892380000019330,-138060.5348155839892570
43499.1173280000002705,-72792.4669129159156000
32878.2701809999998659,-37292.0562880453435355
25763.7394090000016149,-18748.5742518767910951
20574.6561250000013388,-9398.1483305754100002
16411.0244439999987662,-4765.6698773301304755
12874.8875059999991208,-2443.8171694034062966
9865.1760780000004161,-1246.9792972512550477
7374.1648699999996097,-617.7025979199052017
5363.7422219999998561,-268.7049496035133416
3829.2117520000001605,-108.2581695734520508
2680.9219710000002124,-41.7450072911556163
1832.0726970000000620,-14.4564077397917572
1215.5254939999999806,-4.1224140709771291
775.9574450000000070,-0.7843378720286864
468.6306299999999965,-0.0300443917336679
258.2754269999999792,0.0156863697022231
117.8596500000000020,-0.0272391762622846
27.0391480000000008,-0.0237723504963903
-29.2376870000000011,0.0099905335486987
-61.9305809999999965,0.0397630956222201
-78.8867309999999975,0.0436194218834629
-85.6363049999999930,0.0201925129111800
-86.0102779999999996,-0.0183969819278644
-82.6138770000000022,-0.0535586312698797
-77.1780439999999999,-0.0692002495163422
-70.8176310000000058,-0.0585152124778574
-64.2211779999999948,-0.0256387841659347
-57.7901600000000002,0.0174812122198844
-51.7398889999999980,0.0566595492523447
-46.1707400000000021,0.0809462309431339
-41.1152060000000006,0.0850441147920336
-36.5682359999999989,0.0698715375089378
-32.5049190000000010,0.0407843454562382
-28.8909489999999991,0.0056326057316802
-25.6878069999999994,-0.0277161423146595
-22.8552959999999992,-0.0533581789979856
-20.3531009999999988,-0.0682733146877403
-18.1419260000000016,-0.0723812561580388
-16.1848230000000015,-0.0676207118222578
-14.4481199999999994,-0.0569729663808545
-12.9023620000000001,-0.0432269894047650
-11.5224180000000000,-0.0284649424691583
-10.2871810000000004,-0.0139204825139743
-9.1789860000000001,-0.0001301435394350
-8.1830429999999996,0.0128956026624252
-7.2866749999999998,0.0252613829154980
-6.4788730000000001,0.0370457535224862
-5.7499960000000003,0.0482599297718993
-5.0915559999999997,0.0588507166923575
-3.9566550000000000,0.0775456237313712
-3.0241080000000000,0.0924041231519515
-2.2551310000000000,0.1034110363161225
-1.4341250000000001,-0.0742042255989392
-0.9356490000000000,-0.0411376124506420
-0.5199000000000000,-0.0171886997286739
-0.1715330000000000,-0.0014474751145627
0.1218270000000000,0.0069703532915609
0.3696370000000000,0.0094535816042693
0.5792880000000000,0.0075013729299982
0.7565720000000000,0.0026208560857881
0.9062190000000000,-0.0039169026998248
1.0322180000000001,-0.0111609901125524
1.1380150000000000,-0.0184862412306732
1.2265360000000001,-0.0254595233392980
1.3880610000000000,-0.0401058365085536
1.4870239999999999,-0.0500407359345119
1.5433100000000000,-0.0551333920051653
1.5701160000000001,-0.0558827147318581
1.5763890000000000,-0.0530739956645228
1.5682879999999999,-0.0475389070257382
1.5501579999999999,-0.0400833283529034
1.5251479999999999,-0.0314587694014721
1.4954660000000000,-0.0222150405068120
1.4627470000000000,-0.0128157811272038
1.4281390000000000,-0.0035643613606402
1.3924859999999999,0.0053159467729580
1.3204419999999999,0.0213094645119756
1.2497510000000001,0.0345636863833869
1.1820050000000000,0.0449907432860215
1.1179610000000000,0.0527413413580371
1.0577980000000000,0.0581805694167650
1.0016700000000001,0.0614694205454551
0.9492130000000000,0.0631399777471363
0.9003670000000000,0.0633255045094323
0.8548020000000000,0.0623681995501807
0.8123089999999999,0.0604503395539592
0.2759670000000000,-0.0256985077459357
0.0012430000000000,0.0193002916880232
66350.9863829999958398,-104624.1880806195840705
50567.5127980000033858,-55144.3536387806234416
39283.3131789999970351,-28414.4213609889920917
30895.4027360000000044,-14466.1702144019836851
24348.8834199999982957,-7394.1430206570257724
19018.7500279999985651,-3838.4408869257749757
14593.9743359999993118,-2006.4309102413990331
10961.9523150000004534,-1031.0898726006198558
8055.9514840000001641,-501.5472829406517121
5787.7691020000002027,-207.8741070668047541
4096.5165180000003602,-80.7711387932317848
2847.3538810000000012,-28.6940857043673532
1935.4661120000000665,-8.3953406321584225
1279.7141759999999522,-1.5187090696326777
815.6927970000000414,0.1396920393690380
492.9208449999999857,0.2055397127498395
272.7350149999999758,0.0248624125938477
126.0168560000000042,-0.0501950027188229
31.1487219999999994,-0.0256808110422746
-27.7207590000000010,0.0277562060751535
-62.0542659999999984,0.0578506157284480
-80.0280319999999961,0.0492548470348453
-87.3860289999999935,0.0106522097758415
-88.1000630000000058,-0.0370335451405310
-84.8662419999999997,-0.0722650281366839
-79.4738870000000048,-0.0807162708934186
-73.0760750000000030,-0.0594279483607352
-66.3870150000000052,-0.0167637569818879
-59.8269239999999982,0.0326631037543379
-53.6254040000000032,0.0736483675948705
-47.8939549999999983,0.0955342398665522
-42.6742259999999973,0.0946739395224441
-37.9679799999999972,0.0737766194377514
-33.7552140000000023,0.0399276276249125
-30.0040480000000009,0.0015801285722112
-26.6766019999999990,-0.0336038547600452
-23.7321419999999996,-0.0604140080005280
-21.1293940000000013,-0.0764789588028627
-18.8282260000000008,-0.0819444770428284
-16.7911619999999999,-0.0784910287834037
-14.9840949999999999,-0.0686616725456553
-13.3771339999999999,-0.0547839754424579
-11.9444070000000000,-0.0388020411917722
-10.6638439999999992,-0.0220790873443040
-9.5167880000000000,-0.0053718764935073
-8.4872569999999996,0.0108192365135853
-7.5616810000000001,0.0263359745578473
-6.7282159999999998,0.0409813686084437
-5.9766190000000003,0.0546572727823875
-5.2979390000000004,0.0672784621055191
-4.6843659999999998,0.0788097580127234
-3.6258010000000001,0.0984289060218471
-2.7553139999999998,0.1136754006376761
-2.0370560000000002,0.1247958773960343
-1.2118139999999999,-0.0986612783257725
-0.7522030000000000,-0.0609737908324519
-0.3676910000000000,-0.0339903511728157
-0.0444440000000000,-0.0163655913141229
0.2282540000000000,-0.0064380102962310
0.4588040000000000,-0.0024877914184185
0.6538210000000000,-0.0028364115965036
0.8186099999999999,-0.0059807287212260
0.9576480000000001,-0.0108004967922330
1.0746810000000000,-0.0164337018244445
1.1729099999999999,-0.0222827918942810
1.2551690000000000,-0.0280464402960421
1.4053169999999999,-0.0405247627827998
1.4970520000000000,-0.0490850103131439
1.5486720000000000,-0.0532816628364909
1.5724560000000001,-0.0534748003497520
1.5766629999999999,-0.0502409996402517
1.5672090000000001,-0.0444654838755232
1.5481760000000000,-0.0368759773138965
1.5225900000000001,-0.0282172645340557
1.4925630000000001,-0.0190171228501956
1.4596340000000001,-0.0096908878611681
1.4249110000000000,-0.0005331832640221
1.3892439999999999,0.0082058582366304
1.3172800000000000,0.0239166574269420
1.2467539999999999,0.0368942610137499
1.1791760000000000,0.0470960701084429
1.1153320000000000,0.0546229811915984
1.0553999999999999,0.0598285564638288
0.9993050000000000,0.0630949350307507
0.9470720000000000,0.0645601535293568
0.8983670000000000,0.0646281907770880
0.8529850000000000,0.0635140966018396
0.8106350000000000,0.0614807427148546
0.2755350000000000,-0.0254544704534088
0.0011290000000000,0.0193988627230152
65194.4687839999969583,-51677.4439943517063512
51883.2700869999971474,-28291.2800786358129699
41002.3430359999983921,-15676.9813622481415223
31973.8297469999997702,-8832.2058704309638415
24446.7026899999982561,-4986.0033880377559399
18268.8871819999985746,-2735.0482444539647986
13377.0199080000002141,-1428.4761785239315941
9621.1413850000008097,-692.1618626026247512
6814.2011419999998907,-302.9328008874708758
4769.9562390000000960,-126.8140909240528345
3287.5337359999998625,-48.9773121240009459
2222.5597880000000259,-16.5624051897111713
1466.2511449999999513,-4.4345513139696777
936.0703640000000405,-0.7221394014350153
569.7200159999999869,0.0386793057562045
320.8532609999999750,0.0265310331129740
155.3102859999999907,-0.0474895183133128
48.1359270000000024,-0.0380520400743762
-18.7154549999999986,0.0197914212737800
-58.1562150000000031,0.0670510185395798
-79.3222870000000029,0.0695133229364870
-88.6043339999999944,0.0276883084984121
-90.4131220000000013,-0.0350433970974677
-87.7437319999999943,-0.0879724924765526
-82.5861749999999972,-0.1077067303409223
-76.2241410000000030,-0.0868338979403660
-69.4540700000000015,-0.0341439856049135
-62.7453390000000013,0.0310725486862182
-56.3567779999999985,0.0880423196283857
-50.4175350000000009,0.1215064307840237
-44.9808090000000007,0.1253699224936611
-40.0570740000000001,0.1024680083218215
-35.6330460000000002,0.0615623102499754
-31.6818680000000015,0.0133956432968922
-28.1688870000000016,-0.0323795226102064
-25.0551600000000008,-0.0690379116218871
-22.3000110000000014,-0.0932803759757022
-19.8632320000000000,-0.1046283276629651
-17.7066170000000014,-0.1045776894289361
-15.7951809999999995,-0.0955249093011243
-14.0977289999999993,-0.0800360832419997
-12.5868559999999992,-0.0605276696876977
-11.2389130000000002,-0.0389157487788658
-10.0336400000000001,-0.0165871336417389
-8.9535859999999996,0.0053975335218421
-7.9838579999999997,0.0263957279475981
-7.1115599999999999,0.0459252700736270
-6.3256839999999999,0.0638184223628091
-5.6166190000000000,0.0799563347724721
-4.9760140000000002,0.0943236865378108
-4.3965529999999999,0.1069458279016127
-3.3963000000000001,0.1273851818034899
-2.5728409999999999,0.1417945698448091
-1.8921310000000000,0.1505835902839787
-1.0589560000000000,-0.1139758991631787
-0.6270520000000001,-0.0760786489168862
-0.2644590000000000,-0.0498731112160127
0.0410420000000000,-0.0331441139520105
0.2990810000000000,-0.0237858502131301
0.5172540000000000,-0.0198264352555660
0.7017090000000000,-0.0195952948048187
0.8575240000000000,-0.0217681929519220
0.9889330000000000,-0.0253267740678295
1.0996159999999999,-0.0296343417361904
1.1925880000000000,-0.0341520140995415
1.2705100000000000,-0.0386098666158128
1.4129130000000001,-0.0480524697857931
1.4998790000000000,-0.0538885738942736
1.5485420000000001,-0.0556931311920708
1.5704370000000001,-0.0537875063922928
1.5734999999999999,-0.0488351387711314
1.5633290000000000,-0.0416343649132378
1.5439220000000000,-0.0329536908708785
1.5181519999999999,-0.0234475701329255
1.4880650000000000,-0.0136049825712894
1.4551540000000001,-0.0038028596511357
1.4205479999999999,0.0056458749186818
1.3849959999999999,0.0145997126266912
1.3133280000000001,0.0304777631696840
1.2431310000000000,0.0433898407558699
1.1758710000000001,0.0533991557757481
1.1123010000000000,0.0606852469689318
1.0526460000000000,0.0655867401062129
0.9966950000000000,0.0686437309888849
0.9446590000000000,0.0698230721707350
0.8961750000000001,0.0695676407023668
0.8509660000000000,0.0681710433766755
0.8087660000000000,0.0658754558626796
0.2750680000000000,-0.0242526149632280
0.0010060000000000,0.0195821834809755
71507.4003660000016680,-17479.9956768110059784
57124.2837750000035157,-11577.7012102981097996
44023.7783609999969485,-7432.2986211999887018
32434.7377420000011625,-4018.7640274962504918
23487.2894650000016554,-1985.5302698207779031
16850.7623930000008841,-922.6671838578531606
11958.8360720000000583,-375.6447113314916351
8408.7151310000008380,-127.8549881361559528
5853.7680490000002465,-32.2267292425049163
4021.2044049999999515,0.2553759552824886
2716.5116100000000188,7.6385446096724081
1796.1848959999999806,6.5347655283483164
1153.8640069999999014,3.7909046345146180
711.1594350000000304,1.6800481762502386
410.6695030000000202,0.5194908862201260
210.5484730000000013,0.0369325876424398
80.4650670000000048,-0.0762719815616748
-1.3750260000000001,-0.0339373956029836
-50.4698160000000016,0.0412671116806465
-77.7125280000000060,0.0836859849151637
-90.6788209999999992,0.0708809841034395
-94.5819230000000033,0.0134983769991237
-92.9669640000000044,-0.0568678624676409
-88.2031080000000003,-0.1064264048341101
-81.8337300000000027,-0.1144264914736084
-74.8285259999999965,-0.0797252267795301
-67.7682939999999974,-0.0172855108869925
-60.9794259999999966,0.0505635597983556
-54.6295519999999968,0.1034579858522875
-48.7921329999999998,0.1290245979315259
-43.4878560000000007,0.1250419655903556
-38.7080330000000004,0.0969456239418562
-34.4278010000000023,0.0542446722126115
-30.6132050000000007,0.0069731100037309
-27.2251420000000017,-0.0368966036837257
-24.2225590000000004,-0.0720923991951032
-21.5644789999999986,-0.0961163189941949
-19.2118210000000005,-0.1084297076358638
-17.1282089999999982,-0.1099810456696524
-15.2807069999999996,-0.1024177865737705
-13.6399729999999995,-0.0876676232824867
-12.1800149999999991,-0.0678178225859600
-10.8781450000000000,-0.0447642170846407
-9.7145940000000000,-0.0202058503467573
-8.6723470000000002,0.0045529284445234
-7.7367359999999996,0.0285214139881145
-6.8951419999999999,0.0510107921823284
-6.1367440000000002,0.0716307783025991
-5.4522180000000002,0.0902007344652809
-4.8335059999999999,0.1066992178468222
-4.2735709999999996,0.1211721054165116
-3.3058879999999999,0.1442183634428855
-2.5075609999999999,0.1597769329786618
-1.8455490000000001,0.1680881432394918
-0.9976270000000000,-0.1265235387403805
-0.5794500000000000,-0.0870880051968936
-0.2272920000000000,-0.0601294715922618
0.0699780000000000,-0.0428381350627013
0.3212070000000000,-0.0327239574233398
0.5336419999999999,-0.0277877783661924
0.7132270000000001,-0.0264140865753240
0.8649430000000000,-0.0273898908974408
0.9929920000000000,-0.0298319994343484
1.1009329999999999,-0.0331167674641348
1.1917570000000000,-0.0367887390647001
1.2679600000000000,-0.0404990419331379
1.4075700000000000,-0.0485489227481022
1.4931270000000001,-0.0534549794256789
1.5411260000000000,-0.0545843483047428
1.5628120000000001,-0.0522136551065651
1.5659280000000000,-0.0469510468230532
1.5560099999999999,-0.0396083231038757
1.5369090000000001,-0.0308465708262540
1.5114520000000000,-0.0212933466098080
1.4817229999999999,-0.0114832650897225
1.4491660000000000,-0.0017456757366801
1.4148900000000000,0.0076282609390514
1.3796790000000001,0.0164652525463365
1.3086050000000000,0.0321192864154840
1.2389030000000001,0.0448250722587709
1.1721130000000000,0.0545945754741053
1.1089059999999999,0.0617060838930148
1.0495620000000001,0.0664550523750580
0.9939710000000000,0.0692887764603093
0.9420860000000000,0.0704377513262322
0.8938030000000000,0.0700897345630003
0.8488000000000000,0.0685860125197748
0.8067960000000000,0.0661856260263335
0.2745640000000000,-0.0242201973067289
0.0008900000000000,0.0196594736965676
62769.1559419999975944,-14030.6902462317448226
49127.5321259999982431,-8176.4193554978774046
37430.0028170000005048,-4655.5425520347707788
27884.5784649999986868,-2541.1659383569531201
20392.2422230000011041,-1306.6125722907891031
14664.8614400000005844,-602.1050133328335505
10410.8338980000007723,-246.2150393313258974
7303.2525230000001102,-87.4847523235421249
5053.2378909999997632,-22.4754302369819925
3440.4323599999997896,-0.1955594336227477
2296.4353839999998854,4.4672395839611454
1493.7351510000000872,3.4584597884097548
937.2696680000000242,1.6780759612875045
557.0280569999999898,0.5235744126488271
301.7763550000000237,0.0356511512430302
134.2294750000000079,-0.0721083619168326
27.4390089999999987,-0.0320949955732210
-37.8816100000000020,0.0338656189746729
-75.3684729999999945,0.0739177230085488
-94.5398229999999984,0.0701015192028365
-101.9596619999999945,0.0258528540949072
-102.1012329999999935,-0.0382548845002333
-97.9695770000000010,-0.0934442281743060
-91.5424469999999957,-0.1158037815567496
-84.0830250000000063,-0.0962954903082505
-76.3649779999999936,-0.0426693794982071
-68.8358599999999967,0.0259878425329561
-61.7348349999999968,0.0882349067785242
-55.1742249999999999,0.1278090652365549
-49.1933199999999999,0.1376821381117779
-43.7910079999999979,0.1197166943246515
-38.9444990000000004,0.0819019108687442
-34.6188819999999993,0.0341968983961962
-30.7727860000000000,-0.0143242395038357
-27.3618139999999990,-0.0571283246648449
-24.3412359999999985,-0.0903997685865114
-21.6680349999999997,-0.1124555043826625
-19.3021230000000017,-0.1231205920970453
-17.2070259999999990,-0.1231188750881138
-15.3500280000000000,-0.1137161861926650
-13.7019319999999993,-0.0966013793843654
-12.2369500000000002,-0.0735808279366577
-10.9322420000000005,-0.0466178285332930
-9.7677849999999999,-0.0175642226229051
-8.7261150000000001,0.0119448881663295
-7.7921040000000001,0.0405901856456996
-6.9526899999999996,0.0673788364885146
-6.1966900000000003,0.0916994627426284
-5.5145020000000002,0.1132312647567160
-4.8977990000000000,0.1318145929548313
-4.3393899999999999,0.1474621915520462
-3.3731140000000002,0.1703550492655177
-2.5738590000000001,0.1828587794835199
-1.9090440000000000,0.1861914018457542
-1.0392640000000000,-0.1321621779136894
-0.6197130000000000,-0.0954951984988326
-0.2655480000000000,-0.0713581970992497
0.0338400000000000,-0.0564036068073034
0.2870890000000000,-0.0479653129719773
0.5013760000000000,-0.0440356808771289
0.6826030000000000,-0.0430327780703202
0.8358940000000000,-0.0439662639792736
0.9654160000000001,-0.0459952297212651
1.0747910000000001,-0.0486301227145405
1.1669810000000000,-0.0514494137276647
1.2444599999999999,-0.0541362664915466
1.3870510000000000,-0.0593417970839951
1.4751289999999999,-0.0611968342207536
1.5252710000000000,-0.0594114436956634
1.5487450000000000,-0.0543905945048142
1.5533980000000001,-0.0468592443707554
1.5447770000000001,-0.0376030860336976
1.5267809999999999,-0.0272707783690016
1.5023139999999999,-0.0164987317166958
1.4734060000000000,-0.0057002764726575
1.4415780000000000,0.0047803535382374
1.4079500000000000,0.0146961345403429
1.3732690000000001,0.0239585156813493
1.3031130000000000,0.0400581899056947
1.2341290000000000,0.0528809846356675
1.1679180000000000,0.0625529310040958
1.1052070000000001,0.0694155686975644
1.0462680000000000,0.0738528722896266
0.9910650000000000,0.0762922144231376
0.9393840000000000,0.0771672713076190
0.8913520000000000,0.0764589277020780
0.8465390000000000,0.0746325008379374
0.8047070000000000,0.0719146339848837
0.2740470000000000,-0.0226335618254030
0.0007520000000000,0.0198852750716600
52246.9683950000035111,-33485.3298367665483966
40505.7069059999994352,-17894.0910256007300632
31060.9486399999987043,-9481.1364832695362566
23463.3521709999986342,-4945.0980448217414960
17426.8181420000000799,-2503.6424235590311582
12752.6911299999992480,-1234.5358655140953488
9185.2063940000007278,-584.1145241106114554
6501.3848340000004100,-254.5261505731323268
4525.1541960000004110,-102.3638733991465415
3088.6827520000001641,-36.3935260642124376
2058.5435659999998279,-10.4207067676652514
1330.2490760000000591,-1.8033872980545311
823.0770099999999729,0.2297910924803546
475.8929259999999886,0.2859116983922831
243.0554089999999974,0.0388851623368396
90.8887650000000065,-0.0749675531496621
-5.1837299999999997,-0.0444157904776628
-62.8779139999999970,0.0360783605980259
-94.8104890000000040,0.0895655675738709
-109.8518480000000039,0.0838291830487208
-114.1555859999999996,0.0273143819196378
-111.9247969999999981,-0.0487204970725656
-105.9756030000000067,-0.1088674359763360
-98.1461010000000016,-0.1291665646975275
-89.5944340000000068,-0.1037981606968117
-81.0157319999999999,-0.0438097035176384
-72.7999559999999946,0.0301709515200770
-65.1439960000000013,0.0963372321247391
-58.1291500000000028,0.1387495486731325
-51.7711740000000020,0.1502581298360823
-46.0513090000000034,0.1325266510206333
-40.9334210000000027,0.0931810352380182
-36.3729849999999999,0.0422219110153463
-32.3218749999999986,-0.0108316926229222
-28.7308540000000008,-0.0588844712336254
-25.5519220000000011,-0.0972937954646724
-22.7394940000000005,-0.1237879802646447
-20.2513739999999984,-0.1378176399539690
-18.0493169999999985,-0.1398777965673332
-16.0990360000000017,-0.1311524195113627
-14.3699829999999995,-0.1132809134351973
-12.8349960000000003,-0.0882307917877672
-11.4701290000000000,-0.0580023090206296
-10.2541270000000004,-0.0247248935163089
-9.1683380000000003,0.0096374780872406
-8.1965509999999995,0.0434592125243149
-7.3246609999999999,0.0754076111936159
-6.5404629999999999,0.1044851883579829
-5.8334469999999996,0.1300367422624458
-5.1946060000000003,0.1517381442702890
-4.6162020000000004,0.1695164645309299
-3.6146129999999999,0.1935535583724377
-2.7847599999999999,0.2037408729058039
-2.0931940000000000,0.2025480632906054
-1.1956190000000000,-0.1258269673110546
-0.7575850000000000,-0.0931287852491567
-0.3873530000000000,-0.0729312902788158
-0.0741200000000000,-0.0614517081325594
0.1910630000000000,-0.0558871137180137
0.4156100000000000,-0.0541517151544095
0.6057690000000000,-0.0547897484721116
0.7668350000000000,-0.0568294160060702
0.9031920000000000,-0.0595412105684012
1.0185180000000000,-0.0624180554323885
1.1159770000000000,-0.0651884998468164
1.1980910000000000,-0.0675460968341779
1.3500010000000000,-0.0710354173045220
1.4449820000000000,-0.0704888687319396
1.5003299999999999,-0.0661041592625033
1.5277980000000000,-0.0585697140994985
1.5356160000000001,-0.0488087194528970
1.5294939999999999,-0.0376016505867978
1.5135060000000000,-0.0256222307417762
1.4906750000000000,-0.0134949631744377
1.4631000000000001,-0.0015897767267876
1.4324040000000000,0.0097423927395135
1.3996940000000000,0.0203475644791906
1.3658310000000000,0.0300899564490822
1.2969219999999999,0.0468225816307655
1.2288900000000000,0.0598852156896090
1.1634169999999999,0.0695515943513081
1.1012940000000000,0.0762534104746728
1.0427759999999999,0.0804951844958788
0.9879930000000000,0.0826076831127281
0.9366030000000000,0.0831990043342435
0.8888520000000000,0.0821620310018849
0.8442600000000000,0.0800327345502720
0.8026219999999999,0.0770184808106329
0.2735350000000000,-0.0212225801518026
0.0006240000000000,0.0200870684243000
48199.2537430000011227,-73887.2355160189908929
36408.0376739999992424,-39443.5252724579186179
27790.0497219999997469,-20674.4774712133876164
21224.1664799999998650,-10620.4246974662728462
16126.5716200000006211,-5354.8163123156646179
12118.7887240000000020,-2643.1437843877829437
8973.9532949999993434,-1272.6632868865417549
6529.1100900000001275,-592.2736201290199460
4651.6033440000001065,-257.0963726927575408
3245.3707559999998011,-104.9930424206022508
2207.6895279999998820,-39.1297741538069204
1454.8320409999998901,-12.5627331156269975
918.6645260000000235,-3.1349577356156715
544.2551630000000387,-0.4482674359098837
288.5098740000000248,0.0167570119282914
118.3786999999999949,-0.0176288230230313
8.9871169999999996,-0.0454461274403801
-58.0869950000000017,-0.0044240628466241
-96.2714280000000002,0.0498015519159480
-115.2061369999999982,0.0700926452750821
-121.7014020000000016,0.0456953156573974
-120.4838479999999947,-0.0063248269753871
-114.7656020000000012,-0.0597683616670253
-106.6752089999999953,-0.0928740354246997
-97.5797000000000025,-0.0944894233446547
-88.3206959999999981,-0.0655841266450352
-79.3865239999999943,-0.0161359884043577
-71.0348529999999982,0.0392722170151671
-63.3792529999999985,0.0866270222636061
-56.4476030000000009,0.1158009498204891
-50.2203480000000013,0.1221883495598206
-44.6543729999999996,0.1067375870034368
-39.6965280000000007,0.0743415942718428
-35.2909819999999996,0.0318947300672860
-31.3827730000000003,-0.0136109914845655
-27.9198699999999995,-0.0559998006868732
-24.8536789999999996,-0.0908254510562259
-22.1395300000000006,-0.1153584082691452
-19.7367400000000011,-0.1284504821326671
-17.6088120000000004,-0.1299709918186736
-15.7228180000000002,-0.1209240575773745
-14.0495450000000002,-0.1027622100486454
-12.5628469999999997,-0.0775066483119797
-11.2397329999999993,-0.0471717581707107
-10.0597799999999999,-0.0139167964800624
-9.0051500000000004,0.0203515499636389
-8.0602020000000003,0.0539190769329245
-7.2113959999999997,0.0854482778422261
-6.4470369999999999,0.1139606384364882
-5.7569999999999997,0.1387638562869089
-5.1326070000000001,0.1595004359507408
-4.0520060000000004,0.1886010463168928
-3.1570019999999999,0.2023795598062899
-2.4112939999999998,0.2034634937278268
-1.4814400000000001,-0.1107132833461346
-1.0047150000000000,-0.0782740549320815
-0.6019210000000000,-0.0587359212093038
-0.2612010000000000,-0.0481548800063860
0.0273440000000000,-0.0437014592173084
0.2718600000000000,-0.0432354560241859
0.4791870000000000,-0.0452584693423805
0.6549770000000000,-0.0486424016156842
0.8040590000000000,-0.0526865877404846
0.9304070000000000,-0.0568416833000134
1.0373650000000001,-0.0607405324098134
1.1277230000000000,-0.0641193336605546
1.2958390000000000,-0.0696461611580328
1.4024230000000000,-0.0705350937928222
1.4662320000000000,-0.0671293242801536
1.5000519999999999,-0.0603126892626391
1.5126890000000000,-0.0510397818477255
1.5103000000000000,-0.0401761409726336
1.4972190000000001,-0.0284093930375919
1.4767230000000000,-0.0164467489293187
1.4510000000000001,-0.0046250987243346
1.4218189999999999,0.0066475447883769
1.3903430000000001,0.0172273595866823
1.3575090000000001,0.0269527125395514
1.2901830000000001,0.0436822729223727
1.2233390000000000,0.0567157218313958
1.1587099999999999,0.0664144696868634
1.0972200000000001,0.0731671994921506
1.0392550000000000,0.0774068123661904
0.9847620000000000,0.0796866750255477
0.9338560000000000,0.0801844904688913
0.8863950000000000,0.0791991263427503
0.8420320000000000,0.0771457876702506
0.8005980000000000,0.0742042226987969
0.2730270000000000,-0.0220821524868337
0.0004930000000000,0.0201058114931817
54376.1473570000016480,-143328.9972648259717971
39547.3181590000021970,-76364.0868681810679846
29885.2419689999987895,-39621.6143607580670505
23222.9058890000014799,-20045.7324979864351917
18258.8272460000007413,-9895.3791429406428506
14323.3810350000003382,-4767.3015629742494639
11104.6916230000006180,-2241.1743970043535228
8460.8092190000006667,-1027.5217563251544561
6311.9485009999998510,-455.9077115856971432
4595.2948470000001180,-187.0567287969397512
3267.4640519999998105,-71.8285612403906271
2261.2883230000002186,-24.8744625076269585
1515.2356199999999262,-7.1842887649443128
974.2460469999999759,-1.4890120922536880
590.6055440000000090,-0.1200246754341379
324.9333270000000198,0.0177233192604263
145.8771989999999903,-0.0303472368722453
29.1526989999999984,-0.0265486986368408
-43.6207500000000010,0.0122529926559594
-86.0823950000000053,0.0418658168328818
-108.1520620000000008,0.0419382157888748
-116.9060970000000026,0.0183860347769098
-117.2885459999999966,-0.0139127379542288
-112.6797899999999970,-0.0413863139261537
-105.3369079999999940,-0.0559677292123837
-96.7262139999999988,-0.0551008178135675
-87.7689000000000021,-0.0395490317225864
-79.0161959999999937,-0.0131654898107172
-70.7746319999999969,0.0188055794979078
-63.1921589999999966,0.0499959628023916
-56.3176890000000014,0.0737894430083941
-50.1423679999999976,0.0852190268296624
-44.6261099999999971,0.0815983877749815
-39.7153800000000032,0.0636702006834398
-35.3528030000000015,0.0348544302271350
-31.4825629999999990,0.0004601570684564
-28.0522150000000003,-0.0339685624656418
-25.0134320000000017,-0.0636405744102646
-22.3217399999999984,-0.0854501657388127
-19.9367240000000017,-0.0978088438854705
-17.8216220000000014,-0.1007418662700204
-15.9438099999999991,-0.0949243134959303
-14.2742260000000005,-0.0817169004369607
-12.7872489999999992,-0.0627482907957635
-11.4604879999999998,-0.0396226659469150
-10.2742670000000000,-0.0139822693774665
-9.2113700000000005,0.0126341482950316
-8.2568280000000005,0.0389201824320828
-7.3975309999999999,0.0637052992329563
-6.6221940000000004,0.0861677755230783
-5.9210839999999996,0.1057701063955667
-4.7089999999999996,0.1353187964868869
-3.7070959999999999,0.1523989158288912
-2.8745229999999999,0.1588588597713696
-2.1797819999999999,0.1570771933157085
-1.3688760000000000,-0.0798933505408812
-0.9147459999999999,-0.0574022650065823
-0.5312310000000000,-0.0441125276345269
-0.2067080000000000,-0.0374923934811319
0.0682890000000000,-0.0355211508839605
0.3016060000000000,-0.0366963547919190
0.4996630000000000,-0.0398093631480548
0.6677880000000000,-0.0439470244191102
0.8104390000000000,-0.0484486464425208
0.9314020000000000,-0.0528918704743851
1.0338290000000001,-0.0569603678965743
1.2252670000000001,-0.0643425932695896
1.3482090000000000,-0.0671436361849340
1.4237839999999999,-0.0655698752497567
1.4662109999999999,-0.0603603337469529
1.4852680000000000,-0.0524452302384311
1.4877199999999999,-0.0426640715726059
1.4784210000000000,-0.0318165697503068
1.4608449999999999,-0.0205407573916816
1.4374700000000000,-0.0092868408665971
1.4101500000000000,0.0015717678274139
1.3801939999999999,0.0118279630656786
1.3485730000000000,0.0213446164750530
1.2831290000000000,0.0377827600035499
1.2175890000000000,0.0507175834925360
1.1539280000000001,0.0603995152429215
1.0931700000000000,0.0671980329480713
1.0357410000000000,0.0715578288004353
0.9817520000000000,0.0739023233887797
0.9312460000000000,0.0745040008996272
0.8840240000000000,0.0737341711579884
0.8398870000000001,0.0718706326341600
0.7986320000000000,0.0691344941122303
0.2725630000000000,-0.0236185176254377
0.0003640000000000,0.0200706117239229
77638.9800359999935608,-325837.7532454079482704
54585.6420680000010179,-174999.6105111274810042
40988.5351389999996172,-91264.1511195517377928
32583.6984559999982594,-46252.4941809275333071
26751.6897620000017923,-22832.9229078253229090
22109.1362520000002405,-11019.7845514842192642
18064.1363590000000841,-5219.7011789756943472
14450.9463020000002871,-2432.5727734721094748
11276.6476540000003297,-1115.6418206812886638
8574.4029950000003737,-498.8767374311246385
6350.5285260000000562,-208.2723010783602149
4592.4575889999996434,-81.8876242886926775
3239.5157920000001468,-29.0696760610394449
2224.2065109999998640,-8.5813599646166949
1479.7837320000001000,-1.7099982342463136
945.7577780000000303,0.0125485182363718
570.8868840000000091,0.1617357680131590
313.7669480000000135,0.0238275018711533
142.0126750000000015,-0.0466765749055185
30.9540739999999985,-0.0266767540945487
-37.7859849999999966,0.0237421594063036
-77.6354280000000045,0.0566363371547425
-98.2244969999999995,0.0506414645572590
-106.3434960000000018,0.0127906620215725
-106.6933999999999969,-0.0352208850554234
-102.4630369999999999,-0.0699326503308413
-95.7616249999999951,-0.0771446877670598
-87.9407159999999948,-0.0562773109326713
-79.8328360000000004,-0.0173732648786142
-71.9257439999999946,0.0258070144474658
-64.4848949999999945,0.0612563558061510
-57.6371979999999979,0.0819680170741250
-51.4251689999999968,0.0855834275266218
-45.8424449999999979,0.0736627890723227
-40.8554940000000002,0.0497887172009470
-36.4180959999999985,0.0190552300511868
-32.4792529999999999,-0.0132356682406467
-28.9879940000000005,-0.0421751981234735
-25.8954149999999998,-0.0641581997388485
-23.1555719999999994,-0.0773975363977186
-20.7261740000000003,-0.0817022091953845
-18.5687290000000012,-0.0782620288324161
-16.6491480000000003,-0.0686864344613660
-14.9375289999999996,-0.0547321511702616
-13.4080490000000001,-0.0378852394855311
-12.0385059999999999,-0.0193083223630683
-10.8097680000000000,0.0000769256516282
-9.7053150000000006,0.0195466477803699
-8.7106969999999997,0.0383918425887053
-7.8133359999999996,0.0560264081417703
-7.0021730000000000,0.0718924726558443
-5.6014739999999996,0.0971681017849084
-4.4461849999999998,0.1133958603757765
-3.4892829999999999,0.1219623413791786
-2.6942889999999999,0.1248189904489743
-1.8491620000000000,-0.0593248110289590
-1.3223959999999999,-0.0372196978903592
-0.8796240000000000,-0.0232103020375625
-0.5061639999999999,-0.0157253734757884
-0.1901880000000000,-0.0133605966898816
0.0777430000000000,-0.0147555049103151
0.3051880000000000,-0.0186359143629882
0.4984020000000000,-0.0240172671539807
0.6624490000000000,-0.0300185331499178
0.8016780000000000,-0.0360972958366871
0.9197100000000000,-0.0418421784573109
1.1411180000000001,-0.0533362689400407
1.2847249999999999,-0.0598278963904830
1.3748650000000000,-0.0614442197562677
1.4278139999999999,-0.0589485506976710
1.4546010000000000,-0.0532581104003174
1.4628840000000001,-0.0453139097161828
1.4580010000000001,-0.0358994000725088
1.4438569999999999,-0.0257636778507240
1.4231490000000000,-0.0153683695681768
1.3979280000000001,-0.0051468926364158
1.3696830000000000,0.0046058341898436
1.3394320000000000,0.0137690576761473
1.2760620000000000,0.0297591936080959
1.2119160000000000,0.0425570145180714
1.1492950000000000,0.0522146218404207
1.0892679999999999,0.0591328238373399
1.0324180000000001,0.0636473407846789
0.9789710000000000,0.0660978856810688
0.9288020000000000,0.0669458271418660
0.8818420000000000,0.0664466691094029
0.8379290000000000,0.0648510137243823
0.7968580000000000,0.0623888544902251
0.2721340000000000,-0.0256166758458195
0.0002560000000000,0.0199793786237223
129165.7446340000024065,-605934.5343157874885947
88666.2400420000049053,-318164.6642467970959842
66361.7525840000016615,-160126.5035474421456456
53961.4724560000031488,-76966.9609408025571611
46190.2602279999991879,-35342.0862489838618785
40062.6355709999988903,-15598.0936373083532089
34244.3107519999975921,-6690.7311920139291033
28448.6688700000013341,-2819.3484639115486061
22883.0125809999990452,-1169.5571655246894807
17847.7398609999982000,-472.2036123003963439
13536.3642490000001999,-175.8935409550085751
10010.7373499999994237,-49.3498375500421389
7242.0896979999997711,-5.1361635994335302
5127.4453800000001138,7.3684519415592149
3550.9517799999998715,8.2703010969507886
2400.2905449999998382,5.8374244647302476
1576.5192750000001070,3.2519730935230200
997.6980929999999717,1.4416838470996254
598.7245910000000322,0.4432010914131297
329.4185479999999870,0.0286811840667269
152.0363209999999867,-0.0634219262335307
38.7320500000000010,-0.0207976051581156
-30.6737150000000014,0.0401151544593610
-70.5780519999999996,0.0666944443821933
-91.0940549999999973,0.0460569100629158
-99.2237180000000052,-0.0053030951219881
-99.7371250000000060,-0.0580685806366432
-95.8207890000000049,-0.0857840632022686
-89.5496270000000010,-0.0765199230476838
-82.2305949999999939,-0.0360633897806935
-74.6529649999999947,0.0171746558333439
-67.2697589999999934,0.0626264834690744
-60.3242699999999985,0.0864974672632428
-53.9337289999999996,0.0857026394950537
-48.1403000000000034,0.0656359791594809
-42.9412650000000014,0.0354455393825646
-38.3072519999999983,0.0038411988792788
-34.1937270000000026,-0.0234369834716119
-30.5495139999999985,-0.0435658353109254
-27.3224529999999994,-0.0558375736644976
-24.4628890000000006,-0.0607326785739843
-21.9254710000000017,-0.0592652613025599
-19.6696759999999990,-0.0527610781113452
-17.6597679999999997,-0.0427280994893380
-15.8645510000000005,-0.0306929016117845
-14.2571410000000007,-0.0179192049899584
-12.8146220000000000,-0.0052258304208976
-11.5175280000000004,0.0069932113566065
-10.3491309999999999,0.0185050338969681
-9.2952349999999999,0.0294230228221952
-8.3432689999999994,0.0396341228113926
-6.7026380000000003,0.0576659556162777
-5.3538880000000004,0.0714913611780723
-4.2402309999999996,0.0807370484269168
-3.3177930000000000,0.0861566204102306
-2.4288390000000000,-0.0343182334802954
-1.8081900000000000,-0.0171407918481752
-1.2897970000000001,-0.0050939143935178
-0.8549670000000000,0.0020505838930214
-0.4886480000000000,0.0046745845528978
-0.1788880000000000,0.0034444067693229
0.0836810000000000,-0.0006721360280121
0.3065460000000000,-0.0066818547866885
0.4958100000000000,-0.0137192291240865
0.6564620000000000,-0.0210381472691709
0.7927610000000000,-0.0281701921206208
1.0489539999999999,-0.0431889530514702
1.2162520000000001,-0.0529329555045519
1.3228690000000001,-0.0573949111818126
1.3875240000000000,-0.0573026959255780
1.4228280000000000,-0.0536171776330578
1.4374439999999999,-0.0473223737246038
1.4373330000000000,-0.0392173537231166
1.4268160000000001,-0.0300791172070360
1.4089339999999999,-0.0204616983852233
1.3859390000000000,-0.0108336153627149
1.3594390000000001,-0.0014972514015030
1.3306119999999999,0.0073432403809195
1.2693230000000000,0.0229728652505405
1.2066330000000001,0.0356019584041543
1.1449620000000000,0.0453171215584216
1.0856980000000001,0.0522916561246236
1.0294049999999999,0.0569376447863792
0.9764630000000000,0.0594780080450074
0.9266500000000000,0.0604958032060593
0.8799260000000000,0.0602341860026638
0.8361980000000000,0.0588861440393462
0.7953030000000000,0.0566475616017388
0.2717850000000000,-0.0273415314758448
0.0001760000000000,0.0198891464026891
223645.0798819999909028,-504495.3256083887536079
150358.0425479999976233,-200359.0091442455304787
112373.7895140000036918,-53080.3690448194101918
93320.1728860000002896,8438.6165777401620289
82945.1693550000054529,26479.3026431212929310
75091.3677880000032019,25476.0796728343702853
66638.0174569999944651,18615.1167644312663469
56851.9759869999979855,11883.1951943313033553
46465.9878800000005867,7051.3558582609475707
36568.9296889999968698,4017.1780009753856575
27907.9916389999998501,2225.7744465223040606
20763.7401680000002671,1208.6896496002518688
15121.3613389999991341,641.5677075183248235
10806.5354270000007091,328.4602457677465281
7583.7410570000001826,161.3561618914181963
5224.5780549999999494,75.1339965792985822
3527.7460500000001957,32.6526087638840181
2327.0662320000001273,12.9875621841556494
1491.0056170000000293,4.5743876564811217
918.3845649999999523,1.3383408328522819
533.1530129999999872,0.2693730759282289
279.2255519999999933,0.0073169602447933
115.9659539999999964,-0.0170318635901197
14.3682219999999994,-0.0010136048721172
-45.9774480000000025,0.0072466085257545
-79.2388059999999967,0.0102904767397405
-95.1083940000000041,0.0111242220380632
-100.1245710000000031,0.0068080625396476
-98.6359410000000025,-0.0049576174482269
-93.4911210000000068,-0.0194531856412112
-86.5189179999999993,-0.0271598745166415
-78.8579129999999964,-0.0211626163458902
-71.1829800000000006,-0.0035761714117939
-63.8663239999999988,0.0162222197556474
-57.0917730000000034,0.0282644325165435
-50.9332410000000024,0.0286837377943741
-45.4025040000000004,0.0203482712076521
-40.4759609999999981,0.0092151647344707
-36.1093019999999996,-0.0001708618781322
-32.2477099999999979,-0.0062005414985151
-28.8332739999999994,-0.0096579268059962
-25.8107259999999989,-0.0117494744153355
-23.1302239999999983,-0.0131494661074072
-20.7483210000000007,-0.0136895227934950
-18.6272580000000012,-0.0130508516708936
-16.7340969999999984,-0.0112578793946803
-15.0400950000000009,-0.0087663120594890
-13.5204400000000007,-0.0061399099088018
-12.1540090000000003,-0.0037207634007004
-10.9230429999999998,-0.0014312023497514
-9.8125520000000002,0.0010917803663961
-7.9033970000000000,0.0085443555544575
-6.3411359999999997,0.0199135296559287
-5.0571010000000003,0.0329576292413822
-3.9268070000000002,-0.0249961585844911
-3.0540319999999999,-0.0091339057707556
-2.3289909999999998,0.0036576127943326
-1.7253680000000000,0.0136773477973162
-1.2214190000000000,0.0208534471485287
-0.7990250000000000,0.0247941435826605
-0.4435250000000000,0.0253839089549391
-0.1432050000000000,0.0228692401504797
0.1111690000000000,0.0178663231266119
0.3269150000000000,0.0111791449674255
0.5100120000000000,0.0035326050873329
0.6653320000000000,-0.0044064963404689
0.9576280000000000,-0.0228985503314535
1.1492990000000001,-0.0370203101516573
1.2726360000000001,-0.0459441452514588
1.3490450000000000,-0.0500587298779696
1.3928110000000000,-0.0501437972880983
1.4136010000000001,-0.0470565703378625
1.4181310000000000,-0.0416647775081374
1.4111229999999999,-0.0347313088230676
1.3959410000000001,-0.0268829717149774
1.3750770000000001,-0.0186779927852472
1.3502360000000000,-0.0104258771059531
1.3227500000000001,-0.0024313247885275
1.2633890000000001,0.0121344665057859
1.2020040000000001,0.0242418907301105
1.1412629999999999,0.0337698647298703
1.0826570000000000,0.0408001190395493
1.0268530000000000,0.0456439991259092
0.9743450000000000,0.0484102790079999
0.9248450000000000,0.0497476129384240
0.8783320000000000,0.0498800663797369
0.8347900000000000,0.0489239104235187
0.7940330000000000,0.0470986101972690
0.2714870000000000,-0.0301454426279760
0.0000860000000000,0.0197245260009924
368852.3515950000146404,393809.2583142478251830
243582.1323289999854751,443401.9556357126566581
183805.2235269999946468,395217.9265441479510628
157968.5224039999884553,309738.0573125109658577
147300.7871340000128839,219365.0399189630697947
139675.5761179999972228,141397.7122564441233408
127810.3391739999933634,83860.9194605362426955
110222.9689550000039162,46865.4141901426337427
89744.2275050000025658,25382.1014024367323145
69853.8264009999984410,13584.3884147876378847
52633.0504359999977169,7223.1904554161737906
38730.0881250000020373,3793.5227060772303957
27967.8373319999991509,1954.7329160266745021
19879.6959859999988112,971.9876171007890662
13921.5337350000008882,460.5815061949797382
9603.5609409999997297,205.2578755262748018
6520.2832470000003013,84.2121239838443216
4349.3045510000001741,30.3492486230215945
2841.0422170000001643,8.6309504441001081
1807.1849709999999050,1.3650199280236848
1108.7501640000000407,-0.2646646160533237
644.5458650000000489,-0.2336040160884068
341.8093489999999974,-0.0173294570289499
148.8853450000000009,0.0471689555424746
29.6109410000000004,0.0025305852276780
-41.0017130000000023,-0.0464704809475407
-79.9941660000000070,-0.0455824459259162
-98.8420689999999951,-0.0006231930864544
-105.1772140000000064,0.0479577957856492
-104.0230260000000015,0.0649496560421738
-98.6520689999999973,0.0414275366573094
-91.1666550000000058,-0.0054944866599413
-82.8843839999999972,-0.0473647227680090
-74.5928820000000030,-0.0631622831338348
-66.7237489999999980,-0.0505549747803826
-59.4801530000000014,-0.0224379158582337
-52.9310320000000019,0.0050515080235485
-47.0753109999999992,0.0230609221980416
-41.8773199999999974,0.0309867256258727
-37.2842929999999981,0.0323525068464292
-33.2347200000000029,0.0299976219794686
-29.6648829999999997,0.0249404655567176
-26.5141190000000009,0.0174678717928494
-23.7281079999999989,0.0084262455178745
-21.2596799999999995,-0.0006582920191924
-19.0682749999999999,-0.0080558501564703
-17.1182550000000013,-0.0130593216204105
-15.3782990000000002,-0.0159482204179842
-13.8209680000000006,-0.0177319727707896
-12.4230160000000005,-0.0191691297716723
-11.1650639999999992,-0.0204824358739977
-9.0076830000000001,-0.0211017025035005
-7.2402540000000002,-0.0230220438188447
-5.7953010000000003,-0.0150344309789547
-4.6068840000000000,-0.0029739392639092
-3.6229979999999999,0.0079741987100816
-2.8046530000000001,0.0159102897019041
-2.1226769999999999,0.0214409421466315
-1.5537490000000000,0.0253939700210872
-1.0782849999999999,0.0279089784434996
-0.6796890000000000,0.0285784037893022
-0.3443190000000000,0.0270907366822143
-0.0611410000000000,0.0234128317393812
0.1786110000000000,0.0178701466388075
0.3818700000000000,0.0110507705544984
0.5542580000000000,0.0035595790161004
0.8788380000000000,-0.0150537536662076
1.0921209999999999,-0.0302160381010428
1.2301850000000001,-0.0405886081710367
1.3168380000000000,-0.0462576305995641
1.3678640000000000,-0.0478110718661084
1.3939319999999999,-0.0460538729104472
1.4023930000000000,-0.0418308071322759
1.3983660000000000,-0.0358895423912198
1.3854530000000000,-0.0288348612327853
1.3663350000000001,-0.0212483795700753
1.3428730000000000,-0.0134887933649259
1.3164810000000000,-0.0058728464592832
1.2587090000000001,0.0081932406761869
1.1983820000000001,0.0200433819024510
1.1383880000000000,0.0294487141284228
1.0803039999999999,0.0364663869767889
1.0248850000000000,0.0413559838465845
0.9727640000000000,0.0441098946145186
0.9235040000000000,0.0455404498569907
0.8771440000000000,0.0458215012435319
0.8337240000000000,0.0450199808650815
0.7930790000000000,0.0433389702903589
0.2712640000000000,-0.0312634259245630
0.0000320000000000,0.0196684515124581
533779.4364350000396371,2424418.7215838185511529
350118.9326069999951869,1801975.5835047264117748
274721.0960610000183806,1282221.3282381417229772
259950.2523199999995995,860640.7466583307832479
282431.8419349999749102,520209.5282501200563274
318237.1682789999758825,254018.4017484318464994
332340.8749209999805316,73830.5383436927222647
294080.3910739999846555,-7067.5725342671503313
223743.5905389999970794,-21835.7636426849639975
151528.2014119999948889,-10138.9708172595419455
101683.8370149999973364,-3146.0761358115705661
68357.7066820000036387,-32.9187722609058255
46303.5967030000028899,810.7951423772974522
31526.3896390000008978,763.6519250770943472
21473.4335129999999481,503.6809652488227584
14561.6185280000008788,276.5598006142208760
9790.9922000000005937,131.9374632573999406
6503.8916570000001229,54.9343529466477776
4252.5658009999997375,19.2215657529750388
2724.3385920000000624,4.6322996195008272
1697.6767910000000938,-0.0215442046103362
1016.5072219999999561,-0.6860333750967129
571.4959850000000188,-0.3120359887034283
286.3193210000000022,-0.0130467060281489
108.0258570000000020,0.0424504858817443
0.2567050000000000,-0.0096528714711728
-61.6453300000000013,-0.0477647490256672
-94.2135370000000023,-0.0298454153517724
-108.4092899999999986,0.0212505377246117
-111.4241459999999933,0.0601877757277123
-107.9325350000000014,0.0570468703985796
-100.9436199999999957,0.0147239117397504
-92.3632049999999936,-0.0392197483014201
-83.3604189999999932,-0.0729106031538436
-74.6092119999999994,-0.0696008879776286
-66.4552350000000018,-0.0352755129147084
-59.0391180000000020,0.0090679274266208
-52.3880780000000001,0.0433854068567214
-46.4744770000000003,0.0583444238296664
-41.2470199999999991,0.0556190056192278
-36.6436350000000033,0.0416797632867230
-32.5976969999999966,0.0226298283784629
-29.0427199999999992,0.0024535506030183
-25.9160789999999999,-0.0165927282994041
-23.1619899999999994,-0.0324251276905727
-20.7317490000000006,-0.0431933159453131
-18.5827799999999996,-0.0479078234681296
-16.7262430000000002,0.0018052105624768
-15.0216300000000000,-0.0029395908864984
-13.4986029999999992,-0.0056754912236734
-12.1330190000000009,-0.0078321062081770
-9.7988389999999992,-0.0115302108098465
-7.9000430000000001,-0.0105773942716931
-6.3493830000000004,-0.0020999323771109
-5.0751710000000001,0.0098645208919761
-4.0194989999999997,0.0192715135522796
-3.1392639999999998,0.0235605475908152
-2.4034550000000001,0.0239391857024978
-1.7885700000000000,0.0228435664513968
-1.2748450000000000,0.0215949366863926
-0.8450870000000000,0.0202595558826449
-0.4844160000000000,0.0181524105727685
-0.1806520000000000,0.0148056388042685
0.0760600000000000,0.0100482695035249
0.2934720000000000,0.0041467289283865
0.4778090000000000,-0.0024781185656591
0.8249560000000000,-0.0193021174065897
1.0533380000000001,-0.0330704428513753
1.2015940000000001,-0.0422920686897739
1.2952429999999999,-0.0470117428370236
1.3512560000000000,-0.0478753459100263
1.3809359999999999,-0.0455924171259592
1.3920310000000000,-0.0409299189622483
1.3899999999999999,-0.0346626694538887
1.3786200000000000,-0.0273610062463241
1.3606640000000001,-0.0195556476376517
1.3381250000000000,-0.0116377311089522
1.3124420000000001,-0.0038781038475970
1.2557229999999999,0.0103474849215552
1.1960980000000001,0.0222624184754288
1.1365790000000000,0.0316754729942708
1.0788249999999999,0.0386615586637582
1.0236419999999999,0.0434929355187970
0.9717720000000000,0.0460944692310116
0.9226760000000001,0.0474078171379946
0.8763870000000000,0.0476309443313955
0.8330720000000000,0.0467158215847702
0.7924580000000000,0.0449815357036403
0.2711380000000000,-0.0308251738186762
-0.0000040000000000,0.0197300829806976
415398.5826210000086576,2737008.2844306780025363
333479.2480119999963790,1878685.5881039684172720
347909.9172840000246651,1201568.1396710295230150
192410.7131660000013653,-72213.1623564612382324
98542.9947329999995418,-16122.6621463565097656
60727.7583389999999781,-4449.9016393756755861
39086.6428910000031465,-846.9405968860301073
25752.4127699999990000,81.6264605892829422
17124.6469660000002477,208.7604148857353721
11383.2735279999997147,149.6505795675402624
7512.9582739999996193,81.0051168946411053
4896.8790870000002542,37.2665395795384029
3135.4041699999997945,14.6338871445855148
1958.4231789999998909,4.5033743160195172
1179.9243260000000646,0.9119757888970526
671.9188010000000304,0.0605767911448538
346.2289569999999799,-0.0031382352824494
142.1842599999999948,0.0152228136404062
18.3158880000000011,-0.0053873140376695
-53.4349109999999996,-0.0271436026998373
-91.8525070000000028,-0.0172238056571388
-109.3788279999999986,0.0191583424051629
-114.1626459999999952,0.0497931574262793
-111.4860610000000065,0.0456966850393030
-104.7416489999999953,0.0055677236695288
-96.0779619999999994,-0.0458051017766365
-86.8173759999999959,-0.0769225385173797
-77.7292810000000003,-0.0700090859664613
-69.2165679999999952,-0.0302905975802332
-61.4514259999999979,0.0204134567533529
-54.4756489999999971,0.0593841570985489
-48.2671920000000014,0.0749605713304646
-42.7763399999999976,0.0680776770797067
-37.9418080000000018,0.0468983644904881
-33.6971569999999971,0.0203420767375917
-29.9748090000000005,-0.0052725210031639
-26.7097599999999993,-0.0264065126238791
-23.8425089999999997,-0.0411208506007910
-21.3204549999999990,-0.0481544587397948
-19.0971800000000016,-0.0473982672657982
-17.1315460000000002,-0.0401859817936980
-15.3870349999999991,-0.0291856311534442
-13.8319130000000001,-0.0174360875547102
-12.4395679999999995,-0.0072478127501814
-10.0611379999999997,0.0056580949564911
-8.1250459999999993,0.0133928649664004
-6.5422079999999996,0.0224202388227717
-5.2404479999999998,0.0318216751892590
-4.1609290000000003,0.0370045741330207
-3.2595250000000000,0.0359543920643972
-2.5048819999999998,0.0305739218904870
-1.8735350000000000,0.0240304715329298
-1.3459159999999999,0.0183132756316120
-0.9047150000000000,0.0136999800392886
-0.5348120000000000,0.0095005570424139
-0.2235300000000000,0.0049236181369547
0.0393390000000000,-0.0004226271288772
0.2618670000000000,-0.0064880073626303
0.4505100000000000,-0.0129991028494075
0.8057630000000000,-0.0287849975089807
1.0395799999999999,-0.0409610122250138
1.1914810000000000,-0.0483675266658437
1.2876669999999999,-0.0513450893190126
1.3454340000000000,-0.0505868874101394
1.3763770000000000,-0.0468910625793573
1.3884339999999999,-0.0410630161809598
1.3870810000000000,-0.0337797834695468
1.3762410000000000,-0.0256694759138376
1.3586990000000001,-0.0172061142006397
1.3364769999999999,-0.0087557584975677
1.3110619999999999,-0.0005943082213047
1.2547090000000001,0.0141967515852532
1.1953199999999999,0.0264215846967464
1.1359600000000001,0.0359684556816702
1.0783410000000000,0.0429468455428967
1.0232610000000000,0.0476951536703021
0.9714510000000000,0.0501879111722509
0.9224040000000000,0.0513604856215216
0.8761750000000000,0.0514059091165753
0.8328600000000000,0.0503584451732290
0.7922910000000000,0.0484396140962536
0.2711060000000000,-0.0298312831764638
0.0000000000000000,0.0198050400196669
