1.00,0.00,-61360966.7375754639506340
1.10,0.00,-37965808.0601112321019173
1.20,0.00,-23312685.1343638785183430
1.30,0.00,-14188857.7946680672466755
1.40,0.00,-8545909.1522496733814478
1.50,0.00,-5082762.9558446593582630
1.60,0.00,-2976524.9451565537601709
1.70,0.00,-1709201.1533329186495394
1.80,0.00,-956462.5448375742416829
1.90,0.00,-516465.4322811192250811
2.00,0.00,-264462.6937335571856238
2.10,0.00,-123972.8993848444370087
2.20,0.00,-48545.9286876171172480
2.30,0.00,-10286.1555919736601936
2.40,0.00,7331.7357857033575783
2.50,0.00,13931.9622782297410595
2.60,0.00,14998.0772798256166425
2.70,0.00,13563.8476429623424337
2.80,0.00,11238.8758713021707081
2.90,0.00,8823.4319547966661048
3.00,0.00,6671.7603583246818744
3.10,0.00,4902.9107276281192753
3.20,0.00,3520.2401253613807057
3.30,0.00,2477.0137673282451942
3.40,0.00,1710.7804895683477753
3.50,0.00,1160.0945288094687839
3.60,0.00,771.5842583032932680
3.70,0.00,501.9948660652292460
3.80,0.00,317.8143392700196728
3.90,0.00,193.9039964196701646
4.00,0.00,111.8687963986882608
4.10,0.00,58.5167265688209000
4.20,0.00,24.5471774904646551
4.30,0.00,3.5005894931737340
4.40,0.00,-9.0488472491435168
4.50,0.00,-16.0952861664320750
4.60,0.00,-19.6398202107909547
4.70,0.00,-21.0038446932115157
4.80,0.00,-21.0492571301029976
4.90,0.00,-20.3309321649249597
5.00,0.00,-19.2008979355781690
5.10,0.00,-17.8786337491061431
5.20,0.00,-16.4979529673998222
5.30,0.00,-15.1379215677390420
5.40,0.00,-13.8430300476084369
5.50,0.00,-12.6362183955161971
5.60,0.00,-11.5272033015456472
5.70,0.00,-10.5177520730725078
5.80,0.00,-9.6049933630158630
5.90,0.00,-8.7834783348126138
6.00,0.00,-8.0464537048952920
6.20,0.00,-6.7967114217644742
6.40,0.00,-5.7984879991123277
6.60,0.00,-5.0001724285818288
6.80,0.00,-4.3582630054809872
7.00,0.00,-3.8375511631609562
7.20,0.00,-3.4103699099819922
7.40,0.00,-3.0554765893048810
7.60,0.00,-2.7568513753858364
7.80,0.00,-2.5025629987513582
8.00,0.00,-2.2837797082014886
8.20,0.00,-2.0939559102762799
8.40,0.00,-1.9281942668405843
8.60,0.00,-1.7827652650620178
8.80,0.00,-1.6547581012457604
9.00,0.00,-1.5418350333320840
9.50,0.00,-1.3135413984194280
10.00,0.00,-1.1447519661686529
10.50,0.00,-1.0185638132069215
11.00,0.00,-0.9224723641391100
11.50,0.00,-0.8473569488577777
12.00,0.00,-0.7867449965309771
12.50,0.00,-0.7361671539249696
13.00,0.00,-0.6926062414588045
13.50,0.00,-0.6540586600167886
14.00,0.00,-0.6192070331148132
14.50,0.00,-0.5871877988452449
15.00,0.00,-0.5574323076175691
16.00,0.00,-0.5033156184346204
17.00,0.00,-0.4550202227455806
18.00,0.00,-0.4115715745422010
19.00,0.00,-0.3723507555468476
20.00,0.00,-0.3368967517201091
21.00,0.00,-0.3048293636008861
22.00,0.00,-0.2758182805784207
23.00,0.00,-0.2495696945354255
24.00,0.00,-0.2258196276820515
25.00,0.00,-0.2043299125813084
50.00,0.00,-0.0167724129279674
100.00,0.00,-0.0001130116293554
1.00,10.00,-56135205.6516058072447777
1.10,10.00,-34767948.5264784768223763
1.20,10.00,-21374960.1101381033658981
1.30,10.00,-13028500.2980629652738571
1.40,10.00,-7861054.6000489694997668
1.50,10.00,-4685864.7331902319565415
1.60,10.00,-2751917.6772850826382637
1.70,10.00,-1586162.1688335658982396
1.80,10.00,-892187.7934605847112834
1.90,10.00,-485364.9712041263701394
2.00,10.00,-251468.1636355590599123
2.10,10.00,-120380.5823235508578364
2.20,10.00,-49454.1893192379138782
2.30,10.00,-13029.6779690329167352
2.40,10.00,4128.6241254251508508
2.50,10.00,10920.3953899348562118
2.60,10.00,12436.6791182694523741
2.70,10.00,11509.9046254942768428
2.80,10.00,9655.4855695010228374
2.90,10.00,7637.3339423588149657
3.00,10.00,5802.8145069436404810
3.10,10.00,4277.7212894255299034
3.20,10.00,3077.2544426756189750
3.30,10.00,2167.3027798708872069
3.40,10.00,1496.8483165367997572
3.50,10.00,1013.9747636588347177
3.60,10.00,672.8559591336294261
3.70,10.00,436.0034668602215220
3.80,10.00,274.1970411499412421
3.90,10.00,165.4263350467806788
4.00,10.00,93.5377785757166151
4.10,10.00,46.9220601750266084
4.20,10.00,17.3818874971694690
4.30,10.00,-0.7819317961317731
4.40,10.00,-11.4766231044284144
4.50,10.00,-17.3460304478629794
4.60,10.00,-20.1567000615275944
4.70,10.00,-21.0742761753994188
4.80,10.00,-20.8580147386180350
4.90,10.00,-19.9956213170335459
5.00,10.00,-18.7954494648567376
5.10,10.00,-17.4487466768156700
5.20,10.00,-16.0711766155899483
5.30,10.00,-14.7302005153366000
5.40,10.00,-13.4629342338349840
5.50,10.00,-12.2876692492758934
5.60,10.00,-11.2112285519900894
5.70,10.00,-10.2336159022777622
5.80,10.00,-9.3509256119039392
5.90,10.00,-8.5571460881734929
6.00,10.00,-7.8452665858607498
6.20,10.00,-6.6379274886447970
6.40,10.00,-5.6723844651190234
6.60,10.00,-4.8985954422707234
6.80,10.00,-4.2747969883417261
7.00,10.00,-3.7673863993844687
7.20,10.00,-3.3500429885083465
7.40,10.00,-3.0025784618866398
7.60,10.00,-2.7097537387150377
7.80,10.00,-2.4601868767902459
8.00,10.00,-2.2454135920598048
8.20,10.00,-2.0591212930961902
8.40,10.00,-1.8965516936149993
8.60,10.00,-1.7540524131824442
8.80,10.00,-1.6287516309869603
9.00,10.00,-1.5183290856204701
9.50,10.00,-1.2954235619583105
10.00,10.00,-1.1308395223290673
10.50,10.00,-1.0077987223421525
11.00,10.00,-0.9139864157780792
11.50,10.00,-0.8404872330431594
12.00,10.00,-0.7810118131357221
12.50,10.00,-0.7312364873953969
13.00,10.00,-0.6882516014551094
13.50,10.00,-0.6501290027432913
14.00,10.00,-0.6156024150744338
14.50,10.00,-0.5838420347618410
15.00,10.00,-0.5543011303244185
16.00,10.00,-0.5005320002887694
17.00,10.00,-0.4525201112194653
18.00,10.00,-0.4093163096704179
19.00,10.00,-0.3703126754836706
20.00,10.00,-0.3350535695253642
21.00,10.00,-0.3031619334064257
22.00,10.00,-0.2743096563231529
23.00,10.00,-0.2482046823543032
24.00,10.00,-0.2245845310673402
25.00,10.00,-0.2032123573833464
50.00,10.00,-0.0166806787730165
100.00,10.00,-0.0001123935294814
1.00,20.00,-36569485.4737938567996025
1.10,20.00,-22594929.4266823865473270
1.20,20.00,-13851653.9458063412457705
1.30,20.00,-8414301.9359007067978382
1.40,20.00,-5056140.8384999483823776
1.50,20.00,-2998600.6801756271161139
1.60,20.00,-1749682.7045239035505801
1.70,20.00,-999984.2007974688895047
1.80,20.00,-555992.4195502713555470
1.90,20.00,-297426.7197636263445020
2.00,20.00,-150056.3708294961252250
2.10,20.00,-68448.0113623549113981
2.20,20.00,-25063.6443117501075903
2.30,20.00,-3405.5983046601236310
2.40,20.00,6269.7730124525460269
2.50,20.00,9615.1643856458140363
2.60,20.00,9834.7611677256827534
2.70,20.00,8688.5633456917312287
2.80,20.00,7100.3160520965129763
2.90,20.00,5521.0336540468242674
3.00,20.00,4143.1363510667988521
3.10,20.00,3024.2157978432883283
3.20,20.00,2156.8089831093293469
3.30,20.00,1506.4078118044781149
3.40,20.00,1031.1430966073041873
3.50,20.00,691.1651924405663294
3.60,20.00,452.4352037864204590
3.70,20.00,287.6415360904309750
3.80,20.00,175.7640906736394300
3.90,20.00,101.1084990956911298
4.00,20.00,52.2304022138338766
4.10,20.00,20.9447243253957183
4.20,20.00,1.4938107406485177
4.30,20.00,-10.1131054977677088
4.40,20.00,-16.6047498371216449
4.50,20.00,-19.8228745116262672
4.60,20.00,-20.9947412961865787
4.70,20.00,-20.9274400034919061
4.80,20.00,-20.1442696477141467
4.90,20.00,-18.9791072697256986
5.00,20.00,-17.6408651849989262
5.10,20.00,-16.2569877238657554
5.20,20.00,-14.9024673169052218
5.30,20.00,-13.6189863859814935
5.40,20.00,-12.4274081076684979
5.50,20.00,-11.3358390422493542
5.60,20.00,-10.3447765811241741
5.70,20.00,-9.4503580107326322
5.80,20.00,-8.6463862960631488
5.90,20.00,-7.9255755547381641
6.00,20.00,-7.2803035457375893
6.20,20.00,-6.1866759823427468
6.40,20.00,-5.3104291365740686
6.60,20.00,-4.6049977163319236
6.80,20.00,-4.0326828599627254
7.00,20.00,-3.5637912053137963
7.20,20.00,-3.1753920085504506
7.40,20.00,-2.8500318976484960
7.60,20.00,-2.5745536494864845
7.80,20.00,-2.3390808201505893
8.00,20.00,-2.1361864202238703
8.20,20.00,-1.9602389697395666
8.40,20.00,-1.8069056139842896
8.60,20.00,-1.6727859816917552
8.80,20.00,-1.5551496164915941
9.00,20.00,-1.4517520752343005
9.50,20.00,-1.2438440636497101
10.00,20.00,-1.0908815759511885
10.50,20.00,-0.9765219806872585
11.00,20.00,-0.8890060023443029
11.50,20.00,-0.8199911249710752
12.00,20.00,-0.7636910160691099
12.50,20.00,-0.7161794719553920
13.00,20.00,-0.6748394215772954
13.50,20.00,-0.6379478009363286
14.00,20.00,-0.6043772179458617
14.50,20.00,-0.5733896537593220
15.00,20.00,-0.5444980206258507
16.00,20.00,-0.4917963390011458
17.00,20.00,-0.4446662599630626
18.00,20.00,-0.4022286562467886
19.00,20.00,-0.3639064704236131
20.00,20.00,-0.3292595706496459
21.00,20.00,-0.2979202563346934
22.00,20.00,-0.2695671408002107
23.00,20.00,-0.2439136057482592
24.00,20.00,-0.2207018518367892
25.00,20.00,-0.1996991813941848
50.00,20.00,-0.0163923007090317
100.00,20.00,-0.0001104504533705
1.00,30.00,-19093061.8507469706237316
1.10,30.00,-11737412.5018664523959160
1.20,30.00,-7153169.0140116000548005
1.30,30.00,-4314917.0750142196193337
1.40,30.00,-2570960.9877270325087011
1.50,30.00,-1508843.2826253331732005
1.60,30.00,-868733.4363881209865212
1.70,30.00,-487804.7851995013188571
1.80,30.00,-264623.8488970827893354
1.90,30.00,-136430.1709772065514699
2.00,30.00,-64695.6158073286205763
2.10,30.00,-25984.8380010179062083
2.20,30.00,-6198.2683933003727361
2.30,30.00,3034.8768474697380952
2.40,30.00,6602.7971711627978948
2.50,30.00,7300.1546499758933351
2.60,30.00,6680.1170909686070445
2.70,30.00,5572.0358979433940476
2.80,30.00,4392.4007288732300367
2.90,30.00,3329.0348207480228666
3.00,30.00,2448.3149605789958514
3.10,30.00,1756.1891753244567553
3.20,30.00,1231.8556579102339583
3.30,30.00,845.5523845902121138
3.40,30.00,567.3247724402696122
3.50,30.00,370.8307420731862294
3.60,30.00,234.5389577240035237
3.70,30.00,141.6548805704166512
3.80,30.00,79.5062540524583454
3.90,30.00,38.7701947999202332
4.00,30.00,12.7265172014882815
4.10,30.00,-3.3860055414908228
4.20,30.00,-12.8898027803001050
4.30,30.00,-18.0712530287784823
4.40,30.00,-20.4830508223187593
4.50,30.00,-21.1658711903510977
4.60,30.00,-20.8077579044713730
4.70,30.00,-19.8568705889478281
4.80,30.00,-18.6001040327577769
4.90,30.00,-17.2172066725708639
5.00,30.00,-15.8175922386482721
5.10,30.00,-14.4650991312770270
5.20,30.00,-13.1944640012723760
5.30,30.00,-12.0221661507180713
5.40,30.00,-10.9534899776110670
5.50,30.00,-9.9870733166688250
5.60,30.00,-9.1178014372683887
5.70,30.00,-8.3386231221712457
5.80,30.00,-7.6416711147231968
5.90,30.00,-7.0189378470134081
6.00,30.00,-6.4626695061146275
6.20,30.00,-5.5209757132488830
6.40,30.00,-4.7654763083091956
6.60,30.00,-4.1547678520250253
6.80,30.00,-3.6563184757707665
7.00,30.00,-3.2450697632518635
7.20,30.00,-2.9019797235736613
7.40,30.00,-2.6127000782749517
7.60,30.00,-2.3664552433779580
7.80,30.00,-2.1551347600548008
8.00,30.00,-1.9725845752627769
8.20,30.00,-1.8140704340006848
8.40,30.00,-1.6758825130077750
8.60,30.00,-1.5550510524111218
8.80,30.00,-1.4491460166764101
9.00,30.00,-1.3561382731681024
9.50,30.00,-1.1693159893414724
10.00,30.00,-1.0318132964450113
10.50,30.00,-0.9286324825023812
11.00,30.00,-0.8491204529143286
11.50,30.00,-0.7858312629311659
12.00,30.00,-0.7336686883501863
12.50,30.00,-0.6892113473585771
13.00,30.00,-0.6501964174721284
13.50,30.00,-0.6151416198268622
14.00,30.00,-0.5830794069463678
14.50,30.00,-0.5533761153459612
15.00,30.00,-0.5256120614622227
16.00,30.00,-0.4748532699563986
17.00,30.00,-0.4293900298778503
18.00,30.00,-0.3884264043004349
19.00,30.00,-0.3514251732668762
20.00,30.00,-0.3179687942864245
21.00,30.00,-0.2877049601397497
22.00,30.00,-0.2603243345948038
23.00,30.00,-0.2355505072950914
24.00,30.00,-0.2131346583841670
25.00,30.00,-0.1928521203611167
50.00,30.00,-0.0158302607684111
100.00,30.00,-0.0001066634580393
1.00,40.00,-9895326.2629743460565805
1.10,40.00,-6053009.5858703330159187
1.20,40.00,-3668365.1411370495334268
1.30,40.00,-2198779.7944659166969359
1.40,40.00,-1300461.5895977967884392
1.50,40.00,-756554.6315128847490996
1.60,40.00,-430949.8880377024179325
1.70,40.00,-238696.4055157459515613
1.80,40.00,-127109.6972350912110414
1.90,40.00,-63754.1824101269085077
2.00,40.00,-28829.4950872786648688
2.10,40.00,-10368.7071097469015513
2.20,40.00,-1225.3557482504381824
2.30,40.00,2806.2419627973044953
2.40,40.00,4155.9737315702814158
2.50,40.00,4194.5120826560778369
2.60,40.00,3670.2030498695180540
2.70,40.00,2972.6582561649156560
2.80,40.00,2289.7967857481321516
2.90,40.00,1699.9630871213537375
3.00,40.00,1224.9058581844415130
3.10,40.00,859.4655067037048184
3.20,40.00,587.6211968279828852
3.30,40.00,390.7109530429268602
3.40,40.00,251.2805451572570803
3.50,40.00,154.5817795082128612
3.60,40.00,88.8770087322775879
3.70,40.00,45.1937420484495789
3.80,40.00,16.8737787437455857
3.90,40.00,-0.9097694336193567
4.00,40.00,-11.5890908925795841
4.10,40.00,-17.5639332556147139
4.20,40.00,-20.4867000114888249
4.30,40.00,-21.4787636626815157
4.40,40.00,-21.2901572616484920
4.50,40.00,-20.4149310334161704
4.60,40.00,-19.1729919704524754
4.70,40.00,-17.7672686191552991
4.80,40.00,-16.3230925010550898
4.90,40.00,-14.9149886000172440
5.00,40.00,-13.5846873402166004
5.10,40.00,-12.3530993672833116
5.20,40.00,-11.2281898229871651
5.30,40.00,-10.2100994467275807
5.40,40.00,-9.2944369626216901
5.50,40.00,-8.4743690771443845
5.60,40.00,-7.7419274603108157
5.70,40.00,-7.0888104379928834
5.80,40.00,-6.5068614371662257
5.90,40.00,-5.9883423804533606
6.00,40.00,-5.5260781227769717
6.20,40.00,-4.7447633507189613
6.40,40.00,-4.1181250245617198
6.60,40.00,-3.6107959698352996
6.80,40.00,-3.1954779341565329
7.00,40.00,-2.8514369922672258
7.20,40.00,-2.5630972807458816
7.40,40.00,-2.3188278039398043
7.60,40.00,-2.1099479775163275
7.80,40.00,-1.9299437780791766
8.00,40.00,-1.7738699206656627
8.20,40.00,-1.6379069045959955
8.40,40.00,-1.5190411264968118
8.60,40.00,-1.4148390204642485
8.80,40.00,-1.3232905868473293
9.00,40.00,-1.2427025324590077
9.50,40.00,-1.0801465407762216
10.00,40.00,-0.9596347748939891
10.50,40.00,-0.8683883552126798
11.00,40.00,-0.7973300493715955
11.50,40.00,-0.7401309117354949
12.00,40.00,-0.6924719216558037
12.50,40.00,-0.6514605660158533
13.00,40.00,-0.6151866258716240
13.50,40.00,-0.5823990324721506
14.00,40.00,-0.5522800056232222
14.50,40.00,-0.5242921572557593
15.00,40.00,-0.4980775244055364
16.00,40.00,-0.4500642880661430
17.00,40.00,-0.4070066859975858
18.00,40.00,-0.3681904070321464
19.00,40.00,-0.3331212747803065
20.00,40.00,-0.3014090988151485
21.00,40.00,-0.2727219964831799
22.00,40.00,-0.2467675082445959
23.00,40.00,-0.2232839012624963
24.00,40.00,-0.2020354175758454
25.00,40.00,-0.1828091279068833
50.00,40.00,-0.0150058826432705
100.00,40.00,-0.0001011088419249
1.00,50.00,-4627394.5667085601016879
1.10,50.00,-2808023.5224672323092818
1.20,50.00,-1686216.0358994021080434
1.30,50.00,-999934.5583463346119970
1.40,50.00,-583915.9838351677171886
1.50,50.00,-334440.7105723068816587
1.60,50.00,-186771.3456087562663015
1.70,50.00,-100752.6614900521235541
1.80,50.00,-51654.0950224597108900
1.90,50.00,-24369.6674429993327067
2.00,50.00,-9760.8863605265614751
2.10,50.00,-2362.4415949377621473
2.20,50.00,1048.9863584258480387
2.30,50.00,2341.7570444916950692
2.40,50.00,2574.9747738194864723
2.50,50.00,2331.3274268280260912
2.60,50.00,1918.0423567539710348
2.70,50.00,1486.7488352899288202
2.80,50.00,1103.9143223629378099
2.90,50.00,791.4676437782198946
3.00,50.00,549.6631365777449219
3.10,50.00,369.5277145468069762
3.20,50.00,239.3152738086260740
3.30,50.00,147.6005738981738489
3.40,50.00,84.5537752817253505
3.50,50.00,42.2799725893446166
3.60,50.00,14.7177922555209229
3.70,50.00,-2.6369845720724769
3.80,50.00,-13.0473696788300213
3.90,50.00,-18.8279477972212490
4.00,50.00,-21.5906392185552036
4.10,50.00,-22.4391999144463732
4.20,50.00,-22.1171262274807958
4.30,50.00,-21.1168550860427686
4.40,50.00,-19.7585362317588284
4.50,50.00,-18.2457744013461678
4.60,50.00,-16.7044292302057649
4.70,50.00,-15.2092298484609909
4.80,50.00,-13.8017887805561319
4.90,50.00,-12.5026429878461833
5.00,50.00,-11.3192063205825999
5.10,50.00,-10.2509595436063812
5.20,50.00,-9.2927962712127350
5.30,50.00,-8.4371515541654993
5.40,50.00,-7.6753352135115254
5.50,50.00,-6.9983507255005399
5.60,50.00,-6.3973843587490533
5.70,50.00,-5.8640847958882194
5.80,50.00,-5.3907107830968748
5.90,50.00,-4.9701964281278350
6.00,50.00,-4.5961657102341693
6.20,50.00,-3.9653847131722797
6.40,50.00,-3.4601473687357238
6.60,50.00,-3.0509452006994215
6.80,50.00,-2.7153859733096191
7.00,50.00,-2.4366923503794951
7.20,50.00,-2.2023973369424343
7.40,50.00,-2.0032672405598650
7.60,50.00,-1.8324468131293221
7.80,50.00,-1.6848029213832008
8.00,50.00,-1.5564351651934616
8.20,50.00,-1.4443203905016906
8.40,50.00,-1.3460604054587639
8.60,50.00,-1.2597065220608381
8.80,50.00,-1.1836395148837422
9.00,50.00,-1.1164884039808018
9.50,50.00,-0.9802684958724595
10.00,50.00,-0.8782348612614265
10.50,50.00,-0.7999845132430232
11.00,50.00,-0.7381546962030932
11.50,50.00,-0.6876339352182779
12.00,50.00,-0.6449469218522453
12.50,50.00,-0.6077720151534906
13.00,50.00,-0.5745775086925399
13.50,50.00,-0.5443593867896355
14.00,50.00,-0.5164593460964783
14.50,50.00,-0.4904422943985039
15.00,50.00,-0.4660158012129192
16.00,50.00,-0.4211848096221605
17.00,50.00,-0.3809242429598456
18.00,50.00,-0.3446081061875867
19.00,50.00,-0.3117898011475332
20.00,50.00,-0.2821100448127647
21.00,50.00,-0.2552603971934606
22.00,50.00,-0.2309679337640784
23.00,50.00,-0.2089879779994283
24.00,50.00,-0.1890999765154652
25.00,50.00,-0.1711046734604803
50.00,50.00,-0.0140451234523111
100.00,50.00,-0.0000946352974173
1.00,60.00,-1360378.7870861205738038
1.10,60.00,-800194.3888142410432920
1.20,60.00,-462297.4548902324750088
1.30,60.00,-260939.7024904126301408
1.40,60.00,-142717.4101334176375531
1.50,60.00,-74592.0075027225684607
1.60,60.00,-36280.4358805055817356
1.70,60.00,-15441.6633298882043164
1.80,60.00,-4646.2374056850267152
1.90,60.00,521.5102475139943863
2.00,60.00,2644.8149944911801867
2.10,60.00,3204.8075405292106552
2.20,60.00,3028.4307491699605634
2.30,60.00,2560.5974126804430853
2.40,60.00,2027.7263838837716321
2.50,60.00,1534.6909408718420309
2.60,60.00,1121.3341525704038304
2.70,60.00,794.7104646774903358
2.80,60.00,546.9551986109634072
2.90,60.00,364.7906785552461884
3.00,60.00,234.2731456061965218
3.10,60.00,142.9118013289663338
3.20,60.00,80.3980870086123502
3.30,60.00,38.6479710773068135
3.40,60.00,11.5438218110765938
3.50,60.00,-5.4209222872131519
3.60,60.00,-15.4948919404621197
3.70,60.00,-20.9772346605588638
3.80,60.00,-23.4685902596718812
3.90,60.00,-24.0661908380750873
4.00,60.00,-23.5106819831367737
4.10,60.00,-22.2939134016712401
4.20,60.00,-20.7365192936128899
4.30,60.00,-19.0428355393734385
4.40,60.00,-17.3392188465262400
4.50,60.00,-15.7004431910534485
4.60,60.00,-14.1676700574525398
4.70,60.00,-12.7605467275063518
4.80,60.00,-11.4852632521122260
4.90,60.00,-10.3398591403658813
5.00,60.00,-9.3176775802433323
5.10,60.00,-8.4095838252177142
5.20,60.00,-7.6053665347393382
5.30,60.00,-6.8946036037600837
5.40,60.00,-6.2671800020696313
5.50,60.00,-5.7135814874036885
5.60,60.00,-5.2250454083996756
5.70,60.00,-4.7936215151698498
5.80,60.00,-4.4121770796867068
5.90,60.00,-4.0743684726340845
6.00,60.00,-3.7745934525092593
6.20,60.00,-3.2700907968071684
6.40,60.00,-2.8664023233665796
6.60,60.00,-2.5392523013158588
6.80,60.00,-2.2705862036854940
7.00,60.00,-2.0470737926396088
7.20,60.00,-1.8589000968360228
7.40,60.00,-1.6988221728612065
7.60,60.00,-1.5614540340997305
7.80,60.00,-1.4427378889586331
8.00,60.00,-1.3395616507985300
8.20,60.00,-1.2494875443054698
8.40,60.00,-1.1705626677256238
8.60,60.00,-1.1011884418448648
8.80,60.00,-1.0400313577528595
9.00,60.00,-0.9859620461901248
9.50,60.00,-0.8757726219954998
10.00,60.00,-0.7923227691345506
10.50,60.00,-0.7273130027452805
11.00,60.00,-0.6749821813715571
11.50,60.00,-0.6313955479406306
12.00,60.00,-0.5939108693935807
12.50,60.00,-0.5607779351756258
13.00,60.00,-0.5308473597738983
13.50,60.00,-0.5033662255542525
14.00,60.00,-0.4778390542412083
14.50,60.00,-0.4539355699054240
15.00,60.00,-0.4314306969260053
16.00,60.00,-0.3900258895098151
17.00,60.00,-0.3527807193763237
18.00,60.00,-0.3191614031279390
19.00,60.00,-0.2887715476232226
20.00,60.00,-0.2612848036645539
21.00,60.00,-0.2364178741491804
22.00,60.00,-0.2139188579326108
23.00,60.00,-0.1935614628933551
24.00,60.00,-0.1751415350255579
25.00,60.00,-0.1584745704527052
50.00,60.00,-0.0130083824289295
100.00,60.00,-0.0000876497913500
1.00,70.00,-252381.6946999916399363
1.10,70.00,-128669.3264425452798605
1.20,70.00,-59569.6017895399927511
1.30,70.00,-22441.2575443827663548
1.40,70.00,-3639.0509259340728931
1.50,70.00,4951.3673776632167574
1.60,70.00,8075.3362854628348941
1.70,70.00,8448.7527033309688704
1.80,70.00,7581.5110399927980325
1.90,70.00,6278.9353072598905783
2.00,70.00,4943.7001511574408141
2.10,70.00,3755.1302109026564722
2.20,70.00,2773.8487961062537579
2.30,70.00,2001.4965997281458385
2.40,70.00,1413.7848445561719473
2.50,70.00,977.9994620790758972
2.60,70.00,661.6445286086066062
2.70,70.00,436.1920510687359638
2.80,70.00,278.2493043385240412
2.90,70.00,169.4590016849342362
3.00,70.00,95.8571714165678657
3.10,70.00,47.0699321366955203
3.20,70.00,15.5350271306381043
3.30,70.00,-4.1734508967804551
3.40,70.00,-15.8950138313441744
3.50,70.00,-22.3125566373236985
3.60,70.00,-25.2784516855833061
3.70,70.00,-26.0564749833339846
3.80,70.00,-25.4980991004051702
3.90,70.00,-24.1690643853231037
4.00,70.00,-22.4391056910614637
4.10,70.00,-20.5448551461243056
4.20,70.00,-18.6335003106251023
4.30,70.00,-16.7928069398288144
4.40,70.00,-15.0715854750183489
4.50,70.00,-13.4935247499068911
4.60,70.00,-12.0664622193603890
4.70,70.00,-10.7885395568274234
4.80,70.00,-9.6522482969887236
4.90,70.00,-8.6470561901265270
5.00,70.00,-7.7610853705459881
5.10,70.00,-6.9821614138777255
5.20,70.00,-6.2984480175399957
5.30,70.00,-5.6988109942134759
5.40,70.00,-5.1730072388534962
5.50,70.00,-4.7117620640807267
5.60,70.00,-4.3067767403777051
5.70,70.00,-3.9506937371491242
5.80,70.00,-3.6370376535544757
5.90,70.00,-3.3601435385432241
6.00,70.00,-3.1150801422337628
6.20,70.00,-2.7039295647898927
6.40,70.00,-2.3759637879286530
6.60,70.00,-2.1107759909239228
6.80,70.00,-1.8933948457861951
7.00,70.00,-1.7128680718084370
7.20,70.00,-1.5611712488519700
7.40,70.00,-1.4323885921501769
7.60,70.00,-1.3221110559921931
7.80,70.00,-1.2270022369554177
8.00,70.00,-1.1444902171544036
8.20,70.00,-1.0725516450438883
8.40,70.00,-1.0095619174872783
8.60,70.00,-0.9541918147405056
8.80,70.00,-0.9053362108790206
9.00,70.00,-0.8620645912385172
9.50,70.00,-0.7734036261650833
10.00,70.00,-0.7054391646011713
10.50,70.00,-0.6516320009850691
11.00,70.00,-0.6075335635823667
11.50,70.00,-0.5701535049086883
12.00,70.00,-0.5375067570786216
12.50,70.00,-0.5082880291719761
13.00,70.00,-0.4816429245475957
13.50,70.00,-0.4570112397108681
14.00,70.00,-0.4340222723603543
14.50,70.00,-0.4124262834650066
15.00,70.00,-0.3920503472364569
16.00,70.00,-0.3544928594562654
17.00,70.00,-0.3206661900262493
18.00,70.00,-0.2901167034187599
19.00,70.00,-0.2624958858939409
20.00,70.00,-0.2375114709334127
21.00,70.00,-0.2149075617323258
22.00,70.00,-0.1944557759155299
23.00,70.00,-0.1759506313306012
24.00,70.00,-0.1592066300047440
25.00,70.00,-0.1440560847723386
50.00,70.00,-0.0118248417623888
100.00,70.00,-0.0000796751570675
1.00,80.00,4211.4562156283636796
1.10,80.00,22377.7175797513154976
1.20,80.00,27790.5136658072806313
1.30,80.00,26947.1895170187817712
1.40,80.00,23438.3413440299336798
1.50,80.00,19157.6104787193617085
1.60,80.00,15030.9555277283834585
1.70,80.00,11450.0466940831956890
1.80,80.00,8525.2177437258378632
1.90,80.00,6229.6442755517782643
2.00,80.00,4478.8841396749849082
2.10,80.00,3172.6993226340773617
2.20,80.00,2215.3875757631831220
2.30,80.00,1524.2670399827989058
2.40,80.00,1031.9402221371133237
2.50,80.00,685.5418737206479136
2.60,80.00,444.7361970978965360
2.70,80.00,279.3892227656569958
2.80,80.00,167.3641357075998997
2.90,80.00,92.6241047940751230
3.00,80.00,43.6892794444100261
3.10,80.00,12.4280813450231413
3.20,80.00,-6.8643479409883152
3.30,80.00,-18.1543980101116453
3.40,80.00,-24.1756127649426311
3.50,80.00,-26.7951437442962899
3.60,80.00,-27.2763075341730357
3.70,80.00,-26.4648417657632216
3.80,80.00,-24.9198774937736118
3.90,80.00,-23.0053119480936843
4.00,80.00,-20.9530953222316505
4.10,80.00,-18.9067701835389492
4.20,80.00,-16.9512336539280035
4.30,80.00,-15.1329545084113040
4.40,80.00,-13.4736191775738874
4.50,80.00,-11.9792803177311651
4.60,80.00,-10.6464438003980124
4.70,80.00,-9.4660821241074657
4.80,80.00,-8.4262502716917389
4.90,80.00,-7.5137642473087345
5.00,80.00,-6.7152542242631412
5.10,80.00,-6.0178028933323846
5.20,80.00,-5.4093106994798577
5.30,80.00,-4.8786830115544113
5.40,80.00,-4.4159028073607942
5.50,80.00,-4.0120312930542505
5.60,80.00,-3.6591646669516282
5.70,80.00,-3.3503657076634363
5.80,80.00,-3.0795824750965202
5.90,80.00,-2.8415621238812063
6.00,80.00,-2.6317649474819049
6.20,80.00,-2.2817570083907874
6.40,80.00,-2.0045067386414259
6.60,80.00,-1.7817057705224961
6.80,80.00,-1.6000486194338457
7.00,80.00,-1.4498811882481006
7.20,80.00,-1.3241803912951218
7.40,80.00,-1.2178009256285338
7.60,80.00,-1.1269296292418904
7.80,80.00,-1.0486964809666084
8.00,80.00,-0.9809009505792110
8.20,80.00,-0.9218215194597852
8.40,80.00,-0.8700840623659201
8.60,80.00,-0.8245712010782795
8.80,80.00,-0.7843597637022273
9.00,80.00,-0.7486772853273389
9.50,80.00,-0.6752398597241061
10.00,80.00,-0.6184632808213986
10.50,80.00,-0.5730592443546165
11.00,80.00,-0.5354619551639509
11.50,80.00,-0.5032895508385202
12.00,80.00,-0.4749673247062935
12.50,80.00,-0.4494619264573226
13.00,80.00,-0.4260969639039354
13.50,80.00,-0.4044279726394113
14.00,80.00,-0.3841594636062567
14.50,80.00,-0.3650908914173844
15.00,80.00,-0.3470819767567553
16.00,80.00,-0.3138594792060092
17.00,80.00,-0.2839202386236344
18.00,80.00,-0.2568752263380885
19.00,80.00,-0.2324205706541413
20.00,80.00,-0.2102992385615746
21.00,80.00,-0.1902852980127801
22.00,80.00,-0.1721767711411652
23.00,80.00,-0.1557918059762952
24.00,80.00,-0.1409661895821386
25.00,80.00,-0.1275514587699331
50.00,80.00,-0.0104700599541609
100.00,80.00,-0.0000705467090484
1.00,90.00,148218.2261067378858570
1.10,90.00,107563.2621532842749730
1.20,90.00,77515.7505129137425683
1.30,90.00,55512.5496430494240485
1.40,90.00,39527.3296296988555696
1.50,90.00,27994.2882627406252141
1.60,90.00,19724.4289599132825970
1.70,90.00,13827.3033438153506722
1.80,90.00,9643.5451960395348578
1.90,90.00,6689.4916460405129328
2.00,90.00,4613.2052136518250336
2.10,90.00,3160.3753954209987569
2.20,90.00,2148.3571031805367966
2.30,90.00,1446.6862449633463257
2.40,90.00,962.6263507300018318
2.50,90.00,630.5510171699744433
2.60,90.00,404.2083669511507651
2.70,90.00,251.1252837508579603
2.80,90.00,148.5846976032439670
2.90,90.00,80.7496231024159243
3.00,90.00,36.6171457759373808
3.10,90.00,8.5692806097636698
3.20,90.00,-8.6493150888240518
3.30,90.00,-18.6498840540836959
3.40,90.00,-23.9029374989124612
3.50,90.00,-26.0898095157606136
3.60,90.00,-26.3474924503930090
3.70,90.00,-25.4387022190766388
3.80,90.00,-23.8697155738595193
3.90,90.00,-21.9718248126160560
4.00,90.00,-19.9575106504138233
4.10,90.00,-17.9590862715152753
4.20,90.00,-16.0552126472143684
4.30,90.00,-14.2890371842946298
4.40,90.00,-12.6805570997044210
4.50,90.00,-11.2350077668210719
4.60,90.00,-9.9485198726637236
4.70,90.00,-8.8119036371765898
4.80,90.00,-7.8131516275604174
4.90,90.00,-6.9390674859374304
5.00,90.00,-6.1763008054699000
5.10,90.00,-5.5119807922229898
5.20,90.00,-4.9340809989198142
5.30,90.00,-4.4316058449880416
5.40,90.00,-3.9946609992728517
5.50,90.00,-3.6144499687291627
5.60,90.00,-3.2832256353855271
5.70,90.00,-2.9942161079663654
5.80,90.00,-2.7415377928193929
5.90,90.00,-2.5201041397976400
6.00,90.00,-2.3255354621583808
6.20,90.00,-2.0025000777764252
6.40,90.00,-1.7484345326116890
6.60,90.00,-1.5458701296221795
6.80,90.00,-1.3821330392252200
7.00,90.00,-1.2480230475551339
7.20,90.00,-1.1368322765018044
7.40,90.00,-1.0436304750783414
7.60,90.00,-0.9647522816466373
7.80,90.00,-0.8974336590293484
8.00,90.00,-0.8395563159754209
8.20,90.00,-0.7894690306722594
8.40,90.00,-0.7458630043855350
8.60,90.00,-0.7076847592992486
8.80,90.00,-0.6740749022314113
9.00,90.00,-0.6443246044646054
9.50,90.00,-0.5831965309147766
10.00,90.00,-0.5358482164094810
10.50,90.00,-0.4977666814483149
11.00,90.00,-0.4659925863854830
11.50,90.00,-0.4385906601550802
12.00,90.00,-0.4143009831388019
12.50,90.00,-0.3923053507281576
13.00,90.00,-0.3720714328494340
13.50,90.00,-0.3532501164226630
14.00,90.00,-0.3356088199064146
14.50,90.00,-0.3189887252745741
15.00,90.00,-0.3032776412802568
16.00,90.00,-0.2742708320678724
17.00,90.00,-0.2481164692373090
18.00,90.00,-0.2244851201163388
19.00,90.00,-0.2031151846144677
20.00,90.00,-0.1837835113901942
21.00,90.00,-0.1662932010522016
22.00,90.00,-0.1504679437875241
23.00,90.00,-0.1361488907468630
24.00,90.00,-0.1231925610975259
25.00,90.00,-0.1114692206287699
50.00,90.00,-0.0091499497940376
100.00,90.00,-0.0000616518767565
1.00,100.00,269626.0237277625710703
1.10,100.00,182107.5192482575948816
1.20,100.00,123194.0076037431572331
1.30,100.00,83475.0891244357335381
1.40,100.00,56652.5210365742314025
1.50,100.00,38507.0042621020111255
1.60,100.00,26208.8738577379081107
1.70,100.00,17858.0497434467215498
1.80,100.00,12176.8500670670327963
1.90,100.00,8304.7540703581071284
2.00,100.00,5661.1816658398593063
2.10,100.00,3853.6706834885603712
2.20,100.00,2616.3710433945620935
2.30,100.00,1768.7981459938168882
2.40,100.00,1188.1351810601861416
2.50,100.00,790.6052046365407477
2.60,100.00,518.9213319795687767
2.70,100.00,333.8154377130006765
2.80,100.00,208.3076545821127183
2.90,100.00,123.8208287005615773
3.00,100.00,67.5392654084104720
3.10,100.00,30.6084446199575062
3.20,100.00,6.9044512326334075
3.30,100.00,-7.8096504643679037
3.40,100.00,-16.4639065094249659
3.50,100.00,-21.0815468561022357
3.60,100.00,-23.0557119858936233
3.70,100.00,-23.3413907444303987
3.80,100.00,-22.5888837490368459
3.90,100.00,-21.2368083252722890
4.00,100.00,-19.5770209363459031
4.10,100.00,-17.7999882315769646
4.20,100.00,-16.0265082385955075
4.30,100.00,-14.3298785436218132
4.40,100.00,-12.7513652830880329
4.50,100.00,-11.3109674142861163
4.60,100.00,-10.0148743754921234
4.70,100.00,-8.8605998399264649
4.80,100.00,-7.8404838436194808
4.90,100.00,-6.9440518103479025
5.00,100.00,-6.1595755801636765
5.10,100.00,-5.4750803097513483
5.20,100.00,-4.8789694722734618
5.30,100.00,-4.3603893902229611
5.40,100.00,-3.9094186737542800
5.50,100.00,-3.5171423204901857
5.60,100.00,-3.1756520402237287
5.70,100.00,-2.8780014633565028
5.80,100.00,-2.6181357596390349
5.90,100.00,-2.3908087547576731
6.00,100.00,-2.1914961162200575
6.20,100.00,-1.8619186670668713
6.40,100.00,-1.6045357125248974
6.60,100.00,-1.4011833926330408
6.80,100.00,-1.2386188546560013
7.00,100.00,-1.1071655077958613
7.20,100.00,-0.9997127510976566
7.40,100.00,-0.9109913822997777
7.60,100.00,-0.8370552639225963
7.80,100.00,-0.7749133716440764
8.00,100.00,-0.7222695441322756
8.20,100.00,-0.6773384163230444
8.40,100.00,-0.6387148003534818
8.60,100.00,-0.6052803875242999
8.80,100.00,-0.5761364718958243
9.00,100.00,-0.5505548471332115
9.50,100.00,-0.4985449466810574
10.00,100.00,-0.4586208536480493
10.50,100.00,-0.4265889706212598
11.00,100.00,-0.3998171878073064
11.50,100.00,-0.3766448503475527
12.00,100.00,-0.3560207082838523
12.50,100.00,-0.3372762310031666
13.00,100.00,-0.3199827919073251
13.50,100.00,-0.3038617717009593
14.00,100.00,-0.2887281891304447
14.50,100.00,-0.2744555182405441
15.00,100.00,-0.2609538241881367
16.00,100.00,-0.2360105202993578
17.00,100.00,-0.2135104623570065
18.00,100.00,-0.1931772596106100
19.00,100.00,-0.1747884899038462
20.00,100.00,-0.1581531327487623
21.00,100.00,-0.1431021240217660
22.00,100.00,-0.1294838810729129
23.00,100.00,-0.1171617593189285
24.00,100.00,-0.1060123065219550
25.00,100.00,-0.0959238880007150
50.00,100.00,-0.0078739114433323
100.00,100.00,-0.0000530539979807
1.00,110.00,860390.6512311979895458
1.10,110.00,550049.7460151412524283
1.20,110.00,351712.1067595520871691
1.30,110.00,225045.8462306389992591
1.40,110.00,144180.5784774594067130
1.50,110.00,92550.5117932868015487
1.60,110.00,59565.2754146930892603
1.70,110.00,38464.7354792395854020
1.80,110.00,24939.3996990936429938
1.90,110.00,16244.9316788879586966
2.00,110.00,10634.9385045181497844
2.10,110.00,6998.3547994381569879
2.20,110.00,4628.0752012960592765
2.30,110.00,3073.6047413293076715
2.40,110.00,2047.3784062722361341
2.50,110.00,1365.2912922090631582
2.60,110.00,908.9910166209781437
2.70,110.00,601.9868404880431854
2.80,110.00,394.5155621053242498
2.90,110.00,253.9491316277219823
3.00,110.00,158.7055976329086491
3.10,110.00,94.3736275638020317
3.20,110.00,51.2359775256929808
3.30,110.00,22.6781131608806774
3.40,110.00,4.1582102344919774
3.50,110.00,-7.4654521419300792
3.60,110.00,-14.3783212437713264
3.70,110.00,-18.1058758911142590
3.80,110.00,-19.7139161988070057
3.90,110.00,-19.9456639743189044
4.00,110.00,-19.3167469303486143
4.10,110.00,-18.1817242892513278
4.20,110.00,-16.7811094082948067
4.30,110.00,-15.2748423611598980
4.40,110.00,-13.7662293436580576
4.50,110.00,-12.3191021725519576
4.60,110.00,-10.9701144009440412
4.70,110.00,-9.7375273731296765
4.80,110.00,-8.6274538394684779
4.90,110.00,-7.6382579993685376
5.00,110.00,-6.7636205134725618
5.10,110.00,-5.9946403024120531
5.20,110.00,-5.3212455781862218
5.30,110.00,-4.7331136929953166
5.40,110.00,-4.2202456524091385
5.50,110.00,-3.7733013827376167
5.60,110.00,-3.3837724115147543
5.70,110.00,-3.0440468688653644
5.80,110.00,-2.7474057006070862
5.90,110.00,-2.4879772539312102
6.00,110.00,-2.2606688680424716
6.20,110.00,-1.8854606973866632
6.40,110.00,-1.5935990920263403
6.60,110.00,-1.3644281041091517
6.80,110.00,-1.1828262353439150
7.00,110.00,-1.0376735562418054
7.20,110.00,-0.9207236349662100
7.40,110.00,-0.8257949251580310
7.60,110.00,-0.7481992503220238
7.80,110.00,-0.6843398591945512
8.00,110.00,-0.6314280800984220
8.20,110.00,-0.5872819456975760
8.40,110.00,-0.5501812736928348
8.60,110.00,-0.5187617705181820
8.80,110.00,-0.4919363685850169
9.00,110.00,-0.4688358446059231
9.50,110.00,-0.4231380742191176
10.00,110.00,-0.3890722215649224
10.50,110.00,-0.3621703970484743
11.00,110.00,-0.3398119733980454
11.50,110.00,-0.3204484600498706
12.00,110.00,-0.3031559237987604
12.50,110.00,-0.2873756429112782
13.00,110.00,-0.2727634716380396
13.50,110.00,-0.2591020889480616
14.00,110.00,-0.2462496833660798
14.50,110.00,-0.2341098074886579
15.00,110.00,-0.2226135793697751
16.00,110.00,-0.2013552357069206
17.00,110.00,-0.1821667110672116
18.00,110.00,-0.1648213384282650
19.00,110.00,-0.1491328722885558
20.00,110.00,-0.1349396647715006
21.00,110.00,-0.1220979658493076
22.00,110.00,-0.1104786272392925
23.00,110.00,-0.0999651292765381
24.00,110.00,-0.0904521649921817
25.00,110.00,-0.0818444944238860
50.00,110.00,-0.0067182047058635
100.00,110.00,-0.0000452669072371
1.00,120.00,1702902.6291062964592129
1.10,120.00,1088133.3857189682312310
1.20,120.00,695297.8229089118540287
1.30,120.00,444500.8933442039415240
1.40,120.00,284475.6180648278677836
1.50,120.00,182383.7245878773392178
1.60,120.00,117227.4969174138532253
1.70,120.00,75602.2692152683011955
1.80,120.00,48963.3047787403411348
1.90,120.00,31870.6359728383140464
2.00,120.00,20864.2184568028933427
2.10,120.00,13744.5118017546938063
2.20,120.00,9113.2907608103887469
2.30,120.00,6081.1330276840753868
2.40,120.00,4081.4305292515500696
2.50,120.00,2752.3319086112114746
2.60,120.00,1861.9122826080540563
2.70,120.00,1260.7931550696237082
2.80,120.00,852.1600031608769541
2.90,120.00,572.7875054485526789
3.00,120.00,381.0197900002128222
3.10,120.00,249.1411126978769914
3.20,120.00,158.5172875079412051
3.30,120.00,96.4867064891804773
3.40,120.00,54.3579633590085081
3.50,120.00,26.1094944776434055
3.60,120.00,7.5366255864908069
3.70,120.00,-4.3144004982147397
3.80,120.00,-11.5267567070667614
3.90,120.00,-15.5720173713732333
4.00,120.00,-17.4888409030884056
4.10,120.00,-18.0077754854856167
4.20,120.00,-17.6393868315568305
4.30,120.00,-16.7370483936589878
4.40,120.00,-15.5419830871661784
4.50,120.00,-14.2157169751689434
4.60,120.00,-12.8635114881687080
4.70,120.00,-11.5512779628575277
4.80,120.00,-10.3177571484900010
4.90,120.00,-9.1832481152988521
5.00,120.00,-8.1558207178067068
5.10,120.00,-7.2356955346699774
5.20,120.00,-6.4182940059434976
5.30,120.00,-5.6963288599768394
5.40,120.00,-5.0612070919639640
5.50,120.00,-4.5039452443997279
5.60,120.00,-4.0157428759667217
5.70,120.00,-3.5883200993339330
5.80,120.00,-3.2140954187978958
5.90,120.00,-2.8862582106071568
6.00,120.00,-2.5987741191632083
6.20,120.00,-2.1243759853835860
6.40,120.00,-1.7563475896882248
6.60,120.00,-1.4688694795339299
6.80,120.00,-1.2427735399276119
7.00,120.00,-1.0638107419593068
7.20,120.00,-0.9213214906423555
7.40,120.00,-0.8072583874000593
7.60,120.00,-0.7154842696036562
7.80,120.00,-0.6412726067450603
8.00,120.00,-0.5809516104421998
8.20,120.00,-0.5316485896514636
8.40,120.00,-0.4911038230627804
8.60,120.00,-0.4575328293608270
8.80,120.00,-0.4295227301006649
9.00,120.00,-0.4059530491908591
9.50,120.00,-0.3610601680768280
10.00,120.00,-0.3292506184616890
10.50,120.00,-0.3051183536410174
11.00,120.00,-0.2856185572537228
11.50,120.00,-0.2690285979333204
12.00,120.00,-0.2543651518218958
12.50,120.00,-0.2410588181851267
13.00,120.00,-0.2287729723491412
13.50,120.00,-0.2173028647131729
14.00,120.00,-0.2065192112712292
14.50,120.00,-0.1963364613376800
15.00,120.00,-0.1866948035340331
16.00,120.00,-0.1688667752284600
17.00,120.00,-0.1527746130101773
18.00,120.00,-0.1382280318554818
19.00,120.00,-0.1250709118732344
20.00,120.00,-0.1131677470279064
21.00,120.00,-0.1023980104030381
22.00,120.00,-0.0926534037787947
23.00,120.00,-0.0838362124015666
24.00,120.00,-0.0758581220204956
25.00,120.00,-0.0686392599300746
50.00,120.00,-0.0056342531444359
100.00,120.00,-0.0000379632990666
1.00,130.00,682335.3444101483328268
1.10,130.00,486250.1517390760709532
1.20,130.00,348153.1756509506376460
1.30,130.00,250300.4101584754243959
1.40,130.00,180570.9180229336488992
1.50,130.00,130627.7047311994974734
1.60,130.00,94695.5101432169030886
1.70,130.00,68744.8138635073701153
1.80,130.00,49944.1359298256866168
1.90,130.00,36290.2061009700919385
2.00,130.00,26356.5810760206186387
2.10,130.00,19121.5519460542636807
2.20,130.00,13849.4456221496311628
2.30,130.00,10008.1205254731557943
2.40,130.00,7211.1747952785126472
2.50,130.00,5177.1573482741077896
2.60,130.00,3700.5707126199918093
2.70,130.00,2631.1177310955476969
2.80,130.00,1858.7576669085544836
2.90,130.00,1302.8875445006679001
3.00,130.00,904.4738456992229203
3.10,130.00,620.3081207208853129
3.20,130.00,418.8004698378794615
3.30,130.00,276.8921460121134714
3.40,130.00,177.7859661449081159
3.50,130.00,109.2763601820595341
3.60,130.00,62.5202262544993701
3.70,130.00,31.1324288411439412
3.80,130.00,10.5206661649161131
3.90,130.00,-2.6030731312146460
4.00,130.00,-10.5807816027861588
4.10,130.00,-15.0706527748781092
4.20,130.00,-17.2385499158193376
4.30,130.00,-17.8974333158039975
4.40,130.00,-17.6085763906337327
4.50,130.00,-16.7547856951098275
4.60,130.00,-15.5931602913490313
4.70,130.00,-14.2929401447073499
4.80,130.00,-12.9625226470424462
4.90,130.00,-11.6686385357592872
5.00,130.00,-10.4498749733342908
5.10,130.00,-9.3261411526630038
5.20,130.00,-8.3052359790336112
5.30,130.00,-7.3873575514487166
5.40,130.00,-6.5681601047344449
5.50,130.00,-5.8407933045377671
5.60,130.00,-5.1972346159866714
5.70,130.00,-4.6291355134140177
5.80,130.00,-4.1283373998096184
5.90,130.00,-3.6871664931027750
6.00,130.00,-3.2985836263055153
6.20,130.00,-2.6544831049378206
6.40,130.00,-2.1533316725380840
6.60,130.00,-1.7620605031438177
6.80,130.00,-1.4554063313730239
7.00,130.00,-1.2141451551930800
7.20,130.00,-1.0236269880959807
7.40,130.00,-0.8726397159949537
7.60,130.00,-0.7525561100418188
7.80,130.00,-0.6567019575336910
8.00,130.00,-0.5798889877572742
8.20,130.00,-0.5180679866207231
8.40,130.00,-0.4680689860471697
8.60,130.00,-0.4274047269490711
8.80,130.00,-0.3941205183265121
9.00,130.00,-0.3666785365572255
9.50,130.00,-0.3163064771404082
10.00,130.00,-0.2826483492606693
10.50,130.00,-0.2585602911931536
11.00,130.00,-0.2400820268352273
11.50,130.00,-0.2250037208809225
12.00,130.00,-0.2120800841483342
12.50,130.00,-0.2005997274387651
13.00,130.00,-0.1901488422667668
13.50,130.00,-0.1804809867199060
14.00,130.00,-0.1714448678733347
14.50,130.00,-0.1629439544115753
15.00,130.00,-0.1549136746358598
16.00,130.00,-0.1400940144979525
17.00,130.00,-0.1267341394428155
18.00,130.00,-0.1146635211699795
19.00,130.00,-0.1037480867366321
20.00,130.00,-0.0938737731438124
21.00,130.00,-0.0849399966810380
22.00,130.00,-0.0768567014291679
23.00,130.00,-0.0695427509586583
24.00,130.00,-0.0629248580979909
25.00,130.00,-0.0569367568921435
50.00,130.00,-0.0046736530916452
100.00,130.00,-0.0000314908268236
1.00,140.00,1736936.4833003410603851
1.10,140.00,1250634.7274889731779695
1.20,140.00,902756.2449925874825567
1.30,140.00,652970.0685814217431471
1.40,140.00,473032.1367232454940677
1.50,140.00,343051.8520885721081868
1.60,140.00,248945.7870226632803679
1.70,140.00,180691.4175733787124045
1.80,140.00,131122.5432234661711846
1.90,140.00,95093.3677748354239156
2.00,140.00,68894.8815026345691876
2.10,140.00,49844.9293554684772971
2.20,140.00,35998.5787829201799468
2.30,140.00,25942.3312582822254626
2.40,140.00,18647.1348026198029402
2.50,140.00,13362.8877269973927469
2.60,140.00,9542.3922581713486579
2.70,140.00,6786.3275789305844228
2.80,140.00,4803.3022422327594541
2.90,140.00,3380.7748126816236436
3.00,140.00,2363.8397882510448653
3.10,140.00,1639.7257604214778439
3.20,140.00,1126.4544885795155551
3.30,140.00,764.5381920618657432
3.40,140.00,510.8994492750402401
3.50,140.00,334.4192615288687307
3.60,140.00,212.6788798422336129
3.70,140.00,129.5772791294956221
3.80,140.00,73.5909560036220540
3.90,140.00,36.5047343712615273
4.00,140.00,12.4877151609817609
4.10,140.00,-2.5781174223238503
4.20,140.00,-11.5845813765376064
4.30,140.00,-16.5491660108274701
4.40,140.00,-18.8686859437580274
4.50,140.00,-19.5015390853093606
4.60,140.00,-19.0981909016657809
4.70,140.00,-18.0942165639723882
4.80,140.00,-16.7763472986183260
4.90,140.00,-15.3291179160499436
5.00,140.00,-13.8676262721705719
5.10,140.00,-12.4603908040075844
5.20,140.00,-11.1451804715931964
5.30,140.00,-9.9398825964241606
5.40,140.00,-8.8498872122745791
5.50,140.00,-7.8730419665561602
5.60,140.00,-7.0029254345747241
5.70,140.00,-6.2309666969275854
5.80,140.00,-5.5477815498261744
5.90,140.00,-4.9439834822468951
6.00,140.00,-4.4106479464837927
6.20,140.00,-3.5232743052694762
6.40,140.00,-2.8295122478789203
6.60,140.00,-2.2854284691053053
6.80,140.00,-1.8573441794418892
7.00,140.00,-1.5195698651779452
7.20,140.00,-1.2524466362904041
7.40,140.00,-1.0408249291929175
7.60,140.00,-0.8729373039237813
7.80,140.00,-0.7395776366327411
8.00,140.00,-0.6335032208368089
8.20,140.00,-0.5489943570983854
8.40,140.00,-0.4815244685280661
8.60,140.00,-0.4275084828452392
8.80,140.00,-0.3841077256446285
9.00,140.00,-0.3490766420298917
9.50,140.00,-0.2873774268589206
10.00,140.00,-0.2489728048187761
10.50,140.00,-0.2234699077285406
11.00,140.00,-0.2052074587144906
11.50,140.00,-0.1911077754783679
12.00,140.00,-0.1794925589991755
12.50,140.00,-0.1694388540768484
13.00,140.00,-0.1604318507984215
13.50,140.00,-0.1521784102063686
14.00,140.00,-0.1445068281167088
14.50,140.00,-0.1373127016595201
15.00,140.00,-0.1305294672264062
16.00,140.00,-0.1180286342800207
17.00,140.00,-0.1067683904000734
18.00,140.00,-0.0965978007662117
19.00,140.00,-0.0874015823200850
20.00,140.00,-0.0790828622377660
21.00,140.00,-0.0715566347491134
22.00,140.00,-0.0647469378537985
23.00,140.00,-0.0585853849400274
24.00,140.00,-0.0530102237705017
25.00,140.00,-0.0479656249345078
50.00,140.00,-0.0039372577468209
100.00,140.00,-0.0000265290340198
1.00,150.00,-10463131.6605025306344032
1.10,150.00,-6190304.6232412951067090
1.20,150.00,-3580234.8865424268878996
1.30,150.00,-2006912.8336295715998858
1.40,150.00,-1074409.9211786850355566
1.50,150.00,-533845.1120316575979814
1.60,150.00,-229892.7370453691983130
1.70,150.00,-66440.7934752854926046
1.80,150.00,15370.1054587412982073
1.90,150.00,51128.0565538787632249
2.00,150.00,62005.5340625753669883
2.10,150.00,60335.3405061796074733
2.20,150.00,53097.1797877711069304
2.30,150.00,44079.8545767380855978
2.40,150.00,35208.8724124907239457
2.50,150.00,27351.6884278698125854
2.60,150.00,20798.6408373515623680
2.70,150.00,15544.4949952602109988
2.80,150.00,11448.8555567371313373
2.90,150.00,8324.0886993075946521
3.00,150.00,5980.7004891493634204
3.10,150.00,4248.3931556867819381
3.20,150.00,2983.7255764600736256
3.30,150.00,2070.8068622966288785
3.40,150.00,1418.7109057469308482
3.50,150.00,957.6528777338504597
3.60,150.00,634.9971896711392674
3.70,150.00,411.6072758451726372
3.80,150.00,258.7366054643944153
3.90,150.00,155.4961795420751116
4.00,150.00,86.8543893351983769
4.10,150.00,42.0931015970732432
4.20,150.00,13.6370126297245999
4.30,150.00,-3.8211736249024497
4.40,150.00,-13.9665526987025590
4.50,150.00,-19.3337269790926136
4.60,150.00,-21.6480911918593328
4.70,150.00,-22.0706106223790819
4.80,150.00,-21.3719422373277972
4.90,150.00,-20.0553106203939038
5.00,150.00,-18.4425361701447450
5.10,150.00,-16.7337807229900228
5.20,150.00,-15.0486909552800849
5.30,150.00,-13.4544753893306144
5.40,150.00,-11.9848735901569086
5.50,150.00,-10.6528269822177482
5.60,150.00,-9.4588305158423722
5.70,150.00,-8.3963493168813450
5.80,150.00,-7.4552610275801321
5.90,150.00,-6.6239854206066306
6.00,150.00,-5.8907530478873626
6.20,150.00,-4.6743233606575467
6.40,150.00,-3.7274068551364374
6.60,150.00,-2.9877221933053395
6.80,150.00,-2.4075705033329493
7.00,150.00,-1.9508145888620514
7.20,150.00,-1.5900468123135156
7.40,150.00,-1.3043419460697683
7.60,150.00,-1.0775888631090527
7.80,150.00,-0.8972825105035902
8.00,150.00,-0.7536516622399712
8.20,150.00,-0.6390230027375399
8.40,150.00,-0.5473501024645951
8.60,150.00,-0.4738583879817068
8.80,150.00,-0.4147732259959668
9.00,150.00,-0.3671089518921307
9.50,150.00,-0.2836031604493260
10.00,150.00,-0.2326885758244947
10.50,150.00,-0.2002376916246170
11.00,150.00,-0.1783735384494601
11.50,150.00,-0.1626845435185864
12.00,150.00,-0.1506821866762083
12.50,150.00,-0.1409493176974987
13.00,150.00,-0.1326695285458050
13.50,150.00,-0.1253660382206646
14.00,150.00,-0.1187558591845656
14.50,150.00,-0.1126676714756435
15.00,150.00,-0.1069951495105889
16.00,150.00,-0.0966474092206663
17.00,150.00,-0.0873899327454957
18.00,150.00,-0.0790516783316836
19.00,150.00,-0.0715208591955387
20.00,150.00,-0.0647117937344297
21.00,150.00,-0.0585525668192029
22.00,150.00,-0.0529801544456549
23.00,150.00,-0.0479382794882754
24.00,150.00,-0.0433762951019068
25.00,150.00,-0.0392484750268657
50.00,150.00,-0.0032217099031814
100.00,150.00,-0.0000217077105741
1.00,160.00,-76713882.6373614668846130
1.10,160.00,-47812642.1199830025434494
1.20,160.00,-29575948.2416548766195774
1.30,160.00,-18133230.9388509057462215
1.40,160.00,-10999868.0534189138561487
1.50,160.00,-6586427.3263241555541754
1.60,160.00,-3880064.2437752438709140
1.70,160.00,-2238160.8172863284125924
1.80,160.00,-1255001.9441354132723063
1.90,160.00,-675879.3433058089576662
2.00,160.00,-341922.3876048725214787
2.10,160.00,-154785.8400026716117281
2.20,160.00,-54134.2616871416830691
2.30,160.00,-3347.8132734192631688
2.40,160.00,19508.0660552920198825
2.50,160.00,27355.5944952649770130
2.60,160.00,27645.4151179893306107
2.70,160.00,24549.9050213400296343
2.80,160.00,20309.6917683523170126
2.90,160.00,16051.4443419342405832
3.00,160.00,12278.0198175347704819
3.10,160.00,9157.3812465923329000
3.20,160.00,6689.2507735689050605
3.30,160.00,4798.4518107136154867
3.40,160.00,3385.0196398910811695
3.50,160.00,2349.3649985429824483
3.60,160.00,1603.4596393474037086
3.70,160.00,1074.5156447897227281
3.80,160.00,704.8950942026480107
3.90,160.00,450.3449063710677933
4.00,160.00,277.6824310935261337
4.10,160.00,162.4973759632394774
4.20,160.00,87.1214794854441550
4.30,160.00,38.9483873636525004
4.40,160.00,9.1012026493061011
4.50,160.00,-8.5926528589245095
4.60,160.00,-18.3720759146750012
4.70,160.00,-23.1108863875645696
4.80,160.00,-24.7308193364633411
4.90,160.00,-24.4973875358743172
5.00,160.00,-23.2291982441317479
5.10,160.00,-21.4443098275441919
5.20,160.00,-19.4614047678826552
5.30,160.00,-17.4689329038658556
5.40,160.00,-15.5718090777094726
5.50,160.00,-13.8225551156270434
5.60,160.00,-12.2417794918042784
5.70,160.00,-10.8314309688142227
5.80,160.00,-9.5832132610114140
5.90,160.00,-8.4838011944203764
6.00,160.00,-7.5179735046971672
6.20,160.00,-5.9266622472919064
6.40,160.00,-4.6995197038825118
6.60,160.00,-3.7488604254417419
6.80,160.00,-3.0082015093330199
7.00,160.00,-2.4279597248816769
7.20,160.00,-1.9711443073261055
7.40,160.00,-1.6099470701704370
7.60,160.00,-1.3232578112860183
7.80,160.00,-1.0949030916512559
8.00,160.00,-0.9123978926896105
8.20,160.00,-0.7660485398475185
8.40,160.00,-0.6482957725759351
8.60,160.00,-0.5532247809206716
8.80,160.00,-0.4761943126825569
9.00,160.00,-0.4135529379012621
9.50,160.00,-0.3024502376307124
10.00,160.00,-0.2339063891375576
10.50,160.00,-0.1903898341602034
11.00,160.00,-0.1618155241773255
11.50,160.00,-0.1422862533562907
12.00,160.00,-0.1283066328264464
12.50,160.00,-0.1177830387638535
13.00,160.00,-0.1094513827252919
13.50,160.00,-0.1025434663250178
14.00,160.00,-0.0965895984149131
14.50,160.00,-0.0913006174120733
15.00,160.00,-0.0864968932670937
16.00,160.00,-0.0779338066489078
17.00,160.00,-0.0703952578905334
18.00,160.00,-0.0636512969530724
19.00,160.00,-0.0575775273243566
20.00,160.00,-0.0520922122422213
21.00,160.00,-0.0471327425413737
22.00,160.00,-0.0426466448450645
23.00,160.00,-0.0385879767805419
24.00,160.00,-0.0349157337222762
25.00,160.00,-0.0315930213105306
50.00,160.00,-0.0025933108027871
100.00,160.00,-0.0000174735907413
1.00,170.00,-83855222.1673122048377991
1.10,170.00,-51246777.8324467837810516
1.20,170.00,-30941383.1162003800272942
1.30,170.00,-18401046.7471034713089466
1.40,170.00,-10732434.9983836654573679
1.50,170.00,-6099120.3230644855648279
1.60,170.00,-3341490.2442906489595771
1.70,170.00,-1731636.3253656923770905
1.80,170.00,-815780.8586317753652111
1.90,170.00,-313331.2353123308275826
2.00,170.00,-52464.6598961464114836
2.10,170.00,70794.3247593026753748
2.20,170.00,118440.1518582097050967
2.30,170.00,126740.7441761806985596
2.40,170.00,116382.8364220073708566
2.50,170.00,98753.7884850698901573
2.60,170.00,79794.1612261024129111
2.70,170.00,62333.1090089057834120
2.80,170.00,47483.6871675808797590
2.90,170.00,35461.1465009788080351
3.00,170.00,26051.1204105806355074
3.10,170.00,18868.4048008616009611
3.20,170.00,13492.7634332137295132
3.30,170.00,9534.2536475358156167
3.40,170.00,6659.5071853410026961
3.50,170.00,4597.4522528465595315
3.60,170.00,3135.0906811599334105
3.70,170.00,2109.2243328404633758
3.80,170.00,1397.2452495137818005
3.90,170.00,908.5050932990793626
4.00,170.00,576.8892521098994166
4.10,170.00,354.7488552286528716
4.20,170.00,208.1127717552332967
4.30,170.00,113.0049890826157508
4.40,170.00,52.6677023761923877
4.50,170.00,15.5006695996311237
4.60,170.00,-6.4474289528237447
4.70,170.00,-18.5706090686763261
4.80,170.00,-24.4871794043991855
4.90,170.00,-26.5939487539260284
5.00,170.00,-26.4555886936124409
5.10,170.00,-25.0757338889437946
5.20,170.00,-23.0840487418131950
5.30,170.00,-20.8641203068509640
5.40,170.00,-18.6400468020298327
5.50,170.00,-16.5344449800221902
5.60,170.00,-14.6068552265595155
5.70,170.00,-12.8788266794916044
5.80,170.00,-11.3500408475203667
5.90,170.00,-10.0084716995286431
6.00,170.00,-8.8366261176987404
6.20,170.00,-6.9253880483442467
6.40,170.00,-5.4719333494868838
6.60,170.00,-4.3587702472853387
6.80,170.00,-3.4979911188260262
7.00,170.00,-2.8258793208790403
7.20,170.00,-2.2965294854138394
7.40,170.00,-1.8766080402311480
7.60,170.00,-1.5415538084370788
7.80,170.00,-1.2729650033475595
8.00,170.00,-1.0568349164308743
8.20,170.00,-0.8823576243427580
8.40,170.00,-0.7411066429213334
8.60,170.00,-0.6264568195962397
8.80,170.00,-0.5331669557685256
9.00,170.00,-0.4570712135027047
9.50,170.00,-0.3218474372617899
10.00,170.00,-0.2387435562068216
10.50,170.00,-0.1866522765504660
11.00,170.00,-0.1531853417697753
11.50,170.00,-0.1309997649806015
12.00,170.00,-0.1157082071197234
12.50,170.00,-0.1046727713536932
13.00,170.00,-0.0962995025283202
13.50,170.00,-0.0896211624190353
14.00,170.00,-0.0840483702548651
14.50,170.00,-0.0792202478937241
15.00,170.00,-0.0749144037861485
16.00,170.00,-0.0673674580567955
17.00,170.00,-0.0608028280806802
18.00,170.00,-0.0549600966778337
19.00,170.00,-0.0497091361323420
20.00,170.00,-0.0449710281454756
21.00,170.00,-0.0406886515611542
22.00,170.00,-0.0368155779188384
23.00,170.00,-0.0333117311531467
24.00,170.00,-0.0301415605277750
25.00,170.00,-0.0272731601973977
50.00,170.00,-0.0022387144150387
100.00,170.00,-0.0000150843390746
1.00,180.00,137974645.8019763529300690
1.10,180.00,92267002.7161695659160614
1.20,180.00,61728709.1710234507918358
1.30,180.00,41318331.3436208292841911
1.40,180.00,27671577.0025408565998077
1.50,180.00,18543019.2244206480681896
1.60,180.00,12433708.2008340824395418
1.70,180.00,8342775.1325400909408927
1.80,180.00,5601738.2135428190231323
1.90,180.00,3763968.9911064160987735
2.00,180.00,2530949.2117174039594829
2.10,180.00,1703066.3983034922275692
2.20,180.00,1146777.1824561830144376
2.30,180.00,772689.0688742038328201
2.40,180.00,520926.3852928810520098
2.50,180.00,351356.5921030220342800
2.60,180.00,237060.2982171864423435
2.70,180.00,159966.5925460604485124
2.80,180.00,107934.2489646886679111
2.90,180.00,72798.7453246980003314
3.00,180.00,49064.6951178201343282
3.10,180.00,33029.7887986575588002
3.20,180.00,22197.3924377212279069
3.30,180.00,14882.3631921035412233
3.40,180.00,9946.2872586651592428
3.50,180.00,6619.4758588772001531
3.60,180.00,4381.1685199496523637
3.70,180.00,2878.8244727878259255
3.80,180.00,1873.6889952678006921
3.90,180.00,1204.0403223786329363
4.00,180.00,760.3471010463618995
4.10,180.00,468.4586439331658312
4.20,180.00,278.2191169407546454
4.30,180.00,155.7484530419941109
4.40,180.00,78.2049943201604236
4.50,180.00,30.2297440286575316
4.60,180.00,1.5312951926648537
4.70,180.00,-14.7547399077379850
4.80,180.00,-23.1799887728481231
4.90,180.00,-26.7396907214877046
5.00,180.00,-27.3856071195450070
5.10,180.00,-26.3732882951911236
5.20,180.00,-24.4966661101936225
5.30,180.00,-22.2460508706664477
5.40,180.00,-19.9141170756607124
5.50,180.00,-17.6666320664905996
5.60,180.00,-15.5893423210747049
5.70,180.00,-13.7187889383718922
5.80,180.00,-12.0623369527352455
5.90,180.00,-10.6110053765754486
6.00,180.00,-9.3475262309666434
6.20,180.00,-7.3011426281516378
6.40,180.00,-5.7613049836921828
6.60,180.00,-4.5926500345676127
6.80,180.00,-3.6938203234896458
7.00,180.00,-2.9925850444774786
7.20,180.00,-2.4384180551523627
7.40,180.00,-1.9959287512968182
7.60,180.00,-1.6399466277284265
7.80,180.00,-1.3521327421348295
8.00,180.00,-1.1187483818960815
8.20,180.00,-0.9292208227785500
8.40,180.00,-0.7752276868585293
8.60,180.00,-0.6501065302014906
8.80,180.00,-0.5484639051451148
9.00,180.00,-0.4659057726703713
9.50,180.00,-0.3210326105708882
10.00,180.00,-0.2343956433223782
10.50,180.00,-0.1818484726706768
11.00,180.00,-0.1491652507196095
11.50,180.00,-0.1280651040050145
12.00,180.00,-0.1137620215782455
12.50,180.00,-0.1034960179781023
13.00,180.00,-0.0956724447504042
13.50,180.00,-0.0893651932496839
14.00,180.00,-0.0840322059828872
14.50,180.00,-0.0793529486777319
15.00,180.00,-0.0751354055313332
16.00,180.00,-0.0676618566979352
17.00,180.00,-0.0611057354355665
18.00,180.00,-0.0552480217712476
19.00,180.00,-0.0499748459714856
20.00,180.00,-0.0452133802361389
21.00,180.00,-0.0409086546556231
22.00,180.00,-0.0370149085979014
23.00,180.00,-0.0334921902317225
24.00,180.00,-0.0303048824719703
25.00,180.00,-0.0274209531917363
50.00,180.00,-0.0022508467449657
100.00,180.00,-0.0000151660860706
