1.0,0.0,64944.14682
1.1,0.0,59642.790714
1.2,0.0,57843.911837
1.3,0.0,49853.027452
1.4,0.0,43554.974661
1.5,0.0,38759.211609
1.6,0.0,24011.249863
1.7,0.0,18062.814564
1.8,0.0,13500.658016
1.9,0.0,10053.171575
2.0,0.0,7468.698827
2.1,0.0,5540.292039
2.2,0.0,4105.383263
2.3,0.0,3039.241533
2.4,0.0,2247.513764
2.5,0.0,1659.494657
2.6,0.0,1222.544118
2.7,0.0,897.656409
2.8,0.0,655.96835
2.9,0.0,476.119697
3.0,0.0,342.282868
3.1,0.0,242.716069
3.2,0.0,168.705651
3.3,0.0,113.788572
3.4,0.0,73.171813
3.5,0.0,43.292802
3.6,0.0,21.488455
3.7,0.0,5.752767
3.8,0.0,-5.435269
3.9,0.0,-13.231093
4.0,0.0,-18.516644
4.1,0.0,-21.955589
4.2,0.0,-24.047499
4.3,0.0,-25.164122
4.4,0.0,-25.579224
4.5,0.0,-25.492664
4.6,0.0,-25.049833
4.7,0.0,-24.357048
4.8,0.0,-23.493162
4.9,0.0,-22.517736
5.0,0.0,-21.476394
5.1,0.0,-20.404165
5.2,0.0,-19.327567
5.3,0.0,-18.266097
5.4,0.0,-17.233456
5.5,0.0,-16.238699
5.6,0.0,-15.287326
5.7,0.0,-14.382252
5.8,0.0,-13.524627
5.9,0.0,-12.714461
6.0,0.0,-11.951064
6.2,0.0,-10.559764
6.4,0.0,-9.338635
6.6,0.0,-8.272612
6.8,0.0,-7.344667
7.0,0.0,-6.537098
7.2,0.0,-5.83295
7.4,0.0,-5.217067
7.6,0.0,-4.676546
7.8,0.0,-4.200702
8.0,0.0,-3.780745
8.2,0.0,-3.409408
8.4,0.0,-3.080594
8.6,0.0,-2.789117
8.8,0.0,-2.530505
9.0,0.0,-2.300857
9.5,0.0,-1.831891
10.0,0.0,-1.479774
10.5,0.0,-1.212156
11.0,0.0,-1.005615
11.5,0.0,-0.843641
12.0,0.0,-0.714739
12.5,0.0,-0.610861
13.0,0.0,-0.526244
13.5,0.0,-0.456669
14.0,0.0,-0.398982
14.5,0.0,-0.350784
15.0,0.0,-0.310228
16.0,0.0,-0.246595
17.0,0.0,-0.199858
18.0,0.0,-0.164791
19.0,0.0,-0.137974
20.0,0.0,-0.117109
21.0,0.0,-0.100621
22.0,0.0,-0.087409
23.0,0.0,-0.07668
24.0,0.0,-0.067864
25.0,0.0,-0.060541
50.0,0.0,-0.011691
100.0,0.0,-0.000507
1.0,10.0,63790.14679
1.2,10.0,57538.101215
1.3,10.0,49495.493408
1.4,10.0,42867.365889
1.6,10.0,23422.981075
1.7,10.0,17743.742736
1.8,10.0,13314.983263
1.9,10.0,9941.108061
2.0,10.0,7400.011592
2.1,10.0,5498.22585
2.2,10.0,4080.035519
2.3,10.0,3024.537236
2.4,10.0,2239.597629
2.5,10.0,1655.879069
2.6,10.0,1221.598169
2.7,10.0,898.314453
2.8,10.0,657.537842
2.9,10.0,478.158485
3.0,10.0,344.511235
3.1,10.0,244.965838
3.2,10.0,170.878804
3.3,10.0,115.830888
3.4,10.0,75.055152
3.5,10.0,45.001013
3.6,10.0,23.020461
3.7,10.0,7.111689
3.8,10.0,-4.240792
3.9,10.0,-12.190152
4.0,10.0,-17.612876
4.1,10.0,-21.172862
4.2,10.0,-23.369594
4.3,10.0,-24.575637
4.4,10.0,-25.066341
4.5,10.0,-25.043583
4.6,10.0,-24.654968
4.7,10.0,-24.008881
4.8,10.0,-23.185841
4.9,10.0,-22.246612
5.0,10.0,-21.237584
5.1,10.0,-20.194214
5.2,10.0,-19.143283
5.3,10.0,-18.104445
5.4,10.0,-17.09159
5.5,10.0,-16.114
5.6,10.0,-15.177447
5.7,10.0,-14.285118
5.8,10.0,-13.438477
5.9,10.0,-12.637811
6.0,10.0,-11.882686
6.2,10.0,-10.505092
6.4,10.0,-9.294871
6.6,10.0,-8.237736
6.8,10.0,-7.317101
7.0,10.0,-6.515541
7.2,10.0,-5.816286
7.4,10.0,-5.204338
7.6,10.0,-4.666922
7.8,10.0,-4.19348
8.0,10.0,-3.775338
8.2,10.0,-3.405336
8.4,10.0,-3.077484
8.6,10.0,-2.786683
8.8,10.0,-2.528543
9.0,10.0,-2.299222
9.5,10.0,-1.830745
10.0,10.0,-1.478943
10.5,10.0,-1.211617
11.0,10.0,-1.005349
11.5,10.0,-0.843618
12.0,10.0,-0.714926
12.5,10.0,-0.611214
13.0,10.0,-0.526739
13.5,10.0,-0.457276
14.0,10.0,-0.399684
14.5,10.0,-0.351561
15.0,10.0,-0.311067
16.0,10.0,-0.247533
17.0,10.0,-0.200867
18.0,10.0,-0.165852
19.0,10.0,-0.139075
20.0,10.0,-0.118242
21.0,10.0,-0.101777
22.0,10.0,-0.088582
23.0,10.0,-0.07787
24.0,10.0,-0.069067
25.0,10.0,-0.061755
50.0,10.0,-0.012978
100.0,10.0,-0.001806
1.0,20.0,60504.867408
1.1,20.0,54788.3524
1.2,20.0,50797.840622
1.3,20.0,47960.93957
1.4,20.0,40524.160263
1.5,20.0,28440.807025
1.6,20.0,22119.793171
1.7,20.0,16953.245678
1.8,20.0,12831.675419
1.9,20.0,9641.21665
2.0,20.0,7212.89607
2.1,20.0,5382.130706
2.2,20.0,4009.408807
2.3,20.0,2983.210751
2.4,20.0,2217.147438
2.5,20.0,1645.46971
2.6,20.0,1218.741449
2.7,20.0,900.041571
2.8,20.0,661.905822
2.9,20.0,483.909108
3.0,20.0,350.854246
3.1,20.0,251.412217
3.2,20.0,177.138567
3.3,20.0,121.737294
3.4,20.0,80.518344
3.5,20.0,49.979508
3.6,20.0,27.497124
3.7,20.0,11.093036
3.8,20.0,-0.734486
3.9,20.0,-9.12241
4.0,20.0,-14.942595
4.1,20.0,-18.8553
4.2,20.0,-21.359426
4.3,20.0,-22.82966
4.4,20.0,-23.545391
4.5,20.0,-23.713825
4.6,20.0,-23.488366
4.7,20.0,-22.98286
4.8,20.0,-22.282398
4.9,20.0,-21.451175
5.0,20.0,-20.537889
5.1,20.0,-19.579486
5.2,20.0,-18.603689
5.3,20.0,-17.630924
5.4,20.0,-16.675756
5.5,20.0,-15.748206
5.6,20.0,-14.854846
5.7,20.0,-13.99976
5.8,20.0,-13.185253
5.9,20.0,-12.412429
6.0,20.0,-11.681568
6.2,20.0,-10.34415
6.4,20.0,-9.165818
6.6,20.0,-8.134529
6.8,20.0,-7.235021
7.0,20.0,-6.450707
7.2,20.0,-5.765416
7.4,20.0,-5.164621
7.6,20.0,-4.635961
7.8,20.0,-4.169253
8.0,20.0,-3.756173
8.2,20.0,-3.389889
8.4,20.0,-3.0647
8.6,20.0,-2.775776
8.8,20.0,-2.518943
9.0,20.0,-2.290541
9.5,20.0,-1.823461
10.0,20.0,-1.472603
10.5,20.0,-1.206141
11.0,20.0,-1.000694
11.5,20.0,-0.839695
12.0,20.0,-0.711618
12.5,20.0,-0.608416
13.0,20.0,-0.524349
13.5,20.0,-0.455222
14.0,20.0,-0.397902
14.5,20.0,-0.350006
15.0,20.0,-0.3097
16.0,20.0,-0.246455
17.0,20.0,-0.2
18.0,20.0,-0.165141
19.0,20.0,-0.138478
20.0,20.0,-0.117735
21.0,20.0,-0.101345
22.0,20.0,-0.088207
23.0,20.0,-0.077541
24.0,20.0,-0.068775
25.0,20.0,-0.061495
50.0,20.0,-0.012928
100.0,20.0,-0.001795
1.0,30.0,55710.40245
1.1,30.0,49657.098754
1.2,30.0,53355.605452
1.3,30.0,40803.252006
1.4,30.0,33350.133376
1.5,30.0,26531.87922
1.6,30.0,20774.407595
1.7,30.0,16018.357195
1.8,30.0,12208.975633
1.9,30.0,9234.004924
2.0,30.0,6949.813673
2.1,30.0,5214.765977
2.2,30.0,3905.447421
2.3,30.0,2921.165405
2.4,30.0,2182.633729
2.5,30.0,1628.848985
2.6,30.0,1213.537496
2.7,30.0,901.913804
2.8,30.0,667.970936
2.9,30.0,492.26989
3.0,30.0,360.283941
3.1,30.0,261.13502
3.2,30.0,186.678465
3.3,30.0,130.810998
3.4,30.0,88.964546
3.5,30.0,57.713119
3.6,30.0,34.484551
3.7,30.0,17.335994
3.8,30.0,4.793746
3.9,30.0,-4.265199
4.0,30.0,-10.700291
4.1,30.0,-15.161305
4.2,30.0,-18.148118
4.3,30.0,-20.037697
4.4,30.0,-21.114634
4.5,30.0,-21.593023
4.6,30.0,-21.633834
4.7,30.0,-21.358212
4.8,30.0,-20.857611
4.9,30.0,-20.20129
5.0,30.0,-19.441735
5.1,30.0,-18.618617
5.2,30.0,-17.761687
5.3,30.0,-16.89293
5.4,30.0,-16.028358
5.5,30.0,-15.179362
5.6,30.0,-14.353929
5.7,30.0,-13.557497
5.8,30.0,-12.793725
5.9,30.0,-12.064933
6.0,30.0,-11.372498
6.2,30.0,-10.098601
6.4,30.0,-8.970407
6.6,30.0,-7.979342
6.8,30.0,-7.112329
7.0,30.0,-6.354213
7.2,30.0,-5.689872
7.4,30.0,-5.105616
7.6,30.0,-4.589801
7.8,30.0,-4.132873
8.0,30.0,-3.727079
8.2,30.0,-3.366107
8.4,30.0,-3.044713
8.6,30.0,-2.758462
8.8,30.0,-2.503507
9.0,30.0,-2.276446
9.5,30.0,-1.811507
10.0,30.0,-1.462211
10.5,30.0,-1.197203
11.0,30.0,-0.993122
11.5,30.0,-0.833325
12.0,30.0,-0.706255
12.5,30.0,-0.603877
13.0,30.0,-0.520476
13.5,30.0,-0.451894
14.0,30.0,-0.395017
14.5,30.0,-0.347488
15.0,30.0,-0.307486
16.0,30.0,-0.244711
17.0,30.0,-0.198594
18.0,30.0,-0.163986
19.0,30.0,-0.137515
20.0,30.0,-0.116918
21.0,30.0,-0.100642
22.0,30.0,-0.087597
23.0,30.0,-0.077005
24.0,30.0,-0.068302
25.0,30.0,-0.061072
50.0,30.0,-0.012848
100.0,30.0,-0.001776
1.0,40.0,50232.153167
1.1,40.0,44030.761225
1.2,40.0,41068.587732
1.4,40.0,31157.248901
1.5,40.0,24926.814888
1.6,40.0,19531.097652
1.7,40.0,15097.023814
1.8,40.0,11555.087785
1.9,40.0,8783.564412
2.0,40.0,6646.451645
2.1,40.0,5014.867422
2.2,40.0,3777.175509
2.3,40.0,2841.885167
2.4,40.0,2136.49021
2.5,40.0,1604.822077
2.6,40.0,1204.01634
2.7,40.0,901.685753
2.8,40.0,673.474279
2.9,40.0,501.099587
3.0,40.0,370.840974
3.1,40.0,272.376489
3.2,40.0,197.939962
3.3,40.0,141.679943
3.4,40.0,99.194479
3.5,40.0,67.165784
3.6,40.0,43.093635
3.7,40.0,25.084648
3.8,40.0,11.700231
3.9,40.0,1.842402
4.0,40.0,-5.331899
4.1,40.0,-10.463028
4.2,40.0,-14.047444
4.3,40.0,-16.463201
4.4,40.0,-17.999262
4.5,40.0,-18.87617
4.6,40.0,-19.262293
4.7,40.0,-19.286213
4.8,40.0,-19.046172
4.9,40.0,-18.617207
5.0,40.0,-18.056476
5.1,40.0,-17.407342
5.2,40.0,-16.702483
5.3,40.0,-15.966341
5.4,40.0,-15.217055
5.5,40.0,-14.46803
5.6,40.0,-13.729108
5.7,40.0,-13.007548
5.8,40.0,-12.308633
5.9,40.0,-11.636206
6.0,40.0,-10.992942
6.2,40.0,-9.800111
6.4,40.0,-8.735279
6.6,40.0,-7.79433
6.8,40.0,-6.96712
7.0,40.0,-6.240531
7.2,40.0,-5.60096
7.4,40.0,-5.035931
7.6,40.0,-4.534808
7.8,40.0,-4.088908
8.0,40.0,-3.691237
8.2,40.0,-3.33614
8.4,40.0,-3.018933
8.6,40.0,-2.73565
8.8,40.0,-2.482821
9.0,40.0,-2.257333
9.5,40.0,-1.795131
10.0,40.0,-1.448019
10.5,40.0,-1.185078
11.0,40.0,-0.982892
11.5,40.0,-0.824743
12.0,40.0,-0.699042
12.5,40.0,-0.597777
13.0,40.0,-0.515279
13.5,40.0,-0.447426
14.0,40.0,-0.391147
14.5,40.0,-0.344108
15.0,40.0,-0.304516
16.0,40.0,-0.24237
17.0,40.0,-0.196708
18.0,40.0,-0.162435
19.0,40.0,-0.136219
20.0,40.0,-0.11582
21.0,40.0,-0.099698
22.0,40.0,-0.086775
23.0,40.0,-0.076283
24.0,40.0,-0.067664
25.0,40.0,-0.060503
50.0,40.0,-0.012739
100.0,40.0,-0.001751
1.0,50.0,44809.930653
1.1,50.0,38662.424055
1.2,50.0,35537.845918
1.3,50.0,33295.457342
1.5,50.0,23311.015288
1.6,50.0,18339.650259
1.7,50.0,14198.065538
1.8,50.0,10892.711368
1.9,50.0,8307.965453
2.0,50.0,6312.769892
2.1,50.0,4785.881532
2.2,50.0,3623.781509
2.3,50.0,2742.173449
2.4,50.0,2074.367506
2.5,50.0,1568.666253
2.6,50.0,1185.527421
2.7,50.0,894.986334
2.8,50.0,674.432637
2.9,50.0,506.836763
3.0,50.0,379.375002
3.1,50.0,282.365227
3.2,50.0,208.492804
3.3,50.0,152.220394
3.4,50.0,109.358529
3.5,50.0,76.73433
3.6,50.0,51.943264
3.7,50.0,33.157083
3.8,50.0,18.982294
3.9,50.0,8.352365
4.0,50.0,0.445875
4.1,50.0,-5.363993
4.2,50.0,-9.566054
4.3,50.0,-12.535822
4.4,50.0,-14.563458
4.5,50.0,-15.873304
4.6,50.0,-16.638993
4.7,50.0,-16.994974
4.8,50.0,-17.045279
4.9,50.0,-16.870213
5.0,50.0,-16.531536
5.1,50.0,-16.076486
5.2,50.0,-15.541035
5.3,50.0,-14.952466
5.4,50.0,-14.331463
5.5,50.0,-13.693731
5.6,50.0,-13.051255
5.7,50.0,-12.413267
5.8,50.0,-11.786831
5.9,50.0,-11.17739
6.0,50.0,-10.589002
6.2,50.0,-9.48616
6.4,50.0,-8.49077
6.6,50.0,-7.603767
6.8,50.0,-6.818499
7.0,50.0,-6.124392
7.2,50.0,-5.509768
7.4,50.0,-4.963682
7.6,50.0,-4.476753
7.8,50.0,-4.041334
8.0,50.0,-3.651288
8.2,50.0,-3.301678
8.4,50.0,-2.988414
8.6,50.0,-2.707996
8.8,50.0,-2.457307
9.0,50.0,-2.233511
9.5,50.0,-1.774603
10.0,50.0,-1.430366
10.5,50.0,-1.170119
11.0,50.0,-0.970356
11.5,50.0,-0.814261
12.0,50.0,-0.690252
12.5,50.0,-0.590349
13.0,50.0,-0.508952
13.5,50.0,-0.441991
14.0,50.0,-0.386437
14.5,50.0,-0.34
15.0,50.0,-0.300904
16.0,50.0,-0.239527
17.0,50.0,-0.194415
18.0,50.0,-0.16055
19.0,50.0,-0.134644
20.0,50.0,-0.114481
21.0,50.0,-0.098547
22.0,50.0,-0.085776
23.0,50.0,-0.075406
24.0,50.0,-0.066885
25.0,50.0,-0.059806
50.0,50.0,-0.012606
100.0,50.0,-0.001719
1.0,60.0,40008.659214
1.1,60.0,34045.741443
1.2,60.0,30904.998848
1.3,60.0,28747.221498
1.6,60.0,17109.741792
1.7,60.0,13275.313305
1.8,60.0,10197.462506
1.9,60.0,7792.65018
2.0,60.0,5937.799481
2.1,60.0,4517.918029
2.2,60.0,3435.786519
2.3,60.0,2612.96509
2.4,60.0,1987.776738
2.5,60.0,1512.595827
2.6,60.0,1151.0558
2.7,60.0,875.584656
2.8,60.0,665.373261
2.9,60.0,504.718012
3.0,60.0,381.769513
3.1,60.0,287.561129
3.2,60.0,215.300824
3.3,60.0,159.828186
3.4,60.0,117.223579
3.5,60.0,84.501722
3.6,60.0,59.387649
3.7,60.0,40.14192
3.8,60.0,25.431971
3.9,60.0,14.233361
4.0,60.0,5.75441
4.1,60.0,-0.611283
4.2,60.0,-5.338519
4.3,60.0,-8.794337
4.4,60.0,-11.264767
4.5,60.0,-12.973205
4.6,60.0,-14.094667
4.7,60.0,-14.766322
4.8,60.0,-15.095616
4.9,60.0,-15.166421
5.0,60.0,-15.043928
5.1,60.0,-14.778548
5.2,60.0,-14.409126
5.3,60.0,-13.965548
5.4,60.0,-13.470882
5.5,60.0,-12.943024
5.6,60.0,-12.396003
5.7,60.0,-11.840865
5.8,60.0,-11.286376
5.9,60.0,-10.739433
6.0,60.0,-10.205411
6.2,60.0,-9.191144
6.4,60.0,-8.263132
6.6,60.0,-7.427407
6.8,60.0,-6.681051
7.0,60.0,-6.016285
7.2,60.0,-5.423606
7.4,60.0,-4.893777
7.6,60.0,-4.418776
7.8,60.0,-3.992031
8.0,60.0,-3.608281
8.2,60.0,-3.263258
8.4,60.0,-2.953402
8.6,60.0,-2.675615
8.8,60.0,-2.427063
9.0,60.0,-2.205104
9.5,60.0,-1.75022
10.0,60.0,-1.409659
10.5,60.0,-1.152772
11.0,60.0,-0.955918
11.5,60.0,-0.802243
12.0,60.0,-0.68019
12.5,60.0,-0.581858
13.0,60.0,-0.501722
13.5,60.0,-0.43578
14.0,60.0,-0.381062
14.5,60.0,-0.335308
15.0,60.0,-0.296779
16.0,60.0,-0.236275
17.0,60.0,-0.191795
18.0,60.0,-0.158397
19.0,60.0,-0.132841
20.0,60.0,-0.112951
21.0,60.0,-0.097231
22.0,60.0,-0.08463
23.0,60.0,-0.0744
24.0,60.0,-0.065994
25.0,60.0,-0.05901
50.0,60.0,-0.012452
100.0,60.0,-0.001682
1.0,70.0,36258.125248
1.1,70.0,30515.291129
1.2,70.0,27394.00585
1.3,70.0,25308.48935
1.6,70.0,15819.676442
1.7,70.0,12303.059461
1.8,70.0,9449.400388
1.9,70.0,7223.291959
2.0,70.0,5510.459009
2.1,70.0,4201.450985
2.2,70.0,3204.444718
2.3,70.0,2446.018012
2.4,70.0,1868.971408
2.5,70.0,1429.414191
2.6,70.0,1094.004144
2.7,70.0,837.53369
2.8,70.0,641.002043
2.9,70.0,490.08318
3.0,70.0,373.963882
3.1,70.0,284.457554
3.2,70.0,215.353066
3.3,70.0,161.928997
3.4,70.0,120.588608
3.5,70.0,88.583183
3.6,70.0,63.80774
3.7,70.0,44.643969
3.8,70.0,29.844665
3.9,70.0,18.443578
4.0,70.0,9.697324
4.1,70.0,3.024625
4.2,70.0,-2.024801
4.3,70.0,-5.802297
4.4,70.0,-8.583042
4.5,70.0,-10.583567
4.6,70.0,-11.975057
4.7,70.0,-12.893059
4.8,70.0,-13.444874
4.9,70.0,-13.715174
5.0,70.0,-13.770487
5.1,70.0,-13.662836
5.2,70.0,-13.43277
5.3,70.0,-13.111901
5.4,70.0,-12.72497
5.5,70.0,-12.291477
5.6,70.0,-11.826939
5.7,70.0,-11.343804
5.8,70.0,-10.852088
5.9,70.0,-10.359822
6.0,70.0,-9.873374
6.2,70.0,-8.936403
6.4,70.0,-8.066525
6.6,70.0,-7.274231
6.8,70.0,-6.560051
7.0,70.0,-5.918922
7.2,70.0,-5.343469
7.4,70.0,-4.826134
7.6,70.0,-4.360189
7.8,70.0,-3.940065
8.0,70.0,-3.561243
8.2,70.0,-3.220023
8.4,70.0,-2.913241
8.6,70.0,-2.638073
8.8,70.0,-2.391878
9.0,70.0,-2.172113
9.5,70.0,-1.722326
10.0,70.0,-1.386395
10.5,70.0,-1.133541
11.0,70.0,-0.940047
11.5,70.0,-0.789086
12.0,70.0,-0.669197
12.5,70.0,-0.572589
13.0,70.0,-0.493834
13.5,70.0,-0.429006
14.0,70.0,-0.375196
14.5,70.0,-0.330187
15.0,70.0,-0.292277
16.0,70.0,-0.232728
17.0,70.0,-0.188935
18.0,70.0,-0.156044
19.0,70.0,-0.130872
20.0,70.0,-0.111277
21.0,70.0,-0.095791
22.0,70.0,-0.083378
23.0,70.0,-0.073297
24.0,70.0,-0.065016
25.0,70.0,-0.058139
50.0,70.0,-0.012281
100.0,70.0,-0.001641
1.0,80.0,33920.977405
1.1,80.0,28346.308548
1.2,80.0,25189.975587
1.3,80.0,23085.285749
1.6,80.0,14583.017103
1.7,80.0,11324.846666
1.8,80.0,8675.585173
1.9,80.0,6618.933374
2.0,80.0,5044.115794
2.1,80.0,3845.386058
2.2,80.0,2935.046385
2.3,80.0,2243.87294
2.4,80.0,1718.486226
2.5,80.0,1318.300281
2.6,80.0,1012.690113
2.7,80.0,778.653848
2.8,80.0,598.91601
2.9,80.0,460.493634
3.0,80.0,353.600617
3.1,80.0,270.847413
3.2,80.0,206.635393
3.3,80.0,156.713594
3.4,80.0,117.845363
3.5,80.0,87.556291
3.6,80.0,63.947941
3.7,80.0,45.555214
3.8,80.0,31.241313
3.9,80.0,20.125891
4.0,80.0,11.519538
4.1,80.0,4.885709
4.2,80.0,-0.194507
4.3,80.0,-4.048998
4.4,80.0,-6.935574
4.5,80.0,-9.057897
4.6,80.0,-10.577809
4.7,80.0,-11.624324
4.8,80.0,-12.300428
4.9,80.0,-12.688096
5.0,80.0,-12.852375
5.1,80.0,-12.844655
5.2,80.0,-12.70542
5.3,80.0,-12.46657
5.4,80.0,-12.153324
5.5,80.0,-11.785768
5.6,80.0,-11.380032
5.7,80.0,-10.949164
5.8,80.0,-10.503754
5.9,80.0,-10.052385
6.0,80.0,-9.601927
6.2,80.0,-8.724043
6.4,80.0,-7.898847
6.6,80.0,-7.1398
6.8,80.0,-6.450005
7.0,80.0,-5.826582
7.2,80.0,-5.263951
7.4,80.0,-4.755968
7.6,80.0,-4.296985
7.8,80.0,-3.882234
8.0,80.0,-3.507768
8.2,80.0,-3.170271
8.4,80.0,-2.866835
8.6,80.0,-2.59478
8.8,80.0,-2.351546
9.0,80.0,-2.134627
9.5,80.0,-1.691426
10.0,80.0,-1.361189
10.5,80.0,-1.113016
11.0,80.0,-0.923252
11.5,80.0,-0.77522
12.0,80.0,-0.657631
12.5,80.0,-0.562844
13.0,80.0,-0.48554
13.5,80.0,-0.421884
14.0,80.0,-0.369027
14.5,80.0,-0.324803
15.0,80.0,-0.287543
16.0,80.0,-0.228997
17.0,80.0,-0.185926
18.0,80.0,-0.153565
19.0,80.0,-0.128797
20.0,80.0,-0.109516
21.0,80.0,-0.094275
22.0,80.0,-0.082056
23.0,80.0,-0.072137
24.0,80.0,-0.063987
25.0,80.0,-0.057217
50.0,80.0,-0.012101
100.0,80.0,-0.001598
1.0,90.0,33365.567852
1.1,90.0,27835.104757
1.2,90.0,24514.125866
1.3,90.0,22233.51785
1.6,90.0,13594.01974
1.7,90.0,10469.567334
1.8,90.0,7972.354331
1.9,90.0,6052.146024
2.0,90.0,4593.274284
2.1,90.0,3490.270836
2.2,90.0,2657.50552
2.3,90.0,2028.345228
2.4,90.0,1552.034503
2.5,90.0,1190.383858
2.6,90.0,914.85605
2.7,90.0,704.187361
2.8,90.0,542.529614
2.9,90.0,418.042486
3.0,90.0,321.84941
3.1,90.0,247.272969
3.2,90.0,189.276171
3.3,90.0,144.050774
3.4,90.0,108.709778
3.5,90.0,81.054519
3.6,90.0,59.404869
3.7,90.0,42.462337
3.8,90.0,29.219478
3.9,90.0,18.889543
4.0,90.0,10.856069
4.1,90.0,4.635388
4.2,90.0,-0.152183
4.3,90.0,-3.805041
4.4,90.0,-6.558361
4.5,90.0,-8.59832
4.6,90.0,-10.073072
4.7,90.0,-11.10101
4.8,90.0,-11.776978
4.9,90.0,-12.176908
5.0,90.0,-12.361461
5.1,90.0,-12.378928
5.2,90.0,-12.267659
5.3,90.0,-12.0581
5.4,90.0,-11.77448
5.5,90.0,-11.436198
5.6,90.0,-11.058882
5.7,90.0,-10.655208
5.8,90.0,-10.235484
5.9,90.0,-9.808088
6.0,90.0,-9.37974
6.2,90.0,-8.540244
6.4,90.0,-7.745786
6.6,90.0,-7.010561
6.8,90.0,-6.338841
7.0,90.0,-5.729018
7.2,90.0,-5.176708
7.4,90.0,-4.676765
7.6,90.0,-4.22431
7.8,90.0,-3.815119
8.0,90.0,-3.445616
8.2,90.0,-3.112706
8.4,90.0,-2.813603
8.6,90.0,-2.545685
8.8,90.0,-2.306397
9.0,90.0,-2.093221
9.5,90.0,-1.658353
10.0,90.0,-1.334845
10.5,90.0,-1.091888
11.0,90.0,-0.9061
11.5,90.0,-0.761111
12.0,90.0,-0.645876
12.5,90.0,-0.552941
13.0,90.0,-0.477111
13.5,90.0,-0.414642
14.0,90.0,-0.362751
14.5,90.0,-0.319322
15.0,90.0,-0.282724
16.0,90.0,-0.225195
17.0,90.0,-0.182856
18.0,90.0,-0.151039
19.0,90.0,-0.126681
20.0,90.0,-0.107717
21.0,90.0,-0.092724
22.0,90.0,-0.080707
23.0,90.0,-0.070948
24.0,90.0,-0.062932
25.0,90.0,-0.056272
50.0,90.0,-0.011917
100.0,90.0,-0.001554
1.0,100.0,35052.791576
1.1,100.0,29383.488624
1.2,100.0,25698.983644
1.3,100.0,23017.695588
1.6,100.0,13089.749859
1.7,100.0,9957.037109
1.8,100.0,7513.660452
1.9,100.0,5657.740949
2.0,100.0,4261.613425
2.1,100.0,3215.520876
2.2,100.0,2432.392927
2.3,100.0,1845.489668
2.4,100.0,1404.544728
2.5,100.0,1072.116076
2.6,100.0,820.478363
2.7,100.0,629.180089
2.8,100.0,483.124026
2.9,100.0,371.140789
3.0,100.0,284.928798
3.1,100.0,218.294515
3.2,100.0,166.597533
3.3,100.0,126.351811
3.4,100.0,94.932759
3.5,100.0,70.356377
3.6,100.0,51.115739
3.7,100.0,36.056131
3.8,100.0,24.285239
3.9,100.0,15.107263
4.0,100.0,7.97693
4.1,100.0,2.465209
4.2,100.0,-1.765806
4.3,100.0,-4.982437
4.4,100.0,-7.394988
4.5,100.0,-9.169921
4.6,100.0,-10.43965
4.7,100.0,-11.309928
4.8,100.0,-11.865496
4.9,100.0,-12.17425
5.0,100.0,-12.290561
5.1,100.0,-12.257838
5.2,100.0,-12.110653
5.3,100.0,-11.876504
5.4,100.0,-11.577303
5.5,100.0,-11.230568
5.6,100.0,-10.850378
5.7,100.0,-10.448098
5.8,100.0,-10.032931
5.9,100.0,-9.612313
6.0,100.0,-9.192186
6.2,100.0,-8.371051
6.4,100.0,-7.594796
6.6,100.0,-6.87586
6.8,100.0,-6.217966
7.0,100.0,-5.619674
7.2,100.0,-5.07706
7.4,100.0,-4.585471
7.6,100.0,-4.140454
7.8,100.0,-3.738075
8.0,100.0,-3.374937
8.2,100.0,-3.048046
8.4,100.0,-2.754647
8.6,100.0,-2.492107
8.8,100.0,-2.257851
9.0,100.0,-2.049331
9.5,100.0,-1.624381
10.0,100.0,-1.308396
10.5,100.0,-1.070966
11.0,100.0,-0.889232
11.5,100.0,-0.747264
12.0,100.0,-0.634343
12.5,100.0,-0.543216
13.0,100.0,-0.468824
13.5,100.0,-0.407517
14.0,100.0,-0.356572
14.5,100.0,-0.313921
15.0,100.0,-0.277969
16.0,100.0,-0.221439
17.0,100.0,-0.179822
18.0,100.0,-0.148538
19.0,100.0,-0.124583
20.0,100.0,-0.105932
21.0,100.0,-0.091188
22.0,100.0,-0.079365
23.0,100.0,-0.069767
24.0,100.0,-0.061886
25.0,100.0,-0.055337
50.0,100.0,-0.011732
100.0,100.0,-0.001509
1.0,110.0,39623.919777
1.1,110.0,33587.880018
1.2,110.0,29273.135501
1.6,110.0,13445.397579
1.7,110.0,10111.712244
1.8,110.0,7559.689559
1.9,110.0,5640.716461
2.0,110.0,4209.302178
2.1,110.0,3145.586708
2.2,110.0,2356.075682
2.3,110.0,1769.704332
2.4,110.0,1333.317918
2.5,110.0,1007.542459
2.6,110.0,763.408721
2.7,110.0,579.664543
2.8,110.0,440.747406
2.9,110.0,335.244107
3.0,110.0,254.763082
3.1,110.0,193.105304
3.2,110.0,145.675527
3.3,110.0,109.054548
3.4,110.0,80.691317
3.5,110.0,58.673837
3.6,110.0,41.562854
3.7,110.0,28.266503
3.8,110.0,17.950016
3.9,110.0,9.968927
4.0,110.0,3.822271
4.1,110.0,-0.881515
4.2,110.0,-4.449198
4.3,110.0,-7.121635
4.4,110.0,-9.088077
4.5,110.0,-10.49763
4.6,110.0,-11.468343
4.7,110.0,-12.094099
4.8,110.0,-12.449908
4.9,110.0,-12.595792
5.0,110.0,-12.57978
5.1,110.0,-12.440174
5.2,110.0,-12.207383
5.3,110.0,-11.905491
5.4,110.0,-11.553517
5.5,110.0,-11.166501
5.6,110.0,-10.756362
5.7,110.0,-10.332603
5.8,110.0,-9.902782
5.9,110.0,-9.47291
6.0,110.0,-9.047713
6.2,110.0,-8.225096
6.4,110.0,-7.454077
6.6,110.0,-6.743303
6.8,110.0,-6.094452
7.0,110.0,-5.505148
7.2,110.0,-4.971168
7.4,110.0,-4.487835
7.6,110.0,-4.050743
7.8,110.0,-3.655997
8.0,110.0,-3.300203
8.2,110.0,-2.980332
8.4,110.0,-2.693575
8.6,110.0,-2.437246
8.8,110.0,-2.208725
9.0,110.0,-2.005427
9.5,110.0,-1.591255
10.0,110.0,-1.283074
10.5,110.0,-1.051141
11.0,110.0,-0.873314
11.5,110.0,-0.734208
12.0,110.0,-0.623452
12.5,110.0,-0.534014
13.0,110.0,-0.460969
13.5,110.0,-0.400747
14.0,110.0,-0.350692
14.5,110.0,-0.308775
15.0,110.0,-0.273434
16.0,110.0,-0.217849
17.0,110.0,-0.176914
18.0,110.0,-0.14614
19.0,110.0,-0.122571
20.0,110.0,-0.104219
21.0,110.0,-0.089708
22.0,110.0,-0.078079
23.0,110.0,-0.068635
24.0,110.0,-0.060878
25.0,110.0,-0.054436
50.0,110.0,-0.011554
100.0,110.0,-0.001468
1.0,120.0,47967.580273
1.1,120.0,41309.625353
1.2,120.0,36036.076906
1.5,120.0,20087.54146
1.6,120.0,15220.800295
1.7,120.0,11390.159199
1.8,120.0,8476.491098
1.9,120.0,6290.821786
2.0,120.0,4663.863736
2.1,120.0,3458.216803
2.2,120.0,2566.804168
2.3,120.0,1908.184048
2.4,120.0,1421.2663
2.5,120.0,1060.705909
2.6,120.0,793.056622
2.7,120.0,593.760133
2.8,120.0,444.844549
2.9,120.0,333.155257
3.0,120.0,249.062443
3.1,120.0,185.498516
3.2,120.0,137.271692
3.3,120.0,100.557578
3.4,120.0,72.534013
3.5,120.0,51.106094
3.6,120.0,34.715024
3.7,120.0,22.185422
3.8,120.0,12.628599
3.9,120.0,5.367027
4.0,120.0,-0.118859
4.1,120.0,-4.228937
4.2,120.0,-7.272108
4.3,120.0,-9.487129
4.4,120.0,-11.05879
4.5,120.0,-12.130216
4.6,120.0,-12.812727
4.7,120.0,-13.193394
4.8,120.0,-13.340874
4.9,120.0,-13.309699
5.0,120.0,-13.143334
5.1,120.0,-12.876415
5.2,120.0,-12.536417
5.3,120.0,-12.144948
5.4,120.0,-11.718883
5.5,120.0,-11.271285
5.6,120.0,-10.812242
5.7,120.0,-10.349504
5.8,120.0,-9.889042
5.9,120.0,-9.435415
6.0,120.0,-8.992092
6.2,120.0,-8.145852
6.4,120.0,-7.362721
6.6,120.0,-6.646872
6.8,120.0,-5.997198
7.0,120.0,-5.409698
7.2,120.0,-4.87921
7.4,120.0,-4.400525
7.6,120.0,-3.96888
7.8,120.0,-3.580104
8.0,120.0,-3.230564
8.2,120.0,-2.91701
8.4,120.0,-2.636445
8.6,120.0,-2.386033
8.8,120.0,-2.163029
9.0,120.0,-1.964777
9.5,120.0,-1.56097
10.0,120.0,-1.260156
10.5,120.0,-1.033294
11.0,120.0,-0.858993
11.5,120.0,-0.722432
12.0,120.0,-0.613599
12.5,120.0,-0.525659
13.0,120.0,-0.453813
13.5,120.0,-0.394564
14.0,120.0,-0.345306
14.5,120.0,-0.304053
15.0,120.0,-0.269263
16.0,120.0,-0.214536
17.0,120.0,-0.174225
18.0,120.0,-0.143916
19.0,120.0,-0.120701
20.0,120.0,-0.102625
21.0,120.0,-0.088332
22.0,120.0,-0.076877
23.0,120.0,-0.067577
24.0,120.0,-0.059937
25.0,120.0,-0.053594
50.0,120.0,-0.011387
100.0,120.0,-0.001429
1.0,130.0,61247.645438
1.1,130.0,53685.425211
1.2,130.0,47071.832345
1.5,130.0,25246.733581
1.6,130.0,19167.675099
1.7,130.0,14402.390133
1.8,130.0,10752.757358
1.9,130.0,7994.090974
2.0,130.0,5927.044812
2.1,130.0,4387.54629
2.2,130.0,3245.503765
2.3,130.0,2400.365432
2.4,130.0,1775.676768
2.5,130.0,1314.053922
2.6,130.0,972.757627
2.7,130.0,720.143843
2.8,130.0,532.856434
2.9,130.0,393.708691
3.0,130.0,290.081055
3.1,130.0,212.704691
3.2,130.0,154.779229
3.3,130.0,111.311198
3.4,130.0,78.637135
3.5,130.0,54.060507
3.6,130.0,35.588408
3.7,130.0,21.735235
3.8,130.0,11.38386
3.9,130.0,3.694039
4.0,130.0,-1.976244
4.1,130.0,-6.113563
4.2,130.0,-9.087702
4.3,130.0,-11.179419
4.4,130.0,-12.601784
4.5,130.0,-13.516224
4.6,130.0,-14.044996
4.7,130.0,-14.280884
4.8,130.0,-14.29477
4.9,130.0,-14.141439
5.0,130.0,-13.863776
5.1,130.0,-13.495706
5.2,130.0,-13.064183
5.3,130.0,-12.590504
5.4,130.0,-12.091312
5.5,130.0,-11.579382
5.6,130.0,-11.064339
5.7,130.0,-10.553322
5.8,130.0,-10.051499
5.9,130.0,-9.562592
6.0,130.0,-9.089204
6.2,130.0,-8.19547
6.4,130.0,-7.377635
6.6,130.0,-6.636455
6.8,130.0,-5.968599
7.0,130.0,-5.368541
7.2,130.0,-4.829988
7.4,130.0,-4.346807
7.6,130.0,-3.913474
7.8,130.0,-3.525162
8.0,130.0,-3.177652
8.2,130.0,-2.867198
8.4,130.0,-2.590378
8.6,130.0,-2.344009
8.8,130.0,-2.125086
9.0,130.0,-1.93076
9.5,130.0,-1.535398
10.0,130.0,-1.240758
10.5,130.0,-1.018148
11.0,130.0,-0.846785
11.5,130.0,-0.712339
12.0,130.0,-0.605103
12.5,130.0,-0.518418
13.0,130.0,-0.447581
13.5,130.0,-0.389159
14.0,130.0,-0.340582
14.5,130.0,-0.299896
15.0,130.0,-0.265583
16.0,130.0,-0.2116
17.0,130.0,-0.171834
18.0,130.0,-0.141933
19.0,130.0,-0.119031
20.0,130.0,-0.101199
21.0,130.0,-0.087101
22.0,130.0,-0.075801
23.0,130.0,-0.066628
24.0,130.0,-0.059094
25.0,130.0,-0.052838
50.0,130.0,-0.011236
100.0,130.0,-0.001392
1.0,140.0,81267.157391
1.1,140.0,72328.933914
1.2,140.0,63811.414447
1.4,140.0,43609.394168
1.5,140.0,34088.77461
1.6,140.0,26159.408832
1.7,140.0,19852.457393
1.8,140.0,14945.460375
1.9,140.0,11184.49768
2.0,140.0,8333.082728
2.1,140.0,6188.686599
2.2,140.0,4585.619051
2.3,140.0,3392.430652
2.4,140.0,2506.942344
2.5,140.0,1851.005575
2.6,140.0,1365.597771
2.7,140.0,1006.535375
2.8,140.0,740.911979
2.9,140.0,544.3023
3.0,140.0,398.642326
3.1,140.0,290.599811
3.2,140.0,210.362625
3.3,140.0,150.708022
3.4,140.0,106.32387
3.5,140.0,73.297103
3.6,140.0,48.74477
3.7,140.0,30.5357
3.8,140.0,17.087724
3.9,140.0,7.215834
4.0,140.0,0.032401
4.1,140.0,-5.13749
4.2,140.0,-8.801983
4.3,140.0,-11.343442
4.4,140.0,-13.048707
4.5,140.0,-14.132254
4.6,140.0,-14.754032
4.7,140.0,-15.033014
4.8,140.0,-15.057573
4.9,140.0,-14.893636
5.0,140.0,-14.59095
5.1,140.0,-14.187765
5.2,140.0,-13.714055
5.3,140.0,-13.19356
5.4,140.0,-12.64508
5.5,140.0,-12.083283
5.6,140.0,-11.519336
5.7,140.0,-10.961487
5.8,140.0,-10.415575
5.9,140.0,-9.88562
6.0,140.0,-9.374241
6.2,140.0,-8.413082
6.4,140.0,-7.53796
6.6,140.0,-6.748574
6.8,140.0,-6.041043
7.0,140.0,-5.409355
7.2,140.0,-4.846509
7.4,140.0,-4.345449
7.6,140.0,-3.899608
7.8,140.0,-3.503138
8.0,140.0,-3.15086
8.2,140.0,-2.838194
8.4,140.0,-2.560992
8.6,140.0,-2.315473
8.8,140.0,-2.098161
9.0,140.0,-1.905853
9.5,140.0,-1.515808
10.0,140.0,-1.225566
10.5,140.0,-1.006129
11.0,140.0,-0.836997
11.5,140.0,-0.704173
12.0,140.0,-0.598174
12.5,140.0,-0.51247
13.0,140.0,-0.442431
13.5,140.0,-0.384669
14.0,140.0,-0.336641
14.5,140.0,-0.296413
15.0,140.0,-0.26249
16.0,140.0,-0.20912
17.0,140.0,-0.169807
18.0,140.0,-0.140247
19.0,140.0,-0.11761
20.0,140.0,-0.09998
21.0,140.0,-0.086046
22.0,140.0,-0.074879
23.0,140.0,-0.065816
24.0,140.0,-0.05837
25.0,140.0,-0.05219
50.0,140.0,-0.011107
100.0,140.0,-0.001361
1.0,150.0,114522.178978
1.1,150.0,103003.694571
1.2,150.0,90597.547652
1.4,150.0,60974.208661
1.5,150.0,47874.861431
1.6,150.0,37023.613722
1.7,150.0,28304.685051
1.8,150.0,21444.114808
1.9,150.0,16132.059085
2.0,150.0,12069.767706
2.1,150.0,8992.701272
2.2,150.0,6678.746716
2.3,150.0,4948.278997
2.4,150.0,3659.518977
2.5,150.0,2702.585325
2.6,150.0,1993.438473
2.7,150.0,1468.529641
2.8,150.0,1080.253159
2.9,150.0,793.118121
3.0,150.0,580.767036
3.1,150.0,423.666951
3.2,150.0,307.393865
3.3,150.0,221.307667
3.4,150.0,157.564085
3.5,150.0,110.370721
3.6,150.0,75.451956
3.7,150.0,49.651626
3.8,150.0,30.642293
3.9,150.0,16.703029
4.0,150.0,6.551907
4.1,150.0,-0.766764
4.2,150.0,-5.976888
4.3,150.0,-9.621526
4.4,150.0,-12.107556
4.5,150.0,-13.738195
4.6,150.0,-14.738834
4.7,150.0,-15.276569
4.8,150.0,-15.47498
4.9,150.0,-15.425082
5.0,150.0,-15.193907
5.1,150.0,-14.831234
5.2,150.0,-14.374735
5.3,150.0,-13.853591
5.4,150.0,-13.290843
5.5,150.0,-12.704705
5.6,150.0,-12.10942
5.7,150.0,-11.515775
5.8,150.0,-10.931649
5.9,150.0,-10.362511
6.0,150.0,-9.811982
6.2,150.0,-8.774809
6.4,150.0,-7.828653
6.6,150.0,-6.974735
6.8,150.0,-6.210523
7.0,150.0,-5.53095
7.2,150.0,-4.929226
7.4,150.0,-4.397762
7.6,150.0,-3.928983
7.8,150.0,-3.515824
8.0,150.0,-3.151902
8.2,150.0,-2.831521
8.4,150.0,-2.54958
8.6,150.0,-2.301481
8.8,150.0,-2.083088
9.0,150.0,-1.890689
9.5,150.0,-1.502485
10.0,150.0,-1.214713
10.5,150.0,-0.997317
11.0,150.0,-0.829698
11.5,150.0,-0.698003
12.0,150.0,-0.592887
12.5,150.0,-0.507893
13.0,150.0,-0.438443
13.5,150.0,-0.381171
14.0,150.0,-0.333558
14.5,150.0,-0.293679
15.0,150.0,-0.260052
16.0,150.0,-0.207154
17.0,150.0,-0.168194
18.0,150.0,-0.138899
19.0,150.0,-0.116469
20.0,150.0,-0.099005
21.0,150.0,-0.085198
22.0,150.0,-0.074135
23.0,150.0,-0.065157
24.0,150.0,-0.057786
25.0,150.0,-0.051666
50.0,150.0,-0.011003
100.0,150.0,-0.001336
1.0,160.0,197554.539195
1.1,160.0,183039.442446
1.2,160.0,155153.29602
1.3,160.0,124269.41718
1.4,160.0,95544.031706
1.7,160.0,39886.102614
1.8,160.0,29994.375634
1.9,160.0,22490.280219
2.0,160.0,16800.120208
2.1,160.0,12507.270237
2.2,160.0,9285.029195
2.3,160.0,6877.131694
2.4,160.0,5084.38887
2.5,160.0,3753.531688
2.6,160.0,2767.742783
2.7,160.0,2038.602207
2.8,160.0,1499.729389
2.9,160.0,1101.610964
3.0,160.0,807.505775
3.1,160.0,590.206948
3.2,160.0,429.616778
3.3,160.0,310.911505
3.4,160.0,223.166943
3.5,160.0,158.32141
3.6,160.0,110.423263
3.7,160.0,75.075451
3.8,160.0,49.034506
3.9,160.0,29.907217
4.0,160.0,15.931997
4.1,160.0,5.796823
4.2,160.0,-1.477748
4.3,160.0,-6.627525
4.4,160.0,-10.20434
4.5,160.0,-12.620017
4.6,160.0,-14.180733
4.7,160.0,-15.113709
4.8,160.0,-15.587573
4.9,160.0,-15.727152
5.0,160.0,-15.624343
5.1,160.0,-15.346498
5.2,160.0,-14.943189
5.3,160.0,-14.451551
5.4,160.0,-13.90007
5.5,160.0,-13.311066
5.6,160.0,-12.702096
5.7,160.0,-12.086797
5.8,160.0,-11.47542
5.9,160.0,-10.875351
6.0,160.0,-10.291656
6.2,160.0,-9.185336
6.4,160.0,-8.170153
6.6,160.0,-7.250409
6.8,160.0,-6.426039
7.0,160.0,-5.693896
7.2,160.0,-5.048185
7.4,160.0,-4.481332
7.6,160.0,-3.985039
7.8,160.0,-3.551145
8.0,160.0,-3.172064
8.2,160.0,-2.840964
8.4,160.0,-2.551724
8.6,160.0,-2.298895
8.8,160.0,-2.077638
9.0,160.0,-1.883668
9.5,160.0,-1.494672
10.0,160.0,-1.207797
10.5,160.0,-0.991478
11.0,160.0,-0.824755
11.5,160.0,-0.693762
12.0,160.0,-0.589209
12.5,160.0,-0.504687
13.0,160.0,-0.435628
13.5,160.0,-0.378687
14.0,160.0,-0.331356
14.5,160.0,-0.291719
15.0,160.0,-0.2583
16.0,160.0,-0.205734
17.0,160.0,-0.167022
18.0,160.0,-0.13792
19.0,160.0,-0.115638
20.0,160.0,-0.09829
21.0,160.0,-0.084579
22.0,160.0,-0.073593
23.0,160.0,-0.064678
24.0,160.0,-0.057358
25.0,160.0,-0.051281
50.0,160.0,-0.010927
100.0,160.0,-0.001318
1.0,170.0,546671.981875
1.1,170.0,591855.960664
1.2,170.0,428864.670663
1.3,170.0,265319.349232
1.4,170.0,160926.256551
1.5,170.0,106019.535847
1.6,170.0,76658.25846
1.9,170.0,28634.04344
2.0,170.0,21207.497578
2.1,170.0,15710.144033
2.2,170.0,11626.97148
2.3,170.0,8594.229853
2.4,170.0,6344.667817
2.5,170.0,4678.750816
2.6,170.0,3446.902955
2.7,170.0,2537.158503
2.8,170.0,1865.787733
2.9,170.0,1370.463248
3.0,170.0,1004.984221
3.1,170.0,735.247432
3.2,170.0,536.105171
3.3,170.0,389.039447
3.4,170.0,280.421408
3.5,170.0,200.211969
3.6,170.0,141.00884
3.7,170.0,97.349727
3.8,170.0,65.19655
3.9,170.0,41.570606
4.0,170.0,24.277124
4.1,170.0,11.694872
4.2,170.0,2.619373
4.3,170.0,-3.850056
4.4,170.0,-8.388509
4.5,170.0,-11.500301
4.6,170.0,-13.560656
4.7,170.0,-14.848188
4.8,170.0,-15.570053
4.9,170.0,-15.88031
5.0,170.0,-15.893066
5.1,170.0,-15.692085
5.2,170.0,-15.338476
5.3,170.0,-14.87704
5.4,170.0,-14.341259
5.5,170.0,-13.756793
5.6,170.0,-13.143662
5.7,170.0,-12.517475
5.8,170.0,-11.890179
5.9,170.0,-11.270583
6.0,170.0,-10.664901
6.2,170.0,-9.510502
6.4,170.0,-8.445313
6.6,170.0,-7.476464
6.8,170.0,-6.606132
7.0,170.0,-5.832981
7.2,170.0,-5.15234
7.4,170.0,-4.556937
7.6,170.0,-4.038111
7.8,170.0,-3.586961
8.0,170.0,-3.195026
8.2,170.0,-2.854607
8.4,170.0,-2.558814
8.6,170.0,-2.301526
8.8,170.0,-2.077366
9.0,170.0,-1.881601
9.5,170.0,-1.490932
10.0,170.0,-1.204096
10.5,170.0,-0.988216
11.0,170.0,-0.821929
11.5,170.0,-0.691306
12.0,170.0,-0.587062
12.5,170.0,-0.502796
13.0,170.0,-0.433959
13.5,170.0,-0.37721
14.0,170.0,-0.330043
14.5,170.0,-0.290546
15.0,170.0,-0.257248
16.0,170.0,-0.204877
17.0,170.0,-0.166315
18.0,170.0,-0.137327
19.0,170.0,-0.115133
20.0,170.0,-0.097856
21.0,170.0,-0.084201
22.0,170.0,-0.073261
23.0,170.0,-0.064383
24.0,170.0,-0.057096
25.0,170.0,-0.051047
50.0,170.0,-0.01088
100.0,170.0,-0.001305
1.2,180.0,1349606.178524
1.3,180.0,478161.332123
1.4,180.0,229848.95944
1.5,180.0,131718.969649
1.6,180.0,86182.970215
1.9,180.0,31378.62872
2.0,180.0,23101.647653
2.1,180.0,17056.271647
2.2,180.0,12598.365318
2.3,180.0,9300.554515
2.4,180.0,6860.194704
2.5,180.0,5055.689425
2.6,180.0,3722.749615
2.7,180.0,2739.110141
2.8,180.0,2013.715115
2.9,180.0,1478.874654
3.0,180.0,1084.471715
3.1,180.0,793.532906
3.2,180.0,578.836307
3.3,180.0,420.343184
3.4,180.0,303.319089
3.5,180.0,216.932624
3.6,180.0,153.193496
3.7,180.0,106.205564
3.8,180.0,71.610963
3.9,180.0,46.194535
4.0,180.0,27.585637
4.1,180.0,14.035627
4.2,180.0,4.248552
4.3,180.0,-2.742398
4.4,180.0,-7.660969
4.5,180.0,-11.047984
4.6,180.0,-13.305898
4.7,180.0,-14.733579
4.8,180.0,-15.553283
4.9,180.0,-15.930561
5.0,180.0,-15.988313
5.1,180.0,-15.816935
5.2,180.0,-15.482304
5.3,180.0,-15.03244
5.4,180.0,-14.502881
5.5,180.0,-13.920599
5.6,180.0,-13.306501
5.7,180.0,-12.676886
5.8,180.0,-12.044265
5.9,180.0,-11.41794
6.0,180.0,-10.80453
6.2,180.0,-9.632892
6.4,180.0,-8.54945
6.6,180.0,-7.562438
6.8,180.0,-6.67491
7.0,180.0,-5.886266
7.2,180.0,-5.192315
7.4,180.0,-4.58595
7.6,180.0,-4.058417
7.8,180.0,-3.600551
8.0,180.0,-3.203576
8.2,180.0,-2.859469
8.4,180.0,-2.56105
8.6,180.0,-2.301953
8.8,180.0,-2.076581
9.0,180.0,-1.880044
9.5,180.0,-1.488573
10.0,180.0,-1.201652
10.5,180.0,-0.985873
11.0,180.0,-0.819712
11.5,180.0,-0.689201
12.0,180.0,-0.585053
12.5,180.0,-0.500872
13.0,180.0,-0.432106
13.5,180.0,-0.375418
14.0,180.0,-0.328304
14.5,180.0,-0.288854
15.0,180.0,-0.255596
16.0,180.0,-0.203289
17.0,180.0,-0.164775
18.0,180.0,-0.135826
19.0,180.0,-0.113661
20.0,180.0,-0.096408
21.0,180.0,-0.082772
22.0,180.0,-0.071848
23.0,180.0,-0.062984
24.0,180.0,-0.055705
25.0,180.0,-0.049666
50.0,180.0,-0.00956
100.0,180.0,-0.0
