R	Gamma	E
2.50	5	2222069.573417
2.50	10	492485.989178
2.50	15	140774.35284
2.50	20	61411.598528
2.50	25	40511.248459
2.50	30	30140.579542
2.50	35	21916.777768
2.50	40	15267.880818
2.50	45	10397.184586
2.50	50	6933.08583
2.50	55	4579.754949
2.50	60	3033.706705
2.50	65	2029.819304
2.50	70	1380.744932
2.50	75	965.684068
2.50	80	711.177706
2.50	85	572.835579
2.50	90	529.043643
2.60	5	2386711.141706
2.60	10	477611.169553
2.60	15	127096.688358
2.60	20	52773.764384
2.60	25	34409.54882
2.60	30	25295.041172
2.60	35	17994.502778
2.60	40	12256.838983
2.60	45	8164.822028
2.60	50	5336.210349
2.60	55	3460.375305
2.60	60	2247.758882
2.60	65	1470.379431
2.60	70	972.421064
2.60	75	656.610882
2.60	80	463.782838
2.60	85	359.822674
2.60	90	326.996694
2.70	0	6856743.263737
2.70	5	1855406.887409
2.70	10	406682.382547
2.70	15	108552.536086
2.70	20	45191.895225
2.70	25	29545.158527
2.70	30	21344.237831
2.70	35	14781.588282
2.70	40	9816.750102
2.70	45	6382.758023
2.70	50	4083.634268
2.70	55	2596.556585
2.70	60	1651.743024
2.70	65	1053.661498
2.70	70	674.685836
2.70	75	436.360605
2.70	80	291.911897
2.70	85	214.422071
2.70	90	190.017377
2.80	0	2588710.427204
2.80	5	1178806.115297
2.80	10	309954.609715
2.80	15	88439.188204
2.80	20	38863.521567
2.80	25	25738.526281
2.80	30	18162.673789
2.80	35	12146.65643
2.80	40	7843.846099
2.80	45	4966.674082
2.80	50	3106.276794
2.80	55	1933.920261
2.80	60	1202.669033
2.80	65	745.988106
2.80	70	459.798276
2.80	75	281.449845
2.80	80	174.127429
2.80	85	116.848445
2.80	90	98.856974
2.90	0	1211208.269715
2.90	5	688600.9609
2.90	10	218671.598115
2.90	15	70151.47951
2.90	20	33938.744097
2.90	25	22800.398687
2.90	30	15566.507673
2.90	35	9992.540139
2.90	40	6250.343554
2.90	45	3845.973272
2.90	50	2347.593521
2.90	55	1429.278311
2.90	60	866.547514
2.90	65	520.50505
2.90	70	306.120958
2.90	75	173.757097
2.90	80	94.688788
2.90	85	52.71109
2.90	90	39.565426
3.00	0	608019.843818
3.00	5	392718.288881
3.00	10	148389.012041
3.00	15	55827.971137
3.00	20	30378.044908
3.00	25	20469.476893
3.00	30	13394.421814
3.00	35	8224.750054
3.00	40	4963.592851
3.00	45	2962.450165
3.00	50	1761.763789
3.00	55	1046.333963
3.00	60	616.721134
3.00	65	356.563115
3.00	70	197.297039
3.00	75	99.896802
3.00	80	42.15025
3.00	85	11.660473
3.00	90	2.139683
3.10	0	320968.506877
3.10	5	226256.831745
3.10	10	101050.661191
3.10	15	45982.821107
3.10	20	27898.1468
3.10	25	18502.285202
3.10	30	11513.52749
3.10	35	6756.85032
3.10	40	3924.926365
3.10	45	2268.608536
3.10	50	1311.849697
3.10	55	757.915465
3.10	60	432.388315
3.10	65	238.386239
3.10	70	121.08984
3.10	75	50.056006
3.10	80	8.268376
3.10	85	-13.669233
3.10	90	-20.49817
3.20	0	179702.326782
3.20	5	136214.566206
3.20	10	72340.645852
3.20	15	40004.195045
3.20	20	26084.188334
3.20	25	16696.922878
3.20	30	9820.294765
3.20	35	5526.261515
3.20	40	3087.457434
3.20	45	1725.976243
3.20	50	968.271454
3.20	55	542.223098
3.20	60	297.447522
3.20	65	154.010565
3.20	70	68.412792
3.20	75	17.107534
3.20	80	-12.828164
3.20	85	-28.448364
3.20	90	-33.294181
3.30	0	110127.933562
3.30	5	89564.36124
3.30	10	56681.517797
3.30	15	36737.889175
3.30	20	24480.107454
3.30	25	14916.982976
3.30	30	8299.467044
3.30	35	4489.759451
3.30	40	2413.673438
3.30	45	1303.482052
3.30	50	707.439946
3.30	55	382.073749
3.30	60	199.498883
3.30	65	94.41458
3.30	70	32.571418
3.30	75	-4.084217
3.30	80	-25.276939
3.30	85	-36.258548
3.30	90	-39.652985
3.40	0	77158.861052
3.40	5	67074.48878
3.40	10	49223.955768
3.40	15	34885.443137
3.40	20	22698.085221
3.40	25	13101.101453
3.40	30	6952.144481
3.40	35	3617.189735
3.40	40	1873.411063
3.40	45	976.107064
3.40	50	511.177449
3.40	55	264.075386
3.40	60	129.074421
3.40	65	52.849186
3.40	70	8.671368
3.40	75	-17.176945
3.40	80	-31.953914
3.40	85	-39.545578
3.40	90	-41.880816
3.50	0	63128.3826
3.50	5	57688.127897
3.50	10	46256.945299
3.50	15	33220.690773
3.50	20	20522.37203
3.50	25	11239.411793
3.50	30	5750.357517
3.50	35	2886.308862
3.50	40	1442.181162
3.50	45	723.79487
3.50	50	363.602233
3.50	55	177.86761
3.50	60	78.980685
3.50	65	24.303645
3.50	70	-6.829106
3.50	75	-24.748901
3.50	80	-34.841306
3.50	85	-39.965367
3.50	90	-41.530001
3.60	0	58752.586404
3.60	5	54995.512054
3.60	10	44941.107672
3.60	15	30776.058125
3.60	20	17960.934041
3.60	25	9408.734997
3.60	30	4687.803572
3.60	35	2279.1261
3.60	40	1099.878877
3.60	45	530.501707
3.60	50	253.802021
3.60	55	115.47846
3.60	60	43.799443
3.60	65	5.089926
3.60	70	-16.467058
3.60	75	-28.601327
3.60	80	-35.290415
3.60	85	-38.626422
3.60	90	-39.635042
3.70	0	59037.474656
3.70	5	55088.081362
3.70	10	42730.358964
3.70	15	27179.349509
3.70	20	15186.861748
3.70	25	7735.097924
3.70	30	3764.962767
3.70	35	1779.72256
3.70	40	829.977357
3.70	45	383.927118
3.70	50	172.832477
3.70	55	70.815495
3.70	60	19.477495
3.70	65	-7.477586
3.70	70	-22.04739
3.70	75	-29.984735
3.70	80	-34.21923
3.70	85	-36.272083
3.70	90	-36.88218
3.80	0	61297.689632
3.80	5	54210.727165
3.80	10	37599.257967
3.80	15	22818.418423
3.80	20	12407.636148
3.80	25	6240.238295
3.80	30	2979.818931
3.80	35	1373.509434
3.80	40	618.800063
3.80	45	272.651596
3.80	50	113.676515
3.80	55	39.25048
3.80	60	3.010535
3.80	65	-15.344893
3.80	70	-24.846863
3.80	75	-29.766692
3.80	80	-32.250438
3.80	85	-33.395837
3.80	90	-33.726009
3.90	0	64131.448346
3.90	5	44396.438656
3.90	10	30529.419614
3.90	15	18373.261679
3.90	20	9897.826664
3.90	25	4943.696817
3.90	30	2325.218959
3.90	35	1046.956257
3.90	40	455.436938
3.90	45	189.381456
3.90	50	70.9155
3.90	55	17.293665
3.90	60	-7.811641
3.90	65	-19.913366
3.90	70	-25.773393
3.90	75	-28.549538
3.90	80	-29.806474
3.90	85	-30.324272
3.90	90	-30.462062
4.00	0	66858.295976
4.00	5	33525.416505
4.00	10	23661.984138
4.00	15	14310.314368
4.00	20	7748.75867
4.00	25	3852.282554
4.00	30	1789.558745
4.00	35	787.534485
4.00	40	329.444618
4.00	45	127.65954
4.00	50	40.391591
4.00	55	2.338269
4.00	60	-14.607828
4.00	65	-22.194851
4.00	70	-25.467344
4.00	75	-26.751208
4.00	80	-27.172272
4.00	85	-27.268713
4.00	90	-27.27801
4.10	0	27925.461225
4.10	5	24796.146074
4.10	10	17829.75468
4.10	15	10937.55307
4.10	20	5962.799366
4.10	25	2957.129915
4.10	30	1358.682252
4.10	35	584.438055
4.10	40	233.608443
4.10	45	82.400794
4.10	50	18.935002
4.10	55	-7.550914
4.10	60	-18.557926
4.10	65	-22.920314
4.10	70	-24.389007
4.10	75	-24.663287
4.10	80	-24.535261
4.10	85	-24.360635
4.10	90	-24.288244
4.20	0	20211.703464
4.20	5	18083.568643
4.20	10	13227.236587
4.20	15	8239.462085
4.20	20	4520.804227
4.20	25	2239.217318
4.20	30	1017.835414
4.20	35	426.510306
4.20	40	161.562505
4.20	45	49.6253
4.20	50	4.151265
4.20	55	-13.803879
4.20	60	-20.522034
4.20	65	-22.617558
4.20	70	-22.863672
4.20	75	-22.48353
4.20	80	-22.010568
4.20	85	-21.670067
4.20	90	-21.54829
4.30	0	14551.52376
4.30	5	13108.219706
4.30	10	9723.126559
4.30	15	6127.682438
4.30	20	3382.148248
4.30	25	1672.959979
4.30	30	751.452123
4.30	35	305.713443
4.30	40	108.039722
4.30	45	26.237591
4.30	50	-5.756685
4.30	55	-17.470173
4.30	60	-21.131416
4.30	65	-21.668924
4.30	70	-21.120472
4.30	75	-20.339781
4.30	80	-19.666024
4.30	85	-19.230169
4.30	90	-19.079493
4.40	0	10446.907935
4.40	5	9453.660773
4.40	10	7083.195666
4.40	15	4506.415559
4.40	20	2499.879549
4.40	25	1233.794946
4.40	30	546.45583
4.40	35	214.486391
4.40	40	68.793988
4.40	45	9.856051
4.40	50	-12.13218
4.40	55	-19.322522
4.40	60	-20.842757
4.40	65	-20.348864
4.40	70	-19.314096
4.40	75	-18.307957
4.40	80	-17.529536
4.40	85	-17.04448
4.40	90	-16.880059
4.50	0	7464.160279
4.50	5	6777.199092
4.50	10	5117.395608
4.50	15	3280.8748
4.50	20	1826.79548
4.50	25	897.959144
4.50	30	390.885181
4.50	35	146.483809
4.50	40	40.436968
4.50	45	-1.339122
4.50	50	-15.968634
4.50	55	-19.926395
4.50	60	-19.988834
4.50	65	-18.847844
4.50	70	-17.541888
4.50	75	-16.429183
4.50	80	-15.606362
4.50	85	-15.103335
4.50	90	-14.932756
4.60	0	5304.651834
4.60	5	4828.855127
4.60	10	3668.396567
4.60	15	2365.815923
4.60	20	1319.762415
4.60	25	644.583392
4.60	30	274.367638
4.60	35	96.478166
4.60	40	20.300279
4.60	45	-8.729698
4.60	50	-18.005947
4.60	55	-19.697063
4.60	60	-18.806825
4.60	65	-17.293822
4.60	70	-15.863683
4.60	75	-14.716234
4.60	80	-13.888702
4.60	85	-13.386835
4.60	90	-13.218383
4.70	0	3748.68126
4.70	5	3419.198234
4.70	10	2609.463571
4.70	15	1689.741788
4.70	20	942.325213
4.70	25	455.796217
4.70	30	188.235264
4.70	35	60.240595
4.70	40	6.304882
4.70	45	-13.357569
4.70	50	-18.791339
4.70	55	-18.935969
4.70	60	-17.462007
4.70	65	-15.767673
4.70	70	-14.304984
4.70	75	-13.170646
4.70	80	-12.361953
4.70	85	-11.875251
4.70	90	-11.71238
4.80	0	2632.935246
4.80	5	2404.95965
4.80	10	1841.285416
4.80	15	1194.858967
4.80	20	664.422756
4.80	25	316.829367
4.80	30	125.404739
4.80	35	34.401574
4.80	40	-3.149974
4.80	45	-16.003549
4.80	50	-18.729456
4.80	55	-17.86014
4.80	60	-16.066208
4.80	65	-14.315217
4.80	70	-12.877533
4.80	75	-11.782569
4.80	80	-11.009383
4.80	85	-10.547851
4.80	90	-10.393418
4.90	0	1836.713637
4.90	5	1679.2594
4.90	10	1288.021547
4.90	15	835.855035
4.90	20	461.9587
4.90	25	215.753198
4.90	30	80.198572
4.90	35	16.321357
4.90	40	-9.289385
4.90	45	-17.254845
4.90	50	-18.115223
4.90	55	-16.622304
4.90	60	-14.689312
4.90	65	-12.961963
4.90	70	-11.581156
4.90	75	-10.540712
4.90	80	-9.814954
4.90	85	-9.384144
4.90	90	-9.240668
5.00	0	1271.409505
5.00	5	1162.940196
5.00	10	892.350077
5.00	15	577.699831
5.00	20	315.988829
5.00	25	143.124435
5.00	30	48.153331
5.00	35	3.961689
5.00	40	-13.038081
5.00	45	-17.547807
5.00	50	-17.166426
5.00	55	-15.327385
5.00	60	-13.373467
5.00	65	-11.71355
5.00	70	-10.408991
5.00	75	-9.435162
5.00	80	-8.761578
5.00	85	-8.365976
5.00	90	-8.235554
5.10	0	872.271456
5.10	5	797.792046
5.10	10	611.42386
5.10	15	393.695259
5.10	20	211.856743
5.10	25	91.590916
5.10	30	25.813721
5.10	35	-4.233667
5.10	40	-15.091707
5.10	45	-17.206498
5.10	50	-16.03683
5.10	55	-14.04263
5.10	60	-12.141453
5.10	65	-10.573454
5.10	70	-9.355198
5.10	75	-8.452647
5.10	80	-7.835961
5.10	85	-7.476726
5.10	90	-7.359208
5.20	0	592.14738
5.20	5	541.215139
5.20	10	413.469265
5.20	15	263.735824
5.20	20	138.379431
5.20	25	55.516545
5.20	30	10.544275
5.20	35	-9.435115
5.20	40	-15.9706
5.20	45	-16.464676
5.20	50	-14.83064
5.20	55	-12.808693
5.20	60	-11.000677
5.20	65	-9.537469
5.20	70	-8.410041
5.20	75	-7.584353
5.20	80	-7.023522
5.20	85	-6.700807
5.20	90	-6.595852
5.30	0	396.827093
5.30	5	362.164882
5.30	10	275.087694
5.30	15	172.816939
5.30	20	87.127044
5.30	25	30.63945
5.30	30	0.366577
5.30	35	-12.516696
5.30	40	-16.054813
5.30	45	-15.49193
5.30	50	-13.620053
5.30	55	-11.647243
5.30	60	-9.954608
5.30	65	-8.60113
5.30	70	-7.566919
5.30	75	-6.81542
5.30	80	-6.312062
5.30	85	-6.023162
5.30	90	-5.929934
5.40	0	261.595203
5.40	5	238.14297
5.40	10	179.170074
5.40	15	109.85223
5.40	20	51.821847
5.40	25	13.785419
5.40	30	-6.187262
5.40	35	-14.121146
5.40	40	-15.621815
5.40	45	-14.404924
5.40	50	-12.448245
5.40	55	-10.571557
5.40	60	-9.000863
5.40	65	-7.758756
5.40	70	-6.816942
5.40	75	-6.139278
5.40	80	-5.687784
5.40	85	-5.431634
5.40	90	-5.348626
5.50	0	168.680466
5.50	5	152.92627
5.50	10	113.291746
5.50	15	66.720471
5.50	20	27.843157
5.50	25	2.621091
5.50	30	-10.193536
5.50	35	-14.719268
5.50	40	-14.871392
5.50	45	-13.282906
5.50	50	-11.339925
5.50	55	-9.581344
5.50	60	-8.136571
5.50	65	-7.004562
5.50	70	-6.152881
5.50	75	-5.54436
5.50	80	-5.141486
5.50	85	-4.913802
5.50	90	-4.839606
5.60	0	105.382067
5.60	5	94.893426
5.60	10	68.501522
5.60	15	37.538236
5.60	20	11.837553
5.60	25	-4.547838
5.60	30	-12.43284
5.60	35	-14.64955
5.60	40	-13.943116
5.60	45	-12.176921
5.60	50	-10.307257
5.60	55	-8.677946
5.60	60	-7.357548
5.60	65	-6.331907
5.60	70	-5.565279
5.60	75	-5.021057
5.60	80	-4.661648
5.60	85	-4.45833
5.60	90	-4.392411
5.70	0	62.680359
5.70	5	55.775582
5.70	10	38.406557
5.70	15	18.090362
5.70	20	1.395631
5.70	25	-8.93931
5.70	30	-13.468601
5.70	35	-14.154341
5.70	40	-12.9328
5.70	45	-11.117926
5.70	50	-9.355054
5.70	55	-7.858389
5.70	60	-6.658945
5.70	65	-5.734578
5.70	70	-5.047974
5.70	75	-4.561835
5.70	80	-4.239903
5.70	85	-4.057907
5.70	90	-3.998733
5.80	0	34.217128
5.80	5	29.739024
5.80	10	18.479445
5.80	15	5.381744
5.80	20	-5.194452
5.80	25	-11.42472
5.80	30	-13.701106
5.80	35	-13.403993
5.80	40	-11.905864
5.80	45	-10.123421
5.80	50	-8.484385
5.80	55	-7.11814
5.80	60	-6.033689
5.80	65	-5.204755
5.80	70	-4.591432
5.80	75	-4.156228
5.80	80	-3.868138
5.80	85	-3.704664
5.80	90	-3.651469
5.90	0	15.536588
5.90	5	12.689191
5.90	10	5.541829
5.90	15	-2.690865
5.90	20	-9.145233
5.90	25	-12.620216
5.90	30	-13.416811
5.90	35	-12.51977
5.90	40	-10.903772
5.90	45	-9.201992
5.90	50	-7.692485
5.90	55	-6.452262
5.90	60	-5.477771
5.90	65	-4.735427
5.90	70	-4.188468
5.90	75	-3.798684
5.90	80	-3.539351
5.90	85	-3.391423
5.90	90	-3.34388
6.00	0	3.534632
6.00	5	1.775889
6.00	10	-2.625021
6.00	15	-7.60723
6.00	20	-11.308273
6.00	25	-12.96325
6.00	30	-12.816803
6.00	35	-11.581687
6.00	40	-9.951219
6.00	45	-8.355967
6.00	50	-6.975504
6.00	55	-5.855389
6.00	60	-4.983234
6.00	65	-4.321631
6.00	70	-3.832415
6.00	75	-3.482369
6.00	80	-3.247717
6.00	85	-3.114089
6.00	90	-3.069934
6.20	0	-8.38111
6.20	5	-8.950718
6.20	10	-10.343934
6.20	15	-11.768795
6.20	20	-12.486063
6.20	25	-12.228077
6.20	30	-11.182532
6.20	35	-9.738759
6.20	40	-8.241348
6.20	45	-6.885337
6.20	50	-5.750908
6.20	55	-4.849015
6.20	60	-4.154751
6.20	65	-3.628457
6.20	70	-3.235608
6.20	75	-2.951633
6.20	80	-2.75817
6.20	85	-2.645835
6.20	90	-2.60983
6.40	0	-11.935817
6.40	5	-12.010122
6.40	10	-12.151621
6.40	15	-12.1107
6.40	20	-11.643226
6.40	25	-10.707645
6.40	30	-9.454377
6.40	35	-8.097444
6.40	40	-6.808426
6.40	45	-5.685913
6.40	50	-4.768588
6.40	55	-4.051776
6.40	60	-3.500179
6.40	65	-3.079369
6.40	70	-2.760714
6.40	75	-2.527364
6.40	80	-2.366846
6.40	85	-2.273602
6.40	90	-2.24216
6.60	0	-12.016571
6.60	5	-11.902399
6.60	10	-11.571835
6.60	15	-10.997338
6.60	20	-10.149838
6.60	25	-9.077176
6.60	30	-7.889834
6.60	35	-6.708431
6.60	40	-5.631903
6.60	45	-4.719012
6.60	50	-3.987085
6.60	55	-3.417692
6.60	60	-2.977517
6.60	65	-2.637489
6.60	70	-2.378127
6.60	75	-2.185236
6.60	80	-2.052358
6.60	85	-1.973464
6.60	90	-1.947466
6.80	0	-10.824608
6.80	5	-10.654466
6.80	10	-10.186991
6.80	15	-9.482716
6.80	20	-8.594566
6.80	25	-7.590541
6.80	30	-6.551728
6.80	35	-5.55949
6.80	40	-4.677321
6.80	45	-3.94581
6.80	50	-3.36468
6.80	55	-2.910748
6.80	60	-2.555814
6.80	65	-2.278706
6.80	70	-2.066024
6.80	75	-1.906915
6.80	80	-1.795687
6.80	85	-1.729541
6.80	90	-1.707347
7.00	0	-9.289077
7.00	5	-9.119002
7.00	10	-8.657494
7.00	15	-7.987113
7.00	20	-7.182285
7.00	25	-6.310231
7.00	30	-5.435565
7.00	35	-4.619349
7.00	40	-3.910172
7.00	45	-3.327865
7.00	50	-2.865762
7.00	55	-2.500436
7.00	60	-2.212277
7.00	65	-1.986107
7.00	70	-1.810844
7.00	75	-1.678526
7.00	80	-1.586001
7.00	85	-1.529452
7.00	90	-1.510937
7.20	0	-7.778061
7.20	5	-7.630776
7.20	10	-7.227979
7.20	15	-6.649951
7.20	20	-5.964944
7.20	25	-5.235833
7.20	30	-4.51896
7.20	35	-3.861262
7.20	40	-3.295339
7.20	45	-2.832211
7.20	50	-2.461039
7.20	55	-2.16585
7.20	60	-1.931341
7.20	65	-1.745483
7.20	70	-1.600575
7.20	75	-1.489944
7.20	80	-1.41147
7.20	85	-1.364418
7.20	90	-1.34909
7.40	0	-6.427813
7.40	5	-6.308271
7.40	10	-5.978953
7.40	15	-5.503535
7.40	20	-4.943242
7.40	25	-4.352096
7.40	30	-3.775958
7.40	35	-3.252364
7.40	40	-2.801991
7.40	45	-2.431186
7.40	50	-2.130967
7.40	55	-1.891667
7.40	60	-1.698954
7.40	65	-1.546438
7.40	70	-1.42526
7.40	75	-1.332832
7.40	80	-1.266527
7.40	85	-1.227221
7.40	90	-1.21505
7.60	0	-5.285012
7.60	5	-5.19167
7.60	10	-4.93246
7.60	15	-4.554721
7.60	20	-4.108042
7.60	25	-3.638243
7.60	30	-3.180467
7.60	35	-2.763717
7.60	40	-2.403872
7.60	45	-2.103872
7.60	50	-1.860838
7.60	55	-1.664797
7.60	60	-1.507476
7.60	65	-1.380601
7.60	70	-1.278882
7.60	75	-1.20109
7.60	80	-1.145852
7.60	85	-1.113669
7.60	90	-1.102273
7.80	0	-4.356246
7.80	5	-4.284844
7.80	10	-4.084031
7.80	15	-3.788737
7.80	20	-3.438661
7.80	25	-3.067032
7.80	30	-2.703488
7.80	35	-2.370546
7.80	40	-2.079764
7.80	45	-1.836727
7.80	50	-1.639009
7.80	55	-1.477632
7.80	60	-1.346837
7.80	65	-1.240938
7.80	70	-1.156077
7.80	75	-1.09071
7.80	80	-1.04459
7.80	85	-1.016438
7.80	90	-1.007611
8.00	0	-3.621834
8.00	5	-3.566198
8.00	10	-3.411297
8.00	15	-3.18151
8.00	20	-2.905328
8.00	25	-2.611418
8.00	30	-2.320392
8.00	35	-2.051301
8.00	40	-1.815588
8.00	45	-1.617822
8.00	50	-1.454927
8.00	55	-1.321299
8.00	60	-1.212988
8.00	65	-1.123671
8.00	70	-1.051781
8.00	75	-0.997323
8.00	80	-0.958355
8.00	85	-0.935983
8.00	90	-0.928566
8.20	0	-3.04671
8.20	5	-3.003754
8.20	10	-2.881628
8.20	15	-2.700261
8.20	20	-2.480763
8.20	25	-2.244379
8.20	30	-2.009363
8.20	35	-1.791132
8.20	40	-1.599377
8.20	45	-1.437833
8.20	50	-1.303212
8.20	55	-1.191471
8.20	60	-1.099251
8.20	65	-1.024019
8.20	70	-0.963784
8.20	75	-0.91817
8.20	80	-0.885825
8.20	85	-0.866368
8.20	90	-0.860022
8.40	0	-2.593461
8.40	5	-2.559057
8.40	10	-2.461949
8.40	15	-2.315235
8.40	20	-2.138327
8.40	25	-1.94733
8.40	30	-1.755815
8.40	35	-1.579642
8.40	40	-1.422408
8.40	45	-1.288632
8.40	50	-1.175062
8.40	55	-1.080789
8.40	60	-1.002474
8.40	65	-0.938311
8.40	70	-0.8884
8.40	75	-0.850397
8.40	80	-0.823174
8.40	85	-0.807157
8.40	90	-0.802415
8.60	0	-2.229622
8.60	5	-2.202409
8.60	10	-2.123229
8.60	15	-2.004479
8.60	20	-1.860504
8.60	25	-1.704874
8.60	30	-1.54969
8.60	35	-1.405206
8.60	40	-1.275216
8.60	45	-1.163674
8.60	50	-1.06693
8.60	55	-0.987008
8.60	60	-0.920391
8.60	65	-0.866094
8.60	70	-0.824227
8.60	75	-0.792259
8.60	80	-0.769663
8.60	85	-0.756448
8.60	90	-0.751967
8.80	0	-1.934499
8.80	5	-1.912419
8.80	10	-1.848112
8.80	15	-1.751817
8.80	20	-1.634267
8.80	25	-1.507573
8.80	30	-1.380541
8.80	35	-1.260635
8.80	40	-1.152268
8.80	45	-1.057082
8.80	50	-0.975394
8.80	55	-0.906055
8.80	60	-0.849332
8.80	65	-0.803538
8.80	70	-0.768714
8.80	75	-0.741716
8.80	80	-0.722688
8.80	85	-0.71151
8.80	90	-0.707845
9.00	0	-1.693364
9.00	5	-1.674751
9.00	10	-1.623145
9.00	15	-1.544477
9.00	20	-1.449128
9.00	25	-1.345014
9.00	30	-1.240172
9.00	35	-1.139818
9.00	40	-1.047711
9.00	45	-0.966293
9.00	50	-0.896263
9.00	55	-0.83728
9.00	60	-0.789029
9.00	65	-0.750254
9.00	70	-0.720012
9.00	75	-0.698004
9.00	80	-0.682065
9.00	85	-0.672996
9.00	90	-0.669743
9.50	0	-1.261237
9.50	5	-1.250518
9.50	10	-1.219066
9.50	15	-1.170967
9.50	20	-1.110903
9.50	25	-1.043415
9.50	30	-0.974724
9.50	35	-0.908032
9.50	40	-0.846314
9.50	45	-0.791082
9.50	50	-0.743452
9.50	55	-0.703028
9.50	60	-0.671277
9.50	65	-0.645205
9.50	70	-0.624872
9.50	75	-0.610352
9.50	80	-0.599788
9.50	85	-0.59357
9.50	90	-0.592122
10.00	0	-0.981873
10.00	5	-0.974839
10.00	10	-0.954372
10.00	15	-0.922582
10.00	20	-0.883116
10.00	25	-0.838459
10.00	30	-0.791962
10.00	35	-0.747435
10.00	40	-0.705608
10.00	45	-0.667915
10.00	50	-0.636001
10.00	55	-0.609536
10.00	60	-0.587404
10.00	65	-0.569667
10.00	70	-0.555775
10.00	75	-0.545868
10.00	80	-0.53864
10.00	85	-0.533805
10.00	90	-0.532387
10.50	0	-0.78984
10.50	5	-0.785426
10.50	10	-0.771994
10.50	15	-0.750761
10.50	20	-0.724253
10.50	25	-0.695106
10.50	30	-0.664472
10.50	35	-0.633882
10.50	40	-0.605984
10.50	45	-0.580621
10.50	50	-0.559505
10.50	55	-0.540532
10.50	60	-0.525251
10.50	65	-0.512777
10.50	70	-0.50276
10.50	75	-0.495408
10.50	80	-0.490554
10.50	85	-0.487127
10.50	90	-0.486245
11.00	0	-0.657002
11.00	5	-0.653615
11.00	10	-0.645117
11.00	15	-0.631715
11.00	20	-0.613848
11.00	25	-0.594699
11.00	30	-0.574177
11.00	35	-0.553347
11.00	40	-0.534292
11.00	45	-0.517677
11.00	50	-0.501864
11.00	55	-0.488504
11.00	60	-0.477757
11.00	65	-0.468371
11.00	70	-0.461153
11.00	75	-0.455458
11.00	80	-0.451927
11.00	85	-0.449427
11.00	90	-0.448931
11.50	0	-0.564355
11.50	5	-0.562894
11.50	10	-0.556543
11.50	15	-0.547632
11.50	20	-0.535802
11.50	25	-0.522681
11.50	30	-0.508583
11.50	35	-0.494578
11.50	40	-0.480678
11.50	45	-0.468536
11.50	50	-0.45734
11.50	55	-0.447291
11.50	60	-0.439135
11.50	65	-0.432219
11.50	70	-0.427133
11.50	75	-0.423022
11.50	80	-0.42009
11.50	85	-0.418312
11.50	90	-0.41797
12.00	0	-0.497713
12.00	5	-0.496494
12.00	10	-0.491812
12.00	15	-0.486211
12.00	20	-0.4783
12.00	25	-0.468518
12.00	30	-0.458662
12.00	35	-0.448266
12.00	40	-0.438718
12.00	45	-0.429342
12.00	50	-0.420919
12.00	55	-0.413726
12.00	60	-0.40756
12.00	65	-0.402613
12.00	70	-0.398355
12.00	75	-0.394877
12.00	80	-0.392428
12.00	85	-0.392172
12.00	90	-0.39115
12.50	0	-0.447797
12.50	5	-0.447064
12.50	10	-0.444204
12.50	15	-0.439594
12.50	20	-0.433476
12.50	25	-0.426967
12.50	30	-0.420122
12.50	35	-0.412533
12.50	40	-0.404551
12.50	45	-0.397747
12.50	50	-0.391211
12.50	55	-0.385637
12.50	60	-0.381227
12.50	65	-0.377724
12.50	70	-0.374048
12.50	75	-0.371192
12.50	80	-0.370168
12.50	85	-0.368908
12.50	90	-0.368412
13.00	0	-0.409057
13.00	5	-0.408685
13.00	10	-0.406407
13.00	15	-0.403227
13.00	20	-0.398251
13.00	25	-0.393502
13.00	30	-0.387857
13.00	35	-0.381765
13.00	40	-0.376277
13.00	45	-0.370933
13.00	50	-0.366532
13.00	55	-0.362565
13.00	60	-0.358164
13.00	65	-0.356016
13.00	70	-0.35308
13.00	75	-0.350968
13.00	80	-0.349853
13.00	85	-0.34888
13.00	90	-0.348582
13.50	0	-0.377541
13.50	5	-0.377225
13.50	10	-0.375547
13.50	15	-0.37278
13.50	20	-0.369632
13.50	25	-0.365681
13.50	30	-0.361881
13.50	35	-0.356608
13.50	40	-0.352961
13.50	45	-0.349351
13.50	50	-0.345026
13.50	55	-0.341659
13.50	60	-0.339118
13.50	65	-0.336755
13.50	70	-0.334937
13.50	75	-0.332833
13.50	80	-0.332408
13.50	85	-0.331717
13.50	90	-0.331257
14.00	0	-0.351326
14.00	5	-0.351457
14.00	10	-0.35002
14.00	15	-0.348581
14.00	20	-0.345411
14.00	25	-0.342901
14.00	30	-0.339537
14.00	35	-0.33629
14.00	40	-0.332878
14.00	45	-0.329537
14.00	50	-0.326655
14.00	55	-0.323723
14.00	60	-0.322034
14.00	65	-0.319659
14.00	70	-0.318248
14.00	75	-0.317517
14.00	80	-0.316079
14.00	85	-0.316
14.00	90	-0.315508
14.50	0	-0.329896
14.50	5	-0.3301
14.50	10	-0.3287
14.50	15	-0.327253
14.50	20	-0.325918
14.50	25	-0.323231
14.50	30	-0.320457
14.50	35	-0.31784
14.50	40	-0.315379
14.50	45	-0.312003
14.50	50	-0.310333
14.50	55	-0.307981
14.50	60	-0.306451
14.50	65	-0.304732
14.50	70	-0.303559
14.50	75	-0.30298
14.50	80	-0.301859
14.50	85	-0.301935
14.50	90	-0.30143
15.00	0	-0.311083
15.00	5	-0.311271
15.00	10	-0.310349
15.00	15	-0.309134
15.00	20	-0.307907
15.00	25	-0.305616
15.00	30	-0.304197
15.00	35	-0.301599
15.00	40	-0.299383
15.00	45	-0.29839
15.00	50	-0.29584
15.00	55	-0.294448
15.00	60	-0.292394
15.00	65	-0.291725
15.00	70	-0.290486
15.00	75	-0.28969
15.00	80	-0.289507
15.00	85	-0.28881
15.00	90	-0.288843
16.00	0	-0.280611
16.00	5	-0.280477
16.00	10	-0.280382
16.00	15	-0.279873
16.00	20	-0.278464
16.00	25	-0.277761
16.00	30	-0.275949
16.00	35	-0.274541
16.00	40	-0.273093
16.00	45	-0.272034
16.00	50	-0.270579
16.00	55	-0.26999
16.00	60	-0.269055
16.00	65	-0.267535
16.00	70	-0.267253
16.00	75	-0.266585
16.00	80	-0.266353
16.00	85	-0.26588
16.00	90	-0.26587
17.00	0	-0.256388
17.00	5	-0.256264
17.00	10	-0.256296
17.00	15	-0.255567
17.00	20	-0.255084
17.00	25	-0.254216
17.00	30	-0.253381
17.00	35	-0.252813
17.00	40	-0.251689
17.00	45	-0.250925
17.00	50	-0.250187
17.00	55	-0.248931
17.00	60	-0.24823
17.00	65	-0.248259
17.00	70	-0.247392
17.00	75	-0.246998
17.00	80	-0.246221
17.00	85	-0.245687
17.00	90	-0.246388
18.00	0	-0.23638
18.00	5	-0.236687
18.00	10	-0.236445
18.00	15	-0.235704
18.00	20	-0.235602
18.00	25	-0.235037
18.00	30	-0.234622
18.00	35	-0.233997
18.00	40	-0.233748
18.00	45	-0.232545
18.00	50	-0.231373
18.00	55	-0.231489
18.00	60	-0.230777
18.00	65	-0.230278
18.00	70	-0.230324
18.00	75	-0.229604
18.00	80	-0.229729
18.00	85	-0.229829
18.00	90	-0.229863
19.00	0	-0.218787
19.00	5	-0.219517
19.00	10	-0.21888
19.00	15	-0.218861
19.00	20	-0.21856
19.00	25	-0.218319
19.00	30	-0.217553
19.00	35	-0.217838
19.00	40	-0.21707
19.00	45	-0.216826
19.00	50	-0.216298
19.00	55	-0.215744
19.00	60	-0.215381
19.00	65	-0.21542
19.00	70	-0.215034
19.00	75	-0.214695
19.00	80	-0.214345
19.00	85	-0.214455
19.00	90	-0.214788
20.00	0	-0.204288
20.00	5	-0.204381
20.00	10	-0.203955
20.00	15	-0.204054
20.00	20	-0.203638
20.00	25	-0.203687
20.00	30	-0.203631
20.00	35	-0.203387
20.00	40	-0.203373
20.00	45	-0.202835
20.00	50	-0.202349
20.00	55	-0.202549
20.00	60	-0.202004
20.00	65	-0.201426
20.00	70	-0.201676
20.00	75	-0.201251
20.00	80	-0.201083
20.00	85	-0.201223
20.00	90	-0.201248
21.00	0	-0.19139
21.00	5	-0.19163
21.00	10	-0.19146
21.00	15	-0.191024
21.00	20	-0.191075
21.00	25	-0.190588
21.00	30	-0.191599
21.00	35	-0.19014
21.00	40	-0.190784
21.00	45	-0.190555
21.00	50	-0.189755
21.00	55	-0.189508
21.00	60	-0.189946
21.00	65	-0.189746
21.00	70	-0.18957
21.00	75	-0.188956
21.00	80	-0.188934
21.00	85	-0.189241
21.00	90	-0.188885
22.00	0	-0.179342
22.00	5	-0.180005
22.00	10	-0.179769
22.00	15	-0.179661
22.00	20	-0.179674
22.00	25	-0.179422
22.00	30	-0.179074
22.00	35	-0.179247
22.00	40	-0.179054
22.00	45	-0.178842
22.00	50	-0.178327
22.00	55	-0.178694
22.00	60	-0.178606
22.00	65	-0.178544
22.00	70	-0.178592
22.00	75	-0.178961
22.00	80	-0.178566
22.00	85	-0.178601
22.00	90	-0.178064
23.00	0	-0.168891
23.00	5	-0.169322
23.00	10	-0.168891
23.00	15	-0.169097
23.00	20	-0.168951
23.00	25	-0.169445
23.00	30	-0.169195
23.00	35	-0.168786
23.00	40	-0.169008
23.00	45	-0.168582
23.00	50	-0.168873
23.00	55	-0.168612
23.00	60	-0.168464
23.00	65	-0.1685
23.00	70	-0.168547
23.00	75	-0.168604
23.00	80	-0.168291
23.00	85	-0.168896
23.00	90	-0.168006
24.00	0	-0.159655
24.00	5	-0.160158
24.00	10	-0.159882
24.00	15	-0.159565
24.00	20	-0.160303
24.00	25	-0.159389
24.00	30	-0.159569
24.00	35	-0.159616
24.00	40	-0.159505
24.00	45	-0.159802
24.00	50	-0.159599
24.00	55	-0.15949
24.00	60	-0.159364
24.00	65	-0.159527
24.00	70	-0.159915
24.00	75	-0.159192
24.00	80	-0.158942
24.00	85	-0.159742
24.00	90	-0.158844
25.00	0	-0.151318
25.00	5	-0.151522
25.00	10	-0.151431
25.00	15	-0.151639
25.00	20	-0.151395
25.00	25	-0.151361
25.00	30	-0.151013
25.00	35	-0.151198
25.00	40	-0.150476
25.00	45	-0.151456
25.00	50	-0.151163
25.00	55	-0.15157
25.00	60	-0.150787
25.00	65	-0.150926
25.00	70	-0.150896
25.00	75	-0.150998
25.00	80	-0.15133
25.00	85	-0.150944
25.00	90	-0.150819
50.00	0	-0.050441
50.00	5	-0.050812
50.00	10	-0.050758
50.00	15	-0.050662
50.00	20	-0.050739
50.00	25	-0.050826
50.00	30	-0.05064
50.00	35	-0.050776
50.00	40	-0.050607
50.00	45	-0.050781
50.00	50	-0.050656
50.00	55	-0.050296
50.00	60	-0.05091
50.00	65	-0.050602
50.00	70	-0.050755
50.00	75	-0.050805
50.00	80	-0.050602
50.00	85	-0.050865
50.00	90	-0.050546
100.00	0	0.000474
100.00	5	-0.000178
100.00	10	0.000326
100.00	15	-0.000185
100.00	20	-0.000175
100.00	25	0.000109
100.00	30	-0.000358
100.00	35	-0.00042
100.00	40	-7.3e-05
100.00	45	-0.000148
100.00	50	-0.000259
100.00	55	-0.000276
100.00	60	8.4e-05
100.00	65	-0.000116
100.00	70	-8.5e-05
100.00	75	-0.000295
100.00	80	-0.000131
100.00	85	-0.000209
100.00	90	-0.0
