T	2->0	4->0	6->0	8->0	10->0	4->2	6->2	8->2	10->2	6->4	8->4	10->4	8->6	10->6	10->8	
1.000000000000000000e+00 4.876196408359917122e-12 6.385486968620684320e-13 1.077233289207357052e-12 4.232417875569316026e-15 4.645452750632449390e-16 3.137117279101312845e-12 2.438515490655474937e-12 7.779208504197615888e-14 2.059667241899149007e-14 5.166214600474858102e-12 1.390555129429330791e-13 1.596811561743729457e-13 2.548229685257206760e-13 9.311533577106042836e-14 3.036032884814545106e-13
2.000000000000000000e+00 4.331974287967284970e-12 6.450912486652041772e-13 8.456412616474384542e-13 8.566768124077981455e-15 8.273539375223179644e-16 4.250227930901537619e-12 2.272710185505216414e-12 1.173887405215355004e-13 4.409806075101745385e-14 5.244006744696336551e-12 2.268953228353917272e-13 2.071836408869759740e-13 4.377404602814527006e-13 1.433920273533535214e-13 3.674415235192125788e-13
3.000000000000000000e+00 4.237635077165549645e-12 5.841918275780978077e-13 7.504843601890520903e-13 1.041565434283716147e-14 1.288070044536464776e-15 4.417616705170152696e-12 2.211455527778669508e-12 1.294040457446185882e-13 5.357523807482544755e-14 5.300651143162189715e-12 2.479154681889113113e-13 2.096787472918117413e-13 4.947410768947510837e-13 1.852845466418780402e-13 3.783429727209073681e-13
4.000000000000000000e+00 4.236619444132565437e-12 5.416474476399286674e-13 7.047521695243386357e-13 1.157602659233431072e-14 1.719238173899771396e-15 4.440314858246294048e-12 2.190572756232709785e-12 1.364050053400169789e-13 5.728761746047942339e-14 5.373739268789651621e-12 2.567152345585850389e-13 2.104479775066854921e-13 5.235181487729597716e-13 2.185436498134776457e-13 3.895122148897999530e-13
5.000000000000000000e+00 4.272649566458968125e-12 5.163938905179054634e-13 6.798558584887828305e-13 1.246115549352278612e-14 2.131750243543001453e-15 4.473806412148943263e-12 2.189108642533223351e-12 1.416585044098345872e-13 5.932470012262539157e-14 5.457184588203414723e-12 2.637166962240036302e-13 2.130887732989063807e-13 5.466921004933795772e-13 2.420261450156887503e-13 4.041822964943910604e-13
6.000000000000000000e+00 4.317742629037508998e-12 5.028557831255481578e-13 6.639869050764680126e-13 1.317217896776095201e-14 2.555398698735048825e-15 4.543667243117406750e-12 2.191702151043313123e-12 1.463616609638594844e-13 6.095891832276506993e-14 5.530922017553512504e-12 2.707554386380982775e-13 2.173516482896193473e-13 5.690413905349247182e-13 2.583058848118653472e-13 4.216416200388591063e-13
7.000000000000000000e+00 4.359096950006792465e-12 4.970327383047131659e-13 6.515735884069429272e-13 1.375695392280691118e-14 3.006268133096830249e-15 4.648059567543258436e-12 2.189881146001198299e-12 1.510943778298826101e-13 6.253872047763040798e-14 5.580961061319884168e-12 2.780198316447312692e-13 2.227631910354441533e-13 5.914452897540448287e-13 2.700619429238114323e-13 4.410045597220380074e-13
8.000000000000000000e+00 4.392903331815140555e-12 4.962958397038286051e-13 6.400084086550093598e-13 1.425306188293892672e-14 3.487505943925627539e-15 4.779900882637012415e-12 2.180199459234699718e-12 1.560979334475458065e-13 6.414692972513439951e-14 5.601788814217662580e-12 2.854457011201124620e-13 2.289758112809653982e-13 6.139885060260486626e-13 2.791853184080280338e-13 4.615904707593394671e-13
9.000000000000000000e+00 4.419554385069803332e-12 4.989041807802224157e-13 6.282015961074153696e-13 1.469242566614759657e-14 3.994491466278172868e-15 4.931878292642813710e-12 2.162154262646211108e-12 1.614427333484721717e-13 6.579878922314975887e-14 5.593841826862183655e-12 2.929779106237649292e-13 2.357563256406056897e-13 6.366234230581777859e-13 2.868695629731800950e-13 4.829338686100748615e-13
1.000000000000000000e+01 4.440919987754684808e-12 5.036763514239448187e-13 6.158225511530078365e-13 1.510078367954521631e-14 4.519180720908393124e-15 5.097460984713437468e-12 2.136685270854583911e-12 1.671235657836279497e-13 6.749740489136213692e-14 5.560657608086640942e-12 3.005948106543635938e-13 2.429471358655089349e-13 6.592987192165530848e-13 2.938424214647609996e-13 5.047326039169938309e-13
1.100000000000000000e+01 4.459061611206823380e-12 5.097887906131725899e-13 6.028930866552350685e-13 1.549756295646744654e-14 5.052862086640345778e-15 5.271015719192340531e-12 2.105276492601594103e-12 1.731065882150654597e-13 6.924714512428081801e-14 5.506910880245364823e-12 3.082940304887882496e-13 2.504383884914224823e-13 6.819783351455816837e-13 3.005444103474654365e-13 5.267955356868456294e-13
1.200000000000000000e+01 4.475719729251156302e-12 5.166538840939871422e-13 5.895759349344026731e-13 1.589654800133670616e-14 5.587608732046347316e-15 5.447764632428263702e-12 2.069483526891630591e-12 1.793503472759315616e-13 7.105530525593535175e-14 5.437316326319830885e-12 3.160797946814206009e-13 2.581510654829275140e-13 7.046402439004002103e-13 3.072417648336171843e-13 5.490030993869954065e-13
1.300000000000000000e+01 4.492168495364761944e-12 5.238457596080203834e-13 5.760703933116825401e-13 1.630695249803262980e-14 6.116884924577709358e-15 5.623733131465714304e-12 2.030716253857602337e-12 1.858143142086013151e-13 7.293100966823136226e-14 5.356113288625055060e-12 3.239563534384550848e-13 2.660270722745254635e-13 7.272724941503147397e-13 3.140938054609611819e-13 5.712805390566115115e-13
1.400000000000000000e+01 4.509229350666240054e-12 5.310540129152238042e-13 5.625648670560367574e-13 1.673454422291438744e-14 6.635673388735700700e-15 5.795698912433812031e-12 1.990160191318938782e-12 1.924618281818397026e-13 7.488388116819979308e-14 5.266883179642921647e-12 3.319256079840412943e-13 2.740233112089851002e-13 7.498696142718482291e-13 3.211928156583310542e-13 5.935806156124776175e-13
1.500000000000000000e+01 4.527344310692891513e-12 5.380536365982201504e-13 5.492184774509147328e-13 1.718263047582224513e-14 7.140363740757583404e-15 5.961133533001923588e-12 1.948766885691026486e-12 1.992607055010191613e-13 7.692306797982457803e-14 5.172536698357316040e-12 3.399868576298955903e-13 2.821079199433515752e-13 7.724298409806115090e-13 3.285880669285478997e-13 6.158727628719055929e-13
1.600000000000000000e+01 4.546663694992150476e-12 5.446844180871384159e-13 5.361567877303178725e-13 1.765283486266062909e-14 7.628542757131910206e-15 6.118133066243067451e-12 1.907274995327794578e-12 2.061829784801963366e-13 7.905666191130531502e-14 5.075377112810243699e-12 3.481373869719599111e-13 2.902576792353951472e-13 7.949531636258715416e-13 3.363007429017000952e-13 6.381364401261614314e-13
1.700000000000000000e+01 4.567128764011964022e-12 5.508360425981264015e-13 5.234738537329547209e-13 1.814566800012149803e-14 8.098762454397770405e-15 6.265340280376615614e-12 1.866242208529417947e-12 2.132043866600275205e-13 8.129141057049383010e-14 4.977189948463792409e-12 3.563732441781138586e-13 2.984560796019297017e-13 8.174400601102987719e-13 3.443335421568526988e-13 6.603571426545193293e-13
1.800000000000000000e+01 4.588541829785019718e-12 5.564368251387217680e-13 5.112366696111877586e-13 1.866092656276249299e-14 8.550323217735548620e-15 6.401863362608787447e-12 1.826078375368840664e-12 2.203038625889292501e-13 8.363262117036775979e-14 4.879334773840528556e-12 3.646899323559813682e-13 3.066917964711632013e-13 8.398907643063533450e-13 3.526770668960705388e-13 6.825240585985253213e-13
1.900000000000000000e+01 4.610622071018535338e-12 5.614449180469424133e-13 4.994901183783751684e-13 1.919796285158130200e-14 8.983087357865199881e-15 6.527196212935886752e-12 1.787075649907459581e-12 2.274630893791566314e-13 8.608417815903927118e-14 4.782828458576937667e-12 3.730829252250925194e-13 3.149574527291505538e-13 8.623049075406100412e-13 3.613141899494809111e-13 7.046287231235926495e-13
2.000000000000000000e+01 4.633047854069552822e-12 5.658413285413151954e-13 4.882615892281317500e-13 1.975586299800936884e-14 9.397326826975830503e-15 6.641144138641872024e-12 1.749434183785965858e-12 2.346661406362379154e-13 8.864862274547802517e-14 4.688416275509202166e-12 3.815480041579587872e-13 3.232486070207275190e-13 8.846814014116215030e-13 3.702230952703586529e-13 7.266642618157071566e-13
2.100000000000000000e+01 4.655487409347229073e-12 5.696243342810404090e-13 4.775649505601752195e-13 2.033356366358445059e-14 9.793603099478760020e-15 6.743757311960983988e-12 1.713283224536665352e-12 2.418991902914603161e-13 9.132726221090607901e-14 4.596630570667706067e-12 3.900814464059916391e-13 3.315629312341557134e-13 9.070184617483788098e-13 3.793794138337745744e-13 7.486249719430539194e-13
2.200000000000000000e+01 4.677620001388938449e-12 5.728050172579750017e-13 4.674038197308206173e-13 2.092992863495056675e-14 1.017267481577353611e-14 6.835273069364235898e-12 1.678698039920525538e-12 2.491502750316063984e-13 9.412029033284452866e-14 4.507838168515975194e-12 3.986801020179529777e-13 3.398995502425513159e-13 9.293137045182038090e-13 3.887577231133941873e-13 7.705060900840806072e-13
2.300000000000000000e+01 4.699149648971156172e-12 5.754037083831535693e-13 4.577741814253215646e-13 2.154379969968503268e-14 1.053542815620799733e-14 6.916067183228826680e-12 1.645713284157992963e-12 2.564090939925696008e-13 9.702690870830161457e-14 4.422278164658620466e-12 4.073413940495773689e-13 3.482585205863939971e-13 9.515642695921763681e-13 3.983325886635754992e-13 7.923036570592294774e-13
2.400000000000000000e+01 4.719813204720595850e-12 5.774471780737569234e-13 4.486664469009898132e-13 2.217403100933763466e-14 1.088282516668545838e-14 6.986613622305845206e-12 1.614333439020972105e-12 2.636668342124142948e-13 1.000454437869612843e-13 4.340091789388477330e-12 4.160632701650915740e-13 3.566404265882504161e-13 9.737669465517254112e-13 4.080792716442982949e-13 8.140144293715229275e-13
2.500000000000000000e+01 4.739384301847308782e-12 5.789664371842291216e-13 4.400670530771911691e-13 2.281951260520861844e-14 1.121586589416682770e-14 7.047451972684480899e-12 1.584540903473524602e-12 2.709160140487484676e-13 1.031734572464553747e-13 4.261345863318236164e-12 4.248441268057296160e-13 3.650460740326706878e-13 9.959182889923138797e-13 4.179741910586770334e-13 8.356358093456781698e-13
2.600000000000000000e+01 4.757674376276336417e-12 5.799950347736489663e-13 4.319596924876827873e-13 2.347918652359737242e-14 1.153556093672794683e-14 7.099161540229108244e-12 1.556302220399201455e-12 2.781503397081838627e-13 1.064078488294444986e-13 4.186051140483274711e-12 4.336827210068890246e-13 3.734762634730244627e-13 1.018014711454477547e-12 4.279952058709326232e-13 8.571657796728867206e-13
2.700000000000000000e+01 4.774531703202291230e-12 5.805677575116878611e-13 4.243262519136102278e-13 2.415205753131930704e-14 1.184291173015861417e-14 7.142341132190021785e-12 1.529572841876379105e-12 2.853645721264751458e-13 1.097449514870494310e-13 4.114176605555014405e-12 4.425780800516869851e-13 3.819316274201367516e-13 1.040052567571547189e-12 4.381217656080206988e-13 8.786028358387904369e-13
2.800000000000000000e+01 4.789839158609429535e-12 5.807196512444785634e-13 4.171475235781737952e-13 2.483719975918346961e-14 1.213889651937153101e-14 7.177593568714563868e-12 1.504300755727407034e-12 2.925544027998444270e-13 1.131806189893002307e-13 4.045660585844092139e-12 4.515294154330000015e-13 3.904125179622156710e-13 1.062028210387173968e-12 4.483349660351870295e-13 8.999459142585923239e-13
2.900000000000000000e+01 4.803511229998465737e-12 5.804852988644380302e-13 4.104037400579306696e-13 2.553376007457330058e-14 1.242446047854700721e-14 7.205514068221506498e-12 1.480429229114528381e-12 2.997163379774680622e-13 1.167103062787061456e-13 3.980419363886259137e-12 4.605360448912399601e-13 3.989189335988092575e-13 1.083938036878177478e-12 4.586175375754610568e-13 9.211943162824401649e-13
3.000000000000000000e+01 4.815490653153818021e-12 5.798983003780376059e-13 4.040749732317658404e-13 2.624095881177640091e-14 1.270050885142534423e-14 7.226681760249377129e-12 1.457898869994131371e-12 3.068475910484440476e-13 1.203291428724659175e-13 3.918353832754239001e-12 4.695973243991182205e-13 4.074504761263192600e-13 1.105778519067686745e-12 4.689537874120717726e-13 9.423476294110518502e-13
3.100000000000000000e+01 4.825744937971118150e-12 5.789909110946975475e-13 3.981414287241002245e-13 2.695808836414334015e-14 1.296790229513182530e-14 7.241653690764410181e-12 1.436649163097056849e-12 3.139459831285383718e-13 1.240319996202043646e-13 3.859354620592750953e-12 4.787125906879251680e-13 4.160063302231032465e-13 1.127546224077651227e-12 4.793295110801532225e-13 9.634056475701726467e-13
3.200000000000000000e+01 4.834262960347110727e-12 5.777938023188593594e-13 3.925836602208686354e-13 2.768451007882541201e-14 1.322745384359514690e-14 7.250960789670711036e-12 1.416619602143249653e-12 3.210098518729484241e-13 1.278135491229290643e-13 3.803306018929511725e-12 4.878811140918637244e-13 4.245852599241269607e-13 1.149237825256316751e-12 4.897318854143086690e-13 9.843682924180049532e-13
3.300000000000000000e+01 4.841051733413421266e-12 5.763359159797951635e-13 3.873827224734136434e-13 2.841964985179950400e-14 1.347992707623560334e-14 7.255105364239101920e-12 1.397750512569645810e-12 3.280379684812932481e-13 1.316683201233571034e-13 3.750088976784665236e-12 4.971020609991014292e-13 4.331856174529318172e-13 1.170850106241670704e-12 5.001493516822380527e-13 1.005235537566377927e-12
3.400000000000000000e+01 4.846133425135948859e-12 5.746443904524198251e-13 3.825202774773994490e-13 2.916299278298608434e-14 1.372603519870974163e-14 7.254559763821964676e-12 1.379983637661736450e-12 3.350294627662516171e-13 1.355907461879267214e-13 3.699583365659270741e-12 5.063744649410286107e-13 4.418053609141130741e-13 1.192379959546005345e-12 5.105714953896879260e-13 1.026007337379971029e-12
3.500000000000000000e+01 4.849542656447159460e-12 5.727445395788970687e-13 3.779786649693254305e-13 2.991407721241330069e-14 1.396644082732995162e-14 7.249765930560134186e-12 1.363262544369275595e-12 3.419837560562177654e-13 1.395752090136771517e-13 3.651669675903505133e-12 5.156972052498113277e-13 4.504420781729539434e-13 1.213824380996301400e-12 5.209889274301507883e-13 1.046683561736154216e-12
3.600000000000000000e+01 4.851324091338925340e-12 5.706598707577481297e-13 3.737409458094463440e-13 3.067248841726317041e-14 1.420175632714892073e-14 7.241135608672688492e-12 1.347532892221421794e-12 3.489005016111256835e-13 1.436160767053473163e-13 3.606230270112230383e-12 5.250689922136345221e-13 4.590930148934779378e-13 1.235180461148675724e-12 5.313931698544726495e-13 1.067263937817720648e-12
3.700000000000000000e+01 4.851530315113591657e-12 5.684121310724583000e-13 3.697909248438349862e-13 3.143785220712541280e-14 1.443254459323009431e-14 7.229051032606922110e-12 1.332742598808005596e-12 3.557795321569667433e-13 1.477077373768183374e-13 3.563150291959344398e-12 5.344883577193853212e-13 4.677551052041379764e-13 1.256445374611945986e-12 5.417765484596902069e-13 1.087747999696442226e-12
3.800000000000000000e+01 4.850219987248407341e-12 5.660213729160081436e-13 3.661131583225124313e-13 3.220982861249461176e-14 1.465932019106196307e-14 7.213865953196781570e-12 1.318841927607146834e-12 3.626208140910047016e-13 1.518446284348024222e-13 3.522318307594327946e-12 5.439536504661464728e-13 4.764250038408395614e-13 1.277616368061222988e-12 5.521320935731012747e-13 1.108135046164017089e-12
3.900000000000000000e+01 4.847456249527955209e-12 5.635060325441328734e-13 3.626929497875769783e-13 3.298810582108361433e-14 1.488255078963819868e-14 7.195906892387178950e-12 1.305783518002999086e-12 3.694244078756545885e-13 1.560212619008436810e-13 3.483626740074715479e-12 5.534630349408688662e-13 4.850991189052255301e-13 1.298690747591756766e-12 5.624534497826562381e-13 1.128424106990234257e-12
4.000000000000000000e+01 4.843305367077447911e-12 5.608830165540755448e-13 3.595163374520283945e-13 3.377239447916383475e-14 1.510265883244522837e-14 7.175474542273017233e-12 1.293522372752658604e-12 3.761904341222042181e-13 1.602322461204147849e-13 3.446972144274344892e-12 5.630144934576426557e-13 4.937736445931781649e-13 1.319665865951256014e-12 5.727347948961811847e-13 1.148613917543859323e-12
4.100000000000000000e+01 4.837835578821178392e-12 5.581677925169444915e-13 3.565700754027034272e-13 3.456242244172956098e-14 1.532002339958846407e-14 7.152845244273412711e-12 1.282015814619713156e-12 3.829190448630472968e-13 1.644723041958326565e-13 3.412255359492498915e-12 5.726058306665381155e-13 5.024445934114125731e-13 1.340539110091424089e-12 5.829707680666379730e-13 1.168702901504229071e-12
4.200000000000000000e+01 4.831116134060696416e-12 5.553744809564564483e-13 3.538416104307166762e-13 3.535793002625909126e-14 1.553498221998645708e-14 7.128272500156888160e-12 1.271223421155215710e-12 3.896103995198340455e-13 1.687362894638176242e-13 3.379381568973965191e-12 5.822346800327916221e-13 5.111078275223672063e-13 1.361307889393578359e-12 5.931564067724600929e-13 1.188689161222693566e-12
4.300000000000000000e+01 4.823216492856218339e-12 5.525159466187251031e-13 3.513190558829314057e-13 3.615866580032092861e-14 1.574783379691501847e-14 7.101988479147994159e-12 1.261106944491346001e-12 3.962646450920434678e-13 1.730191983198179782e-13 3.348260289253151023e-12 5.918985118703133852e-13 5.197590889498325155e-13 1.381969624846907976e-12 6.032870921702053768e-13 1.208570475162526895e-12
4.400000000000000000e+01 4.814205669374691469e-12 5.496038875606154391e-13 3.489911636100858987e-13 3.696438291311181252e-14 1.595883961378901378e-14 7.074205495140858184e-12 1.251630221377028402e-12 4.028819001135104271e-13 1.773161806707155948e-13 3.318805307282238594e-12 6.015946425846373368e-13 5.283940284478944112e-13 1.402521739389851184e-12 6.133585022246555732e-13 1.228344301751745640e-12
4.500000000000000000e+01 4.804151699108479088e-12 5.466489210332954427e-13 3.468472948398507802e-13 3.777483596490976283e-14 1.616822639028597262e-14 7.045117435663934002e-12 1.242759077419301261e-12 4.094622419513036712e-13 1.816225482760998106e-13 3.290934579402596724e-12 6.113202448401143930e-13 5.370082328897470679e-13 1.422961649564380528e-12 6.233665719556582266e-13 1.248007788922345329e-12
4.600000000000000000e+01 4.793121212711830505e-12 5.436606654813402839e-13 3.448773906100308772e-13 3.858977839597706022e-14 1.637618836194090101e-14 7.014901130126134960e-12 1.234461228515255750e-12 4.160056970504533195e-13 1.859337812166955630e-13 3.264570103143508218e-12 6.210723584154299452e-13 5.455972510751530887e-13 1.443286758579267447e-12 6.333074601106743652e-13 1.267557788577861613e-12
4.700000000000000000e+01 4.781179101042650575e-12 5.406478182386622055e-13 3.430719422459865076e-13 3.940896036720384983e-14 1.658288955926923479e-14 6.983717649386138594e-12 1.226706181702158357e-12 4.225122337580893266e-13 1.902455327073357974e-13 3.239637770405576794e-12 6.308479015517389105e-13 5.541566178889438578e-13 1.463494450831254115e-12 6.431775215684007148e-13 1.286990875224662994e-12
4.800000000000000000e+01 4.768388257766907116e-12 5.376182286987027383e-13 3.414219622477009721e-13 4.023212709828097877e-14 1.678846606533654497e-14 6.951713532113223039e-12 1.219465137067999950e-12 4.289817573906633944e-13 1.945536324515083548e-13 3.216067208670039515e-12 6.406436826302925078e-13 5.626818767702225046e-13 1.483582087892351615e-12 6.529732847949949694e-13 1.306303368016582737e-12
4.900000000000000000e+01 4.754809387541217729e-12 5.345789668819808505e-13 3.399189558585695239e-13 4.105901762498425117e-14 1.699302823348301128e-14 6.919021935980939395e-12 1.212710891912636879e-12 4.354141072373810283e-13 1.988540887152809854e-13 3.193791615361140582e-12 6.504564120426628113e-13 5.711686004744111825e-13 1.503547005936841536e-12 6.626914337046703774e-13 1.325491355493145103e-12
5.000000000000000000e+01 4.740500869313909120e-12 5.315363874305838852e-13 3.385548935144302344e-13 4.188936393482917733e-14 1.719666284960688373e-14 6.885763713639837978e-12 1.206417748001132324e-12 4.418090552213570078e-13 2.031430892804983379e-13 3.172747589292493932e-12 6.602827141378596589e-13 5.796124101290869760e-13 1.523386514552902580e-12 6.723287933162961733e-13 1.344550722334842217e-12
5.100000000000000000e+01 4.725518665666883874e-12 5.284961891353765013e-13 3.373221843133337654e-13 4.272289043954019214e-14 1.739943522598469745e-14 6.852048414799137569e-12 1.200561422482803265e-12 4.481663059669657808e-13 2.074170014206428159e-13 3.152874962183063922e-12 6.701191391477675930e-13 5.880089926003975319e-13 1.543097896860572257e-12 6.818823186435598126e-13 1.363477177511025038e-12
5.200000000000000000e+01 4.709916270359101617e-12 5.254634701546477450e-13 3.362136506008074968e-13 4.355931374314491067e-14 1.760139121602865412e-14 6.817975216727080396e-12 1.195118962843986236e-12 4.544854980472620885e-13 2.116723710276753906e-13 3.134116632482071237e-12 6.799621750063590581e-13 5.963541162002620414e-13 1.562678410839783942e-12 6.913490863054507826e-13 1.382266283253892290e-12
5.300000000000000000e+01 4.693744687332797264e-12 5.224427791180806424e-13 3.352225037293591788e-13 4.439834266576768774e-14 1.780255914163199906e-14 6.783633786147992686e-12 1.190068666105803915e-12 4.607662062090666723e-13 2.159059210045037843e-13 3.116418403153506177e-12 6.898082589897772540e-13 6.046436447758878534e-13 1.582125291758959255e-12 7.007262883942263291e-13 1.400913484353164156e-12
5.400000000000000000e+01 4.677052435413586692e-12 5.194381623316328041e-13 3.343423210226987690e-13 4.523967848511984553e-14 1.800295162681259104e-14 6.749105075944046219e-12 1.185390002359453797e-12 4.670079443953392838e-13 2.201145490253865191e-13 3.099728824607471587e-12 6.996537891142056229e-13 6.128735502326334626e-13 1.601435755585645795e-12 7.100112281879450145e-13 1.419414137328066463e-12
5.500000000000000000e+01 4.659885573785789454e-12 5.164532073105088749e-13 3.335670239530934895e-13 4.608301536006558667e-14 1.820256733322446024e-14 6.714462060318572483e-12 1.181063542642402781e-12 4.732101694048030761e-13 2.242953247554992553e-13 3.083999043601768910e-12 7.094951352369240908e-13 6.210399235490761365e-13 1.620607003255467431e-12 7.192013173430011785e-13 1.437763539094495994e-12
5.600000000000000000e+01 4.642287744065475410e-12 5.134910828715097595e-13 3.328908575231761108e-13 4.692804090332065422e-14 1.840139259476346651e-14 6.679770412190943994e-12 1.177070891092775646e-12 4.793722850474959317e-13 2.284454866109565075e-13 3.069182658652435596e-12 7.193286498134198341e-13 6.291389843495015946e-13 1.639636225673747606e-12 7.282940742479855374e-13 1.455956954804322194e-12
5.700000000000000000e+01 4.624300225436970401e-12 5.105545760146528347e-13 3.323083708304190598e-13 4.777443687318322325e-14 1.859940294994623392e-14 6.645089126605362700e-12 1.173394621271112163e-12 4.854936466720546589e-13 2.325624381316997838e-13 3.055235582270327981e-12 7.291506782701252294e-13 6.371670891039736222e-13 1.658520609324973883e-12 7.372871232630972550e-13 1.473989644589650380e-12
5.800000000000000000e+01 4.605961999874786584e-12 5.076461258186762098e-13 3.318143987826173729e-13 4.862187995710088682e-14 1.879656457199998747e-14 6.610471093875198540e-12 1.170018216504516928e-12 4.915735659561873179e-13 2.366437440317272251e-13 3.042115910169570115e-12 7.389575689584866968e-13 6.451207380298698711e-13 1.677257342368470593e-12 7.461781946089163222e-13 1.491856888996899325e-12
5.900000000000000000e+01 4.587309824951857189e-12 5.047678545670159764e-13 3.314040449254271273e-13 4.947004262276137114e-14 1.899283559767241265e-14 6.575963626071678172e-12 1.166926014084912665e-12 4.976113158660112583e-13 2.406871259840486845e-13 3.029783797462223424e-12 7.487456826617291649e-13 6.529965807713224237e-13 1.695843621103665935e-12 7.549651247044352769e-13 1.509554012943177824e-12
6.000000000000000000e+01 4.568378312146496412e-12 5.019215963110350427e-13 3.310726653378286759e-13 5.031859401520010120e-14 1.918816735666843533e-14 6.541608940317519565e-12 1.164103153138193046e-12 5.036061357028532886e-13 2.446904581914230902e-13 3.018201341754172693e-12 7.585114016309711247e-13 6.607914209345301438e-13 1.714276656694821757e-12 7.636458567868173100e-13 1.527076408070510970e-12
6.100000000000000000e+01 4.549200008912571452e-12 4.991089230663489618e-13 3.308158535478636020e-13 5.116720088109797792e-14 1.938250550435830691e-14 6.507444602174663704e-12 1.161535525972576142e-12 5.095572361677582963e-13 2.486517627882651868e-13 3.007332472982949243e-12 7.682511381322738920e-13 6.685022195575087161e-13 1.732553682052677031e-12 7.722184416744543262e-13 1.544419553411860058e-12
6.200000000000000000e+01 4.529805483078197672e-12 4.963311688265715950e-13 3.306294264188531981e-13 5.201552850396970826e-14 1.957579106099333438e-14 6.473503932230541312e-12 1.159209732710965460e-12 5.154638043844825289e-13 2.525692051140459504e-13 2.997142849784329134e-12 7.779613424908619934e-13 6.761260975926369754e-13 1.750671958778787633e-12 7.806810385606860201e-13 1.561579034316678157e-12
6.300000000000000000e+01 4.510223408394189764e-12 4.935894515670771164e-13 3.305094109552244404e-13 5.286324163629455467e-14 1.976796136112710080e-14 6.439816378796117468e-12 1.157113039012310565e-12 5.213250088311795453e-13 2.564410888939665833e-13 2.987599762136348478e-12 7.876385106230692449e-13 6.836603374794155317e-13 1.768628784087151560e-12 7.890319157481827801e-13 1.578550559613080386e-12
6.400000000000000000e+01 4.490480650270985700e-12 4.908846933997055784e-13 3.304520319768607616e-13 5.371000541680787246e-14 1.995895091728569416e-14 6.406407859436776456e-12 1.155233336689989064e-12 5.271400041394390918e-13 2.602658513586092576e-13 2.978672040004005601e-12 7.972791910506063859e-13 6.911023838833108149e-13 1.786421497626720911e-12 7.972694512537018563e-13 1.595329977008850541e-12
6.500000000000000000e+01 4.470602350926791756e-12 4.882176390279675460e-13 3.304537006113481031e-13 5.455548626314758501e-14 2.014869220217464027e-14 6.373301073867883505e-12 1.153559107040312180e-12 5.329079357268749644e-13 2.640420583306036782e-13 2.970329967692247748e-12 8.068799913954759131e-13 6.984498436745042476e-13 1.804047488137458717e-12 8.053921332299446263e-13 1.611913286754697166e-12
6.600000000000000000e+01 4.450612013325260191e-12 4.855888726413185260e-13 3.305110035544779354e-13 5.539935273183735556e-14 2.033711635386716821e-14 6.340515790563023272e-12 1.152079386700822485e-12 5.386279442361475588e-13 2.677683993030490535e-13 2.962545203607031516e-12 8.164375843572914703e-13 7.057004852178651252e-13 1.821504199881482411e-12 8.133985601657888297e-13 1.628296653610772140e-12
6.700000000000000000e+01 4.430531583411840578e-12 4.829988333766163210e-13 3.306206930507456212e-13 5.624127633918960253e-14 2.052415380849948453e-14 6.308069109246879690e-12 1.150783735865643789e-12 5.442991697592239993e-13 2.714436825314594880e-13 2.955290705122390686e-12 8.259487131778789483e-13 7.128522370426466856e-13 1.838789138799431262e-12 8.212874408385142427e-13 1.644476417171742652e-12
6.800000000000000000e+01 4.410381530267912359e-12 4.804478294649595838e-13 3.307796775472715401e-13 5.708093233813695112e-14 2.070973486501698623e-14 6.275975701277073186e-12 1.149662208693385943e-12 5.499207558308873904e-13 2.750668301583172761e-13 2.948540658254107618e-12 8.354101966008473682e-13 7.199031859572982766e-13 1.855899878350411189e-12 8.290575940019716423e-13 1.660449100617077488e-12
6.900000000000000000e+01 4.390180923893668457e-12 4.779360511727983445e-13 3.309850129764633887e-13 5.791800044725804525e-14 2.089379018648017582e-14 6.244248029761369388e-12 1.148705325751775897e-12 5.554918531800676392e-13 2.786368733868956960e-13 2.942270411846853643e-12 8.448189333363259249e-13 7.268515746714987080e-13 1.872834065001579289e-12 8.367079478032336717e-13 1.676211417961883471e-12
7.000000000000000000e+01 4.369947510407394763e-12 4.754635826374882662e-13 3.312338946247882488e-13 5.875216552936426206e-14 2.107625124236077338e-14 6.212896551108365011e-12 1.147904048351988337e-12 5.610116232315351856e-13 2.821529477188249456e-13 2.936456415990353763e-12 8.541719060432657083e-13 7.336957989840891164e-13 1.889589423340665089e-12 8.442375389272837261e-13 1.691760279890067023e-12
7.100000000000000000e+01 4.349697784512319219e-12 4.730304126893522553e-13 3.315236495471530183e-13 5.958311821796941570e-14 2.125705069614522175e-14 6.181929899571434854e-12 1.147249754634480362e-12 5.664792413539414960e-13 2.856142882678931418e-13 2.931076164390799851e-12 8.634661848436153601e-13 7.404344045920790563e-13 1.906163760791330994e-12 8.516455114749621123e-13 1.707092798255953242e-12
7.200000000000000000e+01 4.329447059134735853e-12 4.706364447447714929e-13 3.318517294885745066e-13 6.041055549078570947e-14 2.143612274242138846e-14 6.151355056217119901e-12 1.146734217276842133e-12 5.718938998531307393e-13 2.890202251607876674e-13 2.926108140435531591e-12 8.726989303842970211e-13 7.470660835723537218e-13 1.922554971917339959e-12 8.589311155838561395e-13 1.722206289343161431e-12
7.300000000000000000e+01 4.309209532180243666e-12 4.682815058478666915e-13 3.322157042770108803e-13 6.123418119009083376e-14 2.161340339746294908e-14 6.121177503629847198e-12 1.146349582702670740e-12 5.772548107121791005e-13 2.923701790338625746e-13 2.921531766701789715e-12 8.818673964642726852e-13 7.535896705841996340e-13 1.938761042306973432e-12 8.660937058052924930e-13 1.737098275970701652e-12
7.400000000000000000e+01 4.288998350390097910e-12 4.659653549318877220e-13 3.326132556533958772e-13 6.205370649040055652e-14 2.178883074714765425e-14 6.091401367554950053e-12 1.146088351678677299e-12 5.825612080817221813e-13 2.956636566335589291e-13 2.917327357673404097e-12 8.909689322450747279e-13 7.600041388372736322e-13 1.954780052034005931e-12 8.731327392531495331e-13 1.751766488536185393e-12
7.500000000000000000e+01 4.268825670308163735e-12 4.636876903655017652e-13 3.330421715070489238e-13 6.286885031437310559e-14 2.196234515585780112e-14 6.062029546580227656e-12 1.145943361195124184e-12 5.878123505259170714e-13 2.989002465267815087e-13 2.913476075442637732e-12 9.000009840640344793e-13 7.663085958662275865e-13 1.970610178695882075e-12 8.800477735420700368e-13 1.766208865084930078e-12
7.600000000000000000e+01 4.248702716391800177e-12 4.614481568437203590e-13 3.335003404867035072e-13 6.367933969827624616e-14 2.213388943981640971e-14 6.033063830863130832e-12 1.145907767532203372e-12 5.930075230308374815e-13 3.020796149263557942e-13 2.909959888187694644e-12 9.089610968700750072e-13 7.725022791499150406e-13 1.986249700033508662e-12 8.868384645338489171e-13 1.780423550491808180e-12
7.700000000000000000e+01 4.228639836318094564e-12 4.592463516781835626e-13 3.339857469593936191e-13 6.448491010867146480e-14 2.230340900811401368e-14 6.004505010824724370e-12 1.145975030422088828e-12 5.981460387832771834e-13 3.052015016356080042e-13 2.906761531229386220e-12 9.178469153023528186e-13 7.785845516098799731e-13 2.001696996140333790e-12 8.935045639114796996e-13 1.794408894840029563e-12
7.800000000000000000e+01 4.208646553550932760e-12 4.570818305369352276e-13 3.344964662913576152e-13 6.528530571222824156e-14 2.247085197448287005e-14 5.976352976653051566e-12 1.146138898223140084e-12 6.032272407288704063e-13 3.082657161151578867e-13 2.903864470483220116e-12 9.266561844322753207e-13 7.845548970197939917e-13 2.016950551271167906e-12 9.000459166005949614e-13 1.808163451077912682e-12
7.900000000000000000e+01 4.188731617245274849e-12 4.549541126795976992e-13 3.350306604269463596e-13 6.608027960077649893e-14 2.263616924267842309e-14 5.948606809386440690e-12 1.146393394029067904e-12 6.082505029191623305e-13 3.112721336741520567e-13 2.901252868135426839e-12 9.353867501894973219e-13 7.904129153545751782e-13 2.032008955263549502e-12 9.064624580579594975e-13 1.821685972031140320e-12
8.000000000000000000e+01 4.168903049572902861e-12 4.528626857300001848e-13 3.355865737432556993e-13 6.686959397384871240e-14 2.279931456813504453e-14 5.921264864281324699e-12 1.146732802641808589e-12 6.132152316577668820e-13 3.142206917873889852e-13 2.898911550383173546e-12 9.440365594924004935e-13 7.961583181051516747e-13 2.046870904586335073e-12 9.127542114462954229e-13 1.834975406844117523e-12
8.100000000000000000e+01 4.149168190559736990e-12 4.508070100247711364e-13 3.361625291598531797e-13 6.765302028106253858e-14 2.296024459837534500e-14 5.894324847108896972e-12 1.147151658342423598e-12 6.181208664561298047e-13 3.171113865391101066e-13 2.896825977090507940e-12 9.526036601033616020e-13 8.017909235822190826e-13 2.061535203031775045e-12 9.189212847141401339e-13 1.848030896920032033e-12
8.200000000000000000e+01 4.129533740528588337e-12 4.487865225731845230e-13 3.367569244845065988e-13 6.843033932675309159e-14 2.311891889447117603e-14 5.867783883969798009e-12 1.147644733399506622e-12 6.229668808096194595e-13 3.199442691936128512e-13 2.894982213222133839e-12 9.610862002287880649e-13 8.073106522298836391e-13 2.076000762068510276e-12 9.249638675986622703e-13 1.860851771425034755e-12
8.300000000000000000e+01 4.110005800243506313e-12 4.468006406605720387e-13 3.373682289772823860e-13 6.920134133929102174e-14 2.327529993568019471e-14 5.841638585165708963e-12 1.148207027259412249e-12 6.277527828047571642e-13 3.227194428923084127e-13 2.893366901927248076e-12 9.694824278834476233e-13 8.127175219677738569e-13 2.090266600873821194e-12 9.308822285684878989e-13 1.873437542417756293e-12
8.400000000000000000e+01 4.090589908852854647e-12 4.448487651249205109e-13 3.379949801167374227e-13 6.996582600752007644e-14 2.342935310921583026e-14 5.815885103620732886e-12 1.148833756367084437e-12 6.324781155683924216e-13 3.254370594763701092e-13 2.891967239155096586e-12 9.777906900381271811e-13 8.180116435780582159e-13 2.104331846064064254e-12 9.366767117225894917e-13 1.885787899661156231e-12
8.500000000000000000e+01 4.071291079728266897e-12 4.429302833337938502e-13 3.386357805531997906e-13 7.072360248672353923e-14 2.358104668695035353e-14 5.790519188303528199e-12 1.149520344570418704e-12 6.371424575695213541e-13 3.280973164336995587e-13 2.890770949692795655e-12 9.860094315690619304e-13 8.231932161518097313e-13 2.118195731142628242e-12 9.423477336602704347e-13 1.897902705169578899e-12
8.600000000000000000e+01 4.052113834295687273e-12 4.410445718864507975e-13 3.392892952353169992e-13 7.147448937648389554e-14 2.373035179070145671e-14 5.765536233062849246e-12 1.150262414064912999e-12 6.417454227842661205e-13 3.307004539685815518e-13 2.889766264524284612e-12 9.941371940269237905e-13 8.282625226073112040e-13 2.131857595684866521e-12 9.478957803361875846e-13 1.909781987539797468e-12
8.700000000000000000e+01 4.033062233953267094e-12 4.391909990639690441e-13 3.399542486971511655e-13 7.221831467274065051e-14 2.387724234761168359e-14 5.740931321254213381e-12 1.151055776838914721e-12 6.462866607342989292e-13 3.332467521920804843e-13 2.888941899417002350e-12 1.002172614242486307e-12 8.332199252911841505e-13 2.145316884279462971e-12 9.533214039132719462e-13 1.921425936110932622e-12
8.800000000000000000e+01 4.014139910168787786e-12 4.373689270482840489e-13 3.406294224941166208e-13 7.295491569627853547e-14 2.402169503699776494e-14 5.716699266503515839e-12 1.151896426583026515e-12 6.507658564086981082e-13 3.357365284309643407e-13 2.888287034650135710e-12 1.010114422785338570e-12 8.380658616716605238e-13 2.158573145245484545e-12 9.586252196253222740e-13 1.932834894994296688e-12
8.900000000000000000e+01 3.995350092846831245e-12 4.355777139293246696e-13 3.413136527770049297e-13 7.368413899979588150e-14 2.416368922992286019e-14 5.692834649924287878e-12 1.152780531030239927e-12 6.551827300788960283e-13 3.381701346527152770e-13 2.887791295804941507e-12 1.017961442291289468e-12 8.428008401318755347e-13 2.171626029144059995e-12 9.638079026599807196e-13 1.944009357010614934e-12
9.000000000000000000e+01 3.976695637053278560e-12 4.338167155178443008e-13 3.420058279942138682e-13 7.440584025561422020e-14 2.430320692262935357e-14 5.669331854078817397e-12 1.153704424696132245e-12 6.595370370160154736e-13 3.405479550039950630e-13 2.887444735543923002e-12 1.025712585673319401e-12 8.474254358697506521e-13 2.184475287103176765e-12 9.688701850717565815e-13 1.954949957568611563e-12
9.100000000000000000e+01 3.958179048181630690e-12 4.320852869800949075e-13 3.427048867130986384e-13 7.511988412599435981e-14 2.444023266486180050e-14 5.646185093948989839e-12 1.154664601991003822e-12 6.638285671195062389e-13 3.428704034597750114e-13 2.887237816311327239e-12 1.033366854230177689e-12 8.519402869098327522e-13 2.197120768973577137e-12 9.738128527337649755e-13 1.965657468515648868e-12
9.200000000000000000e+01 3.939802505642646944e-12 4.303827843091661588e-13 3.434098155521134351e-13 7.582614411792650476e-14 2.457475348400973164e-14 5.623388445160665701e-12 1.155657710678152308e-12 6.680571444655863041e-13 3.451379215802141085e-13 2.887161393892821321e-12 1.040923335665934069e-12 8.563460902313820325e-13 2.209562421333103007e-12 9.786367423358873825e-13 1.976132791988061047e-12
9.300000000000000000e+01 3.921567885155535291e-12 4.287085656465981057e-13 3.441196472160869461e-13 7.652450242416127805e-14 2.470675880590758623e-14 5.600935869685119201e-12 1.156680545654623534e-12 6.722226267835850101e-13 3.473509763722678840e-13 2.887206701777058087e-12 1.048381202033020021e-12 8.606435980160051947e-13 2.221800285356177113e-12 9.833427384361500396e-13 1.986376954285866828e-12
9.400000000000000000e+01 3.903476779715766769e-12 4.270619924667674524e-13 3.448334586276097358e-13 7.721484975214782137e-14 2.483624037304332260e-14 5.578821239222686181e-12 1.157730043032741897e-12 6.763249048678597492e-13 3.495100582529378053e-13 2.887365336266409335e-12 1.055739707610539376e-12 8.648336140172647494e-13 2.233834494564407330e-12 9.879317705712509956e-13 1.996391099793878514e-12
9.500000000000000000e+01 3.885530519311217813e-12 4.254424306355213721e-13 3.455503691480835855e-13 7.789708514244331591e-14 2.496319216084835174e-14 5.557038356456769282e-12 1.158803274502492405e-12 6.803639019325406621e-13 3.516156791110106491e-13 2.887629242288289112e-12 1.062998186728865699e-12 8.689169900538869965e-13 2.245665272473531674e-12 9.924048104313641094e-13 2.006176484968659943e-12
9.600000000000000000e+01 3.867730189455246382e-12 4.238492513536108223e-13 3.462695388825155499e-13 7.857111577806008160e-14 2.508761029266890870e-14 5.535580974351064979e-12 1.159897441956492167e-12 6.843395729159346502e-13 3.536683704641128206e-13 2.887990699862343591e-12 1.070156051550813094e-12 8.728946226274938084e-13 2.257292930151158656e-12 9.967628691035897486e-13 2.015734472408441215e-12
9.700000000000000000e+01 3.850076648602000721e-12 4.222818319946119839e-13 3.469901670626192689e-13 7.923685678611713007e-14 2.520949295395230240e-14 5.514442813648646188e-12 1.161009872360759537e-12 6.882519037410088426e-13 3.556686817078777241e-13 2.888442311182293086e-12 1.077212789818954000e-12 8.767674496651442738e-13 2.268717863698965611e-12 1.001006994387712908e-12 2.025066525020926687e-12
9.800000000000000000e+01 3.832570544506263412e-12 4.207395568462463448e-13 3.477114905032373295e-13 7.989423103306953152e-14 2.532884030612053348e-14 5.493617578718741082e-12 1.162138012855878502e-12 6.921009105379680485e-13 3.576171784540308610e-13 2.888976988274476477e-12 1.084167962577966063e-12 8.805364473864252860e-13 2.279940551672247785e-12 1.005138268187301408e-12 2.034174200301919314e-12
9.900000000000000000e+01 3.815212329586910353e-12 4.192218177632843430e-13 3.484327821274933287e-13 8.054316891469419157e-14 2.544565440054760004e-14 5.473098971885107200e-12 1.163279426074380326e-12 6.958866388345336932e-13 3.595144409542014640e-13 2.889587941198057977e-12 1.091021201880209215e-12 8.842026272943206429e-13 2.290961552448866033e-12 1.009157803978538672e-12 2.043059144735803088e-12
1.000000000000000000e+02 3.798002275350341154e-12 4.177280147395704473e-13 3.491533495564664490e-13 8.118360814192494501e-14 2.555993909300645651e-14 5.452880706359292742e-12 1.164431785661338996e-12 6.996091627191702536e-13 3.613610626063036589e-13 2.890268666754697990e-12 1.097772208482119557e-12 8.877670332886796830e-13 2.301781501558956332e-12 1.013066744358694447e-12 2.051723088327304842e-12
