R	Gamma	E
1.00	0	902633.859016
1.00	30	190753.486742
1.00	40	134922.966927
1.00	50	118033.468302
1.00	60	96590.637905
1.00	70	80751.152394
1.00	80	73664.011511
1.00	90	74431.141368
1.00	100	86775.390315
1.00	110	95799.399799
1.00	120	112721.934406
1.00	130	123081.701016
1.00	140	146618.516481
1.00	150	233853.889848
1.00	160	522882.882197
1.10	0	1672049.555893
1.10	30	176213.20682
1.10	40	114525.882297
1.10	50	94719.947336
1.10	60	83853.044998
1.10	70	68414.393224
1.10	80	61794.224859
1.10	90	62963.879611
1.10	110	81131.794231
1.10	120	97129.626234
1.10	130	104296.409194
1.10	140	124321.498824
1.10	150	216430.810444
1.10	160	585575.895853
1.10	170	2014101.204943
1.10	180	4921472.662243
1.20	30	160024.793644
1.20	40	96454.903749
1.20	50	79948.636071
1.20	60	71801.725924
1.20	70	57291.02633
1.20	80	51166.80025
1.20	90	52219.50878
1.20	100	58619.001215
1.20	110	67009.950449
1.20	120	81538.071981
1.20	130	88239.022286
1.20	140	104305.600638
1.20	150	191163.739774
1.20	160	587116.42988
1.20	170	2584464.314634
1.30	10	2044236.065172
1.30	20	441134.260882
1.30	30	140746.52548
1.30	40	80717.050373
1.30	50	67280.326695
1.30	60	60135.632947
1.30	70	46983.884225
1.30	80	41349.484583
1.30	90	41566.159336
1.30	100	45716.661461
1.30	110	53561.779825
1.30	120	66810.7374
1.30	130	74793.66327
1.30	140	87142.853123
1.30	150	160785.729763
1.30	160	516741.467159
1.30	170	2389037.438592
1.40	10	2102447.38749
1.40	20	402144.385659
1.40	30	119190.905893
1.40	40	67511.345884
1.40	50	56673.891367
1.40	60	49328.06255
1.40	70	37635.871871
1.40	80	32459.748719
1.40	90	31949.164363
1.40	100	35009.48942
1.40	110	41845.840975
1.40	120	53674.467404
1.40	130	71502.458634
1.40	140	73202.460803
1.40	150	130473.530609
1.40	160	406443.057678
1.40	170	1663753.65171
1.40	180	4706420.608097
1.50	10	1617199.426656
1.50	20	328364.573536
1.50	30	97735.359567
1.50	40	56885.891756
1.50	60	39777.803827
1.50	70	29509.131778
1.50	80	24901.589292
1.50	90	24132.651033
1.50	100	26471.190232
1.50	110	32218.304102
1.50	120	42512.861966
1.50	130	58682.369819
1.50	140	62426.125729
1.50	150	104677.300265
1.50	160	297954.376749
1.50	170	1012922.038716
1.50	180	2047010.52144
1.60	0	2591338.587563
1.60	10	1038831.95042
1.60	20	245905.478491
1.60	30	78860.654136
1.60	40	48667.30965
1.60	60	31653.193396
1.60	70	22796.837427
1.60	80	18813.347411
1.60	90	18008.353175
1.60	100	19810.043203
1.60	110	24526.145654
1.60	120	33313.723126
1.60	130	47908.058215
1.60	140	54341.354336
1.60	150	85430.235992
1.60	160	214363.980497
1.60	170	609396.512551
1.60	180	1031099.485366
1.70	0	1218681.556425
1.70	10	618093.03358
1.70	20	174812.921005
1.70	30	64037.562641
1.70	40	42477.171496
1.70	50	38309.586734
1.70	60	24903.165356
1.70	70	17403.585761
1.70	80	14034.403768
1.70	90	13285.369746
1.70	100	14677.605382
1.70	110	18501.842818
1.70	120	25878.372237
1.70	130	38698.498684
1.70	140	48283.480312
1.70	150	72551.253731
1.70	160	159587.474326
1.70	170	386374.553088
1.70	180	588508.67131
1.80	0	616837.800328
1.80	10	360740.215813
1.80	20	122718.024949
1.80	30	53528.462262
1.80	40	37867.425012
1.80	50	31124.348409
1.80	60	19404.940558
1.80	70	13182.397076
1.80	80	10382.89536
1.80	90	9725.51465
1.80	100	10802.326734
1.80	110	13877.81886
1.80	120	19971.250692
1.80	130	31007.283541
1.80	140	43575.134995
1.80	150	64548.972457
1.80	160	128161.666564
1.80	170	274204.266893
1.80	180	394329.529196
1.90	0	330341.372029
1.90	10	214283.901092
1.90	20	88777.617443
1.90	30	46706.584073
1.90	50	25117.033212
1.90	60	15054.562304
1.90	70	9925.889929
1.90	80	7626.711386
1.90	90	7065.424024
1.90	100	7895.806539
1.90	110	10348.402085
1.90	120	15303.774415
1.90	130	24647.851228
1.90	140	42065.103233
1.90	160	112329.203925
1.90	170	225783.798449
1.90	180	329223.419879
2.00	0	189448.540608
2.00	10	134703.731177
2.00	20	68813.961427
2.00	30	42480.15483
2.00	40	34621.059344
2.00	50	20138.131313
2.00	60	11642.214252
2.00	70	7431.378219
2.00	80	5560.750449
2.00	90	5090.505246
2.00	100	5728.794649
2.00	110	7670.389812
2.00	120	11664.135397
2.00	130	19439.428954
2.00	140	34605.287103
2.00	150	55676.807848
2.00	160	105051.874021
2.00	170	212801.580354
2.00	180	357072.874125
2.10	0	120210.975757
2.10	10	93604.969003
2.10	20	58270.439272
2.10	30	39732.909665
2.10	40	28830.138265
2.10	50	16002.566604
2.10	60	8966.222018
2.10	70	5532.920019
2.10	80	4022.681272
2.10	90	3633.949057
2.10	100	4122.578283
2.10	110	5649.529606
2.10	120	8841.568031
2.10	130	15201.986248
2.10	140	28163.614851
2.10	150	51916.850651
2.10	160	115104.235629
2.10	170	217422.94995
2.10	180	510707.103388
2.20	0	87590.016014
2.20	10	74074.501757
2.20	30	41436.041326
2.20	40	23691.594144
2.20	50	12630.608101
2.20	60	6873.658979
2.20	70	4095.392631
2.20	80	2884.144145
2.20	90	2566.151701
2.20	100	2938.431745
2.20	110	4131.945264
2.20	120	6661.575921
2.20	130	11782.555144
2.20	140	22616.63469
2.20	150	46850.305148
2.20	170	217176.618039
2.20	180	1062365.696403
2.30	0	73917.120428
2.30	10	77092.462805
2.30	30	34990.210655
2.30	40	19238.596346
2.30	50	9937.899831
2.30	60	5243.555114
2.30	70	3011.411834
2.30	80	2045.892273
2.30	90	1788.051579
2.30	100	2070.192968
2.30	110	2997.63586
2.30	120	4986.807735
2.30	130	9071.317788
2.30	140	17940.355147
2.30	150	38475.290199
2.30	160	85090.010875
2.30	170	204912.732587
2.40	0	69900.504976
2.40	10	64458.303633
2.40	20	48613.698259
2.40	30	28949.688747
2.40	40	15404.437576
2.40	50	7776.359681
2.40	60	3978.809554
2.40	70	2197.296141
2.40	80	1432.176105
2.40	90	1224.72555
2.40	100	1437.393867
2.40	110	2153.900871
2.40	120	3706.999354
2.40	130	6932.870317
2.40	140	14051.430049
2.40	150	31022.465157
2.40	160	70865.806946
2.40	170	179226.841045
2.50	0	64155.777609
2.50	20	40432.439863
2.50	30	23546.19465
2.50	40	12203.103243
2.50	50	6046.079903
2.50	60	3001.352464
2.50	70	1588.41799
2.50	80	985.575517
2.50	90	819.819841
2.50	100	979.280075
2.50	110	1529.695931
2.50	120	2734.134885
2.50	130	5257.659163
2.50	140	10891.840098
2.50	150	24620.390067
2.50	160	57591.846198
2.50	170	145382.068717
2.50	180	774563.237338
2.60	0	53641.531069
2.60	20	32987.175571
2.60	30	18843.359931
2.60	40	9609.646906
2.60	50	4669.341581
2.60	60	2248.814531
2.60	70	1135.096716
2.60	80	662.72408
2.60	90	531.115742
2.60	100	650.091798
2.60	110	1070.643313
2.60	120	1998.549299
2.60	130	3955.346532
2.60	140	8365.586063
2.60	150	19247.723689
2.60	160	45823.363894
2.60	170	111931.964
2.60	180	336852.860398
2.70	0	45729.983704
2.70	10	39720.538776
2.70	20	26394.797814
2.70	30	14820.547106
2.70	40	7505.657216
2.70	50	3581.202701
2.70	60	1671.729458
2.70	70	799.213067
2.70	80	431.020857
2.70	90	327.125871
2.70	100	415.510022
2.70	110	735.228374
2.70	120	1445.495196
2.70	130	2950.339648
2.70	140	6364.245222
2.70	150	14855.183932
2.70	160	35793.544485
2.70	170	83783.960176
2.70	180	179602.767418
2.80	0	39810.773311
2.80	10	31533.015132
2.80	20	20713.36287
2.80	30	11560.072845
2.80	40	5812.955906
2.80	50	2726.601238
2.80	60	1231.096283
2.80	70	551.629437
2.80	80	266.070533
2.80	90	184.495677
2.80	100	249.916549
2.80	110	491.859424
2.80	120	1032.209553
2.80	130	2180.229174
2.80	140	4795.738889
2.80	150	11339.3288
2.80	160	27495.507908
2.80	170	61881.284097
2.80	180	108153.303899
2.90	0	35375.67187
2.90	10	24285.973025
2.90	20	15959.131729
2.90	30	8939.646256
2.90	40	4465.225397
2.90	50	2059.461936
2.90	60	896.205137
2.90	70	370.152192
2.90	80	149.725532
2.90	90	86.008632
2.90	100	134.308356
2.90	110	316.712499
2.90	120	725.385022
2.90	130	1594.299387
2.90	140	3578.720302
2.90	150	8560.809882
2.90	160	20836.516735
2.90	170	45365.35343
2.90	180	70271.718295
3.00	0	21516.044415
3.00	10	18324.746766
3.00	20	12196.332763
3.00	30	6851.516665
3.00	40	3402.514635
3.00	50	1541.80186
3.00	60	642.958978
3.00	70	237.955549
3.00	80	68.562119
3.00	90	19.056383
3.00	100	54.675835
3.00	110	191.778501
3.00	120	499.211946
3.00	130	1151.794654
3.00	140	2643.199776
3.00	150	6394.109777
3.00	160	15595.134105
3.00	170	33087.248939
3.00	180	47746.426427
3.10	0	15937.210389
3.10	10	13732.711148
3.10	20	9244.693041
3.10	30	5207.668266
3.10	40	2571.611089
3.10	50	1142.567809
3.10	60	452.470028
3.10	70	142.329011
3.10	80	12.716747
3.10	90	-25.531181
3.10	100	0.760425
3.10	110	103.590709
3.10	120	333.760334
3.10	130	820.172648
3.10	140	1930.495566
3.10	150	4724.92969
3.10	160	11537.416292
3.10	170	23995.648574
3.10	180	33211.21648
3.20	0	11795.786793
3.20	10	10238.358228
3.20	20	6954.101751
3.20	30	3927.57455
3.20	40	1926.913099
3.20	50	836.584183
3.20	60	309.999607
3.20	70	73.720423
3.20	80	-25.016762
3.20	90	-54.373331
3.20	100	-34.904384
3.20	110	42.122243
3.20	120	213.739299
3.20	130	573.653669
3.20	140	1392.394079
3.20	150	3453.254169
3.20	160	8442.800118
3.20	170	17286.795164
3.20	180	23327.837822
3.30	0	8705.785088
3.30	10	7594.692256
3.30	20	5195.74021
3.30	30	2939.598496
3.30	40	1430.265124
3.30	50	603.533946
3.30	60	204.081587
3.30	70	24.984498
3.30	80	-49.866258
3.30	90	-72.212116
3.30	100	-57.714356
3.30	110	-0.048567
3.30	120	127.476901
3.30	130	391.934336
3.30	140	989.790091
3.30	150	2494.461607
3.30	160	6112.620087
3.30	170	12360.783021
3.30	180	16414.781467
3.40	0	6404.134333
3.40	10	5607.489802
3.40	20	3857.431989
3.40	30	2182.820912
3.40	40	1050.314815
3.40	50	427.155543
3.40	60	125.85484
3.40	70	-9.190319
3.40	80	-65.599417
3.40	90	-82.421
3.40	100	-71.540199
3.40	110	-28.375672
3.40	120	66.131858
3.40	130	259.169818
3.40	140	691.371091
3.40	150	1778.792512
3.40	160	4377.646014
3.40	170	8767.573115
3.40	180	11517.892108
3.50	0	4694.156616
3.50	10	4121.118582
3.50	20	2845.475823
3.50	30	1607.018065
3.50	40	761.578395
3.50	50	294.513101
3.50	60	68.507481
3.50	70	-32.732408
3.50	80	-74.917311
3.50	90	-87.388312
3.50	100	-79.140933
3.50	110	-46.837088
3.50	120	23.051898
3.50	130	163.085808
3.50	140	472.304225
3.50	150	1249.829943
3.50	160	3099.265446
3.50	170	6166.536586
3.50	180	8038.539084
3.60	0	3426.641623
3.60	10	3013.54817
3.60	20	2084.441585
3.60	30	1171.643726
3.60	40	543.581714
3.60	50	195.411929
3.60	60	26.84433
3.60	70	-48.530568
3.60	80	-79.75157
3.60	90	-88.801893
3.60	100	-82.474034
3.60	110	-58.312424
3.60	120	-6.726653
3.60	130	94.269026
3.60	140	313.116815
3.60	150	862.726309
3.60	160	2166.679169
3.60	170	4297.492394
3.60	180	5571.960247
3.70	0	2489.070059
3.70	10	2190.899098
3.70	20	1514.900779
3.70	30	844.389965
3.70	40	380.026586
3.70	50	121.878184
3.70	60	-3.076129
3.70	70	-58.703747
3.70	80	-81.483513
3.70	90	-87.854427
3.70	100	-82.925267
3.70	110	-64.874
3.70	120	-26.87916
3.70	130	45.558395
3.70	140	198.686397
3.70	150	582.310389
3.70	160	1492.852861
3.70	170	2963.604563
3.70	180	3830.269217
3.80	0	1797.109532
3.80	10	1581.807142
3.80	20	1090.665971
3.80	30	599.808011
3.80	40	258.082644
3.80	50	67.733779
3.80	60	-24.226372
3.80	70	-64.806668
3.80	80	-81.104018
3.80	90	-85.390244
3.80	100	-81.477537
3.80	110	-68.009222
3.80	120	-40.105843
3.80	130	11.559871
3.80	140	117.395834
3.80	150	381.355297
3.80	160	1010.564414
3.80	170	2018.597798
3.80	180	2605.893772
3.90	0	1287.710152
3.90	10	1132.296064
3.90	20	776.111563
3.90	30	418.029154
3.90	40	167.741991
3.90	50	28.229356
3.90	60	-38.842348
3.90	70	-67.984501
3.90	80	-79.325711
3.90	90	-82.004781
3.90	100	-78.827198
3.90	110	-68.78668
3.90	120	-48.37893
3.90	130	-11.75395
3.90	140	60.406611
3.90	150	239.018136
3.90	160	668.636399
3.90	170	1354.21248
3.90	180	1750.152792
4.00	0	913.765088
4.00	10	801.693824
4.00	20	543.945037
4.00	30	283.669608
4.00	40	101.269237
4.00	50	-0.262728
4.00	60	-48.606925
4.00	70	-69.084184
4.00	80	-76.660672
4.00	90	-78.113859
4.00	100	-75.465507
4.00	110	-67.976142
4.00	120	-53.133924
4.00	130	-27.364665
4.00	140	21.06191
4.00	150	139.513312
4.00	160	428.645236
4.00	170	890.795009
4.00	180	1156.026159
4.10	0	640.096448
4.10	10	559.410634
4.10	20	373.369443
4.10	30	184.920923
4.10	40	52.738243
4.10	50	-20.497617
4.10	60	-54.786966
4.10	70	-68.734024
4.10	80	-73.473813
4.10	90	-74.002356
4.10	100	-71.735301
4.10	110	-66.131797
4.10	120	-55.41369
4.10	130	-37.460921
4.10	140	-5.596425
4.10	150	71.010169
4.10	160	262.075528
4.10	170	570.236777
4.10	180	746.528355
4.20	0	440.463836
4.20	10	382.505811
4.20	20	248.630651
4.20	30	112.783206
4.20	40	17.643085
4.20	50	-34.56257
4.20	60	-58.340183
4.20	70	-67.399343
4.20	80	-70.020824
4.20	90	-69.858969
4.20	100	-67.869405
4.20	110	-63.65182
4.20	120	-55.976379
4.20	130	-43.638845
4.20	140	-23.218315
4.20	150	24.719231
4.20	160	147.988601
4.20	170	350.582095
4.20	180	466.599504
4.30	0	295.3388
4.30	10	253.836399
4.30	20	157.860138
4.30	30	60.453672
4.30	40	-7.421741
4.30	50	-44.036409
4.30	60	-59.9907
4.30	70	-65.422562
4.30	80	-66.47659
4.30	90	-65.804122
4.30	100	-64.02132
4.30	110	-60.818732
4.30	120	-55.373193
4.30	130	-47.056684
4.30	140	-34.461942
4.30	150	-5.829678
4.30	160	71.138673
4.30	170	201.799915
4.30	180	277.14091
4.40	0	190.241995
4.40	10	160.648573
4.40	20	92.177215
4.40	30	22.821989
4.40	40	-25.020057
4.40	50	-50.114221
4.40	60	-60.284431
4.40	70	-63.051227
4.40	80	-62.957306
4.40	90	-61.910661
4.40	100	-60.286663
4.40	110	-57.82879
4.40	120	-54.004617
4.40	130	-48.551481
4.40	140	-41.244733
4.40	150	-25.359046
4.40	160	20.498933
4.40	170	102.526768
4.40	180	150.545229
4.50	0	114.48456
4.50	10	93.505324
4.50	20	44.979982
4.50	30	-3.926353
4.50	40	-37.079149
4.50	50	-53.69935
4.50	60	-59.630533
4.50	70	-60.461789
4.50	80	-59.537044
4.50	90	-58.220628
4.50	100	-56.722927
4.50	110	-54.81466
4.50	120	-52.159188
4.50	130	-48.727061
4.50	140	-44.939788
4.50	150	-37.279364
4.50	160	-11.87632
4.50	170	37.633176
4.50	180	67.40046
4.60	0	60.206851
4.60	10	45.452813
4.60	20	11.381338
4.60	30	-22.633665
4.60	40	-45.046689
4.60	50	-55.473918
4.60	60	-58.332163
4.60	70	-57.77703
4.60	80	-56.26126
4.60	90	-54.755555
4.60	100	-53.361009
4.60	110	-51.861639
4.60	120	-50.042484
4.60	130	-48.017707
4.60	140	-46.525879
4.60	150	-44.024964
4.60	160	-31.696542
4.60	170	-3.575441
4.60	180	14.103617
4.70	0	21.644621
4.70	10	11.384009
4.70	20	-12.224457
4.70	30	-35.414462
4.70	40	-50.010073
4.70	50	-55.951357
4.70	60	-56.61148
4.70	70	-55.080766
4.70	80	-53.156311
4.70	90	-51.524428
4.70	100	-50.215786
4.70	110	-49.022259
4.70	120	-47.797678
4.70	130	-46.735417
4.70	140	-46.69752
4.70	150	-47.309191
4.70	160	-43.040073
4.70	170	-28.653858
4.70	180	-18.864222
4.80	0	-5.426782
4.80	10	-12.451175
4.80	20	-28.499125
4.80	30	-43.8451
4.80	40	-52.786648
4.80	50	-55.515139
4.80	60	-54.628965
4.80	70	-52.429535
4.80	80	-50.23567
4.80	90	-48.527967
4.80	100	-47.291186
4.80	110	-46.326535
4.80	120	-45.521897
4.80	130	-45.102802
4.80	140	-45.946237
4.80	150	-48.323828
4.80	160	-48.790593
4.80	170	-42.930581
4.80	180	-38.167136
4.90	0	-24.108279
4.90	10	-28.808595
4.90	20	-39.410725
4.90	30	-49.100312
4.90	40	-53.988966
4.90	50	-54.450004
4.90	60	-52.49979
4.90	70	-49.860522
4.90	80	-47.504793
4.90	90	-45.761195
4.90	100	-44.584886
4.90	110	-43.789519
4.90	120	-43.279222
4.90	130	-43.277319
4.90	140	-44.616766
4.90	150	-47.888233
4.90	160	-50.952717
4.90	170	-50.141032
4.90	180	-48.464771
5.00	0	-36.681747
5.00	10	-39.719618
5.00	20	-46.417421
5.00	30	-52.056857
5.00	40	-54.07494
5.00	50	-52.965833
5.00	60	-50.306124
5.00	70	-47.398095
5.00	80	-44.962764
5.00	90	-43.2152
5.00	100	-42.089454
5.00	110	-41.416819
5.00	120	-41.109396
5.00	130	-41.368008
5.00	140	-42.948779
5.00	150	-46.563258
5.00	160	-50.88828
5.00	170	-52.869331
5.00	180	-52.990421
5.10	0	-44.828798
5.10	10	-46.683654
5.10	20	-50.599688
5.10	30	-53.367399
5.10	40	-53.384877
5.10	50	-51.215449
5.10	60	-48.105836
5.10	70	-45.05728
5.10	80	-42.605085
5.10	90	-40.8778
5.10	100	-39.795296
5.10	110	-39.208374
5.10	120	-39.036435
5.10	130	-39.448992
5.10	140	-41.106755
5.10	150	-44.729073
5.10	160	-49.500413
5.10	170	-52.86529
5.10	180	-53.950666
5.20	0	-49.788903
5.20	10	-50.807
5.20	20	-52.757775
5.20	30	-53.516456
5.20	40	-52.169755
5.20	50	-49.309617
5.20	60	-45.940411
5.20	70	-42.846413
5.20	80	-40.423816
5.20	90	-38.735177
5.20	100	-37.690073
5.20	110	-37.160075
5.20	120	-37.074044
5.20	130	-37.568215
5.20	140	-39.201117
5.20	150	-42.639439
5.20	160	-47.376758
5.20	170	-51.27949
5.20	180	-52.813333
5.30	0	-52.472722
5.30	10	-52.903861
5.30	20	-53.482093
5.30	30	-52.862042
5.30	40	-50.612523
5.30	50	-47.328491
5.30	60	-43.838187
5.30	70	-40.768622
5.30	80	-38.40893
5.30	90	-36.771645
5.30	100	-35.760497
5.30	110	-35.26587
5.30	120	-35.22849
5.30	130	-35.755503
5.30	140	-37.304008
5.30	150	-40.459383
5.30	160	-44.894959
5.30	170	-48.847045
5.30	180	-50.52488
5.40	0	-53.546886
5.40	10	-53.571205
5.40	20	-53.207576
5.40	30	-51.66597
5.40	40	-48.845279
5.40	50	-45.329014
5.40	60	-41.819024
5.40	70	-38.823665
5.40	80	-36.549365
5.40	90	-34.971758
5.40	100	-33.99201
5.40	110	-33.517847
5.40	120	-33.501658
5.40	130	-34.028332
5.40	140	-35.460958
5.40	150	-38.291757
5.40	160	-42.295024
5.40	170	-46.027494
5.40	180	-47.677999
5.50	0	-53.497576
5.50	10	-53.245329
5.50	20	-52.251641
5.50	30	-50.118315
5.50	40	-46.963207
5.50	50	-43.352385
5.50	60	-39.895348
5.50	70	-37.008309
5.50	80	-34.832745
5.50	90	-33.319651
5.50	100	-32.370613
5.50	110	-31.906762
5.50	120	-31.892527
5.50	130	-32.395897
5.50	140	-33.698436
5.50	150	-36.197846
5.50	160	-39.723826
5.50	170	-43.103076
5.50	180	-44.635978
5.60	0	-52.677305
5.60	10	-52.243331
5.60	20	-50.844854
5.60	30	-48.355358
5.60	40	-45.033405
5.60	50	-41.427126
5.60	60	-38.074014
5.60	70	-35.316788
5.60	80	-33.246974
5.60	90	-31.800525
5.60	100	-30.881994
5.60	110	-30.423114
5.60	120	-30.397675
5.60	130	-30.862115
5.60	140	-32.031174
5.60	150	-34.211562
5.60	160	-37.266267
5.60	170	-40.242108
5.60	180	-41.615873
5.70	0	-51.341909
5.70	10	-50.794657
5.70	20	-49.152775
5.70	30	-46.474107
5.70	40	-43.104602
5.70	50	-39.572493
5.70	60	-36.357883
5.70	70	-33.74239
5.70	80	-31.780445
5.70	90	-30.400777
5.70	100	-29.51318
5.70	110	-29.056823
5.70	120	-29.012151
5.70	130	-29.427375
5.70	140	-30.46521
5.70	150	-32.350089
5.70	160	-34.966278
5.70	170	-37.539062
5.70	180	-38.741264
5.80	0	-49.67563
5.80	10	-49.064254
5.80	20	-47.294174
5.80	30	-44.543551
5.80	40	-41.210436
5.80	50	-37.801534
5.80	60	-34.746687
5.80	70	-32.277242
5.80	80	-30.422049
5.80	90	-29.108097
5.80	100	-28.251829
5.80	110	-27.797625
5.80	120	-27.729613
5.80	130	-28.089704
5.80	140	-29.001491
5.80	150	-30.619866
5.80	160	-32.841933
5.80	170	-35.039475
5.80	180	-36.075567
5.90	0	-47.811336
5.90	10	-47.170939
5.90	20	-45.353529
5.90	30	-42.612916
5.90	40	-39.374746
5.90	50	-36.121247
5.90	60	-33.237109
5.90	70	-30.91334
5.90	80	-29.1617
5.90	90	-27.911806
5.90	100	-27.0871
5.90	110	-26.635633
5.90	120	-26.543113
5.90	130	-26.845607
5.90	140	-27.638002
5.90	150	-29.02097
5.90	160	-30.896857
5.90	170	-32.758873
5.90	180	-33.643002
6.00	0	-45.844516
6.00	10	-45.199383
6.00	20	-43.390709
6.00	30	-40.717014
6.00	40	-37.613417
6.00	50	-34.534956
6.00	60	-31.82494
6.00	70	-29.64275
6.00	80	-27.990485
6.00	90	-26.802315
6.00	100	-26.00891
6.00	110	-25.561588
6.00	120	-25.44528
6.00	130	-25.690482
6.00	140	-26.371055
6.00	150	-27.548469
6.00	160	-29.126006
6.00	170	-30.695543
6.00	180	-31.444791
6.20	0	-41.857339
6.20	10	-41.247005
6.20	20	-39.557952
6.20	30	-37.119132
6.20	40	-34.349353
6.20	50	-31.641496
6.20	60	-29.26961
6.20	70	-27.351472
6.20	80	-25.883347
6.20	90	-24.811443
6.20	100	-24.079464
6.20	110	-23.64369
6.20	120	-23.485572
6.20	130	-23.624921
6.20	140	-24.107315
6.20	150	-24.952467
6.20	160	-26.066051
6.20	170	-27.171633
6.20	180	-27.702326
6.40	0	-38.054731
6.40	10	-37.508356
6.40	20	-36.005446
6.40	30	-33.860803
6.40	40	-31.448414
6.40	50	-29.097809
6.40	60	-27.032804
6.40	70	-25.349798
6.40	80	-24.046164
6.40	90	-23.080056
6.40	100	-22.405908
6.40	110	-21.984847
6.40	120	-21.79474
6.40	130	-21.845815
6.40	140	-22.166374
6.40	150	-22.761828
6.40	160	-23.552674
6.40	170	-24.334115
6.40	180	-24.705646
6.60	0	-34.595894
6.60	10	-34.121782
6.60	20	-32.821087
6.60	30	-30.972989
6.60	40	-28.896008
6.60	50	-26.865351
6.60	60	-25.069975
6.60	70	-23.593288
6.60	80	-22.435808
6.60	90	-21.564756
6.60	100	-20.943309
6.60	110	-20.538261
6.60	120	-20.325594
6.60	130	-20.307108
6.60	140	-20.501393
6.60	150	-20.907658
6.60	160	-21.46903
6.60	170	-22.027018
6.60	180	-22.287386
6.80	0	-31.53392
6.80	10	-31.129429
6.80	20	-30.019172
6.80	30	-28.439867
6.80	40	-26.657368
6.80	50	-24.904069
6.80	60	-23.342692
6.80	70	-22.045862
6.80	80	-21.016916
6.80	90	-20.23047
6.80	100	-19.656877
6.80	110	-19.268021
6.80	120	-19.040408
6.80	130	-18.969254
6.80	140	-19.067156
6.80	150	-19.331531
6.80	160	-19.72168
6.80	170	-20.118923
6.80	180	-20.301794
7.00	0	-28.860202
7.00	10	-28.516945
7.00	20	-27.572729
7.00	30	-26.224102
7.00	40	-24.693204
7.00	50	-23.178053
7.00	60	-21.818414
7.00	70	-20.677557
7.00	80	-19.760551
7.00	90	-19.048747
7.00	100	-18.51847
7.00	110	-18.145766
7.00	120	-17.908882
7.00	130	-17.799225
7.00	140	-17.824557
7.00	150	-17.983875
7.00	160	-18.245396
7.00	170	-18.521712
7.00	180	-18.649037
7.20	0	-26.535051
7.20	10	-26.243381
7.20	20	-25.438803
7.20	30	-24.284304
7.20	40	-22.967044
7.20	50	-21.655925
7.20	60	-20.469397
7.20	70	-19.462527
7.20	80	-18.642656
7.20	90	-17.996706
7.20	100	-17.505355
7.20	110	-17.14862
7.20	120	-16.907253
7.20	130	-16.770117
7.20	140	-16.741338
7.20	150	-16.822827
7.20	160	-16.990208
7.20	170	-17.177111
7.20	180	-17.264275
7.40	0	-24.510746
7.40	10	-24.262159
7.40	20	-23.573992
7.40	30	-22.582858
7.40	40	-21.447304
7.40	50	-20.310002
7.40	60	-19.271038
7.40	70	-18.379053
7.40	80	-17.643395
7.40	90	-17.055135
7.40	100	-16.599084
7.40	110	-16.258124
7.40	120	-16.015382
7.40	130	-15.859813
7.40	140	-15.791426
7.40	150	-15.814721
7.40	160	-15.913993
7.40	170	-16.03729
7.40	180	-16.09615
7.60	0	-22.743288
7.60	10	-22.53063
7.60	20	-21.940498
7.60	30	-21.087541
7.60	40	-20.105778
7.60	50	-19.115613
7.60	60	-18.202095
7.60	70	-17.408543
7.60	80	-16.745791
7.60	90	-16.208552
7.60	100	-15.784317
7.60	110	-15.458603
7.60	120	-15.217229
7.60	130	-15.049625
7.60	140	-14.95339
7.60	150	-14.933292
7.60	160	-14.981789
7.60	170	-15.059893
7.60	180	-15.099317
7.80	0	-21.195555
7.80	10	-21.013068
7.80	20	-20.505738
7.80	30	-19.769574
7.80	40	-18.917487
7.80	50	-18.051418
7.80	60	-17.24433
7.80	70	-16.535336
7.80	80	-15.93627
7.80	90	-15.443863
7.80	100	-15.048332
7.80	110	-14.737496
7.80	120	-14.499277
7.80	130	-14.324357
7.80	140	-14.20905
7.80	150	-14.157104
7.80	160	-14.166916
7.80	170	-14.210976
7.80	180	-14.236037
8.00	0	-19.836098
8.00	10	-19.679176
8.00	20	-19.241464
8.00	30	-18.603225
8.00	40	-17.860041
8.00	50	-17.098595
8.00	60	-16.382439
8.00	70	-15.746423
8.00	80	-15.20265
8.00	90	-14.750041
8.00	100	-14.380716
8.00	110	-14.08416
8.00	120	-13.850314
8.00	130	-13.671478
8.00	140	-13.543709
8.00	150	-13.468946
8.00	160	-13.449055
8.00	170	-13.466137
8.00	180	-13.479876
8.20	0	-18.637295
8.20	10	-18.501789
8.20	20	-18.122395
8.20	30	-17.566439
8.20	40	-16.914705
8.20	50	-16.241767
8.20	60	-15.60321
8.20	70	-15.030465
8.20	80	-14.535365
8.20	90	-14.117922
8.20	100	-13.772142
8.20	110	-13.489357
8.20	120	-13.261084
8.20	130	-13.080637
8.20	140	-12.944944
8.20	150	-12.854697
8.20	160	-12.812486
8.20	170	-12.808028
8.20	180	-12.812398
8.40	0	-17.575028
8.40	10	-17.457466
8.40	20	-17.126922
8.40	30	-16.63987
8.40	40	-16.065306
8.40	50	-15.467817
8.40	60	-14.896128
8.40	70	-14.378253
8.40	80	-13.925892
8.40	90	-13.539883
8.40	100	-13.215572
8.40	110	-12.94581
8.40	120	-12.723525
8.40	130	-12.543573
8.40	140	-12.403069
8.40	150	-12.30242
8.40	160	-12.244309
8.40	170	-12.223292
8.40	180	-12.220443
8.60	0	-16.6287
8.60	10	-16.525956
8.60	20	-16.236375
8.60	30	-15.807561
8.60	40	-15.298641
8.60	50	-14.765849
8.60	60	-14.251899
8.60	70	-13.781945
8.60	80	-13.36711
8.60	90	-13.008977
8.60	100	-12.704278
8.60	110	-12.447112
8.60	120	-12.231348
8.60	130	-12.052927
8.60	140	-11.909842
8.60	150	-11.802721
8.60	160	-11.733844
8.60	170	-11.700884
8.60	180	-11.692636
8.80	0	-15.780918
8.80	10	-15.690796
8.80	20	-15.435745
8.80	30	-15.056398
8.80	40	-14.603695
8.80	50	-14.12677
8.80	60	-13.662748
8.80	70	-13.234684
8.80	80	-12.852927
8.80	90	-12.519842
8.80	100	-12.233103
8.80	110	-11.987809
8.80	120	-11.778946
8.80	130	-11.603187
8.80	140	-11.459027
8.80	150	-11.34775
8.80	160	-11.271823
8.80	170	-11.23106
8.80	180	-11.218976
9.00	0	-15.01778
9.00	10	-14.938083
9.00	20	-14.712645
9.00	30	-14.375599
9.00	40	-13.97137
9.00	50	-13.542589
9.00	60	-13.122148
9.00	70	-12.730627
9.00	80	-12.378403
9.00	90	-12.067674
9.00	100	-11.79725
9.00	110	-11.563236
9.00	120	-11.361361
9.00	130	-11.188833
9.00	140	-11.045066
9.00	150	-10.93164
9.00	160	-10.851311
9.00	170	-10.805415
9.00	180	-10.79101
9.50	0	-13.409025
9.50	10	-13.349718
9.50	20	-13.180694
9.50	30	-12.925585
9.50	40	-12.615529
9.50	50	-12.281226
9.50	60	-11.947043
9.50	70	-11.629142
9.50	80	-11.336837
9.50	90	-11.073281
9.50	100	-10.838246
9.50	110	-10.629617
9.50	120	-10.444993
9.50	130	-10.282732
9.50	140	-10.143377
9.50	150	-10.029486
9.50	160	-9.945387
9.50	170	-9.894236
9.50	180	-9.877123
10.00	0	-12.128054
10.00	10	-12.08264
10.00	20	-11.952486
10.00	30	-11.754492
10.00	40	-11.510636
10.00	50	-11.243314
10.00	60	-10.971686
10.00	70	-10.70856
10.00	80	-10.461937
10.00	90	-10.235196
10.00	100	-10.029039
10.00	110	-9.842413
10.00	120	-9.674032
10.00	130	-9.523356
10.00	140	-9.391672
10.00	150	-9.282135
10.00	160	-9.199311
10.00	170	-9.14796
10.00	180	-9.130543
10.50	0	-11.0849
10.50	10	-11.049075
10.50	20	-10.946299
10.50	30	-10.788474
10.50	40	-10.591743
10.50	50	-10.373517
10.50	60	-10.148218
10.50	70	-9.926654
10.50	80	-9.715539
10.50	90	-9.518209
10.50	100	-9.335895
10.50	110	-9.168161
10.50	120	-9.014752
10.50	130	-8.875733
10.50	140	-8.753091
10.50	150	-8.650006
10.50	160	-8.571282
10.50	170	-8.522086
10.50	180	-8.505201
11.00	0	-10.217503
11.00	10	-10.18856
11.00	20	-10.105252
11.00	30	-9.976493
11.00	40	-9.814653
11.00	50	-9.632848
11.00	60	-9.442871
11.00	70	-9.253388
11.00	80	-9.070347
11.00	90	-8.896848
11.00	100	-8.734188
11.00	110	-8.58278
11.00	120	-8.442916
11.00	130	-8.315246
11.00	140	-8.20172
11.00	150	-8.10603
11.00	160	-8.032693
11.00	170	-7.986396
11.00	180	-7.970529
11.50	0	-9.483275
11.50	10	-9.459352
11.50	20	-9.390517
11.50	30	-9.283454
11.50	40	-9.147769
11.50	50	-8.993816
11.50	60	-8.831131
11.50	70	-8.666941
11.50	80	-8.506309
11.50	90	-8.352373
11.50	100	-8.206228
11.50	110	-8.069027
11.50	120	-7.941243
11.50	130	-7.823949
11.50	140	-7.719543
11.50	150	-7.631079
11.50	160	-7.563291
11.50	170	-7.52047
11.50	180	-7.505772
12.00	0	-8.852116
12.00	10	-8.83212
12.00	20	-8.774266
12.00	30	-8.683585
12.00	40	-8.568083
12.00	50	-8.435871
12.00	60	-8.294739
12.00	70	-8.150787
12.00	80	-8.008433
12.00	90	-7.87047
12.00	100	-7.738662
12.00	110	-7.613756
12.00	120	-7.496694
12.00	130	-7.388919
12.00	140	-7.292835
12.00	150	-7.21144
12.00	160	-7.148991
12.00	170	-7.109544
12.00	180	-7.096017
12.50	0	-8.302663
12.50	10	-8.28564
12.50	20	-8.236075
12.50	30	-8.158505
12.50	40	-8.058749
12.50	50	-7.943716
12.50	60	-7.81982
12.50	70	-7.692383
12.50	80	-7.565185
12.50	90	-7.440826
12.50	100	-7.32096
12.50	110	-7.206803
12.50	120	-7.099383
12.50	130	-7.000359
12.50	140	-6.911669
12.50	150	-6.836853
12.50	160	-6.779397
12.50	170	-6.743107
12.50	180	-6.730702
13.00	0	-7.819108
13.00	10	-7.804454
13.00	20	-7.761662
13.00	30	-7.69403
13.00	40	-7.606931
13.00	50	-7.505756
13.00	60	-7.395877
13.00	70	-7.282009
13.00	80	-7.167472
13.00	90	-7.054664
13.00	100	-6.945244
13.00	110	-6.840466
13.00	120	-6.741615
13.00	130	-6.650246
13.00	140	-6.568472
13.00	150	-6.499532
13.00	160	-6.44674
13.00	170	-6.413461
13.00	180	-6.402057
13.50	0	-7.38941
13.50	10	-7.376629
13.50	20	-7.339039
13.50	30	-7.279763
13.50	40	-7.202925
13.50	50	-7.113038
13.50	60	-7.014802
13.50	70	-6.91222
13.50	80	-6.808364
13.50	90	-6.705298
13.50	100	-6.605022
13.50	110	-6.508639
13.50	120	-6.417272
13.50	130	-6.33284
13.50	140	-6.257373
13.50	150	-6.193769
13.50	160	-6.145163
13.50	170	-6.1144
13.50	180	-6.103906
14.00	0	-7.004541
14.00	10	-6.99329
14.00	20	-6.959993
14.00	30	-6.907385
14.00	40	-6.838842
14.00	50	-6.758366
14.00	60	-6.669815
14.00	70	-6.576848
14.00	80	-6.482126
14.00	90	-6.387732
14.00	100	-6.295315
14.00	110	-6.20616
14.00	120	-6.121626
14.00	130	-6.043466
14.00	140	-5.973538
14.00	150	-5.914746
14.00	160	-5.869879
14.00	170	-5.84159
14.00	180	-5.831892
14.50	0	-6.657246
14.50	10	-6.647144
14.50	20	-6.617575
14.50	30	-6.570385
14.50	40	-6.508864
14.50	50	-6.436247
14.50	60	-6.355948
14.50	70	-6.271133
14.50	80	-6.184294
14.50	90	-6.097359
14.50	100	-6.011904
14.50	110	-5.929241
14.50	120	-5.850678
14.50	130	-5.778151
14.50	140	-5.713356
14.50	150	-5.658867
14.50	160	-5.617292
14.50	170	-5.591166
14.50	180	-5.582238
15.00	0	-6.341904
15.00	10	-6.332863
15.00	20	-6.306207
15.00	30	-6.263737
15.00	40	-6.208034
15.00	50	-6.141999
15.00	60	-6.068774
15.00	70	-5.991046
15.00	80	-5.911004
15.00	90	-5.830646
15.00	100	-5.751331
15.00	110	-5.674525
15.00	120	-5.601492
15.00	130	-5.533841
15.00	140	-5.473624
15.00	150	-5.423043
15.00	160	-5.384431
15.00	170	-5.360317
15.00	180	-5.35207
16.00	0	-5.789757
16.00	10	-5.78238
16.00	20	-5.760398
16.00	30	-5.725212
16.00	40	-5.678686
16.00	50	-5.623369
16.00	60	-5.561446
16.00	70	-5.495157
16.00	80	-5.426547
16.00	90	-5.357053
16.00	100	-5.288235
16.00	110	-5.221224
16.00	120	-5.157498
16.00	130	-5.098544
16.00	140	-5.046266
16.00	150	-5.002264
16.00	160	-4.968759
16.00	170	-4.947813
16.00	180	-4.940705
17.00	0	-5.321207
17.00	10	-5.314901
17.00	20	-5.296374
17.00	30	-5.266576
17.00	40	-5.227153
17.00	50	-5.179912
17.00	60	-5.126566
17.00	70	-5.069129
17.00	80	-5.009422
17.00	90	-4.948638
17.00	100	-4.888238
17.00	110	-4.829403
17.00	120	-4.773332
17.00	130	-4.721476
17.00	140	-4.675354
17.00	150	-4.636868
17.00	160	-4.607744
17.00	170	-4.589517
17.00	180	-4.583182
18.00	0	-4.917435
18.00	10	-4.912035
18.00	20	-4.896076
18.00	30	-4.870483
18.00	40	-4.836447
18.00	50	-4.795385
18.00	60	-4.748935
18.00	70	-4.698684
18.00	80	-4.646142
18.00	90	-4.592467
18.00	100	-4.53904
18.00	110	-4.486748
18.00	120	-4.436972
18.00	130	-4.390925
18.00	140	-4.350194
18.00	150	-4.316275
18.00	160	-4.290554
18.00	170	-4.274502
18.00	180	-4.269025
19.00	0	-4.56499
19.00	10	-4.560281
19.00	20	-4.546547
19.00	30	-4.524347
19.00	40	-4.49454
19.00	50	-4.458386
19.00	60	-4.417489
19.00	70	-4.37301
19.00	80	-4.326278
19.00	90	-4.278538
19.00	100	-4.230726
19.00	110	-4.184013
19.00	120	-4.139711
19.00	130	-4.09861
19.00	140	-4.062236
19.00	150	-4.031932
19.00	160	-4.009308
19.00	170	-3.995074
19.00	180	-3.990232
20.00	0	-4.254163
20.00	10	-4.25012
20.00	20	-4.237958
20.00	30	-4.218573
20.00	40	-4.192142
20.00	50	-4.160211
20.00	60	-4.123777
20.00	70	-4.084205
20.00	80	-4.042346
20.00	90	-3.999422
20.00	100	-3.956495
20.00	110	-3.914552
20.00	120	-3.874665
20.00	130	-3.837787
20.00	140	-3.805152
20.00	150	-3.777851
20.00	160	-3.757508
20.00	170	-3.744737
20.00	180	-3.740432
21.00	0	-3.978302
21.00	10	-3.974733
21.00	20	-3.963862
21.00	30	-3.946339
21.00	40	-3.922855
21.00	50	-3.894369
21.00	60	-3.861736
21.00	70	-3.826237
21.00	80	-3.788628
21.00	90	-3.749678
21.00	100	-3.711024
21.00	110	-3.672977
21.00	120	-3.636899
21.00	130	-3.603396
21.00	140	-3.573902
21.00	150	-3.549581
21.00	160	-3.531207
21.00	170	-3.519874
21.00	180	-3.515947
22.00	0	-3.730902
22.00	10	-3.727656
22.00	20	-3.718072
22.00	30	-3.702321
22.00	40	-3.681285
22.00	50	-3.655644
22.00	60	-3.626265
22.00	70	-3.594152
22.00	80	-3.559939
22.00	90	-3.52481
22.00	100	-3.489553
22.00	110	-3.455097
22.00	120	-3.422158
22.00	130	-3.391763
22.00	140	-3.365042
22.00	150	-3.342846
22.00	160	-3.326101
22.00	170	-3.315781
22.00	180	-3.312276
23.00	0	-3.508202
23.00	10	-3.505294
23.00	20	-3.496523
23.00	30	-3.482341
23.00	40	-3.463255
23.00	50	-3.439962
23.00	60	-3.413186
23.00	70	-3.38396
23.00	80	-3.352764
23.00	90	-3.320909
23.00	100	-3.288586
23.00	110	-3.257032
23.00	120	-3.227043
23.00	130	-3.199337
23.00	140	-3.175011
23.00	150	-3.154843
23.00	160	-3.139593
23.00	170	-3.130235
23.00	180	-3.127019
24.00	0	-3.306222
24.00	10	-3.303583
24.00	20	-3.295608
24.00	30	-3.282711
24.00	40	-3.265318
24.00	50	-3.244026
24.00	60	-3.219708
24.00	70	-3.192837
24.00	80	-3.164405
24.00	90	-3.135032
24.00	100	-3.105498
24.00	110	-3.076651
24.00	120	-3.049023
24.00	130	-3.023725
24.00	140	-3.001363
24.00	150	-2.983016
24.00	160	-2.969182
24.00	170	-2.960596
24.00	180	-2.957662
25.00	0	-3.122164
25.00	10	-3.11978
25.00	20	-3.112478
25.00	30	-3.100695
25.00	40	-3.084735
25.00	50	-3.065254
25.00	60	-3.04293
25.00	70	-3.018221
25.00	80	-2.992022
25.00	90	-2.965044
25.00	100	-2.937807
25.00	110	-2.91123
25.00	120	-2.885888
25.00	130	-2.862619
25.00	140	-2.842209
25.00	150	-2.825263
25.00	160	-2.812607
25.00	170	-2.804881
25.00	180	-2.802147
50.00	0	-1.017412
50.00	10	-1.016921
50.00	20	-1.015154
50.00	30	-1.012244
50.00	40	-1.008378
50.00	50	-1.00366
50.00	60	-0.998087
50.00	70	-0.991988
50.00	80	-0.985499
50.00	90	-0.978733
50.00	100	-0.971876
50.00	110	-0.965339
50.00	120	-0.959066
50.00	130	-0.953425
50.00	140	-0.94844
50.00	150	-0.944424
50.00	160	-0.94145
50.00	170	-0.939689
50.00	180	-0.938926
100.00	0	-0.019646
100.00	10	-0.019528
100.00	20	-0.019077
100.00	30	-0.01837
100.00	40	-0.017419
100.00	50	-0.016206
100.00	60	-0.014769
100.00	70	-0.013265
100.00	80	-0.011575
100.00	90	-0.009918
100.00	100	-0.00821
100.00	110	-0.006515
100.00	120	-0.004976
100.00	130	-0.003548
100.00	140	-0.002344
100.00	150	-0.001366
100.00	160	-0.00065
100.00	170	-0.000209
100.00	180	-0.0
