1.00,0.00,-7311179628450.5478515625000000
1.10,0.00,-4828704670914.4492187500000000
1.20,0.00,-3186567060128.0771484375000000
1.30,0.00,-2101088545542.8024902343750000
1.40,0.00,-1384117116287.3662109375000000
1.50,0.00,-910930822896.3796386718750000
1.60,0.00,-598904204213.9252929687500000
1.70,0.00,-393334812685.5388793945312500
1.80,0.00,-258031248251.6609497070312500
1.90,0.00,-169066269128.3479614257812500
2.00,0.00,-110632845888.3570404052734375
2.10,0.00,-72296787503.4910583496093750
2.20,0.00,-47176367274.0692062377929688
2.30,0.00,-30736933094.4182167053222656
2.40,0.00,-19993276230.1863174438476562
2.50,0.00,-12982198237.5657444000244141
2.60,0.00,-8414009390.7610378265380859
2.70,0.00,-5442440338.6135768890380859
2.80,0.00,-3512861606.4004869461059570
2.90,0.00,-2262249898.3862204551696777
3.00,0.00,-1453322056.0059149265289307
3.10,0.00,-931210327.8255333900451660
3.20,0.00,-594995384.5132502317428589
3.30,0.00,-379023235.3520978689193726
3.40,0.00,-240658361.6227408051490784
3.50,0.00,-152266268.8973599672317505
3.60,0.00,-95972119.8102000951766968
3.70,0.00,-60239286.6136064603924751
3.80,0.00,-37639437.1624855995178223
3.90,0.00,-23401654.3267541006207466
4.00,0.00,-14470137.1383498422801495
4.10,0.00,-8893395.9106387048959732
4.20,0.00,-5429148.3860057955607772
4.30,0.00,-3289315.7109201531857252
4.40,0.00,-1975836.8364306255243719
4.50,0.00,-1175231.5745883549097925
4.60,0.00,-691081.1655463253846392
4.70,0.00,-400921.9347731970483437
4.80,0.00,-228815.9034697744646110
4.90,0.00,-127959.7409556630009320
5.00,0.00,-69701.6534031368937576
5.10,0.00,-36635.0021196280213189
5.20,0.00,-18276.0238230330905935
5.30,0.00,-8372.9493091679578356
5.40,0.00,-3240.5145868673571385
5.50,0.00,-735.8306467546524345
5.60,0.00,366.7572120924950241
5.70,0.00,754.0918875796229486
5.80,0.00,801.0969313811177699
5.90,0.00,705.3122113569371550
6.00,0.00,565.6286878108904830
6.20,0.00,309.3098054372303523
6.40,0.00,143.2283394956568827
6.60,0.00,51.8771572026718104
6.80,0.00,5.7380809325474127
7.00,0.00,-15.9037076865809208
7.20,0.00,-24.8322595348335540
7.40,0.00,-27.2801907495887406
7.60,0.00,-26.5077849524520985
7.80,0.00,-24.2533474284504784
8.00,0.00,-21.4611200492171577
8.20,0.00,-18.6379437262750329
8.40,0.00,-16.0368561569077244
8.60,0.00,-13.7610738273701969
8.80,0.00,-11.8282138047424130
9.00,0.00,-10.2114090323110389
9.50,0.00,-7.2467276301891106
10.00,0.00,-5.2870217308883820
10.50,0.00,-3.9017683815261237
11.00,0.00,-2.8838185044812681
11.50,0.00,-2.1335046809718583
12.00,0.00,-1.5894117753132928
12.50,0.00,-1.2030617815307043
13.00,0.00,-0.9335237790772406
13.50,0.00,-0.7474388215563486
14.00,0.00,-0.6191375326512167
14.50,0.00,-0.5298754702016371
15.00,0.00,-0.4665281812337790
16.00,0.00,-0.3849999394275907
17.00,0.00,-0.3340677518723416
18.00,0.00,-0.2968711633014602
19.00,0.00,-0.2665978313881233
20.00,0.00,-0.2404761232824855
21.00,0.00,-0.2173135957455588
22.00,0.00,-0.1965307454052299
23.00,0.00,-0.1777904949893010
24.00,0.00,-0.1608575389684142
25.00,0.00,-0.1455447827465309
50.00,0.00,-0.0119467541757085
100.00,0.00,-0.0000804965964470
1.00,10.00,-6655000896252.3115234375000000
1.10,10.00,-4395804294714.1474609375000000
1.20,10.00,-2901223152129.4648437500000000
1.30,10.00,-1913182551879.4018554687500000
1.40,10.00,-1260499910701.1459960937500000
1.50,10.00,-829693331064.3023681640625000
1.60,10.00,-545577541533.5935058593750000
1.70,10.00,-358371592609.2078247070312500
1.80,10.00,-235137129696.4768676757812500
1.90,10.00,-154095449277.9297180175781250
2.00,10.00,-100857388851.6602478027343750
2.10,10.00,-65923614119.5668792724609375
2.20,10.00,-43028210207.0183944702148438
2.30,10.00,-28041771035.3782005310058594
2.40,10.00,-18245485121.8652801513671875
2.50,10.00,-11851078774.9118309020996094
2.60,10.00,-7683585485.5483160018920898
2.70,10.00,-4971880065.5700597763061523
2.80,10.00,-3210485533.4252629280090332
2.90,10.00,-2068482766.0766942501068115
3.00,10.00,-1329524846.5160739421844482
3.10,10.00,-852374433.0216199159622192
3.20,10.00,-544970267.2930823564529419
3.30,10.00,-347403906.2336254119873047
3.40,10.00,-220758793.8858840763568878
3.50,10.00,-139802252.0160243809223175
3.60,10.00,-88206858.7075656354427338
3.70,10.00,-55430328.7839624956250191
3.80,10.00,-34681461.9804359674453735
3.90,10.00,-21596324.6200095675885677
4.00,10.00,-13378207.4485507383942604
4.10,10.00,-8239950.9384670918807387
4.20,10.00,-5043074.4776000110432506
4.30,10.00,-3064770.8256393042393029
4.40,10.00,-1847816.0223480507265776
4.50,10.00,-1104135.5841924112755805
4.60,10.00,-653015.6856233236612752
4.70,10.00,-381630.5381830297410488
4.80,10.00,-219907.4148176738526672
4.90,10.00,-124577.5810863394581247
5.00,10.00,-69094.7022510696115205
5.10,10.00,-37288.7797305296116974
5.20,10.00,-19389.8076365835768229
5.30,10.00,-9548.8434762412525743
5.40,10.00,-4301.2353789702056019
5.50,10.00,-1619.8506247821771922
5.60,10.00,-335.8533053761023552
5.70,10.00,212.8727490816067700
5.80,10.00,393.2176743762370847
5.90,10.00,402.7642638171208773
6.00,10.00,343.8607141471297837
6.20,10.00,193.2001714657304490
6.40,10.00,84.0887587453801615
6.60,10.00,22.6984932084840061
6.80,10.00,-7.8715090800025136
7.00,10.00,-21.5039847220399523
7.20,10.00,-26.3962094315592992
7.40,10.00,-26.9068535577503667
7.60,10.00,-25.3053104193822058
7.80,10.00,-22.7959826545720574
8.00,10.00,-20.0313117287345648
8.20,10.00,-17.3588167941700071
8.40,10.00,-14.9467653813830896
8.60,10.00,-12.8560718282948407
8.80,10.00,-11.0859821391911186
9.00,10.00,-9.6042211030957603
9.50,10.00,-6.8690906797088518
10.00,10.00,-5.0366325742320646
10.50,10.00,-3.7276044060995508
11.00,10.00,-2.7607619638198591
11.50,10.00,-2.0471123862876026
12.00,10.00,-1.5296793033277929
12.50,10.00,-1.1624083899085524
13.00,10.00,-0.9061831981247592
13.50,10.00,-0.7291573842764999
14.00,10.00,-0.6068906614714134
14.50,10.00,-0.5215824182388333
15.00,10.00,-0.4607957049253307
16.00,10.00,-0.3819731098635373
17.00,10.00,-0.3321700794128498
18.00,10.00,-0.2954743701808753
19.00,10.00,-0.2654542825091212
20.00,10.00,-0.2394862271596991
21.00,10.00,-0.2164345201571667
22.00,10.00,-0.1957414675137411
23.00,10.00,-0.1770785929673747
24.00,10.00,-0.1602142184843673
25.00,10.00,-0.1449629898386098
50.00,10.00,-0.0118990150154647
100.00,10.00,-0.0000801749325155
1.00,20.00,-1487428098031.3530273437500000
1.10,20.00,-979452106860.9462890625000000
1.20,20.00,-644325593942.3863525390625000
1.30,20.00,-423425910440.8104248046875000
1.40,20.00,-277953772798.8664550781250000
1.50,20.00,-182247765261.1718444824218750
1.60,20.00,-119348169284.8753051757812500
1.70,20.00,-78054956367.8253936767578125
1.80,20.00,-50977824608.0556182861328125
1.90,20.00,-33244557589.3806991577148438
2.00,20.00,-21646008155.9004058837890625
2.10,20.00,-14070501024.5430946350097656
2.20,20.00,-9129960459.2464752197265625
2.30,20.00,-5912963533.6711931228637695
2.40,20.00,-3821762802.2040057182312012
2.50,20.00,-2464819695.3602757453918457
2.60,20.00,-1586006798.0324332714080811
2.70,20.00,-1018012795.1356018781661987
2.80,20.00,-651708117.1945323944091797
2.90,20.00,-416026344.9559382200241089
3.00,20.00,-264767181.9646059572696686
3.10,20.00,-167950532.3845361769199371
3.20,20.00,-106159738.8782771974802017
3.30,20.00,-66845788.7178219109773636
3.40,20.00,-41916356.3403054699301720
3.50,20.00,-26165553.9690885134041309
3.60,20.00,-16253000.3656262401491404
3.70,20.00,-10041268.1831474509090185
3.80,20.00,-6166759.9534816425293684
3.90,20.00,-3762362.7066559786908329
4.00,20.00,-2278607.4599074660800397
4.10,20.00,-1368631.0229086244944483
4.20,20.00,-814374.3604153780033812
4.30,20.00,-479371.3483575001591817
4.40,20.00,-278641.0509446454234421
4.50,20.00,-159551.8123331657261588
4.60,20.00,-89703.2597353652672609
4.70,20.00,-49283.0402438501841971
4.80,20.00,-26266.9518792745402607
4.90,20.00,-13419.1193554566325474
5.00,20.00,-6427.0604088351901737
5.10,20.00,-2749.0739445955132396
5.20,20.00,-906.5173236487516988
5.30,20.00,-52.4285503680132905
5.40,20.00,289.2402492027417793
5.50,20.00,379.7715932159532599
5.60,20.00,358.1712208948262059
5.70,20.00,295.2559351470878823
5.80,20.00,224.8085484926352819
5.90,20.00,161.1958765356601191
6.00,20.00,109.1050672527455276
6.20,20.00,38.6410663264440544
6.40,20.00,1.1345203226485210
6.60,20.00,-17.0837852172497477
6.80,20.00,-24.8254751043807218
7.00,20.00,-27.0248667239454861
7.20,20.00,-26.3610398779299189
7.40,20.00,-24.3130043797567268
7.60,20.00,-21.7158129506972699
7.80,20.00,-19.0379997155274410
8.00,20.00,-16.5267845145372085
8.20,20.00,-14.2929930937070271
8.40,20.00,-12.3659323543314041
8.60,20.00,-10.7302002939166137
8.80,20.00,-9.3498034004398427
9.00,20.00,-8.1829232549649387
9.50,20.00,-5.9550579597283955
10.00,20.00,-4.3836212021935959
10.50,20.00,-3.2343100733296883
11.00,20.00,-2.3896080616284840
11.50,20.00,-1.7776168352759327
12.00,20.00,-1.3429821551376420
12.50,20.00,-1.0396276800670288
13.00,20.00,-0.8301576034856124
13.50,20.00,-0.6857872241811689
14.00,20.00,-0.5854588238453116
14.50,20.00,-0.5143970890115366
15.00,20.00,-0.4625661980845169
16.00,20.00,-0.3923185402895724
17.00,20.00,-0.3449793650268317
18.00,20.00,-0.3083875565617992
19.00,20.00,-0.2776377410036863
20.00,20.00,-0.2506967251252542
21.00,20.00,-0.2266474273302649
22.00,20.00,-0.2050080994164618
23.00,20.00,-0.1854728422534087
24.00,20.00,-0.1678131344497678
25.00,20.00,-0.1518400570476819
50.00,20.00,-0.0124635913335680
100.00,20.00,-0.0000839790178238
1.00,30.00,-101835586641.3356323242187500
1.10,30.00,-66570566606.8462600708007812
1.20,30.00,-43456189059.3790283203125000
1.30,30.00,-28324991438.6712837219238281
1.40,30.00,-18432998555.0597610473632812
1.50,30.00,-11975302426.1851158142089844
1.60,30.00,-7765943048.9952411651611328
1.70,30.00,-5026530983.1006793975830078
1.80,30.00,-3246789747.0129051208496094
1.90,30.00,-2092629322.1358914375305176
2.00,30.00,-1345607787.0544183254241943
2.10,30.00,-863103446.9673302173614502
2.20,30.00,-552140054.9348666667938232
2.30,30.00,-352204181.1243630051612854
2.40,30.00,-223979049.9154853224754333
2.50,30.00,-141967046.9032824039459229
2.60,30.00,-89665221.2011833488941193
2.70,30.00,-56414874.5742896124720573
2.80,30.00,-35347505.6038987189531326
2.90,30.00,-22047777.2062087021768093
3.00,30.00,-13684741.8172442074865103
3.10,30.00,-8448392.3154993969947100
3.20,30.00,-5184970.0597124444320798
3.30,30.00,-3161428.3181158909574151
3.40,30.00,-1913663.7396696335636079
3.50,30.00,-1148967.9551010362338275
3.60,30.00,-683497.3842761960113421
3.70,30.00,-402306.5640168091049418
3.80,30.00,-233883.2365476532722823
3.90,30.00,-133978.4214471004670486
4.00,30.00,-75376.5947177023481345
4.10,30.00,-41449.8635867493576370
4.20,30.00,-22114.2802513391870889
4.30,30.00,-11305.3121382897552394
4.40,30.00,-5410.0927982911680374
4.50,30.00,-2299.5409040554918647
4.60,30.00,-734.7072004301362540
4.70,30.00,-5.3028788700712983
4.80,30.00,288.5972158151625990
4.90,30.00,367.1623032316518902
5.00,30.00,348.1169801422067849
5.10,30.00,291.9393225488948929
5.20,30.00,227.9003354554955934
5.30,30.00,168.8035781794265802
5.40,30.00,119.1489584286763659
5.50,30.00,79.5304902740963939
5.60,30.00,48.9188158718077943
5.70,30.00,25.7843348530789562
5.80,30.00,8.6047482384906822
5.90,30.00,-3.9402514852998038
6.00,30.00,-12.9232374885561185
6.20,30.00,-23.3821418842486359
6.40,30.00,-27.4570458335339502
6.60,30.00,-27.9325479605555849
6.80,30.00,-26.4853765492121696
7.00,30.00,-24.1325908789091237
7.20,30.00,-21.4792133298687666
7.40,30.00,-18.8651361182939681
7.60,30.00,-16.4606740802538845
7.80,30.00,-14.3320517381055677
8.00,30.00,-12.4862514492910943
8.20,30.00,-10.9005379014613535
8.40,30.00,-9.5406513695587840
8.60,30.00,-8.3710141062382704
8.80,30.00,-7.3596777425026056
9.00,30.00,-6.4800842369711340
9.50,30.00,-4.7299544523128088
10.00,30.00,-3.4606213188067159
10.50,30.00,-2.5436729774210707
11.00,30.00,-1.8912921584614169
11.50,30.00,-1.4349906961588421
12.00,30.00,-1.1200012739686498
12.50,30.00,-0.9038761272399994
13.00,30.00,-0.7551551149501785
13.50,30.00,-0.6514717544272975
14.00,30.00,-0.5774607012265076
14.50,30.00,-0.5228466409915383
15.00,30.00,-0.4808978353953197
16.00,30.00,-0.4191916400700281
17.00,30.00,-0.3732882237280319
18.00,30.00,-0.3355198874409816
19.00,30.00,-0.3027573736795637
20.00,30.00,-0.2736378382098898
21.00,30.00,-0.2474839321677341
22.00,30.00,-0.2238907634448739
23.00,30.00,-0.2025692854100547
24.00,30.00,-0.1832865793637748
25.00,30.00,-0.1658424611093073
50.00,30.00,-0.0136130603796323
100.00,30.00,-0.0000917240793333
1.00,40.00,-5350727085.5489330291748047
1.10,40.00,-3454490465.4381670951843262
1.20,40.00,-2225332325.2868385314941406
1.30,40.00,-1430146662.7371394634246826
1.40,40.00,-916791806.7122238874435425
1.50,40.00,-586123016.1801905632019043
1.60,40.00,-373638206.1911694407463074
1.70,40.00,-237447157.2902352511882782
1.80,40.00,-150395817.2269033193588257
1.90,40.00,-94917745.7016090154647827
2.00,40.00,-59673306.6887939199805260
2.10,40.00,-37359279.1562236249446869
2.20,40.00,-23283668.9898193329572678
2.30,40.00,-14440060.1794373355805874
2.40,40.00,-8907562.4712265897542238
2.50,40.00,-5462623.7890389394015074
2.60,40.00,-3328454.4502729955129325
2.70,40.00,-2013661.6244251250755042
2.80,40.00,-1208596.9883956788107753
2.90,40.00,-718958.1627074657008052
3.00,40.00,-423379.9904625218478031
3.10,40.00,-246434.5142153661581688
3.20,40.00,-141500.5018118045991287
3.30,40.00,-79935.6234045958553907
3.40,40.00,-44260.3854099987875088
3.50,40.00,-23886.6049246069851506
3.60,40.00,-12453.6051401561671810
3.70,40.00,-6175.9536035000455740
3.80,40.00,-2824.7129354062371931
3.90,40.00,-1103.4428491591334023
4.00,40.00,-268.8040836604654373
4.10,40.00,98.2124086585391751
4.20,40.00,228.9422191400962561
4.30,40.00,247.8088822996611498
4.40,40.00,219.4646276415935517
4.50,40.00,175.9103676216765848
4.60,40.00,131.8305035636903995
4.70,40.00,93.0833270842643259
4.80,40.00,61.2794634279270483
4.90,40.00,36.1671959319199701
5.00,40.00,16.8173986116796250
5.10,40.00,2.1713464212536713
5.20,40.00,-8.7359059428915735
5.30,40.00,-16.7077385008437886
5.40,40.00,-22.3858959342686639
5.50,40.00,-26.2746969512365851
5.60,40.00,-28.7697004766933624
5.70,40.00,-30.1830024320597232
5.80,40.00,-30.7630373034417843
5.90,40.00,-30.7091769069145855
6.00,40.00,-30.1822190940329556
6.20,40.00,-28.2026041161177510
6.40,40.00,-25.5814037212956684
6.60,40.00,-22.7869431959633459
6.80,40.00,-20.0867548812797807
7.00,40.00,-17.6138583431711275
7.20,40.00,-15.4169350379835404
7.40,40.00,-13.4965494515493667
7.60,40.00,-11.8295064154712151
7.80,40.00,-10.3838837376191346
8.00,40.00,-9.1273551243601503
8.20,40.00,-8.0310975329997234
8.40,40.00,-7.0710602308616917
8.60,40.00,-6.2278384790411598
8.80,40.00,-5.4859425351625912
9.00,40.00,-4.8329160058185776
9.50,40.00,-3.5258251072980213
10.00,40.00,-2.5897793002542002
10.50,40.00,-1.9310380863846577
11.00,40.00,-1.4747368753557688
11.50,40.00,-1.1618985456162745
12.00,40.00,-0.9479370419096322
12.50,40.00,-0.8005783658182185
13.00,40.00,-0.6973201689113665
13.50,40.00,-0.6229384534650079
14.00,40.00,-0.5673711830435140
14.50,40.00,-0.5240843245457398
15.00,40.00,-0.4888889187514068
16.00,40.00,-0.4331005517642652
17.00,40.00,-0.3884189882469860
18.00,40.00,-0.3501675115737191
19.00,40.00,-0.3163676656362479
20.00,40.00,-0.2860851539446088
21.00,40.00,-0.2587956011543203
22.00,40.00,-0.2341440159752048
23.00,40.00,-0.2118534569220400
24.00,40.00,-0.1916896922967673
25.00,40.00,-0.1734468129587080
50.00,40.00,-0.0142373142784201
100.00,40.00,-0.0000959302690173
1.00,50.00,-174124956.5888798832893372
1.10,50.00,-109810607.8845568299293518
1.20,50.00,-68977623.9935726374387741
1.30,50.00,-43143063.7996054515242577
1.40,50.00,-26859231.1165263094007969
1.50,50.00,-16637062.2119622733443975
1.60,50.00,-10248403.8527748174965382
1.70,50.00,-6274777.8032788094133139
1.80,50.00,-3816204.6296032387763262
1.90,50.00,-2303761.3586126090958714
2.00,50.00,-1379227.8838194785639644
2.10,50.00,-818024.6430271625285968
2.20,50.00,-480017.7757347389124334
2.30,50.00,-278216.2962826810544357
2.40,50.00,-158924.2348773734411225
2.50,50.00,-89204.1739779638155596
2.60,50.00,-48991.9910954288425273
2.70,50.00,-26159.8466306396039727
2.80,50.00,-13440.6244615481937217
2.90,50.00,-6522.5995409913793992
3.00,50.00,-2876.3140750706111248
3.10,50.00,-1037.2137571857922467
3.20,50.00,-170.3378473310718846
3.30,50.00,191.5546357935054687
3.40,50.00,303.9757748476981192
3.50,50.00,302.5793919339341755
3.60,50.00,256.5576676603376427
3.70,50.00,199.1946297630850609
3.80,50.00,145.0221577824883923
3.90,50.00,99.2308774028560094
4.00,50.00,62.6803126619226916
4.10,50.00,34.4609868314433996
4.20,50.00,13.1307043609450460
4.30,50.00,-2.7423248733667815
4.40,50.00,-14.3813374832972212
4.50,50.00,-22.7621124381402424
4.60,50.00,-28.6383628553389684
4.70,50.00,-32.5858284246877403
4.80,50.00,-35.0453303830695191
4.90,50.00,-36.3579042429973143
5.00,50.00,-36.7910078127031923
5.10,50.00,-36.5571092970417624
5.20,50.00,-35.8265520135715505
5.30,50.00,-34.7364496061589278
5.40,50.00,-33.3969791420820172
5.50,50.00,-31.8960341690975291
5.60,50.00,-30.3028631310815264
5.70,50.00,-28.6710711968483274
5.80,50.00,-27.0411973665377197
5.90,50.00,-25.4429758487481479
6.00,50.00,-23.8973326533486095
6.20,50.00,-21.0137364655320269
6.40,50.00,-18.4425891854786386
6.60,50.00,-16.1842320968072144
6.80,50.00,-14.2132841101933547
7.00,50.00,-12.4948719514848108
7.20,50.00,-10.9936508509687094
7.40,50.00,-9.6780418804687827
7.60,50.00,-8.5215997489627124
7.80,50.00,-7.5028631042202987
8.00,50.00,-6.6045517868909576
8.20,50.00,-5.8126077903966564
8.40,50.00,-5.1153275416453017
8.60,50.00,-4.5026801542895072
8.80,50.00,-3.9658222861043426
9.00,50.00,-3.4967810016418142
9.50,50.00,-2.5744180095574021
10.00,50.00,-1.9328229680751825
10.50,50.00,-1.4925505077250829
11.00,50.00,-1.1923886050160379
11.50,50.00,-0.9872963520982775
12.00,50.00,-0.8454567857298985
12.50,50.00,-0.7451262242808350
13.00,50.00,-0.6718243678967032
13.50,50.00,-0.6160962396207506
14.00,50.00,-0.5718577013894653
14.50,50.00,-0.5352336802810217
15.00,50.00,-0.5037716926842358
16.00,50.00,-0.4507097024786670
17.00,50.00,-0.4059134496503672
18.00,50.00,-0.3665798495225239
19.00,50.00,-0.3314344240737142
20.00,50.00,-0.2997981054137131
21.00,50.00,-0.2712331130707817
22.00,50.00,-0.2454088234459309
23.00,50.00,-0.2220502840142476
24.00,50.00,-0.2009176384442372
25.00,50.00,-0.1817971469502472
50.00,50.00,-0.0149227819820348
100.00,50.00,-0.0001005489140739
1.00,60.00,-11575784.0270235147327185
1.10,60.00,-7080926.8349366588518023
1.20,60.00,-4300952.7992408648133278
1.30,60.00,-2591840.3876091670244932
1.40,60.00,-1548024.3683273978531361
1.50,60.00,-915222.1250081423204392
1.60,60.00,-534766.5455560162663460
1.70,60.00,-308174.0568427228718065
1.80,60.00,-174672.1066681808733847
1.90,60.00,-97001.0921536152745830
2.00,60.00,-52481.9013157406152459
2.10,60.00,-27422.2323447246490105
2.20,60.00,-13631.5841163892546319
2.30,60.00,-6262.2585028734201842
2.40,60.00,-2480.2390673085010349
2.50,60.00,-652.7098929655035136
2.60,60.00,144.6708891777863641
2.70,60.00,423.8899514123174299
2.80,60.00,460.6973719498984678
2.90,60.00,398.0924519965948889
3.00,60.00,306.2658089450017656
3.10,60.00,216.7246143602417590
3.20,60.00,141.3091610956910245
3.30,60.00,82.5039711552158508
3.40,60.00,38.8273568837723175
3.50,60.00,7.5043465244658094
3.60,60.00,-14.3138215885758147
3.70,60.00,-29.0750020527487187
3.80,60.00,-38.7092826679554491
3.90,60.00,-44.6661552981605041
4.00,60.00,-48.0037822075788938
4.10,60.00,-49.4833749686004154
4.20,60.00,-49.6501173682144170
4.30,60.00,-48.8958553302382057
4.40,60.00,-47.5047888705567871
4.50,60.00,-45.6854767059659750
4.60,60.00,-43.5926993995004892
4.70,60.00,-41.3422197614165157
4.80,60.00,-39.0207711703977509
4.90,60.00,-36.6929369843957147
5.00,60.00,-34.4060442600675600
5.10,60.00,-32.1937956504279938
5.20,60.00,-30.0790866494448217
5.30,60.00,-28.0762740015413925
5.40,60.00,-26.1930484580790832
5.50,60.00,-24.4319990415241790
5.60,60.00,-22.7919198496419462
5.70,60.00,-21.2688923557442919
5.80,60.00,-19.8571682121148321
5.90,60.00,-18.5498747276007130
6.00,60.00,-17.3395644902009920
6.20,60.00,-15.1796070817772861
6.40,60.00,-13.3193083939275443
6.60,60.00,-11.7079038781146316
6.80,60.00,-10.3036847590890286
7.00,60.00,-9.0736508222384362
7.20,60.00,-7.9921564053759466
7.40,60.00,-7.0392754591330924
7.60,60.00,-6.1992778137551303
7.80,60.00,-5.4593863617114637
8.00,60.00,-4.8088524176387466
8.20,60.00,-4.2383181129873710
8.40,60.00,-3.7394072570617345
8.60,60.00,-3.3044821376401039
8.80,60.00,-2.9265113475132605
9.00,60.00,-2.5990055859699224
9.50,60.00,-1.9630576105759587
10.00,60.00,-1.5268232901748986
10.50,60.00,-1.2291403959510938
11.00,60.00,-1.0252236499195320
11.50,60.00,-0.8835755096868377
12.00,60.00,-0.7827489624927333
12.50,60.00,-0.7085024155581020
13.00,60.00,-0.6515570501687377
13.50,60.00,-0.6059513294700540
14.00,60.00,-0.5678918682528969
14.50,60.00,-0.5349786838412616
15.00,60.00,-0.5056960718018824
16.00,60.00,-0.4545310027617445
17.00,60.00,-0.4101481523940598
18.00,60.00,-0.3707001009817782
19.00,60.00,-0.3352693286128818
20.00,60.00,-0.3033074752390559
21.00,60.00,-0.2744230485276148
22.00,60.00,-0.2483005470820476
23.00,60.00,-0.2246687936704500
24.00,60.00,-0.2032876889851413
25.00,60.00,-0.1839419241588875
50.00,60.00,-0.0150988510237281
100.00,60.00,-0.0001017352579450
1.00,70.00,-1392271.4349126780871302
1.10,70.00,-808959.1289033037610352
1.20,70.00,-462113.7985786676872522
1.30,70.00,-258411.1904053653997835
1.40,70.00,-140540.3322025440575089
1.50,70.00,-73570.4955187346931780
1.60,70.00,-36393.9993485762315686
1.70,70.00,-16382.1803523571434198
1.80,70.00,-6066.7975689884706298
1.90,70.00,-1092.2156622698364572
2.00,70.00,1039.2470169475241164
2.10,70.00,1729.7784239804009303
2.20,70.00,1745.0959422409027866
2.30,70.00,1487.7808752304815698
2.40,70.00,1157.9399047953368154
2.50,70.00,846.1661555377296509
2.60,70.00,586.2881449680050991
2.70,70.00,384.5604213208665101
2.80,70.00,235.2824768498194032
2.90,70.00,128.7622206950655652
3.00,70.00,55.0781233039989857
3.10,70.00,5.6206838797060383
3.20,70.00,-26.4766950984949503
3.30,70.00,-46.4137790315989562
3.40,70.00,-57.9918454620402883
3.50,70.00,-63.9204730234479328
3.60,70.00,-66.0955309682691450
3.70,70.00,-65.8255553070611086
3.80,70.00,-64.0048377496768950
3.90,70.00,-61.2402949012645550
4.00,70.00,-57.9416766057038117
4.10,70.00,-54.3842845970897315
4.20,70.00,-50.7518785406947117
4.30,70.00,-47.1657218563388270
4.40,70.00,-43.7041524954603133
4.50,70.00,-40.4157890248791887
4.60,70.00,-37.3285126649121679
4.70,70.00,-34.4556623691802741
4.80,70.00,-31.8003880745469800
4.90,70.00,-29.3587737661907298
5.00,70.00,-27.1221220693144325
5.10,70.00,-25.0786506098739110
5.20,70.00,-23.2147614231433366
5.30,70.00,-21.5159898093891186
5.40,70.00,-19.9677056254481897
5.50,70.00,-18.5556197014570614
5.60,70.00,-17.2661355253094690
5.70,70.00,-16.0865782275097509
5.80,70.00,-15.0053272536619922
5.90,70.00,-14.0118748128681023
6.00,70.00,-13.0968286418321096
6.20,70.00,-11.4697113327170328
6.40,70.00,-10.0691150369383120
6.60,70.00,-8.8535789950872044
6.80,70.00,-7.7920957133657414
7.00,70.00,-6.8614047515608094
7.20,70.00,-6.0437576086908900
7.40,70.00,-5.3252066075191546
7.60,70.00,-4.6943736965647123
7.80,70.00,-4.1416128698989398
8.00,70.00,-3.6584708985320713
8.20,70.00,-3.2373596616127842
8.40,70.00,-2.8713693524749653
8.60,70.00,-2.5541692029688692
8.80,70.00,-2.2799580293259041
9.00,70.00,-2.0434396108893051
9.50,70.00,-1.5866723444073938
10.00,70.00,-1.2742409131549541
10.50,70.00,-1.0599913900558955
11.00,70.00,-0.9112106086034354
11.50,70.00,-0.8054805370260580
12.00,70.00,-0.7278391274983589
12.50,70.00,-0.6684999115550511
13.00,70.00,-0.6211565413597204
13.50,70.00,-0.5817875193636242
14.00,70.00,-0.5478447769387857
14.50,70.00,-0.5177177338045650
15.00,70.00,-0.4903864053034938
16.00,70.00,-0.4417387061809669
17.00,70.00,-0.3989677375713868
18.00,70.00,-0.3607297774400958
19.00,70.00,-0.3263017893942728
20.00,70.00,-0.2952132191812153
21.00,70.00,-0.2671063980320656
22.00,70.00,-0.2416828689210153
23.00,70.00,-0.2186818650420140
24.00,70.00,-0.1978708578100981
25.00,70.00,-0.1790407072472231
50.00,70.00,-0.0146965422124305
100.00,70.00,-0.0000990245224972
1.00,80.00,-650895.3190860492177308
1.10,80.00,-365540.8446100152796134
1.20,80.00,-199679.3835747941920999
1.30,80.00,-104991.3894918469013646
1.40,80.00,-52158.8355945650619105
1.50,80.00,-23562.9729168553822092
1.60,80.00,-8734.3585308981109847
1.70,80.00,-1534.8878276218902101
1.80,80.00,1575.6027264405468031
1.90,80.00,2597.3237307040258202
2.00,80.00,2630.5193099156426797
2.10,80.00,2258.5727834391764191
2.20,80.00,1774.5138396419506535
2.30,80.00,1312.9461699204259730
2.40,80.00,925.4734005038116038
2.50,80.00,622.8079398813539456
2.60,80.00,397.5431719131415775
2.70,80.00,235.9235238893349162
2.80,80.00,123.5134575329812350
2.90,80.00,47.5993286358185728
3.00,80.00,-2.0716513078462633
3.10,80.00,-33.3321920468350186
3.20,80.00,-51.9476204635153067
3.30,80.00,-62.0465234953380076
3.40,80.00,-66.5230991274649455
3.50,80.00,-67.3718312284899525
3.60,80.00,-65.9478767376786834
3.70,80.00,-63.1608657295102134
3.80,80.00,-59.6145913648741086
3.90,80.00,-55.7052748166432750
4.00,80.00,-51.6893964476927223
4.10,80.00,-47.7298463847887149
4.20,80.00,-43.9269987246991178
4.30,80.00,-40.3395024688499504
4.40,80.00,-36.9981644989455063
4.50,80.00,-33.9152436822159942
4.60,80.00,-31.0907169321862433
4.70,80.00,-28.5165497323894179
4.80,80.00,-26.1796448045442141
4.90,80.00,-24.0639043431920072
5.00,80.00,-22.1516862213603041
5.10,80.00,-20.4248355179508323
5.20,80.00,-18.8654103635431447
5.30,80.00,-17.4561822420189721
5.40,80.00,-16.1809667153465924
5.50,80.00,-15.0248253428432665
5.60,80.00,-13.9741697368059707
5.70,80.00,-13.0167920235515027
5.80,80.00,-12.1418411527692118
5.90,80.00,-11.3397607709219148
6.00,80.00,-10.6022013371546997
6.20,80.00,-9.2926523541440940
6.40,80.00,-8.1664541464898921
6.60,80.00,-7.1892174901031050
6.80,80.00,-6.3357237057775269
7.00,80.00,-5.5872974658472820
7.20,80.00,-4.9297805416498823
7.40,80.00,-4.3520553329610427
7.60,80.00,-3.8450228531393487
7.80,80.00,-3.4009297974162500
8.00,80.00,-3.0129479071723670
8.20,80.00,-2.6749256181788903
8.40,80.00,-2.3812506056888276
8.60,80.00,-2.1267789328772517
8.80,80.00,-1.9068006225090499
9.00,80.00,-1.7170222966983082
9.50,80.00,-1.3501440347137188
10.00,80.00,-1.0983984458597247
10.50,80.00,-0.9247795447852757
11.00,80.00,-0.8031816917435387
11.50,80.00,-0.7157830417804801
12.00,80.00,-0.6507238269394899
12.50,80.00,-0.6002630759194213
13.00,80.00,-0.5594192547240059
13.50,80.00,-0.5250175289644859
14.00,80.00,-0.4950457548882367
14.50,80.00,-0.4682304665082844
15.00,80.00,-0.4437630830379247
16.00,80.00,-0.3999812185219956
17.00,80.00,-0.3613430838066149
18.00,80.00,-0.3267443870881209
19.00,80.00,-0.2955722322867925
20.00,80.00,-0.2674159615593102
21.00,80.00,-0.2419573437368607
22.00,80.00,-0.2189281474970098
23.00,80.00,-0.1980929405731100
24.00,80.00,-0.1792413753402249
25.00,80.00,-0.1621841084374582
50.00,80.00,-0.0133128713599556
100.00,80.00,-0.0000897014216290
1.00,90.00,-606245.3743859909009188
1.10,90.00,-340727.6649372372776270
1.20,90.00,-186288.8839612799638417
1.30,90.00,-98054.1907597037788946
1.40,90.00,-48779.7296668821218191
1.50,90.00,-22082.8227952148299664
1.60,90.00,-8221.7560617103354161
1.70,90.00,-1480.6998933203067281
1.80,90.00,1439.7862738047274433
1.90,90.00,2405.7187233333347649
2.00,90.00,2444.6932836280807351
2.10,90.00,2102.3287828575103049
2.20,90.00,1653.1857331321473339
2.30,90.00,1223.7301533523957460
2.40,90.00,862.7108731814586235
2.50,90.00,580.5001182511488196
2.60,90.00,370.4020712397704074
2.70,90.00,219.6890289930618394
2.80,90.00,114.9327007821963065
2.90,90.00,44.2748302210934455
3.00,90.00,-1.8639634747149250
3.10,90.00,-30.8105356570691811
3.20,90.00,-47.9619212087296987
3.30,90.00,-57.1842180422915547
3.40,90.00,-61.1871494063709775
3.50,90.00,-61.8366125062389784
3.60,90.00,-60.3984334346185321
3.70,90.00,-57.7201446244184737
3.80,90.00,-54.3622237406351445
3.90,90.00,-50.6905345514297281
4.00,90.00,-46.9401952065511736
4.10,90.00,-43.2590475075639134
4.20,90.00,-39.7369134153239330
4.30,90.00,-36.4251413538669340
4.40,90.00,-33.3496216662600560
4.50,90.00,-30.5194614327949658
4.60,90.00,-27.9327964452700961
4.70,90.00,-25.5807201460635802
4.80,90.00,-23.4499699927179357
4.90,90.00,-21.5247856084045175
5.00,90.00,-19.7882054553572750
5.10,90.00,-18.2229741131329490
5.20,90.00,-16.8121724737901879
5.30,90.00,-15.5396458365434036
5.40,90.00,-14.3902816595358907
5.50,90.00,-13.3501741684736785
5.60,90.00,-12.4067036782312830
5.70,90.00,-11.5485522237126386
5.80,90.00,-10.7656726462750783
5.90,90.00,-10.0492249065085577
6.00,90.00,-9.3914906850525348
6.20,90.00,-8.2263022361802900
6.40,90.00,-7.2269492218662759
6.60,90.00,-6.3617089718299500
6.80,90.00,-5.6073554203149163
7.00,90.00,-4.9467365710548554
7.20,90.00,-4.3669053731100966
7.40,90.00,-3.8577546980113020
7.60,90.00,-3.4110687044041645
7.80,90.00,-3.0198944696578600
8.00,90.00,-2.6781457829560757
8.20,90.00,-2.3803662333186777
8.40,90.00,-2.1215955802382473
8.60,90.00,-1.8972988615418895
8.80,90.00,-1.7033304805441276
9.00,90.00,-1.5359153449018459
9.50,90.00,-1.2119695849836694
10.00,90.00,-0.9893029754296505
10.50,90.00,-0.8354021108384431
11.00,90.00,-0.7273210247755106
11.50,90.00,-0.6493871254824289
12.00,90.00,-0.5911658015441165
12.50,90.00,-0.5458431424566054
13.00,90.00,-0.5090322133588088
13.50,90.00,-0.4779357859585133
14.00,90.00,-0.4507800440743044
14.50,90.00,-0.4264415624992418
15.00,90.00,-0.4042063518313372
16.00,90.00,-0.3643734219653209
17.00,90.00,-0.3291921711880356
18.00,90.00,-0.2976782827449342
19.00,90.00,-0.2692814424026225
20.00,90.00,-0.2436305006066147
21.00,90.00,-0.2204366313982197
22.00,90.00,-0.1994558664906429
23.00,90.00,-0.1804738631420245
24.00,90.00,-0.1632990377429008
25.00,90.00,-0.1477589080031443
50.00,90.00,-0.0121287801044509
100.00,90.00,-0.0000817230775074
1.00,100.00,-957916.6440583970397711
1.10,100.00,-553528.0093347525689751
1.20,100.00,-313901.9904540078132413
1.30,100.00,-173794.3187233947683126
1.40,100.00,-93194.8080434023431735
1.50,100.00,-47760.3880730255914386
1.60,100.00,-22813.7384721321031975
1.70,100.00,-9598.1578586278683360
1.80,100.00,-2953.9728022874728595
1.90,100.00,113.6887369907747569
2.00,100.00,1311.1727586547096962
2.10,100.00,1587.8884529387134990
2.20,100.00,1455.6307013231894416
2.30,100.00,1178.1833669252660002
2.40,100.00,882.3469337739528555
2.50,100.00,621.8577032070261339
2.60,100.00,413.4061485985041031
2.70,100.00,256.3715209829798027
2.80,100.00,143.2237081744181637
2.90,100.00,64.6984757531468659
3.00,100.00,12.1342123433686844
3.10,100.00,-21.6675878252603553
3.20,100.00,-42.3002683114397442
3.30,100.00,-53.9207888177277681
3.40,100.00,-59.5205377010847769
3.50,100.00,-61.1991825123453950
3.60,100.00,-60.4009928742530136
3.70,100.00,-58.1024943563307232
3.80,100.00,-54.9538360273434066
3.90,100.00,-51.3814154674358718
4.00,100.00,-47.6603356604889754
4.10,100.00,-43.9644697886708897
4.20,100.00,-40.4004776914664205
4.30,100.00,-37.0306291136101393
4.40,100.00,-33.8879883106739399
4.50,100.00,-30.9864759854747263
4.60,100.00,-28.3275413656059136
4.70,100.00,-25.9046107582224963
4.80,100.00,-23.7060824903556764
4.90,100.00,-21.7173683703255271
5.00,100.00,-19.9223027214582906
5.10,100.00,-18.3041238109555309
5.20,100.00,-16.8461585971245960
5.30,100.00,-15.5322955657505730
5.40,100.00,-14.3473019907928023
5.50,100.00,-13.2770245367325632
5.60,100.00,-12.3085013733731650
5.70,100.00,-11.4300071621323589
5.80,100.00,-10.6310477282620983
5.90,100.00,-9.9023179769312950
6.00,100.00,-9.2356340926528215
6.20,100.00,-8.0607581962108892
6.40,100.00,-7.0599670872453313
6.60,100.00,-6.1987873490862873
6.80,100.00,-5.4518375567485098
7.00,100.00,-4.8003696708699346
7.20,100.00,-4.2303191400180271
7.40,100.00,-3.7308439094093973
7.60,100.00,-3.2932825568029100
7.80,100.00,-2.9104446668312574
8.00,100.00,-2.5761487625906501
8.20,100.00,-2.2849349012715900
8.40,100.00,-2.0318941293627448
8.60,100.00,-1.8125717818355671
8.80,100.00,-1.6229143509923027
9.00,100.00,-1.4592397544305249
9.50,100.00,-1.1427025358356564
10.00,100.00,-0.9255130512081368
10.50,100.00,-0.7759013560842480
11.00,100.00,-0.6713774406517964
11.50,100.00,-0.5965356580457420
12.00,100.00,-0.5410943588303241
12.50,100.00,-0.4983270423879512
13.00,100.00,-0.4638974461560807
13.50,100.00,-0.4350386639481654
14.00,100.00,-0.4099959402553777
14.50,100.00,-0.3876586275091659
15.00,100.00,-0.3673219478322122
16.00,100.00,-0.3310054369125903
17.00,100.00,-0.2990018267683870
18.00,100.00,-0.2703617373536619
19.00,100.00,-0.2445647021630632
20.00,100.00,-0.2212659755331279
21.00,100.00,-0.2002004111442921
22.00,100.00,-0.1811453914476955
23.00,100.00,-0.1639058654079691
24.00,100.00,-0.1483076953711999
25.00,100.00,-0.1341941811843406
50.00,100.00,-0.0110153195618543
100.00,100.00,-0.0000742206393858
1.00,110.00,-815463.5492156347027048
1.10,110.00,-464271.5320535736973397
1.20,110.00,-257874.2095662470092066
1.30,110.00,-138507.3030288619338535
1.40,110.00,-70856.8626053889456671
1.50,110.00,-33519.1157632847680361
1.60,110.00,-13650.8766986200935207
1.70,110.00,-3636.7806954400925861
1.80,110.00,974.3068981975740144
1.90,110.00,2738.1727328176934861
2.00,110.00,3089.2910558235375902
2.10,110.00,2808.6628371717151822
2.20,110.00,2303.5398519121426943
2.30,110.00,1772.5236114130848364
2.40,110.00,1301.4826844723722843
2.50,110.00,918.1831650859559204
2.60,110.00,622.6105278032118804
2.70,110.00,403.2150588776207769
2.80,110.00,245.1756145538260796
2.90,110.00,134.2610082141507633
3.00,110.00,58.3545907000579760
3.10,110.00,7.8077019380551791
3.20,110.00,-24.7394228471693545
3.30,110.00,-44.7337983872064626
3.40,110.00,-56.1175785809466490
3.50,110.00,-61.6949319937071365
3.60,110.00,-63.4332193131958206
3.70,110.00,-62.6970200554903272
3.80,110.00,-60.4233842436890569
3.90,110.00,-57.2496378280421965
4.00,110.00,-53.6047741166066132
4.10,110.00,-49.7738573479273398
4.20,110.00,-45.9429302968616824
4.30,110.00,-42.2301077290411584
4.40,110.00,-38.7070232192383514
4.50,110.00,-35.4136100402003606
4.60,110.00,-32.3683066106594026
4.70,110.00,-29.5751304447517143
4.80,110.00,-27.0286066405273253
4.90,110.00,-24.7172191663796497
5.00,110.00,-22.6258362962980790
5.10,110.00,-20.7374154336027985
5.20,110.00,-19.0341950928029569
5.30,110.00,-17.4985171510612361
5.40,110.00,-16.1133796105531921
5.50,110.00,-14.8627915232766785
5.60,110.00,-13.7319824105165615
5.70,110.00,-12.7075051787363229
5.80,110.00,-11.7772620795228313
5.90,110.00,-10.9304763438280865
6.00,110.00,-10.1576269009423861
6.20,110.00,-8.8013847411137025
6.40,110.00,-7.6538298669792688
6.60,110.00,-6.6738616153971515
6.80,110.00,-5.8307797290348260
7.00,110.00,-5.1015544497454828
7.20,110.00,-4.4686604045948721
7.40,110.00,-3.9184480689813066
7.60,110.00,-3.4399727381905496
7.80,110.00,-3.0241845577468762
8.00,110.00,-2.6633874233662906
8.20,110.00,-2.3508883983133546
8.40,110.00,-2.0807760085473133
8.60,110.00,-1.8477817215441978
8.80,110.00,-1.6471924329982706
9.00,110.00,-1.4747923965535026
9.50,110.00,-1.1434668053731072
10.00,110.00,-0.9180521116492502
10.50,110.00,-0.7640107771010289
11.00,110.00,-0.6572493890298602
11.50,110.00,-0.5814336827107495
12.00,110.00,-0.5257432517447889
12.50,110.00,-0.4831381330118485
13.00,110.00,-0.4490991396202810
13.50,110.00,-0.4207523854122791
14.00,110.00,-0.3962805255910244
14.50,110.00,-0.3745363916682034
15.00,110.00,-0.3547940570015474
16.00,110.00,-0.3196269057756083
17.00,110.00,-0.2886904555070197
18.00,110.00,-0.2610258888338177
19.00,110.00,-0.2361151729626867
20.00,110.00,-0.2136197524633584
21.00,110.00,-0.1932815383400340
22.00,110.00,-0.1748848320014640
23.00,110.00,-0.1582410385541831
24.00,110.00,-0.1431819339402613
25.00,110.00,-0.1295561952493483
50.00,110.00,-0.0106346102005606
100.00,110.00,-0.0000716554398873
1.00,120.00,-3934784.3690984649583697
1.10,120.00,-2371522.4902367335744202
1.20,120.00,-1415304.3291198431979865
1.30,120.00,-834931.9853106603259221
1.40,120.00,-485796.5410721422522329
1.50,120.00,-277920.9602373581146821
1.60,120.00,-155645.8454483160167001
1.70,120.00,-84764.3782160670089070
1.80,120.00,-44408.1297368150117109
1.90,120.00,-21952.3221313322646893
2.00,120.00,-9832.8366189654188929
2.10,120.00,-3568.5857019607688017
2.20,120.00,-540.3773743726477505
2.30,120.00,757.8622085805842516
2.40,120.00,1174.5973939551058720
2.50,120.00,1175.2726601593342366
2.60,120.00,1006.0959411621249728
2.70,120.00,790.5144998740461233
2.80,120.00,585.1931934988060675
2.90,120.00,411.8957137039340637
3.00,120.00,275.2159289849841457
3.10,120.00,172.1326352033166245
3.20,120.00,96.9329840303761756
3.30,120.00,43.5795025636110580
3.40,120.00,6.7144313745949002
3.50,120.00,-18.0265182728109394
3.60,120.00,-34.0231127177523831
3.70,120.00,-43.8085775607713970
3.80,120.00,-49.2403843237177057
3.90,120.00,-51.6604524780283541
4.00,120.00,-52.0288018260735825
4.10,120.00,-51.0279988069557859
4.20,120.00,-49.1414734279161820
4.30,120.00,-46.7106481854267770
4.40,120.00,-43.9758600331337703
4.50,120.00,-41.1053553953810962
4.60,120.00,-38.2157399229917871
4.70,120.00,-35.3864169752997881
4.80,120.00,-32.6698445872979306
4.90,120.00,-30.0988967912289382
5.00,120.00,-27.6922151732050210
5.10,120.00,-25.4581528505175179
5.20,120.00,-23.3977174730511592
5.30,120.00,-21.5067880386137738
5.40,120.00,-19.7777930209142347
5.50,120.00,-18.2009801810053062
5.60,120.00,-16.7653712092515654
5.70,120.00,-15.4594699531953825
5.80,120.00,-14.2717767045172188
5.90,120.00,-13.1911497857013753
6.00,120.00,-12.2070475694991121
6.20,120.00,-10.4900770427808734
6.40,120.00,-9.0525893305671481
6.60,120.00,-7.8395909144947655
6.80,120.00,-6.8080280852291155
7.00,120.00,-5.9247331852726575
7.20,120.00,-5.1642842394373796
7.40,120.00,-4.5070944580452306
7.60,120.00,-3.9378546904742451
7.80,120.00,-3.4443413422172338
8.00,120.00,-3.0165473074988540
8.20,120.00,-2.6460729267400698
8.40,120.00,-2.3257127309411540
8.60,120.00,-2.0491818236172730
8.80,120.00,-1.8109371420168896
9.00,120.00,-1.6060602310969270
9.50,120.00,-1.2123443602995034
10.00,120.00,-0.9453312356618406
10.50,120.00,-0.7643985452788126
11.00,120.00,-0.6408570304829667
11.50,120.00,-0.5550255725949027
12.00,120.00,-0.4937354450930890
12.50,120.00,-0.4483507687191985
13.00,120.00,-0.4132955621158698
13.50,120.00,-0.3850105579223983
14.00,120.00,-0.3612413379694952
14.50,120.00,-0.3405659111579231
15.00,120.00,-0.3220877044881741
16.00,120.00,-0.2896577818412068
17.00,120.00,-0.2614337190613483
18.00,120.00,-0.2363112917159541
19.00,120.00,-0.2137333907562316
20.00,120.00,-0.1933608383518117
21.00,120.00,-0.1749479210342110
22.00,120.00,-0.1582949339974139
23.00,120.00,-0.1432295265397591
24.00,120.00,-0.1295988268013104
25.00,120.00,-0.1172656440557651
50.00,120.00,-0.0096257376453296
100.00,120.00,-0.0000648577100813
1.00,130.00,-47450032.9494542628526688
1.10,130.00,-29762461.4427014924585819
1.20,130.00,-18584417.1946344301104546
1.30,130.00,-11547645.1992097627371550
1.40,130.00,-7136577.6504783052951097
1.50,130.00,-4384194.1180329322814941
1.60,130.00,-2675449.8297876268625259
1.70,130.00,-1620515.4607700069900602
1.80,130.00,-973234.4751277429750189
1.90,130.00,-578805.8553427089937031
2.00,130.00,-340312.7414420047425665
2.10,130.00,-197373.8181763219472487
2.20,130.00,-112571.9821320887422189
2.30,130.00,-62858.1286647411106969
2.40,130.00,-34127.6057818718691124
2.50,130.00,-17813.0570219266519416
2.60,130.00,-8754.0633367498430744
2.70,130.00,-3872.0183460281346015
2.80,130.00,-1350.6006708674544825
2.90,130.00,-132.1678341803603303
3.00,130.00,389.5025845560544440
3.10,130.00,555.1653742401545060
3.20,130.00,551.6120988172134503
3.30,130.00,477.8260732544245570
3.40,130.00,383.7466258169826006
3.50,130.00,292.6497062189554299
3.60,130.00,213.8385746758992809
3.70,130.00,149.6790766869076208
3.80,130.00,99.3863339627982185
3.90,130.00,60.9815353692091122
4.00,130.00,32.2432267279944753
4.10,130.00,11.1239622988121898
4.20,130.00,-4.1044540698985763
4.30,130.00,-14.8339957693093591
4.40,130.00,-22.1567215940934901
4.50,130.00,-26.9171525335016213
4.60,130.00,-29.7637969281111374
4.70,130.00,-31.1933432740736514
4.80,130.00,-31.5860716786679738
4.90,130.00,-31.2332025554756569
5.00,130.00,-30.3576273924968802
5.10,130.00,-29.1295237582699222
5.20,130.00,-27.6781475440819911
5.30,130.00,-26.1008169212030658
5.40,130.00,-24.4698416776818419
5.50,130.00,-22.8379392717184651
5.60,130.00,-21.2425191984141222
5.70,130.00,-19.7091031924127584
5.80,130.00,-18.2540702681424385
5.90,130.00,-16.8868628967919250
6.00,130.00,-15.6117557200451316
6.20,130.00,-13.3372619403083519
6.40,130.00,-11.4079825601641662
6.60,130.00,-9.7822210020034017
6.80,130.00,-8.4136065755877212
7.00,130.00,-7.2585277103547350
7.20,130.00,-6.2792895098026147
7.40,130.00,-5.4448484604298537
7.60,130.00,-4.7303248126797044
7.80,130.00,-4.1160197842960358
8.00,130.00,-3.5863414031379910
8.20,130.00,-3.1288359570959692
8.40,130.00,-2.7333991266925928
8.60,130.00,-2.3916744164549177
8.80,130.00,-2.0966154220422881
9.00,130.00,-1.8421779204933857
9.50,130.00,-1.3508881942486144
10.00,130.00,-1.0161215559548296
10.50,130.00,-0.7895285754120003
11.00,130.00,-0.6362593382774643
11.50,130.00,-0.5318161647884929
12.00,130.00,-0.4594316870036970
12.50,130.00,-0.4078984398732228
13.00,130.00,-0.3698698661491963
13.50,130.00,-0.3406032139438602
14.00,130.00,-0.3170713039867613
14.50,130.00,-0.2973569363644181
15.00,130.00,-0.2802510862285137
16.00,130.00,-0.2510970045848581
17.00,130.00,-0.2262789707039043
18.00,130.00,-0.2044041149184378
19.00,130.00,-0.1848263848938754
20.00,130.00,-0.1671913356030955
21.00,130.00,-0.1512638498623581
22.00,130.00,-0.1368628857834997
23.00,130.00,-0.1238363393789525
24.00,130.00,-0.1120508995491833
25.00,130.00,-0.1013875323990491
50.00,130.00,-0.0083223777828463
100.00,130.00,-0.0000560757404072
1.00,140.00,-1500491174.7299139499664307
1.10,140.00,-967330242.1003706455230713
1.20,140.00,-622171437.6679105758666992
1.30,140.00,-399180299.7894628643989563
1.40,140.00,-255431823.0762000977993011
1.50,140.00,-162983408.3624151647090912
1.60,140.00,-103676714.9743962883949280
1.70,140.00,-65733292.9984492808580399
1.80,140.00,-41527996.2118959352374077
1.90,140.00,-26134795.8606598973274231
2.00,140.00,-16378501.5560224000364542
2.10,140.00,-10217394.2392665203660727
2.20,140.00,-6341996.2571919998154044
2.30,140.00,-3914795.9469816247001290
2.40,140.00,-2401745.4365427941083908
2.50,140.00,-1463405.7444826632272452
2.60,140.00,-884786.4151713385945186
2.70,140.00,-530236.6531565334880725
2.80,140.00,-314520.1933144397335127
2.90,140.00,-184320.8908067112497520
3.00,140.00,-106454.2968528899364173
3.10,140.00,-60378.9344854510054574
3.20,140.00,-33456.3916984684838098
3.30,140.00,-17963.1970132679889502
3.40,140.00,-9215.2534400506719976
3.50,140.00,-4396.2212168141522852
3.60,140.00,-1829.4936578782439938
3.70,140.00,-528.4537936896166457
3.80,140.00,79.5526730834633327
3.90,140.00,321.3918066728582517
4.00,140.00,379.7595793549421614
4.10,140.00,354.0052558777468334
4.20,140.00,296.1404067786510836
4.30,140.00,231.8844278210504797
4.40,140.00,172.7763172403469980
4.50,140.00,123.0141962023645164
4.60,140.00,83.2257792226590993
4.70,140.00,52.4816280723868971
4.80,140.00,29.3227046536183984
4.90,140.00,12.2493462787399032
5.00,140.00,-0.0738073254799604
5.10,140.00,-8.7552540111316439
5.20,140.00,-14.6798375266271659
5.30,140.00,-18.5379352856466610
5.40,140.00,-20.8611461823739290
5.50,140.00,-22.0558425401862443
5.60,140.00,-22.4314783272956042
5.70,140.00,-22.2231704826509002
5.80,140.00,-21.6091674772504732
5.90,140.00,-20.7241556084665852
6.00,140.00,-19.6693429161846325
6.20,140.00,-17.3319005178586707
6.40,140.00,-14.9864739852231121
6.60,140.00,-12.8257837420262177
6.80,140.00,-10.9273230317127652
7.00,140.00,-9.3043499624236752
7.20,140.00,-7.9375238213887780
7.40,140.00,-6.7938964647908318
7.60,140.00,-5.8376280244892760
7.80,140.00,-5.0354302666623374
8.00,140.00,-4.3588152839703529
8.20,140.00,-3.7845486993744131
8.40,140.00,-3.2942060935520545
8.60,140.00,-2.8733743852270948
8.80,140.00,-2.5107979361969459
9.00,140.00,-2.1976148083953726
9.50,140.00,-1.5873556438048237
10.00,140.00,-1.1635938744448688
10.50,140.00,-0.8716666146422967
11.00,140.00,-0.6722030013353785
11.50,140.00,-0.5364455718405514
12.00,140.00,-0.4437414075832594
12.50,140.00,-0.3796489027302107
13.00,140.00,-0.3343344827081267
13.50,140.00,-0.3012540246618763
14.00,140.00,-0.2761322442119374
14.50,140.00,-0.2562154145580565
15.00,140.00,-0.2397478697676924
16.00,140.00,-0.2131216623379677
17.00,140.00,-0.1914171086349335
18.00,140.00,-0.1726729194280470
19.00,140.00,-0.1560454291903514
20.00,140.00,-0.1411235830259645
21.00,140.00,-0.1276672976700711
22.00,140.00,-0.1155083498985397
23.00,140.00,-0.1045126698416598
24.00,140.00,-0.0945656466928238
25.00,140.00,-0.0855660470415917
50.00,140.00,-0.0070236613726658
100.00,140.00,-0.0000473250580685
1.00,150.00,-16559572814.0045909881591797
1.10,150.00,-10805898575.2271118164062500
1.20,150.00,-7040575716.7227220535278320
1.30,150.00,-4579818534.6107311248779297
1.40,150.00,-2973959031.4029669761657715
1.50,150.00,-1927605807.5561950206756592
1.60,150.00,-1246934275.9613332748413086
1.70,150.00,-804917979.8162186145782471
1.80,150.00,-518414889.0852844119071960
1.90,150.00,-333080894.8559194207191467
2.00,150.00,-213446812.1394324600696564
2.10,150.00,-136398635.1144327223300934
2.20,150.00,-86898732.2338611930608749
2.30,150.00,-55181142.6613539382815361
2.40,150.00,-34915502.9205665364861488
2.50,150.00,-22006732.6479361802339554
2.60,150.00,-13811492.9414574727416039
2.70,150.00,-8627506.8588389046490192
2.80,150.00,-5361277.0299351466819644
2.90,150.00,-3312267.4817334632389247
3.00,150.00,-2032998.0260787068400532
3.10,150.00,-1238536.0203754571266472
3.20,150.00,-748073.8194256209535524
3.30,150.00,-447307.0165863024885766
3.40,150.00,-264269.6533075469778851
3.50,150.00,-153855.9451612015836872
3.60,150.00,-87935.7194123854715144
3.70,150.00,-49062.6063185035091010
3.80,150.00,-26483.3302320077928016
3.90,150.00,-13616.3359970439760218
4.00,150.00,-6465.5365482228307883
4.10,150.00,-2627.0478563488695727
4.20,150.00,-670.4692043417536524
4.30,150.00,244.2915907120118675
4.40,150.00,602.7731673991177104
4.50,150.00,679.9417282537085612
4.60,150.00,627.3797414116133950
4.70,150.00,525.5653097732679271
4.80,150.00,414.8567223633370418
4.90,150.00,313.6006555091957466
5.00,150.00,228.5336194259856768
5.10,150.00,160.6262273782028274
5.20,150.00,108.2717909996221408
5.30,150.00,68.9551062746514134
5.40,150.00,40.0714275348553244
5.50,150.00,19.2848259397746453
5.60,150.00,4.6477411942581304
5.70,150.00,-5.3949353335062504
5.80,150.00,-12.0509093274443888
5.90,150.00,-16.2406628221240723
6.00,150.00,-18.6566294699085802
6.20,150.00,-20.0966376270067641
6.40,150.00,-19.0776754682026848
6.60,150.00,-17.0457248437635620
6.80,150.00,-14.7465540363291954
7.00,150.00,-12.5411736366006057
7.20,150.00,-10.5821041375991669
7.40,150.00,-8.9123121023999410
7.60,150.00,-7.5208512578529039
7.80,150.00,-6.3737852181098047
8.00,150.00,-5.4307662767229266
8.20,150.00,-4.6532755503243859
8.40,150.00,-4.0081093418176383
8.60,150.00,-3.4682804124126854
8.80,150.00,-3.0126343482768396
9.00,150.00,-2.6249355138710069
9.50,150.00,-1.8789529446640467
10.00,150.00,-1.3610969330080982
10.50,150.00,-1.0001666663616608
11.00,150.00,-0.7502716210431177
11.50,150.00,-0.5787192253644728
12.00,150.00,-0.4615201766456489
12.50,150.00,-0.3812858247416970
13.00,150.00,-0.3257444492926887
13.50,150.00,-0.2864745243395744
14.00,150.00,-0.2578366710286124
14.50,150.00,-0.2361288591059945
15.00,150.00,-0.2189577985646195
16.00,150.00,-0.1926644934007955
17.00,150.00,-0.1722809922620988
18.00,150.00,-0.1551230034928355
19.00,150.00,-0.1400781595361899
20.00,150.00,-0.1266433915364353
21.00,150.00,-0.1145531028418397
22.00,150.00,-0.1036377181344620
23.00,150.00,-0.0937700502396468
24.00,150.00,-0.0848447230761080
25.00,150.00,-0.0767699709629712
50.00,150.00,-0.0063016230647987
100.00,150.00,-0.0000424600022188
1.00,160.00,-275423196948.2648315429687500
1.10,160.00,-181040512409.5111694335937500
1.20,160.00,-118870274127.5284423828125000
1.30,160.00,-77958479406.4073944091796875
1.40,160.00,-51063926358.5054702758789062
1.50,160.00,-33403464877.6180458068847656
1.60,160.00,-21820180195.9603538513183594
1.70,160.00,-14232287898.8967781066894531
1.80,160.00,-9268243995.9045276641845703
1.90,160.00,-6025313622.0534505844116211
2.00,160.00,-3909942052.0472798347473145
2.10,160.00,-2532292324.3634314537048340
2.20,160.00,-1636625763.8034169673919678
2.30,160.00,-1055383264.4541945457458496
2.40,160.00,-678926516.8260693550109863
2.50,160.00,-435617952.0511961579322815
2.60,160.00,-278720458.5826241970062256
2.70,160.00,-177791549.5785846412181854
2.80,160.00,-113036645.0571326762437820
2.90,160.00,-71608603.5730323195457458
3.00,160.00,-45185921.6643445789813995
3.10,160.00,-28390022.3944377005100250
3.20,160.00,-17752484.4147540889680386
3.30,160.00,-11042222.5006575211882591
3.40,160.00,-6827930.7202580654993653
3.50,160.00,-4194057.7734592035412788
3.60,160.00,-2556813.6553337075747550
3.70,160.00,-1545235.8899021255783737
3.80,160.00,-924490.3532941812882200
3.90,160.00,-546533.9173336660023779
4.00,160.00,-318464.8430064053391106
4.10,160.00,-182280.2655047934385948
4.20,160.00,-101971.5034155056055170
4.30,160.00,-55326.4853893138279091
4.40,160.00,-28742.6295289584340935
4.50,160.00,-13958.7339237706510175
4.60,160.00,-6005.7319875930215858
4.70,160.00,-1928.5457709234833601
4.80,160.00,6.3708076872570158
4.90,160.00,799.0542168000852143
5.00,160.00,1014.2665405696478729
5.10,160.00,962.1374796239334728
5.20,160.00,806.4485335436157811
5.30,160.00,628.7459464411098224
5.40,160.00,465.7359410018829635
5.50,160.00,330.6929145325792661
5.60,160.00,225.4241453442834029
5.70,160.00,146.7434353598704604
5.80,160.00,89.8143581355332401
5.90,160.00,49.7541739414325548
6.00,160.00,22.3046405770318543
6.20,160.00,-7.7241308576212155
6.40,160.00,-18.9919252199899731
6.60,160.00,-21.5450890060058917
6.80,160.00,-20.3917210370243929
7.00,160.00,-17.9048429529549864
7.20,160.00,-15.1570036596985744
7.40,160.00,-12.5996797685366655
7.60,160.00,-10.3935020538718490
7.80,160.00,-8.5658265898371457
8.00,160.00,-7.0861189667447180
8.20,160.00,-5.9024828379473204
8.40,160.00,-4.9594008241076724
8.60,160.00,-4.2059986588939955
8.80,160.00,-3.5993346144475877
9.00,160.00,-3.1050529831451397
9.50,160.00,-2.2035224574671761
10.00,160.00,-1.5986587550975297
10.50,160.00,-1.1724375659970168
11.00,160.00,-0.8680237392031376
11.50,160.00,-0.6520723839546783
12.00,160.00,-0.5008395973835371
12.50,160.00,-0.3960559954653376
13.00,160.00,-0.3237516065142073
13.50,160.00,-0.2736131390061095
14.00,160.00,-0.2383122358690341
14.50,160.00,-0.2128112920623536
15.00,160.00,-0.1937381365460542
16.00,160.00,-0.1668111270827926
17.00,160.00,-0.1477115037967698
18.00,160.00,-0.1324448836149451
19.00,160.00,-0.1193906253247763
20.00,160.00,-0.1078621893648596
21.00,160.00,-0.0975360704645253
22.00,160.00,-0.0882315370108281
23.00,160.00,-0.0798268136862984
24.00,160.00,-0.0722272012362911
25.00,160.00,-0.0653527380528928
50.00,160.00,-0.0053644154836703
100.00,160.00,-0.0000361451472100
1.00,170.00,-821260223211.0561523437500000
1.10,170.00,-540108092576.9995727539062500
1.20,170.00,-354814593415.6914062500000000
1.30,170.00,-232815335262.9526062011718750
1.40,170.00,-152572696634.4841003417968750
1.50,170.00,-99852763002.1233673095703125
1.60,170.00,-65256085342.4405364990234375
1.70,170.00,-42580974998.6047668457031250
1.80,170.00,-27739313497.6164207458496094
1.90,170.00,-18038837443.3396148681640625
2.00,170.00,-11708358344.8536815643310547
2.10,170.00,-7583922889.5136270523071289
2.20,170.00,-4901523250.9595661163330078
2.30,170.00,-3160299013.3520231246948242
2.40,170.00,-2032340372.4294757843017578
2.50,170.00,-1303274569.6786386966705322
2.60,170.00,-833169568.6202908754348755
2.70,170.00,-530835291.7620922327041626
2.80,170.00,-336951014.1425585150718689
2.90,170.00,-213001401.9858268797397614
3.00,170.00,-134031162.9305431693792343
3.10,170.00,-83907139.5056602209806442
3.20,170.00,-52224836.5968467816710472
3.30,170.00,-32291967.0663220211863518
3.40,170.00,-19816380.2882570549845695
3.50,170.00,-12053958.8232055976986885
3.60,170.00,-7256382.4511222569271922
3.70,170.00,-4314037.1458225864917040
3.80,170.00,-2525674.7140675517730415
3.90,170.00,-1450228.4452867254149169
4.00,170.00,-811759.7528761756839231
4.10,170.00,-438680.8050149705377407
4.20,170.00,-225030.2048158978868742
4.30,170.00,-105895.9826759627176216
4.40,170.00,-41885.0845210725383367
4.50,170.00,-9357.1223527832316904
4.60,170.00,5683.4285337718156370
4.70,170.00,11383.2671802679979010
4.80,170.00,12382.6762094649475330
4.90,170.00,11248.9619860923739907
5.00,170.00,9345.0938274095751694
5.10,170.00,7349.9423643069494574
5.20,170.00,5565.4184253945895762
5.30,170.00,4094.5669243133238524
5.40,170.00,2942.4490389772149683
5.50,170.00,2071.5019238085101279
5.60,170.00,1430.5530884661077380
5.70,170.00,968.9529857137519002
5.80,170.00,642.5755082475408244
5.90,170.00,415.5852279965348544
6.00,170.00,260.1675711160722244
6.20,170.00,86.0002423686102020
6.40,170.00,12.2839924893487904
6.60,170.00,-15.4948048201674595
6.80,170.00,-23.4090856248989247
7.00,170.00,-23.3663979185259301
7.20,170.00,-20.5696935249412292
7.40,170.00,-17.1760572546398826
7.60,170.00,-14.0073498740120854
7.80,170.00,-11.3205264757854902
8.00,170.00,-9.1444206905448873
8.20,170.00,-7.4236977186322761
8.40,170.00,-6.0792148136679671
8.60,170.00,-5.0326063042590263
8.80,170.00,-4.2155187305786210
9.00,170.00,-3.5721670923920477
9.50,170.00,-2.4635552271492225
10.00,170.00,-1.7674189588509210
10.50,170.00,-1.2912119999303564
11.00,170.00,-0.9517856898949029
11.50,170.00,-0.7085093689120343
12.00,170.00,-0.5360315707996570
12.50,170.00,-0.4154316407240892
13.00,170.00,-0.3319233272541180
13.50,170.00,-0.2742157994131041
14.00,170.00,-0.2340316760192087
14.50,170.00,-0.2055348062472860
15.00,170.00,-0.1847410217014422
16.00,170.00,-0.1565749080078483
17.00,170.00,-0.1376279815216169
18.00,170.00,-0.1230069509115219
19.00,170.00,-0.1107326165440309
20.00,170.00,-0.0999839969544263
21.00,170.00,-0.0903912246842768
22.00,170.00,-0.0817605627458638
23.00,170.00,-0.0739694012531500
24.00,170.00,-0.0669263723437024
25.00,170.00,-0.0605560466306659
50.00,170.00,-0.0049706620138012
100.00,170.00,-0.0000334920571994
1.00,180.00,-108697004020.1749420166015625
1.10,180.00,-66858977955.7727279663085938
1.20,180.00,-40652435004.5235748291015625
1.30,180.00,-24363502923.2895011901855469
1.40,180.00,-14332276693.9551887512207031
1.50,180.00,-8224150022.0969257354736328
1.60,180.00,-4556918542.1655569076538086
1.70,180.00,-2394654177.8564028739929199
1.80,180.00,-1150096188.0135900974273682
1.90,180.00,-457493373.7693395614624023
2.00,180.00,-91070048.9249299019575119
2.10,180.00,87044506.9706992655992508
2.20,180.00,159918421.8417643606662750
2.30,180.00,176750777.3746028840541840
2.40,180.00,166029170.3129306733608246
2.50,180.00,143740669.3417802751064301
2.60,180.00,118452272.8281513899564743
2.70,180.00,94422049.2431973516941071
2.80,180.00,73480115.4344418197870255
2.90,180.00,56147579.3436503931879997
3.00,180.00,42288183.0876814872026443
3.10,180.00,31476937.9733404479920864
3.20,180.00,23200044.1678479388356209
3.30,180.00,16956278.8428297825157642
3.40,180.00,12302429.4505229834467173
3.50,180.00,8868207.9824122004210949
3.60,180.00,6355542.0142944902181625
3.70,180.00,4530733.6213949928060174
3.80,180.00,3214142.9928358849138021
3.90,180.00,2269802.0630611721426249
4.00,180.00,1596075.3130595134571195
4.10,180.00,1117774.6346377457957715
4.20,180.00,779765.1461381404660642
4.30,180.00,541924.2148831670638174
4.40,180.00,375249.5896702389582060
4.50,180.00,258903.0653039568569511
4.60,180.00,177993.8671650534961373
4.70,180.00,121934.4565937168226810
4.80,180.00,83231.9831605478975689
4.90,180.00,56606.9038561178240343
5.00,180.00,38354.6213715470221359
5.10,180.00,25885.9738777811362525
5.20,180.00,17398.3068585842229368
5.30,180.00,11641.2206652763106831
5.40,180.00,7750.5342798750925795
5.50,180.00,5131.1242689098926348
5.60,180.00,3374.6010683275753763
5.70,180.00,2201.6978413361348430
5.80,180.00,1422.1109368664388057
5.90,180.00,906.6118369774509347
6.00,180.00,567.7528471897159079
6.20,180.00,203.4348091467386155
6.40,180.00,54.0624331259425404
6.60,180.00,-3.0114517022218310
6.80,180.00,-21.6206087173993531
7.00,180.00,-24.9753122331089372
7.20,180.00,-22.8538152862242150
7.40,180.00,-19.2324974561018998
7.60,180.00,-15.6258205968846298
7.80,180.00,-12.5287922986900018
8.00,180.00,-10.0315863517422823
8.20,180.00,-8.0773892649037773
8.40,180.00,-6.5680472464758477
8.60,180.00,-5.4053145302366010
8.80,180.00,-4.5050899462364704
9.00,180.00,-3.8005259205991364
9.50,180.00,-2.5935572272726271
10.00,180.00,-1.8406815689247478
10.50,180.00,-1.3306841709245847
11.00,180.00,-0.9719438446054990
11.50,180.00,-0.7183408438640941
12.00,180.00,-0.5407451589910579
12.50,180.00,-0.4178204761292017
13.00,180.00,-0.3333708837337197
13.50,180.00,-0.2753489315332397
14.00,180.00,-0.2351017144652136
14.50,180.00,-0.2066216632079957
15.00,180.00,-0.1858545482557288
16.00,180.00,-0.1576968030701555
17.00,180.00,-0.1387000543602207
18.00,180.00,-0.1240014542663989
19.00,180.00,-0.1116422834469226
20.00,180.00,-0.1008108877399269
21.00,180.00,-0.0911408622158893
22.00,180.00,-0.0824394003640677
23.00,180.00,-0.0745838387667378
24.00,180.00,-0.0674824123800602
25.00,180.00,-0.0610591997828017
50.00,180.00,-0.0050119648808306
100.00,180.00,-0.0000337703537283
