[[-1.34419293e+13  2.46377196e+12 -1.85733200e+11  7.72896289e+09
  -1.88372318e+08  2.77833481e+06 -3.21547916e+04 -1.70974796e+00]
 [-2.92365269e+13  5.01770920e+12 -3.62259201e+11  1.41238515e+10
  -3.10162144e+08  4.00258375e+06 -3.38313896e+04 -7.16071316e-01]
 [-6.08197937e+13  1.10031560e+13 -8.12663959e+11  3.26927600e+10
  -7.47761668e+08  9.48531867e+06 -7.27967011e+04  1.51078199e-02]
 [-5.83318422e+13  9.78536475e+12 -6.84883299e+11  2.55237322e+10
  -5.20858782e+08  5.81366672e+06 -3.54965088e+04 -4.44922575e-02]
 [-8.65474142e+13  1.52117964e+13 -1.07552681e+12  4.05060740e+10
  -8.36543600e+08  8.84502267e+06 -4.47018258e+04 -8.98118799e-01]
 [-6.90488015e+13  1.11329549e+13 -7.39413211e+11  2.56096747e+10
  -4.67968646e+08  4.30749175e+06 -1.75441156e+04 -2.62597083e-01]
 [-8.56640865e+13  1.44232086e+13 -9.57182536e+11  3.29098862e+10
  -5.95946036e+08  5.08931790e+06 -1.66657011e+04 -3.98153260e-01]
 [-6.21027760e+13  9.47229548e+12 -5.85968157e+11  1.84406131e+10
  -2.93830105e+08  2.18582654e+06 -6.44013290e+03  1.41525515e+00]
 [-6.49200917e+13  1.03155729e+13 -6.28606809e+11  1.92069808e+10
  -2.96164490e+08  2.00081311e+06 -4.69599326e+03  8.37041193e-02]
 [-4.45097694e+13  6.30802372e+12 -3.56171647e+11  9.93287899e+09
  -1.32893678e+08  7.34114803e+05 -9.56034409e+02  1.67075169e-01]
 [-3.61824193e+13  5.27242359e+12 -2.78555879e+11  6.84406440e+09
  -7.29328630e+07  1.73705087e+05  6.31304616e+02  2.69535300e-01]
 [-2.43241759e+13  3.09613386e+12 -1.53059945e+11  3.56274057e+09
  -3.54712363e+07  1.00606710e+05 -1.65617726e+02  3.63046037e-01]
 [-9.20944694e+12  9.89688405e+11 -1.49226756e+10 -1.24705386e+09
   5.27978774e+07 -7.22326641e+05  3.20012603e+03 -3.61200935e-02]
 [-6.62882250e+12  5.82966006e+11 -1.42960615e+10 -1.20898819e+08
   1.03779078e+07 -1.41447762e+05  6.01703196e+02 -2.77613592e-02]
 [ 1.26978923e+13 -2.09021579e+12  1.47427458e+11 -5.31257079e+09
   1.01248105e+08 -9.60899454e+05  3.55333951e+03 -6.92580097e-02]
 [ 8.07967807e+12 -1.29545631e+12  7.58941582e+10 -2.10654474e+09
   2.92513053e+07 -1.92923672e+05  4.11650653e+02  1.01240409e-01]
 [ 4.06314076e+13 -5.70409548e+12  3.19859043e+11 -8.93638070e+09
   1.28260436e+08 -8.74708503e+05  2.17848541e+03  1.83832590e-01]
 [ 3.03390345e+13 -4.16729252e+12  2.13558890e+11 -5.14627514e+09
   6.01607967e+07 -3.21889767e+05  7.66482838e+02 -3.12419964e-01]
 [ 3.06114793e+13 -4.18854573e+12  2.25088413e+11 -5.89577836e+09
   7.56845489e+07 -4.00625633e+05  4.66243184e+02 -2.41990083e-01]]