[[ 2.00671330e+07 -1.07755437e+07  4.54051176e+06 -6.60054906e+05
   1.02560964e+04  4.79564942e+01 -3.68876581e+02 -2.06070967e-01]
 [-1.97205684e+08  1.58069279e+08 -5.16380352e+07  8.49244054e+06
  -7.18132719e+05  2.97075494e+04 -4.48245031e+02 -2.95655971e-02]
 [ 2.08652164e+08 -1.77069248e+08  6.48495122e+07 -1.12993168e+07
   9.97268034e+05 -4.36687137e+04  5.90641243e+02 -1.43806915e-01]
 [-1.62006154e+08  1.23815477e+08 -3.97409723e+07  6.08594636e+06
  -4.62240210e+05  1.62243896e+04 -1.55938951e+02  1.94975316e-02]
 [ 1.62094196e+08 -1.40127891e+08  5.00483880e+07 -8.96942422e+06
   8.53020455e+05 -4.11469524e+04  7.75148825e+02 -3.42784006e-01]
 [-9.74431907e+07  6.40885207e+07 -1.59136566e+07  1.63125566e+06
  -4.44523702e+04 -2.37760705e+03  1.13704538e+02 -5.96677686e-02]
 [-8.73925324e+07  7.88154083e+07 -2.78119468e+07  4.98111206e+06
  -4.74290468e+05  2.27075028e+04 -4.46671351e+02  2.02905929e-01]
 [-6.23025166e+07  4.63970184e+07 -1.37422231e+07  1.99756021e+06
  -1.44800969e+05  4.82511740e+03 -5.21941669e+01 -8.39381968e-03]
 [-5.58518311e+07  4.34397694e+07 -1.33266671e+07  2.07720961e+06
  -1.74259205e+05  7.36618248e+03 -1.24562034e+02  3.95046495e-02]
 [-1.76248410e+07  1.38330308e+07 -4.53358705e+06  7.77850329e+05
  -7.26801034e+04  3.64957307e+03 -8.09565811e+01  4.75235096e-02]
 [-6.13316763e+06  3.08551831e+05  1.55285619e+06 -5.43147448e+05
   7.34977389e+04 -4.48797649e+03  1.05344717e+02 -5.81250368e-02]
 [-3.39229078e+07  2.85399378e+07 -9.60846320e+06  1.63497329e+06
  -1.46091904e+05  6.46521968e+03 -1.12578007e+02  3.84568382e-02]
 [-2.16381849e+07  1.81329210e+07 -6.18515376e+06  1.09780196e+06
  -1.06772041e+05  5.37042871e+03 -1.11551734e+02  5.71979634e-02]
 [-7.84793455e+06  4.19960088e+06 -5.94889820e+05 -4.12578076e+04
   1.73095234e+04 -1.44095770e+03  3.91847276e+01 -2.21963336e-02]
 [-2.68993426e+06  1.51751549e+06 -1.72967878e+05 -4.31221913e+04
   1.19386227e+04 -9.94385794e+02  2.86597064e+01 -2.20916374e-02]
 [ 1.90148139e+06 -7.59931099e+05 -9.65989480e+04  8.85001032e+04
  -1.57793297e+04  1.15288830e+03 -3.13480813e+01  1.79315482e-02]
 [ 1.87075420e+07 -1.32133696e+07  3.62131321e+06 -4.78334490e+05
   3.02347453e+04 -7.30334420e+02 -5.15007560e-02  1.08729436e-02]
 [ 3.93563826e+07 -3.04954222e+07  9.43388693e+06 -1.48659638e+06
   1.25635446e+05 -5.41904135e+03  9.61471505e+01 -3.62403156e-02]
 [ 2.59358191e+07 -2.05221923e+07  6.53529047e+06 -1.06638784e+06
   9.36285612e+04 -4.20248841e+03  7.76479923e+01 -3.21717617e-02]]