2.500000000000000000e+00,1.789553302114102053e+03,1.813516110972821025e+03,2.583795375219625043e+02,-3.501328677052546112e+01,-3.833060707225826036e+01,-1.780379739225409352e+01,-2.145321280487897653e+01,3.369574811529358982e+01,-4.223888639856330229e+01,-3.447177333797635868e+01,1.023385963474535565e+01,2.853917383695400645e+01,1.909658876538177807e+01,-2.577605566686495919e+01,1.140168217510922677e+00,-1.093505447970660605e+01,4.125880858893281555e+01,3.323460042876240550e+01,-1.273008955313084911e+01
2.600000000000000089e+00,1.201502344748493215e+03,1.229747830039708788e+03,1.765592915599262369e+02,-2.241281889526235460e+01,-2.317987589201120713e+01,-1.046948572743344030e+01,-1.077437891417168103e+01,1.802821847783189924e+01,-2.284355333370809404e+01,-1.913423802187053013e+01,5.771921001470997403e+00,1.645598520213167504e+01,1.016385281421430342e+01,-1.348482661873650201e+01,-3.866893296762029253e-02,-5.480239905953346202e+00,2.301518459036578079e+01,1.764424949305600521e+01,-6.861607162180147768e+00
2.700000000000000178e+00,8.031683826290657180e+02,8.290921714378473553e+02,1.196714844961057196e+02,-1.437049569661550663e+01,-1.399199467989345180e+01,-6.005589323973737237e+00,-5.076407450786149411e+00,9.273916428745261342e+00,-1.189767863113181967e+01,-1.030075473774930650e+01,3.171376247129585213e+00,9.199445501858274810e+00,5.207802919316432799e+00,-6.746744524593046854e+00,-4.521368487913504097e-01,-2.558091153954848540e+00,1.241267858088761855e+01,8.978542876847718901e+00,-3.569595766815152782e+00
2.799999999999999822e+00,5.330991819483723475e+02,5.550666136588105246e+02,8.034878343931811173e+01,-9.251275408922213117e+00,-8.454287877147571351e+00,-3.345049361390657339e+00,-2.176847899988282542e+00,4.533471952388507198e+00,-5.902829281059689848e+00,-5.338042915445085690e+00,1.686438741843984346e+00,4.941874573937330872e+00,2.543082407249993793e+00,-3.182998526894155411e+00,-5.064173264926467022e-01,-1.068256686398920907e+00,6.409579658642547528e+00,4.319904373407067233e+00,-1.775496574883247414e+00
2.899999999999999911e+00,3.500331572578450050e+02,3.684098503846136055e+02,5.334707266302879702e+01,-5.996895774539327206e+00,-5.130835841153720267e+00,-1.799413232641911442e+00,-7.960187452911058337e-01,2.066945071905354592e+00,-2.742372707682132926e+00,-2.634022919952334174e+00,8.592403806743041939e-01,2.516238376178328906e+00,1.165662001778190460e+00,-1.383592888508641039e+00,-4.176814262283294887e-01,-3.608665857098506402e-01,3.121187671890036874e+00,1.921412566043408932e+00,-8.320764387200707546e-01
3.000000000000000000e+00,2.261461577419704554e+02,2.418747802324328688e+02,3.494599767918985833e+01,-3.926455831345684988e+00,-3.138887771783954062e+00,-9.297189449139107165e-01,-2.021866924435879731e-01,8.497878299820504910e-01,-1.158249314519708362e+00,-1.216816164752729135e+00,4.124396875317335454e-01,1.186463664565491349e+00,4.892017579838022767e-01,-5.305272985437275990e-01,-2.932911777380100560e-01,-6.136332607057359140e-02,1.396662153015422847e+00,7.572234707919677232e-01,-3.581135267948836187e-01
3.100000000000000089e+00,1.425959906021957408e+02,1.565862973251874450e+02,2.251590066208345320e+01,-2.604557076897598300e+00,-1.941468408133382617e+00,-4.600066977920401756e-01,9.822803267404117689e-03,2.925008499666485462e-01,-4.187067389649020699e-01,-5.111585593327938604e-01,1.806366859860634166e-01,4.951026249938436097e-01,1.794934433761588566e-01,-1.617110890304975235e-01,-1.806053387629102114e-01,3.946297325990428401e-02,5.455686347925494672e-01,2.391529497771850421e-01,-1.340644825658107164e-01
3.200000000000000178e+00,8.657200756650877338e+01,9.949575080527267801e+01,1.420561337983366990e+01,-1.754547113939624703e+00,-1.215525465673483740e+00,-2.197455432572519296e-01,5.491321941581919774e-02,6.559654689752501822e-02,-1.094671647857725361e-01,-1.840904849147667888e-01,6.696824643440774105e-02,1.629623908602983451e-01,5.173118597403020269e-02,-2.485773911194932850e-02,-9.563638260048702711e-02,5.363512083717191653e-02,1.626174219174535973e-01,3.999911812620457474e-02,-3.696202031385532882e-02
3.299999999999999822e+00,4.933316317001668949e+01,6.160352102259057006e+01,8.717886269411259548e+00,-1.201747302603556999e+00,-7.688576802984583569e-01,-1.057837243267774063e-01,4.027100022535627655e-02,-8.271059941402425508e-03,-4.047172460514114611e-03,-4.823607691098165395e-02,1.592141168441884441e-02,2.347329321305967331e-02,7.657433452775114224e-03,1.162675803123512652e-02,-3.937027319309861773e-02,3.759945391993913671e-02,1.640470899913595154e-02,-1.515297800293230468e-02,-3.276112386551566225e-04
3.399999999999999911e+00,2.489735671246433313e+01,3.671922566607849348e+01,5.148249008182242292e+00,-8.365220488516068587e-01,-4.883058678642727135e-01,-5.741263434758604733e-02,1.439008220529169879e-02,-1.975804307916292912e-02,1.562681089961188985e-02,-1.929614813452770056e-03,-3.494687555307844640e-03,-1.984963070433511112e-02,-2.252986312464941299e-03,1.204659070012638333e-02,-6.676794257254634046e-03,1.715955189754205662e-02,-2.042891422800956203e-02,-1.475715280106687510e-02,1.012675443081107601e-02
3.500000000000000000e+00,9.161516179338955013e+00,2.059794504266770332e+01,2.869693504939554440e+00,-5.904117247768188026e-01,-3.078103843360653347e-01,-4.018613991918273953e-02,-4.533776061894534415e-03,-1.180081313414940714e-02,6.981610013971392692e-03,7.303005114745610149e-03,-8.023226912842601477e-03,-2.069142062466862442e-02,-1.083091067360944515e-03,4.731338145565880393e-03,9.121575012835531071e-03,2.071059734107883951e-03,-1.445926225375090274e-02,8.906410127598740623e-05,1.094853307332086662e-02
3.600000000000000089e+00,-6.922014102776248290e-01,1.033921266091109992e+01,1.450388872023723685e+00,-4.208186342002430691e-01,-1.889717490924828769e-01,-3.554498636167173486e-02,-1.268730494124740982e-02,-2.278900450624038454e-03,-5.073058715835243593e-03,4.620876823227818703e-03,-6.332497485628890699e-03,-7.220691108453067275e-03,1.720705959293827858e-03,-1.020163403690488302e-04,1.414241426852329980e-02,-5.672291030584098934e-03,2.155605491948944796e-03,1.296648779924262918e-02,9.337322765301594996e-03
3.700000000000000178e+00,-6.599239918110976433e+00,3.969454202060888282e+00,5.951537814553892192e-01,-3.012582513209035029e-01,-1.093941448098047220e-01,-3.425904369752608147e-02,-1.211335307406959105e-02,3.200110868050207169e-03,-1.202365324552824577e-02,6.835253586277428850e-04,-2.653888538526667784e-03,7.128012239014977491e-03,3.233337190791107929e-03,-5.280949268540030550e-04,1.316867559743794408e-02,-7.327433277459192290e-03,1.592657390013277330e-02,1.938753274529389503e-02,7.874268468845556368e-03
3.799999999999999822e+00,-9.887339634587160475e+00,1.523640420471955859e-01,1.039733106173030830e-01,-2.152067958656518065e-01,-5.581254808599535322e-02,-3.235645770499016860e-02,-6.442198324892609018e-03,4.378204309323216470e-03,-1.284328979264363207e-02,-1.054355971468495801e-03,1.123676782359542270e-03,1.705489387380942912e-02,3.273718716671480955e-03,2.214498697353142753e-03,9.545620549206192129e-03,-5.093334968862201981e-03,2.286609440096230850e-02,1.993048336621994210e-02,7.081506965696669764e-03
3.899999999999999911e+00,-1.146477980867271995e+01,-2.011600507608309218e+00,-1.572888962269893831e-01,-1.522550000534623749e-01,-2.011707825224684498e-02,-2.865419818725110923e-02,1.012435431044442224e-03,2.814933176632630762e-03,-9.313925153162289083e-03,-3.478273228949765872e-04,4.282764595838199628e-03,2.145427245063648292e-02,2.529559754884405653e-03,6.195007553464110250e-03,5.375671096871065258e-03,-1.045396731642237766e-03,2.333300608728079706e-02,1.676537544190259688e-02,6.729620706998201696e-03
4.000000000000000000e+00,-1.194995608606206972e+01,-3.123731247131518618e+00,-2.774785706805506513e-01,-1.057280676003552466e-01,2.898024137583166127e-03,-2.330538658862204432e-02,7.911477384276860425e-03,2.498633952946194281e-04,-3.758042436453404300e-03,1.908554219355759057e-03,6.647153162245809932e-03,2.113854065746112454e-02,1.724811883067514651e-03,9.822190010339307276e-03,1.810153970014556635e-03,3.260986617879428617e-03,1.927248217292946986e-02,1.206799494657530281e-02,6.447406114093147400e-03
4.099999999999999645e+00,-1.176092084816661121e+01,-3.582521040919909971e+00,-3.145526429008382308e-01,-7.122880570360706765e-02,1.677967786135698552e-02,-1.698094723544659596e-02,1.294483545373562028e-02,-2.026320587998647893e-03,1.913225967946761974e-03,4.663495224260301442e-03,8.259710280941280625e-03,1.758479606095236791e-02,1.327581338873215500e-03,1.214277045383924114e-02,-6.619593887718169811e-04,6.851934327052981548e-03,1.284725857967577989e-02,7.433735294378740477e-03,5.961278071853558236e-03
4.200000000000000178e+00,-1.117744799254310806e+01,-3.649257745759859617e+00,-3.055982133991027583e-01,-4.575571734334311913e-02,2.408906715279816174e-02,-1.043811214215278199e-02,1.563584956858622699e-02,-3.301987468167927320e-03,6.475302514416907129e-03,7.103987023749137181e-03,9.229840609626227543e-03,1.229451027053214685e-02,1.514380316214508637e-03,1.280398174204624984e-02,-1.971091118246531826e-03,9.249476926796066506e-03,5.847479338166754192e-03,3.781366233553573597e-03,5.152087935587336409e-03
4.299999999999999822e+00,-1.038414520919254613e+01,-3.492954473708492991e+00,-2.737587060487188251e-01,-2.717480181539552730e-02,2.675892494149914591e-02,-4.317787389226675210e-03,1.607955810568824362e-02,-3.358570461956963960e-03,9.351103289112677741e-03,8.753212341435931410e-03,9.669876493962836772e-03,6.508613653730246917e-03,2.236977837437731376e-03,1.189293732787101432e-02,-2.282028046897831286e-03,1.033905534628374451e-02,-4.868009251023791562e-04,1.465206030569918272e-03,4.032928613601091672e-03
4.400000000000000355e+00,-9.500432853656798571e+00,-3.221010676743413459e+00,-2.329872927938806404e-01,-1.390595189301639320e-02,2.628289221960142946e-02,9.284062752258070983e-04,1.470100722520899239e-02,-2.316514511769771079e-03,1.045376614275889127e-02,9.434545050452772946e-03,9.674939058507373013e-03,1.118915401171399759e-03,3.314071012116073800e-03,9.758489477803292123e-03,-1.863907134094358597e-03,1.023933107608686159e-02,-5.442955178774529224e-03,4.489787014577140134e-04,2.701877495386986738e-03
4.500000000000000000e+00,-8.601386775132027651e+00,-2.900044421892115754e+00,-1.912816488294570016e-01,-4.737537653305140886e-03,2.381966083358810077e-02,5.042356129501296413e-03,1.206641337716413132e-02,-4.840829161356641208e-04,1.000998376794737937e-02,9.188831131053537549e-03,9.321678261907259677e-03,-3.320058129655148460e-03,4.512730381034932292e-03,6.861354668551686298e-03,-1.006014913802921740e-03,9.194917220030093472e-03,-8.731613657549479324e-03,4.717804386714097298e-04,1.295282249174647959e-03
4.599999999999999645e+00,-7.732206994570787195e+00,-2.569973894681719440e+00,-1.528632753274938860e-01,1.283742162361323214e-03,2.025628187920015116e-02,7.931312177627949933e-03,8.752590125908552010e-03,1.762539548742808604e-03,8.407859884410527618e-03,8.188006835658102889e-03,8.673380269173830426e-03,-6.534795569655207914e-03,5.607440884530162650e-03,3.666557778486817520e-03,3.137066511520181233e-05,7.497467701749053678e-03,-1.036347781315055672e-02,1.178888560913401995e-03,-4.830895005668994768e-05
4.700000000000000178e+00,-6.918230603902521203e+00,-2.253477588677100130e+00,-1.196281332208907616e-01,4.919613535421758777e-03,1.625312362097369734e-02,9.628207089930271301e-03,5.267539867981174684e-03,4.061385120510588309e-03,6.083726956577169276e-03,6.663428896529717538e-03,7.785676159737180135e-03,-8.463287535607391665e-03,6.415871099638065234e-03,5.768321600566062024e-04,1.041128810071796640e-03,5.433214936078178091e-03,-1.053695835299409134e-02,2.211903469830120428e-03,-1.211411924082493596e-03
4.799999999999999822e+00,-6.171827468035992581e+00,-1.962303074470532538e+00,-9.209799701432411223e-02,6.782403333972258919e-03,1.228091721917194679e-02,1.025164690522701455e-02,2.010738562714900479e-03,6.112841003220584324e-03,3.447743354595120269e-03,4.854223329017831601e-03,6.710670252076611497e-03,-9.188388146121218014e-03,6.815337053864625738e-03,-2.100705896537380379e-03,1.876780309557055104e-03,3.252087900882984824e-03,-9.548237821361639510e-03,3.262725655189896434e-03,-2.109536297897014745e-03
4.900000000000000355e+00,-5.497116227210157469e+00,-1.701436358731687415e+00,-7.003276190801088763e-02,7.363485286358282048e-03,8.654050232366428119e-03,9.970969266576784618e-03,-7.385883484599814475e-04,7.701318195414225132e-03,8.418452524512343160e-04,2.974631590947636461e-03,5.499070018412807737e-03,-8.881297146981603774e-03,6.745322648132281995e-03,-4.163822305778885902e-03,2.449748925045527881e-03,1.152907683141959991e-03,-7.725768929400148033e-03,4.099465233470336867e-03,-2.694539393831442420e-03
5.000000000000000000e+00,-4.893158979937809683e+00,-1.471826540179676845e+00,-5.281495857247180820e-02,7.054067566214178645e-03,5.561258976468523574e-03,8.978390538454436576e-03,-2.815277112183378616e-03,8.698453353047419512e-03,-1.478134156068337812e-03,1.196767681484463969e-03,4.200655195086312743e-03,-7.757406748417891573e-03,6.201145040768019090e-03,-5.508830416452725753e-03,2.721079123559878854e-03,-7.203604637581587956e-04,-5.386675219812661619e-03,4.572709001048946842e-03,-2.952266616819784750e-03
5.099999999999999645e+00,-4.356097757836541184e+00,-1.272141029537917634e+00,-3.968319616675408668e-02,6.161600172338762768e-03,3.093634573279810396e-03,7.468409912455564736e-03,-4.151976440315841010e-03,9.054816051093525497e-03,-3.343930641588548081e-03,-3.553838627799559002e-04,2.863652324647844583e-03,-6.044125908119743484e-03,5.222900128606419723e-03,-6.115470363929995101e-03,2.690817902795010486e-03,-2.275399035956958329e-03,-2.810802189728449363e-03,4.609429457182748213e-03,-2.896919633231395674e-03
5.200000000000000178e+00,-3.880558686002490987e+00,-1.099875191195927027e+00,-2.986702001336290907e-02,4.923494994087141211e-03,1.269520031735887899e-03,5.623714766585387326e-03,-4.758497685435916780e-03,8.785550614556172921e-03,-4.666307993672846877e-03,-1.604536406165722739e-03,1.533558824903712148e-03,-3.959074483865163141e-03,3.882713479247137944e-03,-6.028007853861386267e-03,2.387119896359611582e-03,-3.464475404548087150e-03,-2.279382022140549746e-04,4.200193739006763405e-03,-2.564005645222126872e-03
5.299999999999999822e+00,-3.460552963350322919e+00,-9.520360702282694154e-01,-2.265875469959573174e-02,3.518987744590250030e-03,5.594431405477051644e-05,3.606456466398774707e-03,-4.700545810641790223e-03,7.953828489041664396e-03,-5.421351769671928222e-03,-2.514312543572864989e-03,2.518397631243521340e-04,-1.696626208122380131e-03,2.272306562047521350e-03,-5.335932197284509737e-03,1.856285631780939249e-03,-4.275720250506475154e-03,2.185797467151112672e-03,3.383715674787110550e-03,-2.003145631534634930e-03
5.400000000000000355e+00,-3.090035404621704895e+00,-8.255483833222212464e-01,-1.744616822475774515e-02,2.079526756565034523e-03,-6.135500916342739863e-04,1.553699095748539705e-03,-4.080135729805020595e-03,6.654649312972937825e-03,-5.634987502690473604e-03,-3.081379787346284066e-03,-9.452207613379476348e-04,5.792003568911088807e-04,4.920652634314431895e-04,-4.156321671209661783e-03,1.154345355929890793e-03,-4.724199757626260446e-03,4.305658139816877228e-03,2.231411472950473041e-03,-1.271534289313300259e-03
5.500000000000000000e+00,-2.763232884546538148e+00,-7.174820795985835664e-01,-1.372170907800609671e-02,6.978647517096071839e-04,-8.246078671193257659e-04,-4.240632909675717821e-04,-3.018911846126987042e-03,5.000479325026910282e-03,-5.367912351697208539e-03,-3.327077234086223828e-03,-2.027357142569352622e-03,2.737274441012120529e-03,-1.357814677171928497e-03,-2.618963920322861516e-03,3.404023399443262266e-04,-4.843662971244093278e-03,6.052547467144266113e-03,8.335375456131888239e-04,-4.284720975610348259e-04
5.599999999999999645e+00,-2.474820771742091807e+00,-6.251675003727154012e-01,-1.107854567492263381e-02,-5.640537827215335448e-04,-6.710346490624852223e-04,-2.242261561503575140e-03,-1.644836688840883854e-03,3.109449583529579064e-03,-4.702209384633122824e-03,-3.289519909165823652e-03,-2.970788712832982126e-03,4.678772860773720843e-03,-3.183953067092654132e-03,-8.546345315531000963e-04,-5.282993228043278422e-04,-4.679431217150930439e-03,7.385657939745791933e-03,-7.123006436314943679e-04,4.688746685161185312e-04
5.700000000000000178e+00,-2.220001231219398630e+00,-5.462416169885663253e-01,-9.199901898253065591e-03,-1.668338740513461427e-03,-2.466725043042822252e-04,-3.840236128556044626e-03,-8.222876040060722591e-05,1.096314090452785162e-03,-3.730252566798882008e-03,-3.016730069550555005e-03,-3.758321452206246638e-03,6.334635662888492280e-03,-4.904297013851866005e-03,1.013507353831683000e-03,-1.399758652393195968e-03,-4.282611692453051899e-03,8.294683355872453645e-03,-2.310019152762451955e-03,1.368503955162733710e-03
5.799999999999999822e+00,-1.994520210178192920e+00,-4.786536312525033754e-01,-7.845685450671170333e-03,-2.595458719639856526e-03,3.602532333224772731e-04,-5.178434081225646857e-03,1.555156511547250986e-03,-9.339612362594673645e-04,-2.546064557079508184e-03,-2.561035014167673679e-03,-4.379131591764021114e-03,7.661920415345954694e-03,-6.450785246231993675e-03,2.875709157614536604e-03,-2.229296811093517405e-03,-3.705633645562290100e-03,8.792373608655291994e-03,-3.871397466131021314e-03,2.225519187954543010e-03
5.900000000000000355e+00,-1.794647943361679099e+00,-4.206480536072890186e-01,-6.838761097113517373e-03,-3.339516078196472573e-03,1.070759107421492828e-03,-6.235248245494394437e-03,3.168452978790557706e-03,-2.890293013157109459e-03,-1.239010574963200773e-03,-1.974765610711529812e-03,-4.828297862774479088e-03,8.639676053720145299e-03,-7.770498655778890207e-03,4.639034019545296150e-03,-2.980593235159756382e-03,-2.998996808346054456e-03,8.907871681980372713e-03,-5.320177885893243031e-03,3.003154741031618946e-03
6.000000000000000000e+00,-1.617139454321711689e+00,-3.707366236729257025e-01,-6.052157825115497478e-03,-3.904394418225640151e-03,1.817124297503878994e-03,-7.003800363236313553e-03,4.675915741950642524e-03,-4.697656417515357063e-03,1.104443811143843157e-04,-1.307164425229039029e-03,-5.106154972545247361e-03,9.264762381793460733e-03,-8.825642640613681755e-03,6.228864017427296340e-03,-3.625929858156670682e-03,-2.209066030261642999e-03,8.681041318475718471e-03,-6.594299143174039979e-03,3.673075089391839021e-03
6.200000000000000178e+00,-1.318362347524900446e+00,-2.903852822131847700e-01,-4.817173357415633662e-03,-4.543209658637378454e-03,3.206771191363311235e-03,-7.704088605884548691e-03,7.134543366863074776e-03,-7.648593163561950847e-03,2.672969210878402280e-03,1.018823692585206497e-04,-5.170974194609490038e-03,9.510046890607873338e-03,-1.006092913969489078e-02,8.680477956816007312e-03,-4.528539796239614001e-03,-5.367133240324656503e-04,7.386685996950276278e-03,-8.444809541561362765e-03,4.616738127532216129e-03
6.400000000000000355e+00,-1.080035223124435451e+00,-2.298224845236392644e-01,-3.744860542117523644e-03,-4.637139326948075575e-03,4.223000669802086382e-03,-7.409330843869146865e-03,8.616948587074554911e-03,-9.508155463940307084e-03,4.740204777784876033e-03,1.391309881786697775e-03,-4.651801674809989684e-03,8.588589961041274978e-03,-1.011176701658224319e-02,9.979143610205257198e-03,-4.866813593436315061e-03,1.058716730841562526e-03,5.290960343663352050e-03,-9.214862714656796294e-03,4.980795031190688588e-03
6.599999999999999645e+00,-8.886533611860584214e-01,-1.836125800915474338e-01,-2.699164740726499659e-03,-4.330756602841635827e-03,4.720756451603722731e-03,-6.320833423561489361e-03,9.031660374532839153e-03,-1.020979169249516816e-02,6.100742594638830507e-03,2.392072726419822160e-03,-3.661273194408606879e-03,6.767694642548206796e-03,-9.080184721635069234e-03,1.009123678654286899e-02,-4.659912237702023424e-03,2.420169033399675613e-03,2.745298067490593158e-03,-8.886380563415133271e-03,4.780635578319335222e-03
6.799999999999999822e+00,-7.341137279464670096e-01,-1.479504296869728897e-01,-1.665936438090344189e-03,-3.759247445434431810e-03,4.674851084932134943e-03,-4.660095650194338857e-03,8.445020168916579639e-03,-9.837749702564083099e-03,6.696759855780075321e-03,3.027230932111065961e-03,-2.325370649140272999e-03,4.328995332942814356e-03,-7.157042010205665050e-03,9.131949548853227072e-03,-3.983985920111197954e-03,3.470845537684466141e-03,3.543596386146666277e-05,-7.574386832982678286e-03,4.091082740051061456e-03
7.000000000000000000e+00,-6.087730331412044560e-01,-1.201495378421512522e-01,-6.761267893411505858e-04,-3.035526855674248667e-03,4.137959559759849665e-03,-2.636948660744320438e-03,7.018312374157946454e-03,-8.566789681193336115e-03,6.577578808167831859e-03,3.288748029239955267e-03,-7.677027600909956673e-04,1.531287655687954552e-03,-4.572749422992836155e-03,7.301198560035346286e-03,-2.944053686447702795e-03,4.193144333229341901e-03,-2.627730060685905950e-03,-5.470790614195267243e-03,3.018200215245150225e-03
7.200000000000000178e+00,-5.067682623733771319e-01,-9.828843400631702421e-02,2.324813077586905877e-04,-2.246703523311563422e-03,3.205172440032068998e-03,-4.324219728459033352e-04,4.956475944135861622e-03,-6.612540456265129929e-03,5.856086276443812216e-03,3.213461997276931964e-03,9.007318787270408855e-04,-1.408083950834464193e-03,-1.560845588759934843e-03,4.832760258040719181e-03,-1.652859372846076508e-03,4.608213935447535298e-03,-5.102737974095054169e-03,-2.798281206617507511e-03,1.677578484845121398e-03
7.400000000000000355e+00,-4.235377604688660980e-01,-8.097154676678976204e-02,1.031264013960740168e-03,-1.455526745232947790e-03,1.987534178600189327e-03,1.808150305969060540e-03,2.471156261272575150e-03,-4.195500093322923618e-03,4.673827552772031463e-03,2.862603801204651258e-03,2.587072098712509677e-03,-4.319375984324032303e-03,1.665635988885888485e-03,1.958553863712159115e-03,-2.168104268312695537e-04,4.759027621355702876e-03,-7.305621976315308103e-03,2.227395929815106923e-04,1.795418694618480804e-04
7.599999999999999645e+00,-3.554862396280014103e-01,-6.716889207514988025e-02,1.705008120497345219e-03,-7.040735882983054084e-04,5.943095662655842326e-04,3.975526585894680054e-03,-2.428717502801838735e-04,-1.517964686838471633e-03,3.176175508726560709e-03,2.306401818933623629e-03,4.218533709163131001e-03,-7.079022408642422770e-03,4.927083382790159449e-03,-1.113410155523866796e-03,1.272091014244934593e-03,4.697814524202629030e-03,-9.196313797281852748e-03,3.394891580773981565e-03,-1.379600619425141311e-03
7.799999999999999822e+00,-2.997494422142794601e-01,-5.610853229744315607e-02,2.250723877450549332e-03,-1.807739951819892915e-05,-8.774992482775550995e-04,5.993267211058837113e-03,-3.020490411631868155e-03,1.248501417082478748e-03,1.496651997641800652e-03,1.613709569847290512e-03,5.741893810261775727e-03,-9.604178547927458287e-03,8.082224342065180700e-03,-4.210290378981219883e-03,2.739805570834349946e-03,4.477581135448246812e-03,-1.076598752662665665e-02,6.554544805233437910e-03,-2.921639242789354773e-03
8.000000000000000000e+00,-2.540265281742405401e-01,-4.720387126524427934e-02,2.674498934988406122e-03,5.889487074133142874e-04,-2.348209910719264298e-03,7.812702095534487801e-03,-5.731178358336717904e-03,3.967869278811923806e-03,-2.514757878629564347e-04,8.458459536818865171e-04,7.121490216617835933e-03,-1.184559573308100605e-02,1.102765799485416753e-02,-7.197976540483173868e-03,4.130736982256435347e-03,4.146981004938936517e-03,-1.202648852372924931e-02,9.575279415008866590e-03,-4.387291132259173859e-03
8.199999999999999289e+00,-2.164582426283886973e-01,-4.000384310401997046e-02,2.988136240204985854e-03,1.112174741041622658e-03,-3.756804395504940303e-03,9.407406951565416842e-03,-8.278765927995177659e-03,6.539313920681105730e-03,-1.978363264980485814e-03,5.360868754533502922e-05,8.336482258286259661e-03,-1.378028113238592700e-02,1.369416463996558225e-02,-9.979680438575208590e-03,5.406328441668701787e-03,3.747678940794957510e-03,-1.300212878408221924e-02,1.236658490023936907e-02,-5.734982070881501637e-03
8.400000000000000355e+00,-1.855362263960546321e-01,-3.415819537544516338e-02,3.206321419501035296e-03,1.552616436386791005e-03,-5.059966744770003425e-03,1.076792430596925330e-02,-1.059813738638910180e-02,8.893841968187217450e-03,-3.617327756425977453e-03,-7.235291549879830503e-04,9.377897277750114197e-03,-1.540475047199696759e-02,1.604141656991885101e-02,-1.249169815674622958e-02,6.542673013384455588e-03,3.313429529556819082e-03,-1.372368414572407158e-02,1.486981504939195731e-02,-6.938516497761757634e-03
8.599999999999999645e+00,-1.600338676030294838e-01,-2.939282089250994795e-02,3.344535633359743167e-03,1.914970009291953271e-03,-6.229867087659653885e-03,1.189711016663188604e-02,-1.265043805616439601e-02,1.098942210848394274e-02,-5.122585808945770425e-03,-1.456858748447531493e-03,1.024579818230073741e-02,-1.672925124111724129e-02,1.805220704248310798e-02,-1.469788643478946513e-02,7.527760438710482532e-03,2.870237699235115431e-03,-1.422423759357797912e-02,1.705287391535847963e-02,-7.984297232447135767e-03
8.800000000000000711e+00,-1.389524269770721909e-01,-2.549187969288654182e-02,3.417677738550834246e-03,2.206027957243927948e-03,-7.251422620757293214e-03,1.280625666949781333e-02,-1.441783811946888844e-02,1.280566741880708251e-02,-6.466022433577908041e-03,-2.127128558706304143e-03,1.094676155122207770e-02,-1.777306661659214942e-02,1.972689957786201431e-02,-1.658387725870363871e-02,8.358756361290275647e-03,2.437129733383371511e-03,-1.453646764128943211e-02,1.890462443344032017e-02,-8.868525519398174142e-03
9.000000000000000000e+00,-1.214783187902988976e-01,-2.228459625759064006e-02,3.439261483103440813e-03,2.433565367987968169e-03,-8.119504423887563549e-03,1.351200172016397104e-02,-1.589850318283200781e-02,1.433872203543119783e-02,-7.633685079358331835e-03,-2.722921256116085480e-03,1.149175174721143652e-02,-1.856085730719812810e-02,2.107848809841549043e-02,-1.815164926292004571e-02,9.039539865572543409e-03,2.027206702427074986e-03,-1.469100971977779953e-02,2.042962567993115985e-02,-9.594634179372275168e-03
9.500000000000000000e+00,-8.952289638224247836e-02,-1.647754236781851303e-02,3.340176267645287266e-03,2.776374985510962623e-03,-9.645268954442608525e-03,1.451791797384189772e-02,-1.842769935482299615e-02,1.700501301679824273e-02,-9.781830041889601202e-03,-3.863220728960644126e-03,1.226442278946064321e-02,-1.959066308337435725e-02,2.319675276758955546e-02,-2.078604941524189731e-02,1.014690380227033922e-02,1.149335858519421596e-03,-1.456126538205320016e-02,2.293235091654465679e-02,-1.078118405154261140e-02
1.000000000000000000e+01,-6.887930678949326369e-02,-1.275846310912892925e-02,3.122014954900642278e-03,2.884988151591150879e-03,-1.038158084571586676e-02,1.469600605435646135e-02,-1.955381965836879704e-02,1.826598944311458306e-02,-1.095032537715272085e-02,-4.537046086484623590e-03,1.238298177428979151e-02,-1.961293627810332257e-02,2.387146367240898168e-02,-2.190002722487375403e-02,1.056398344223354741e-02,5.038034290367990765e-04,-1.395416688955934854e-02,2.389586564634171156e-02,-1.123449610312810508e-02
1.050000000000000000e+01,-5.510935980822588565e-02,-1.028217549684715126e-02,2.861795580928197785e-03,2.847361040728578572e-03,-1.053279517000582990e-02,1.432860710945436239e-02,-1.966215690018938145e-02,1.850008117117574180e-02,-1.136856402472025476e-02,-4.838945552983234602e-03,1.206307941821570424e-02,-1.898569930679109077e-02,2.354415845209745228e-02,-2.192290708797016430e-02,1.049498384402307305e-02,6.650938910592919546e-05,-1.309864976684303392e-02,2.376277907033527356e-02,-1.116909506831203699e-02
1.100000000000000000e+01,-4.556375967607693978e-02,-8.559343065687558330e-03,2.598535325640558263e-03,2.724860750616226249e-03,-1.029062499672986353e-02,1.363256645436762560e-02,-1.909837125653062601e-02,1.805070087164644538e-02,-1.126813265501748484e-02,-4.875923181252976926e-03,1.147535426570435793e-02,-1.797722011698027131e-02,2.258200643591901785e-02,-2.123198041194369542e-02,1.011347179283434393e-02,-2.090741745801969354e-04,-1.213700607292382723e-02,2.291813272511906627e-02,-1.076888666034181777e-02
1.150000000000000000e+01,-3.865828326622461342e-02,-7.303816142187782683e-03,2.349627829276469074e-03,2.557715436818533070e-03,-9.807048505763677967e-03,1.276071891352199492e-02,-1.813024578027228745e-02,1.718556243742425799e-02,-1.083915950393587666e-02,-4.740099653145931659e-03,1.074269683712349155e-02,-1.677333174821946452e-02,2.125764170363307615e-02,-2.011632011512150264e-02,9.549932602812363086e-03,-3.692050205311891617e-04,-1.115331139252043711e-02,2.165539136546575094e-02,-1.017286172354016013e-02
1.200000000000000000e+01,-3.344110575242810468e-02,-6.346426608405734276e-03,2.121348839454929944e-03,2.371156460351992335e-03,-9.191552339047117173e-03,1.181442782129033149e-02,-1.694785896269157544e-02,1.609556030786007258e-02,-1.022166885364773729e-02,-4.501204586512855613e-03,9.947947322024175074e-03,-1.549554624901742193e-02,1.975903086817015417e-02,-1.877962367590816153e-02,8.895120615190004257e-03,-4.515706651466858189e-04,-1.019485814632562978e-02,2.018056590254977203e-02,-9.478051145668294625e-03
1.250000000000000000e+01,-2.933582050799497798e-02,-5.585870214420961613e-03,1.914762995464493363e-03,2.180409358804904531e-03,-8.517957112759747332e-03,1.085753840014634652e-02,-1.567792632045306514e-02,1.490848757375702952e-02,-9.511696956859992322e-03,-4.207999566968424060e-03,9.143949798568119791e-03,-1.421935100316181443e-02,1.820849669913853983e-02,-1.735690710934345224e-02,8.208553339567353779e-03,-4.839461152008096845e-04,-9.286553301741167984e-03,1.862969824299003097e-02,-8.748273683283304056e-03
1.300000000000000000e+01,-2.598936692134026089e-02,-4.960524680709256333e-03,1.728758120162136478e-03,1.994274246808809808e-03,-7.833391959709818872e-03,9.928155103837595780e-03,-1.440050508649421898e-02,1.370547190444424204e-02,-8.771561994175947063e-03,-3.892657627087310352e-03,8.362572478432583889e-03,-1.298906366527896074e-02,1.668144469152393894e-02,-1.593300354935577728e-02,7.527236279130203843e-03,-4.855797196822074177e-04,-8.440037844983908424e-03,1.708786220684237883e-02,-8.023310579942249249e-03
1.350000000000000000e+01,-2.318211641995210348e-02,-4.432171546003765145e-03,1.561487018375329978e-03,1.817535573187648284e-03,-7.166338985295878268e-03,9.047459737704008007e-03,-1.316339965008200483e-02,1.253528438952099602e-02,-8.039659164296188848e-03,-3.575354107244385453e-03,7.621698845626525068e-03,-1.182871691166242911e-02,1.522150471307010325e-02,-1.455823628648645306e-02,6.872839355157796780e-03,-4.692546240195355923e-04,-7.659275895500037082e-03,1.560515798353591388e-02,-7.326519656519103058e-03
1.400000000000000000e+01,-2.077463773359344845e-02,-3.976528771499361799e-03,1.410995661316726381e-03,1.652524277709405002e-03,-6.532857142924276134e-03,8.225882461083626473e-03,-1.199309468806667237e-02,1.142525207356074810e-02,-7.338260210601713247e-03,-3.268068445524273564e-03,6.930231996938035835e-03,-1.074957016903297334e-02,1.385163617771214412e-02,-1.326020630313822293e-02,6.257008699982930661e-03,-4.431864084868732687e-04,-6.943913189904226367e-03,1.420870405424353236e-02,-6.670499912853393443e-03
1.450000000000000000e+01,-1.867608566746692747e-02,-3.577705113032585930e-03,1.275463502756545280e-03,1.500106175130939013e-03,-5.941029946191985454e-03,7.467236092944783306e-03,-1.090247876656734623e-02,1.038899021944871687e-02,-6.679181146188045357e-03,-2.977407062791432701e-03,6.291500972335309708e-03,-9.755092711560149274e-03,1.258180775542662791e-02,-1.205207341237149454e-02,5.685061091116437246e-03,-4.125065495963185802e-04,-6.291268663415491846e-03,1.291104642000816261e-02,-6.061044470356754220e-03
1.500000000000000000e+01,-1.682535385655046373e-02,-3.224927830748448160e-03,1.153272005333510434e-03,1.360296554805719149e-03,-5.393988827195937349e-03,6.771401549299793828e-03,-9.896054139182325002e-03,9.431629136610194045e-03,-6.067677918583781575e-03,-2.706570446945026718e-03,5.705499161619814914e-03,-8.844176107235389439e-03,1.141410164484618801e-02,-1.093812112840483221e-02,5.158449342400687511e-03,-3.803289682915678930e-04,-5.697502431883591512e-03,1.171580208977347944e-02,-5.499784637628120192e-03
1.600000000000000000e+01,-1.370835161237402185e-02,-2.629120100782429692e-03,9.434225370856811265e-04,1.116423520576030918e-03,-4.433222852093286238e-03,5.557603781694921835e-03,-8.131024371246716245e-03,7.750973669965764701e-03,-4.990174338804749879e-03,-2.227569623730916732e-03,4.683032930534466488e-03,-7.257074293895986183e-03,9.372501916755683615e-03,-8.985922776584278140e-03,4.236715763636975107e-03,-3.179749325076336669e-04,-4.669217846928883607e-03,9.623049684093066755e-03,-4.517228693709072693e-03
1.700000000000000000e+01,-1.119886520877519560e-02,-2.148432617906508545e-03,7.720981652233059904e-04,9.150488049350623005e-04,-3.635941281013329966e-03,4.555242299170537447e-03,-6.667838602394229701e-03,6.356750919471679771e-03,-4.093943244462502386e-03,-1.828109671594511845e-03,3.838510745469211373e-03,-5.947547008232921366e-03,7.683745270578800322e-03,-7.368409203654728741e-03,3.473685047423313767e-03,-2.627950781223416243e-04,-3.824479705924311614e-03,7.890198575927110866e-03,-3.703741342551157122e-03
1.800000000000000000e+01,-9.159832829165534540e-03,-1.757481118917932333e-03,6.320221286339649039e-04,7.495465360045669261e-04,-2.979200112624691248e-03,3.731387808018737928e-03,-5.463133923232514969e-03,5.208463681667827201e-03,-3.354925847889967359e-03,-1.498335127438325245e-03,3.144322420078988264e-03,-4.871640837413010461e-03,6.294689650948927587e-03,-6.036948580330959817e-03,2.845847049347696375e-03,-2.160711271146182005e-04,-3.131823605411077766e-03,6.464210479347067863e-03,-3.034346449889602833e-03
1.900000000000000000e+01,-7.496122434421641917e-03,-1.438350624733769189e-03,5.174114991888967719e-04,6.138122892422796881e-04,-2.440028381667337393e-03,3.055692199122230467e-03,-4.474301868158780081e-03,4.265805485726048042e-03,-2.747922286294025244e-03,-1.227326515953912345e-03,2.574949800406806794e-03,-3.989374115094130799e-03,5.155048348938016251e-03,-4.944188578943816033e-03,2.330659803530985355e-03,-1.772416427329346841e-04,-2.564342300459016011e-03,5.294022020852879977e-03,-2.485043741871064728e-03
2.000000000000000000e+01,-6.136087744094808477e-03,-1.177418615679235196e-03,4.236041501506259332e-04,5.025968708956539974e-04,-1.998045532921572699e-03,2.502043551110207185e-03,-3.663789201852775141e-03,3.493090496981377403e-03,-2.250229488284112653e-03,-1.005068921031175610e-03,2.108410412581736802e-03,-3.266522455392488044e-03,4.221109961220523114e-03,-4.048531954074448963e-03,1.908432585060191103e-03,-1.452377693414061389e-04,-2.099587490303767619e-03,4.334959084069840707e-03,-2.034851268248771567e-03
2.100000000000000000e+01,-5.023355821710306750e-03,-9.639141034786728561e-04,3.468116088617237175e-04,4.115098684028559791e-04,-1.635978953709338671e-03,2.048593680341703142e-03,-2.999856084067187637e-03,2.860101169968804098e-03,-1.842487216904436977e-03,-8.229615264519692412e-04,1.726301412363005034e-03,-2.674512560880280571e-03,3.456141638038087022e-03,-3.314868608407057701e-03,1.562584443298965569e-03,-1.189565506539409334e-04,-1.719026842987667102e-03,3.549378155728847520e-03,-1.666094605507216107e-03
2.200000000000000000e+01,-4.112611168891120231e-03,-7.891586416072436617e-04,2.839430622670729423e-04,3.369225378938563793e-04,-1.339469594869719922e-03,1.677281131724331614e-03,-2.456147774715427331e-03,2.341726632101262962e-03,-1.508558073763079533e-03,-6.738136267941269037e-04,1.413405863753594864e-03,-2.189746236893668103e-03,2.829719068537421903e-03,-2.714062559586160120e-03,1.279369809394207943e-03,-9.741030027364479304e-05,-1.407431172460380615e-03,2.906063786022848767e-03,-1.364119450246887959e-03
2.300000000000000000e+01,-3.367060652134917960e-03,-6.460983429595260194e-04,2.324720807979239947e-04,2.758513279530412144e-04,-1.096680893527890183e-03,1.373254335425472088e-03,-2.010950713557609331e-03,1.917270790788797724e-03,-1.235123916361720309e-03,-5.516828772436102807e-04,1.157209818056057328e-03,-1.792827509883897566e-03,2.316803649216638439e-03,-2.222115078016664511e-03,1.047471874357076447e-03,-7.975903528490538882e-05,-1.152311240791873683e-03,2.379312772462992623e-03,-1.116860001050693505e-03
2.400000000000000000e+01,-2.756693817247377141e-03,-5.289768657127439083e-04,1.903317335808102102e-04,2.258488796420437584e-04,-8.978922411084299489e-04,1.124330226199131031e-03,-1.646437126751307311e-03,1.569738561336081126e-03,-1.011241672993487507e-03,-4.516837634078737867e-04,9.474473028466520773e-04,-1.467848508853056809e-03,1.896847826255655158e-03,-1.819324474021400675e-03,8.576020242142569621e-04,-6.530346672980143533e-05,-9.434341422554375122e-04,1.948027202712324102e-03,-9.144125815629514141e-04
2.500000000000000000e+01,-2.256981806988709715e-03,-4.330882602857077392e-04,1.558303300759309199e-04,1.849097596313947615e-04,-7.351341496415232657e-04,9.205254510450798120e-04,-1.347992364156222651e-03,1.285196915074613040e-03,-8.279375040526357286e-04,-3.698088691515492420e-04,7.757057291512454728e-04,-1.201774735553291307e-03,1.553011118919020222e-03,-1.489540768571110318e-03,7.021468391562488923e-04,-5.346679978913959890e-05,-7.724190947092651619e-04,1.594913702777260968e-03,-7.486595235430425124e-04
5.000000000000000000e+01,-1.520737872398371133e-05,-2.918118226797071454e-06,1.049975880405690738e-06,1.245914009151246311e-06,-4.953306809040046977e-06,6.202461148367045213e-06,-9.082721205762859083e-06,8.659608936354188814e-06,-5.578614679565046185e-06,-2.491760706300634849e-06,5.226672257614955155e-06,-8.097505582786587936e-06,1.046412568707530717e-05,-1.003646804230941295e-05,4.731037469923281551e-06,-3.602611005954917876e-07,-5.204521939064142376e-06,1.074646557527288066e-05,-5.044438208896748742e-06
1.000000000000000000e+02,-6.904139259403627093e-10,-1.324823625352131768e-10,4.766883122272150036e-11,5.656440850556265880e-11,-2.248797812224572229e-10,2.815913004904058211e-10,-4.123549047938673772e-10,3.931456374810682522e-10,-2.532687146242214730e-10,-1.131257610509692313e-10,2.372905533872478784e-10,-3.676261847098410833e-10,4.750705712190342151e-10,-4.556549441842731793e-10,2.147887688382019172e-10,-1.635582866319125261e-11,-2.362849304808237789e-10,4.878887823123520744e-10,-2.290171403751081885e-10
