2.5,0.0,2643.226149458374
2.6,0.0,1876.106720517203
2.7,0.0,1308.6289658252172
2.8,0.0,896.0830803742701
2.9,0.0,599.457755725954
3.0,0.0,390.9627466078622
3.1,0.0,246.4423962895265
3.2,0.0,148.63125565014911
3.3,0.0,83.76620736780656
3.4,0.0,40.88340881519677
3.5,0.0,14.03747684583918
3.6,0.0,-2.3896527193131467
3.7,0.0,-11.826537045559451
3.8,0.0,-16.701555372400087
3.9,0.0,-18.24206535870678
4.0,0.0,-19.603315710128545
4.1,0.0,-18.853444202992204
4.2,0.0,-17.557732048190974
4.3,0.0,-16.010891535834528
4.4,0.0,-14.403711742479093
4.5,0.0,-12.83925619759043
4.6,0.0,-11.375819117434968
4.7,0.0,-10.040926134018424
4.8,0.0,-8.843323309925697
4.9,0.0,-7.780823360696272
5.0,0.0,-6.845277634556258
5.1,0.0,-6.029846862480727
5.2,0.0,-5.31378695959794
5.3,0.0,-4.689411704235214
5.4,0.0,-4.145371407557521
5.5,0.0,-3.671313010448235
5.6,0.0,-3.257993995900283
5.7,0.0,-2.897234329545803
5.8,0.0,-2.5818637717054385
5.9,0.0,-2.305656486067993
6.0,0.0,-2.0632487313367274
6.2,0.0,-1.6621309742762362
6.4,0.0,-1.3492494753212183
6.6,0.0,-1.1032291698305752
6.8,0.0,-0.9083181414472355
7.0,0.0,-0.7527744968845367
7.2,0.0,-0.6277558206977486
7.4,0.0,-0.5265549707580417
7.6,0.0,-0.4440660907219886
7.8,0.0,-0.3763873560450801
8.0,0.0,-0.3205209679857137
8.2,0.0,-0.2741472968627268
8.4,0.0,-0.2354547947586533
8.6,0.0,-0.2030177618444628
8.8,0.0,-0.1757039264804678
9.0,0.0,-0.152604877659316
9.5,0.0,-0.1088475642263959
10.0,0.0,-0.0791087513501219
10.5,0.0,-0.0584632119404425
11.0,0.0,-0.0438567353120834
11.5,0.0,-0.0333469753122842
12.0,0.0,-0.0256677774521257
12.5,0.0,-0.0199785548038204
13.0,0.0,-0.0157102132499311
13.5,0.0,-0.012469890246263
14.0,0.0,-0.0099845584728022
14.5,0.0,-0.0080586677529392
15.0,0.0,-0.0065528521724242
16.0,0.0,-0.0044213153251766
17.0,0.0,-0.0030561818440293
18.0,0.0,-0.0021567751647238
19.0,0.0,-0.001551245799541
20.0,0.0,-0.0011344642419101
21.0,0.0,-0.0008412450203464
22.0,0.0,-0.0006325236357903
23.0,0.0,-0.0004806477250754
24.0,0.0,-0.0003695953854735
25.0,0.0,-0.0002857556410248
50.0,0.0,5.267859394137986e-06
100.0,0.0,0.0
2.5,5.0,2567.882494127093
2.6,5.0,1846.418428573932
2.7,5.0,1293.879896923019
2.8,5.0,886.5688149986088
2.9,5.0,594.0423107479368
3.0,5.0,387.8968767462336
3.1,5.0,245.74892668937076
3.2,5.0,148.02819642758928
3.3,5.0,82.33711740770696
3.4,5.0,40.30466057972447
3.5,5.0,13.799406566688642
3.6,5.0,-2.5110329452116
3.7,5.0,-11.840144911953889
3.8,5.0,-16.66433993877171
3.9,5.0,-18.180290054246672
4.0,5.0,-19.54095528652935
4.1,5.0,-18.789326887466085
4.2,5.0,-17.496886659705964
4.3,5.0,-15.955956819703392
4.4,5.0,-14.354973014574838
4.5,5.0,-12.796774248823333
4.6,5.0,-11.339172341274937
4.7,5.0,-10.009517777747014
4.8,5.0,-8.816484417778293
4.9,5.0,-7.75792623400954
5.0,5.0,-6.82574461465273
5.1,5.0,-6.0131459423454245
5.2,5.0,-5.29949301767559
5.3,5.0,-4.677142416819331
5.4,5.0,-4.134812923756979
5.5,5.0,-3.66219845033844
5.6,5.0,-3.250107835727622
5.7,5.0,-2.8903847462455525
5.8,5.0,-2.5758986710423377
5.9,5.0,-2.3004400140340553
6.0,5.0,-2.0586731260551456
6.2,5.0,-1.6585768035003634
6.4,5.0,-1.3464597367526907
6.6,5.0,-1.1010199406342998
6.8,5.0,-0.9065551021248892
7.0,5.0,-0.7513551565376285
7.2,5.0,-0.6266033602754334
7.4,5.0,-0.5256110133957368
7.6,5.0,-0.4432871773594231
7.8,5.0,-0.3757396900425884
8.0,5.0,-0.3199795262314431
8.2,5.0,-0.2736923272231409
8.4,5.0,-0.2350704967744918
8.6,5.0,-0.2026920652872738
8.8,5.0,-0.1754256344199818
9.0,5.0,-0.1523669694019297
9.5,5.0,-0.1086831783192157
10.0,5.0,-0.0789922128265801
10.5,5.0,-0.0583784957788891
11.0,5.0,-0.043794846541238
11.5,5.0,-0.0333002289081402
12.0,5.0,-0.0256320034158612
12.5,5.0,-0.0199509024406538
13.0,5.0,-0.0156884868387176
13.5,5.0,-0.0124523338338713
14.0,5.0,-0.0099705139666733
14.5,5.0,-0.0080472587359683
15.0,5.0,-0.0065427593405713
16.0,5.0,-0.0044140731881054
17.0,5.0,-0.0030504773355438
18.0,5.0,-0.0021530480528375
19.0,5.0,-0.001548613429305
20.0,5.0,-0.001131831871674
21.0,5.0,-0.0008390524181237
22.0,5.0,-0.0006298912655543
23.0,5.0,-0.0004784551228527
24.0,5.0,-0.0003667415717697
25.0,5.0,-0.0002846577804524
50.0,5.0,6.584044512152332e-06
100.0,5.0,0.0
2.5,10.0,2397.575483314411
2.6,10.0,1767.9361817859906
2.7,10.0,1249.517174577687
2.8,10.0,861.7860479208435
2.9,10.0,578.1404199684245
3.0,10.0,377.4111488457474
3.1,10.0,238.4325250331663
3.2,10.0,143.57487709440227
3.3,10.0,80.60457655849333
3.4,10.0,38.644778345149426
3.5,10.0,14.200964593908951
3.6,10.0,-2.2192600800978672
3.7,10.0,-11.195130043133434
3.8,10.0,-16.56548044492438
3.9,10.0,-19.13103088806039
4.0,10.0,-19.357541656011858
4.1,10.0,-18.60078830032634
4.2,10.0,-17.31789895428048
4.3,10.0,-15.79413378381845
4.4,10.0,-14.211358691802316
4.5,10.0,-12.671501202708416
4.6,10.0,-11.231065723772618
4.7,10.0,-9.916812132370335
4.8,10.0,-8.737242001903486
4.9,10.0,-7.690276467880916
5.0,10.0,-6.7679922767896645
5.1,10.0,-5.963761295035045
5.2,10.0,-5.257202230761735
5.3,10.0,-4.640839336515818
5.4,10.0,-4.1035568800453746
5.5,10.0,-3.635217113900692
5.6,10.0,-3.2267495888869617
5.7,10.0,-2.8701015600842754
5.8,10.0,-2.5582224047129114
5.9,10.0,-2.284984610480265
6.0,10.0,-2.0451100317871767
6.2,10.0,-1.6480396063430212
6.4,10.0,-1.3381883959409195
6.6,10.0,-1.0944712553417753
6.8,10.0,-0.9013263384190316
7.0,10.0,-0.7471473875694666
7.2,10.0,-0.6231867994606788
7.4,10.0,-0.5228140264522939
7.6,10.0,-0.4409785231650622
7.8,10.0,-0.3738221393203689
8.0,10.0,-0.3183764813739874
8.2,10.0,-0.2723449715978531
8.4,10.0,-0.2339327389508646
8.6,10.0,-0.201726593600457
8.8,10.0,-0.1746030405536774
9.0,10.0,-0.1516631128992338
9.5,10.0,-0.1081979208273051
10.0,10.0,-0.0786487321756875
10.5,10.0,-0.0581307098952736
11.0,10.0,-0.0436120215667172
11.5,10.0,-0.0331630555961132
12.0,10.0,-0.0255281900944083
12.5,10.0,-0.0198707929270135
13.0,10.0,-0.015625933737469
13.5,10.0,-0.0124031702651147
14.0,10.0,-0.0099305668126649
14.5,10.0,-0.0080149934870445
15.0,10.0,-0.0065166414870684
16.0,10.0,-0.0043958555642326
17.0,10.0,-0.0030373092465195
18.0,10.0,-0.0021433887511538
19.0,10.0,-0.0015404917562071
20.0,10.0,-0.0011252447082398
21.0,10.0,-0.0008337845587296
22.0,10.0,-0.0006257212667325
23.0,10.0,-0.00047494321659
24.0,10.0,-0.0003636694335203
25.0,10.0,-0.0002811458741896
50.0,10.0,7.900229630166677e-06
100.0,10.0,0.0
2.5,15.0,2226.214567400385
2.6,15.0,1669.2886479089798
2.7,15.0,1190.069234887686
2.8,15.0,822.4452942366577
2.9,15.0,553.0668656860148
3.0,15.0,361.4810417458158
3.1,15.0,228.36862583294632
3.2,15.0,137.3247584683703
3.3,15.0,76.79371696711502
3.4,15.0,37.63987665903228
3.5,15.0,13.282882242714988
3.6,15.0,-2.662706154061609
3.7,15.0,-13.012891137205976
3.8,15.0,-16.353235966532104
3.9,15.0,-18.919384478571683
4.0,15.0,-19.064002018226045
4.1,15.0,-18.29908925672331
4.2,15.0,-17.03168999040693
4.3,15.0,-15.534150722265508
4.4,15.0,-13.980382931140864
4.5,15.0,-12.469819602677894
4.6,15.0,-11.056815595490203
4.7,15.0,-9.767202424201308
4.8,15.0,-8.60923057339102
4.9,15.0,-7.580903044034964
5.0,15.0,-6.678833781495255
5.1,15.0,-5.88380054150232
5.2,15.0,-5.188675445576501
5.3,15.0,-4.581965705618789
5.4,15.0,-4.052848147387349
5.5,15.0,-3.591420954293258
5.6,15.0,-3.18881208425094
5.7,15.0,-2.837144153734469
5.8,15.0,-2.529489225883086
5.9,15.0,-2.2598503776717016
6.0,15.0,-2.023049540353957
6.2,15.0,-1.6308916136788414
6.4,15.0,-1.3247251633201274
6.6,15.0,-1.0838085215706887
6.8,15.0,-0.8928148936287292
7.0,15.0,-0.7402956085480712
7.2,15.0,-0.6176244327301578
7.4,15.0,-0.5182592711648207
7.6,15.0,-0.4372208988640274
7.8,15.0,-0.3706998924688283
8.0,15.0,-0.3157671474964461
8.2,15.0,-0.2701526376024883
8.4,15.0,-0.2320825694212744
8.6,15.0,-0.2001575699450565
8.8,15.0,-0.1732671001832045
9.0,15.0,-0.1505203117786022
9.5,15.0,-0.1074102245801606
10.0,15.0,-0.0780928030283526
10.5,15.0,-0.057730386889462
11.0,15.0,-0.0433185871395299
11.5,15.0,-0.0329448963533413
12.0,15.0,-0.0253629277701234
12.5,15.0,-0.0197441584526968
13.0,15.0,-0.0155280494868914
13.5,15.0,-0.0123265726577372
14.0,15.0,-0.0098704339949509
14.5,15.0,-0.007967149222328
15.0,15.0,-0.0064784534051135
16.0,15.0,-0.0043703989222107
17.0,15.0,-0.0030204109266868
18.0,15.0,-0.0021321949398065
19.0,15.0,-0.0015325915265769
20.0,15.0,-0.0011195401997544
21.0,15.0,-0.0008302726524668
22.0,15.0,-0.0006233072210422
23.0,15.0,-0.0004731872634586
24.0,15.0,-0.0003630113409613
25.0,15.0,-0.0002807092250984
50.0,15.0,7.681905084524488e-06
100.0,15.0,0.0
2.5,20.0,2083.8013820327797
2.6,20.0,1565.9710057824964
2.7,20.0,1118.8334662332454
2.8,20.0,774.7201709557708
2.9,20.0,521.2447689681861
3.0,20.0,340.8903770535634
3.1,20.0,214.8715466666166
3.2,20.0,129.1442189131046
3.3,20.0,72.06188564577049
3.4,20.0,35.70647504146346
3.5,20.0,11.88429333197787
3.6,20.0,-3.3131907701024765
3.7,20.0,-11.500351216825804
3.8,20.0,-16.12160617414819
3.9,20.0,-17.919352278169168
4.0,20.0,-18.699309584501098
4.1,20.0,-17.911078083543693
4.2,20.0,-16.65534367313859
4.3,20.0,-15.18989159777834
4.4,20.0,-13.67397988870988
4.5,20.0,-12.201749996446456
4.6,20.0,-10.824787236053616
4.7,20.0,-9.567642483391804
4.8,20.0,-8.438203869792442
4.9,20.0,-7.434575577182368
5.0,20.0,-6.55359256086125
5.1,20.0,-5.776546362831697
5.2,20.0,-5.096646222663898
5.3,20.0,-4.502828200926006
5.4,20.0,-3.984623361189336
5.5,20.0,-3.532456899607268
5.6,20.0,-3.1377078535595624
5.7,20.0,-2.792709098533434
5.8,20.0,-2.4907267133350692
5.9,20.0,-2.2259174036843032
6.0,20.0,-1.9932499334484872
6.2,20.0,-1.6077122401384258
6.4,20.0,-1.306517987836297
6.6,20.0,-1.0693879389361778
6.8,20.0,-0.8813001576750403
7.0,20.0,-0.7310239015492452
7.2,20.0,-0.6100940417613869
7.4,20.0,-0.5120922546051437
7.6,20.0,-0.4321301848873014
7.8,20.0,-0.3664695206723482
8.0,20.0,-0.3122309729009783
8.2,20.0,-0.2671809535954667
8.4,20.0,-0.2295733155154555
8.6,20.0,-0.1980291052360583
8.8,20.0,-0.1714535811069835
9.0,20.0,-0.1489684047675801
9.5,20.0,-0.1063391898566037
10.0,20.0,-0.0773362741695595
10.5,20.0,-0.0571847720174476
11.0,20.0,-0.0429176060411593
11.5,20.0,-0.0326448747627198
12.0,20.0,-0.02513511234459
12.5,20.0,-0.0195692368267283
13.0,20.0,-0.0153913159428778
13.5,20.0,-0.012219690316957
14.0,20.0,-0.0097846168539031
14.5,20.0,-0.0078984518445807
15.0,20.0,-0.0064224874672991
16.0,20.0,-0.0043330872573605
17.0,20.0,-0.0029940716297161
18.0,20.0,-0.0021124428062701
19.0,20.0,-0.0015178858089669
20.0,20.0,-0.0011085678318748
21.0,20.0,-0.0008210562377186
22.0,20.0,-0.0006158467594254
23.0,20.0,-0.0004670429869598
24.0,20.0,-0.0003575251570215
25.0,20.0,-0.0002758811337176
50.0,20.0,1.0972367879560352e-05
100.0,20.0,0.0
2.5,25.0,1968.65304908031
2.6,25.0,1465.483861015642
2.7,25.0,1044.2724087095626
2.8,25.0,721.4436535336858
2.9,25.0,485.31469690568167
3.0,25.0,316.62161780372884
3.1,25.0,199.48345191839337
3.2,25.0,119.87406726769856
3.3,25.0,66.32251718657777
3.4,25.0,32.32242930129132
3.5,25.0,9.299607993104072
3.6,25.0,-5.866495626511499
3.7,25.0,-13.288804766972769
3.8,25.0,-17.08096358225879
3.9,25.0,-18.24620311411207
4.0,25.0,-18.24882517942955
4.1,25.0,-17.44390109521557
4.2,25.0,-16.20749998453856
4.3,25.0,-14.779208474729446
4.4,25.0,-13.3074763499544
4.5,25.0,-11.880213956556078
4.6,25.0,-10.545733806141811
4.7,25.0,-9.327053515596154
4.8,25.0,-8.23158343169591
4.9,25.0,-7.257450114633848
5.0,25.0,-6.4017106306266855
5.1,25.0,-5.646251739885815
5.2,25.0,-4.984695287302393
5.3,25.0,-4.406425506952942
5.4,25.0,-3.901425138466647
5.5,25.0,-3.4604896314749207
5.6,25.0,-3.0752800518866605
5.7,25.0,-2.73838781199711
5.8,25.0,-2.443295833670109
5.9,25.0,-2.1843693194476588
6.0,25.0,-1.9567451586918656
6.2,25.0,-1.5792988350327584
6.4,25.0,-1.284194783358383
6.6,25.0,-1.0517031142845623
6.8,25.0,-0.8671756480757968
7.0,25.0,-0.7196474367681558
7.2,25.0,-0.6008519645223267
7.4,25.0,-0.5045205971783244
7.6,25.0,-0.4258808630928394
7.8,25.0,-0.3612771890953141
8.0,25.0,-0.3078908649500143
8.2,25.0,-0.2635341633094882
8.4,25.0,-0.2264947460487316
8.6,25.0,-0.1954180154053856
8.8,25.0,-0.1692292064250847
9.0,25.0,-0.1470651231138794
9.5,25.0,-0.1050276082675803
10.0,25.0,-0.0764107527556731
10.5,25.0,-0.0565177905305107
11.0,25.0,-0.0424283968749726
11.5,25.0,-0.0322809870046538
12.0,25.0,-0.0248612086074714
12.5,25.0,-0.0193596390250677
13.0,25.0,-0.0152293440813879
13.5,25.0,-0.0120930527237183
14.0,25.0,-0.0096854164182074
14.5,25.0,-0.0078190035424215
15.0,25.0,-0.0063597160415049
16.0,25.0,-0.0042918270371562
17.0,25.0,-0.0029668590345629
18.0,25.0,-0.002094446625865
19.0,25.0,-0.0015060370239827
20.0,25.0,-0.0011002278342313
21.0,25.0,-0.0008162281463378
22.0,25.0,-0.0006125531777082
23.0,25.0,-0.0004655053583741
24.0,25.0,-0.0003570853890082
25.0,25.0,-0.0002760994582632
50.0,25.0,7.900229630166677e-06
100.0,25.0,0.0
2.5,30.0,1858.430156336956
2.6,30.0,1364.883500044711
2.7,30.0,967.2050033637798
2.8,30.0,666.3676423258299
2.9,30.0,446.6291693632352
3.0,30.0,290.5562811536418
3.1,30.0,182.86176533810843
3.2,30.0,109.10586497880573
3.3,30.0,59.73845386420636
3.4,30.0,27.48889145917016
3.5,30.0,7.483407801013832
3.6,30.0,-6.724624532319222
3.7,30.0,-13.46236903493289
3.8,30.0,-16.43079259566558
3.9,30.0,-17.708269479732877
4.0,30.0,-17.75185055847363
4.1,30.0,-16.92770883663799
4.2,30.0,-15.711053858691358
4.3,30.0,-14.32225593052811
4.4,30.0,-12.898116881841904
4.5,30.0,-11.519793161085657
4.6,30.0,-10.231874331741356
4.7,30.0,-9.05563516639168
4.8,30.0,-7.997817929347007
4.9,30.0,-7.06072775977651
5.0,30.0,-6.229055865296643
5.1,30.0,-5.497829386639341
5.2,30.0,-4.856927474674722
5.3,30.0,-4.296247267096546
5.4,30.0,-3.806238992526811
5.5,30.0,-3.3780602292829447
5.6,30.0,-3.003706962483626
5.7,30.0,-2.6760372660241445
5.8,30.0,-2.3888127935968404
5.9,30.0,-2.136611642246015
6.0,30.0,-1.914762296717185
6.2,30.0,-1.5465999686099012
6.4,30.0,-1.2584978159145053
6.6,30.0,-1.031340698145672
6.8,30.0,-0.8509075314008537
7.0,30.0,-0.7065388754906815
7.2,30.0,-0.5901975676299617
7.4,30.0,-0.4957903381716131
7.6,30.0,-0.4186737577544892
7.8,30.0,-0.355287508207296
8.0,30.0,-0.3028850854593872
8.2,30.0,-0.2593290298304843
8.4,30.0,-0.2229443055036671
8.6,30.0,-0.1924072637803823
8.8,30.0,-0.1666639865814514
9.0,30.0,-0.1448710362843053
9.5,30.0,-0.1035154300860209
10.0,30.0,-0.0753443246800293
10.5,30.0,-0.0557509473963971
11.0,30.0,-0.0418678610797246
11.5,30.0,-0.0318644268904905
12.0,30.0,-0.0245473608352666
12.5,30.0,-0.0191206297881869
13.0,30.0,-0.0150460855766979
13.5,30.0,-0.0119508329957649
14.0,30.0,-0.0095737028671244
14.5,30.0,-0.0077314335671644
15.0,30.0,-0.006290145365575
16.0,30.0,-0.0042483710958072
17.0,30.0,-0.0029394249959419
18.0,30.0,-0.0020775483060323
19.0,30.0,-0.0014952829806487
20.0,30.0,-0.0010949599748371
21.0,30.0,-0.0008138141006475
22.0,30.0,-0.000612774621176
23.0,30.0,-0.0004668246624142
24.0,30.0,-0.0003599392027119
25.0,30.0,-0.0002793930399803
50.0,30.0,2.1832454564219005e-07
100.0,30.0,0.0
2.5,35.0,1743.4477918576818
2.6,35.0,1262.5640860374122
2.7,35.0,887.6777713608451
2.8,35.0,608.7525883873633
2.9,35.0,406.32282322133176
3.0,35.0,263.24494554643485
3.1,35.0,164.92952748599595
3.2,35.0,97.56603751842188
3.3,35.0,52.681751272985885
3.4,35.0,23.376477457962444
3.5,35.0,4.895374817027572
3.6,35.0,-7.640729415178877
3.7,35.0,-13.666320882751272
3.8,35.0,-16.22500418305572
3.9,35.0,-17.415440940586834
4.0,35.0,-17.234355937840704
4.1,35.0,-16.387643004200065
4.2,35.0,-15.18902664895018
4.3,35.0,-13.839375749643658
4.4,35.0,-12.463514754713632
4.5,35.0,-11.1354397505599
4.6,35.0,-9.89582531114983
4.7,35.0,-8.763959090786877
4.8,35.0,-7.745816279847067
4.9,35.0,-6.843422415491819
5.0,35.0,-6.041879779267809
5.1,35.0,-5.336548235395607
5.2,35.0,-4.7178139186484565
5.3,35.0,-4.1761068563900405
5.4,35.0,-3.7023100713459542
5.5,35.0,-3.287959747784986
5.6,35.0,-2.9253731728217933
5.7,35.0,-2.607729737942254
5.8,35.0,-2.329067186940205
5.9,35.0,-2.0842050494992845
6.0,35.0,-1.868666917654684
6.2,35.0,-1.51067943345634
6.4,35.0,-1.2302567000645703
6.6,35.0,-1.0089518684282603
6.8,35.0,-0.8330058636915846
7.0,35.0,-0.6921011762117921
7.2,35.0,-0.578453918390167
7.4,35.0,-0.48616088769122
7.6,35.0,-0.4107184573171453
7.8,35.0,-0.3486738588867545
8.0,35.0,-0.2973536677926721
8.2,35.0,-0.2546785797757341
8.4,35.0,-0.2190150500394588
8.6,35.0,-0.1890716888963726
8.8,35.0,-0.1638195951413054
9.0,35.0,-0.1424350832852246
9.5,35.0,-0.101830962648729
10.0,35.0,-0.0741514804546145
10.5,35.0,-0.0548884094950064
11.0,35.0,-0.0412322590678407
11.5,35.0,-0.0313879460453148
12.0,35.0,-0.0241845678188509
12.5,35.0,-0.0188410184236609
13.0,35.0,-0.0148268284733536
13.5,35.0,-0.0117772275549144
14.0,35.0,-0.0094347767208881
14.5,35.0,-0.007618622155509
15.0,35.0,-0.0061970860874561
16.0,35.0,-0.0041842834848949
17.0,35.0,-0.0028928969163435
18.0,35.0,-0.0020422109188591
19.0,35.0,-0.001468285591119
20.0,35.0,-0.0010732304447016
21.0,35.0,-0.0007958148013203
22.0,35.0,-0.0005967527184479
23.0,35.0,-0.0004527770373631
24.0,35.0,-0.0003474292062466
25.0,35.0,-0.0002681992286331
50.0,35.0,8.12167309788947e-06
100.0,35.0,0.0
2.5,40.0,1618.709973871305
2.6,40.0,1157.806825311994
2.7,40.0,807.5949476717068
2.8,40.0,550.6117818738654
2.9,40.0,365.30149654814784
3.0,40.0,236.19612354756768
3.1,40.0,146.651546859995
3.2,40.0,85.8903585545456
3.3,40.0,45.354626525630245
3.4,40.0,19.125332667321885
3.5,40.0,0.9122610047684816
3.6,40.0,-8.590619999644208
3.7,40.0,-13.899547354272672
3.8,40.0,-16.042161405727715
3.9,40.0,-16.997557514568648
4.0,40.0,-16.71881792931013
4.1,40.0,-15.845825107926592
4.2,40.0,-14.662039089937403
4.3,40.0,-13.349133512252967
4.4,40.0,-12.01994138194517
4.5,40.0,-10.741270116023871
4.6,40.0,-9.54970569973883
4.7,40.0,-8.462396119516379
4.8,40.0,-7.488472840023991
4.9,40.0,-6.617274880324788
5.0,40.0,-5.84653528621263
5.1,40.0,-5.167824478363983
5.2,40.0,-4.57202306545875
5.3,40.0,-4.050023726405286
5.4,40.0,-3.5931065195911223
5.5,40.0,-3.1931611934110284
5.6,40.0,-2.8428555394430792
5.7,40.0,-2.5357073802891965
5.8,40.0,-2.2660220039982137
5.9,40.0,-2.0288722029645583
6.0,40.0,-1.8199795428024876
6.2,40.0,-1.4727241478455366
6.4,40.0,-1.2004057338691998
6.6,40.0,-0.9852758252600412
6.8,40.0,-0.8140643224092657
7.0,40.0,-0.676816302841681
7.2,40.0,-0.5660145343207743
7.4,40.0,-0.4759577302076325
7.6,40.0,-0.4022890963181602
7.8,40.0,-0.34166493609525
8.0,40.0,-0.291492377332102
8.2,40.0,-0.249751153845616
8.4,40.0,-0.214852056316686
8.6,40.0,-0.1855383649956864
8.8,40.0,-0.1608073058877164
9.0,40.0,-0.1398551608429034
9.5,40.0,-0.100048826166483
10.0,40.0,-0.0728916948045837
10.5,40.0,-0.0539793466329393
11.0,40.0,-0.0405641797203314
11.5,40.0,-0.0308897356700035
12.0,40.0,-0.0238072905282929
12.5,40.0,-0.0185517508763733
13.0,40.0,-0.0146020851860696
13.5,40.0,-0.0116003316512689
14.0,40.0,-0.0092949710386251
14.5,40.0,-0.007506908604426
15.0,40.0,-0.0061077601590676
16.0,40.0,-0.0041241475482588
17.0,40.0,-0.0028516335772171
18.0,40.0,-0.0020136790196657
19.0,40.0,-0.0014476539215559
20.0,40.0,-0.0010576483099869
21.0,40.0,-0.0007841812219596
22.0,40.0,-0.000587972952791
23.0,40.0,-0.0004464113173966
24.0,40.0,-0.0003419399033847
25.0,40.0,-0.0002642475543569
50.0,40.0,9.8776262292688e-06
100.0,40.0,0.0
2.5,45.0,1487.4884249517625
2.6,45.0,1052.8108988771298
2.7,45.0,728.5526273034131
2.8,45.0,494.018950333847
2.9,45.0,327.19600841253657
3.0,45.0,209.26385310933657
3.1,45.0,128.61211298775194
3.2,45.0,74.29622385213158
3.3,45.0,38.25847029368006
3.4,45.0,14.988864029470276
3.5,45.0,-1.1741124534748872
3.6,45.0,-9.540193009225446
3.7,45.0,-13.71772447382179
3.8,45.0,-15.884860426351157
3.9,45.0,-16.59846023889688
4.0,45.0,-16.221406116570485
4.1,45.0,-15.319127914321676
4.2,45.0,-14.146514474058243
4.3,45.0,-12.866815189586726
4.4,45.0,-11.581282488461271
4.5,45.0,-10.349650998732791
4.6,45.0,-9.204411529769994
4.7,45.0,-8.164545560652435
4.8,45.0,-7.22573097960956
4.9,45.0,-6.389387788199756
5.0,45.0,-5.649173823674989
5.1,45.0,-4.997012422101914
5.2,45.0,-4.424207560881499
5.3,45.0,-3.922022830492688
5.4,45.0,-3.482088569224042
5.5,45.0,-3.096664123974728
5.6,45.0,-2.75876800599186
5.7,45.0,-2.462236273972933
5.8,45.0,-2.201673358021375
5.9,45.0,-1.9723664826624996
6.0,45.0,-1.7702463715442107
6.2,45.0,-1.4339313505641174
6.4,45.0,-1.1698849354921108
6.6,45.0,-0.961051313406104
6.8,45.0,-0.7946724243731184
7.0,45.0,-0.6611561295776112
7.2,45.0,-0.5532621820152036
7.4,45.0,-0.4654927423343004
7.6,45.0,-0.3936417944009489
7.8,45.0,-0.3344736312161602
8.0,45.0,-0.2854781131002445
8.2,45.0,-0.2446948977200365
8.4,45.0,-0.2105806395056252
8.6,45.0,-0.1819128644718301
8.8,45.0,-0.1577160049810595
9.0,45.0,-0.1372078572079527
9.5,45.0,-0.0982199432800929
10.0,45.0,-0.0715996470245511
10.5,45.0,-0.0530476778236321
11.0,45.0,-0.0398809548871987
11.5,45.0,-0.0303807743702803
12.0,45.0,-0.0234227711006637
12.5,45.0,-0.0182574369131593
13.0,45.0,-0.0143744912040038
13.5,45.0,-0.0114227776550643
14.0,45.0,-0.0091553836809077
14.5,45.0,-0.0073960745893697
15.0,45.0,-0.0060182127872114
16.0,45.0,-0.0040662073327675
17.0,45.0,-0.0028132271707166
18.0,45.0,-0.0019875611661628
19.0,45.0,-0.0014300975091641
20.0,45.0,-0.0010460147306262
21.0,45.0,-0.0007767207603428
22.0,45.0,-0.0005831448614102
23.0,45.0,-0.0004435575036929
24.0,45.0,-0.0003401870691754
25.0,45.0,-0.0002640292298113
50.0,45.0,6.584044512152332e-06
100.0,45.0,0.0
2.5,50.0,1356.096528162012
2.6,50.0,950.1635261241488
2.7,50.0,653.4153957621919
2.8,50.0,440.6708020973492
2.9,50.0,289.77311051857686
3.0,50.0,183.65076412508688
3.1,50.0,111.3761564222184
3.2,50.0,63.53097942418308
3.3,50.0,31.64631794969399
3.4,50.0,10.66488021638123
3.5,50.0,-2.0978396918397824
3.6,50.0,-10.4503095273822
3.7,50.0,-13.970127101301175
3.8,50.0,-15.888056635320916
3.9,50.0,-16.22459047363634
4.0,50.0,-15.75192903237019
4.1,50.0,-14.819079773433884
4.2,50.0,-13.654496465905275
4.3,50.0,-12.404328592229517
4.4,50.0,-11.158864056170223
4.5,50.0,-9.971089307991674
4.6,50.0,-8.86946822631556
4.7,50.0,-7.87064818250398
4.8,50.0,-6.969289581954947
4.9,50.0,-6.166373908901237
5.0,50.0,-5.4556347311418545
5.1,50.0,-4.829255452942224
5.2,50.0,-4.278850172363632
5.3,50.0,-3.795989525288171
5.4,50.0,-3.3726359122815555
5.5,50.0,-3.0014051106583226
5.6,50.0,-2.6756705213334526
5.7,50.0,-2.389581611008631
5.8,50.0,-2.1379897223727187
5.9,50.0,-1.9164250346243412
6.0,50.0,-1.7209905575482145
6.2,50.0,-1.3954932215070937
6.4,50.0,-1.1396220158304902
6.6,50.0,-0.93701598600881
6.8,50.0,-0.775411549134655
7.0,50.0,-0.6455892339162058
7.2,50.0,-0.5405778658758992
7.4,50.0,-0.4550780127713751
7.6,50.0,-0.3850324653600688
7.8,50.0,-0.327312611070473
8.0,50.0,-0.2794877741196674
8.2,50.0,-0.2396572989863432
8.4,50.0,-0.2063226122270565
8.6,50.0,-0.1782970201307354
8.8,50.0,-0.1546315095623825
9.0,50.0,-0.1345649450152916
9.5,50.0,-0.096392379697743
10.0,50.0,-0.0703056249668415
10.5,50.0,-0.0521140316177258
11.0,50.0,-0.039194439591271
11.5,50.0,-0.0298678645152031
12.0,50.0,-0.0230343031176805
12.5,50.0,-0.0179596079247605
13.0,50.0,-0.014142945547662
13.5,50.0,-0.0112412719845836
14.0,50.0,-0.009010749907264
14.5,50.0,-0.007280194158387
15.0,50.0,-0.0059255963960279
16.0,50.0,-0.0040040939995323
17.0,50.0,-0.0027704293219265
18.0,50.0,-0.0019574947573057
19.0,50.0,-0.0014090260715876
20.0,50.0,-0.0010299959468203
21.0,50.0,-0.0007639924393319
22.0,50.0,-0.0005743650957533
23.0,50.0,-0.0004365336911673
24.0,50.0,-0.0003349192097813
25.0,50.0,-0.0002592011384305
50.0,50.0,6.584044512152332e-06
100.0,50.0,0.0
2.5,55.0,1228.400964275835
2.6,55.0,854.3693768651841
2.7,55.0,584.1905080987536
2.8,55.0,390.9486537023003
2.9,55.0,255.6292101248521
3.0,55.0,160.3852874946093
3.1,55.0,96.4181505274996
3.2,55.0,53.86199870233391
3.3,55.0,25.119484396028895
3.4,55.0,7.067554079036961
3.5,55.0,-4.951775847591073
3.6,55.0,-10.849955268620764
3.7,55.0,-14.202498719945194
3.8,55.0,-15.726775702401728
3.9,55.0,-15.878111141347173
4.0,55.0,-15.316093240564314
4.1,55.0,-14.353537867530829
4.2,55.0,-13.195037521611823
4.3,55.0,-11.971115080946738
4.4,55.0,-10.76203197875147
4.5,55.0,-9.61448758582512
4.6,55.0,-8.557134756278245
4.7,55.0,-7.592365544281647
4.8,55.0,-6.725909113399793
4.9,55.0,-5.954321911666243
5.0,55.0,-5.271359439140072
5.1,55.0,-4.669372352283276
5.2,55.0,-4.140166565984021
5.3,55.0,-3.675586838186064
5.4,55.0,-3.2679364177357764
5.5,55.0,-2.910188161098859
5.6,55.0,-2.596034369616267
5.7,55.0,-2.3198997330308453
5.8,55.0,-2.0768912770257777
5.9,55.0,-1.8627314436324267
6.0,55.0,-1.6737007966317128
6.2,55.0,-1.3585652963539523
6.4,55.0,-1.1105297742150575
6.6,55.0,-0.9138912622210906
6.8,55.0,-0.7568672587198986
7.0,55.0,-0.630591214047692
7.2,55.0,-0.5283509334218709
7.4,55.0,-0.4450370454738231
7.6,55.0,-0.3767310550205184
7.8,55.0,-0.3204072801569536
8.0,55.0,-0.2737114181451963
8.2,55.0,-0.234798785639596
8.4,55.0,-0.2022171189517617
8.6,55.0,-0.1748102243096477
8.8,55.0,-0.1516571869472807
9.0,55.0,-0.13201728158405
9.5,55.0,-0.0946319727456325
10.0,55.0,-0.0690618612195388
10.5,55.0,-0.0512172573086563
11.0,55.0,-0.0385373294927193
11.5,55.0,-0.0293786522300943
12.0,55.0,-0.0226653627058439
12.5,55.0,-0.0176775825145441
13.0,55.0,-0.0139258841654624
13.5,55.0,-0.0110720548671005
14.0,55.0,-0.0088781863620721
14.5,55.0,-0.0071755013009074
15.0,55.0,-0.0058419749761249
16.0,55.0,-0.0039507635508761
17.0,55.0,-0.0027357500273123
18.0,55.0,-0.0019353254591568
19.0,55.0,-0.0013945417974453
20.0,55.0,-0.001021434505709
21.0,55.0,-0.0007591612290291
22.0,55.0,-0.0005721693746086
23.0,55.0,-0.0004358755986083
24.0,55.0,-0.0003360139514316
25.0,55.0,-0.0002613937406532
50.0,55.0,1.3161851180143458e-06
100.0,55.0,0.0
2.5,60.0,1112.8867921337264
2.6,60.0,767.3457922246538
2.7,60.0,521.3790014080373
2.8,60.0,346.7821739342798
2.9,60.0,224.19575688551427
3.0,60.0,140.14791001795817
3.1,60.0,83.18297833916499
3.2,60.0,45.130918885779806
3.3,60.0,19.782190167493283
3.4,60.0,4.001628036264989
3.5,60.0,-6.532604420336705
3.6,60.0,-11.578269759439667
3.7,60.0,-14.53586861142086
3.8,60.0,-15.57382054172246
3.9,60.0,-15.560384964583758
4.0,60.0,-14.918353195025142
4.1,60.0,-13.928951906031724
4.2,60.0,-12.775706223347536
4.3,60.0,-11.575255495908404
4.4,60.0,-10.398872576321107
4.5,60.0,-9.29158421985137
4.6,60.0,-8.266580634918885
4.7,60.0,-7.336352558645104
4.8,60.0,-6.501658278960874
4.9,60.0,-5.758738191049638
5.0,60.0,-5.101274285095953
5.1,60.0,-4.521676901254751
5.2,60.0,-4.011912398003868
5.3,60.0,-3.56410228771896
5.4,60.0,-3.1708911010572254
5.5,60.0,-2.8255587461253557
5.6,60.0,-2.522097321292538
5.7,60.0,-2.2551731516708897
5.8,60.0,-2.020107704431246
5.9,60.0,-1.812808866474039
6.0,60.0,-1.6297161075412725
6.2,60.0,-1.324190963702928
6.4,60.0,-1.0834246602356186
6.6,60.0,-0.8923234887413978
6.8,60.0,-0.7395555413600196
7.0,60.0,-0.6165786363240772
7.2,60.0,-0.516919815769163
7.4,60.0,-0.4356441933035424
7.6,60.0,-0.3689612150468534
7.8,60.0,-0.3139395839140961
8.0,60.0,-0.2682969818889583
8.2,60.0,-0.2302422743989915
8.4,60.0,-0.1983620501681626
8.6,60.0,-0.1715339089451694
8.8,60.0,-0.1488595450302008
9.0,60.0,-0.129617766951637
9.5,60.0,-0.0929676972098904
10.0,60.0,-0.0678806505734846
10.5,60.0,-0.0503613065706999
11.0,60.0,-0.0379054639494879
11.5,60.0,-0.0289043702249854
12.0,60.0,-0.022303452344377
12.5,60.0,-0.0173975345009267
13.0,60.0,-0.0137061904130268
13.5,60.0,-0.0108975730091454
14.0,60.0,-0.0087377257061721
14.5,60.0,-0.0070611584985104
15.0,60.0,-0.0057473811883423
16.0,60.0,-0.0038847016622868
17.0,60.0,-0.0026874659945825
18.0,60.0,-0.0018980169132287
19.0,60.0,-0.0013646937131339
20.0,60.0,-0.0009970726053374
21.0,60.0,-0.0007387510029336
22.0,60.0,-0.0005537334261902
23.0,60.0,-0.0004198536958803
24.0,60.0,-0.0003213113527436
25.0,60.0,-0.0002477858836155
50.0,60.0,1.2509996465297491e-05
100.0,60.0,0.0
2.5,65.0,1010.8410680396048
2.6,65.0,693.6526271521951
2.7,65.0,468.18352543039146
2.8,65.0,309.2124014240858
2.9,65.0,198.7785893949047
3.0,65.0,123.05599377628845
3.1,65.0,72.0339912979153
3.2,65.0,37.49350551791379
3.3,65.0,15.399358623036164
3.4,65.0,0.508671084023554
3.5,65.0,-7.4302973580022496
3.6,65.0,-12.183831427298433
3.7,65.0,-14.645187388633037
3.8,65.0,-15.429212000158303
3.9,65.0,-15.274574786087436
4.0,65.0,-14.564104241086856
4.1,65.0,-13.55207138914618
4.2,65.0,-12.40393287899054
4.3,65.0,-11.224354626850593
4.4,65.0,-10.080744757247842
4.5,65.0,-9.001391350760917
4.6,65.0,-8.008356002921454
4.7,65.0,-7.108571032675734
4.8,65.0,-6.302029422449077
4.9,65.0,-5.584584194183593
5.0,65.0,-4.94976809452336
5.1,65.0,-4.390002657434659
5.2,65.0,-3.89744935492284
5.3,65.0,-3.464512382866339
5.4,65.0,-3.084125318026172
5.5,65.0,-2.749849654151234
5.6,65.0,-2.4559167202910603
5.7,65.0,-2.197215828891921
5.8,65.0,-1.969244238929881
5.9,65.0,-1.7680797187532578
6.0,65.0,-1.59029385564339
6.2,65.0,-1.2933668470345785
6.4,65.0,-1.0591016029196223
6.6,65.0,-0.8729603409289893
6.8,65.0,-0.7240048828069658
7.0,65.0,-0.6039873763439695
7.2,65.0,-0.5066477457022046
7.4,65.0,-0.4272025375137156
7.6,65.0,-0.3619792865259565
7.8,65.0,-0.3081294312999595
8.0,65.0,-0.2634347383114027
8.2,65.0,-0.2261508287487477
8.4,65.0,-0.1949024700611502
8.6,65.0,-0.1685944839492275
8.8,65.0,-0.1463509492169409
9.0,65.0,-0.1274675727125033
9.5,65.0,-0.0914796594852349
10.0,65.0,-0.066828048679424
10.5,65.0,-0.0496023636662164
11.0,65.0,-0.0373482154981128
11.5,65.0,-0.0284891231770181
12.0,65.0,-0.0219904778703548
12.5,65.0,-0.017157867171487
13.0,65.0,-0.01352073306827
13.5,65.0,-0.0107529392355016
14.0,65.0,-0.0086238164339444
14.5,65.0,-0.0069707315906275
15.0,65.0,-0.0056756147912676
16.0,65.0,-0.0038375123712073
17.0,65.0,-0.0026565200496987
18.0,65.0,-0.0018778250116788
19.0,65.0,-0.0013515256241096
20.0,65.0,-0.0009887326076939
21.0,65.0,-0.0007334831435395
22.0,65.0,-0.0005506612879408
23.0,65.0,-0.0004185375107623
24.0,65.0,-0.0003210899092759
25.0,65.0,-0.0002477858836155
50.0,65.0,7.463580538882298e-06
100.0,65.0,0.0
2.5,70.0,926.1777655815928
2.6,70.0,632.374550635014
2.7,70.0,424.6680460451995
2.8,70.0,278.7316236890472
2.9,70.0,178.01021938570523
3.0,70.0,109.0800789068769
3.1,70.0,62.42926330895117
3.2,70.0,31.67934603081814
3.3,70.0,11.744295733082469
3.4,70.0,-1.4834720406651118
3.5,70.0,-8.501869949028707
3.6,70.0,-12.778787425184497
3.7,70.0,-14.72094344533585
3.8,70.0,-15.296652397283957
3.9,70.0,-15.026301134247689
4.0,70.0,-14.260149218764484
4.1,70.0,-13.230274173839694
4.2,70.0,-12.08720377171354
4.3,70.0,-10.929461492281916
4.4,70.0,-9.806520644453192
4.5,70.0,-8.754135184871524
4.6,70.0,-7.788204514362408
4.7,70.0,-6.914348057216908
4.8,70.0,-6.131829479596703
4.9,70.0,-5.436102366211963
5.0,70.0,-4.820518825096625
5.1,70.0,-4.27757217220865
5.2,70.0,-3.799622926041657
5.3,70.0,-3.3793360337167813
5.4,70.0,-3.0098766114135387
5.5,70.0,-2.685032870445785
5.6,70.0,-2.399233664317342
5.7,70.0,-2.1475528895210547
5.8,70.0,-1.9256484575904371
5.9,70.0,-1.7297287199034777
6.0,70.0,-1.5564840073429678
6.2,70.0,-1.266910060269112
6.4,70.0,-1.0382095938114455
6.6,70.0,-0.8563136276594482
6.8,70.0,-0.7106283437443262
7.0,70.0,-0.5931512585755003
7.2,70.0,-0.4978018214701342
7.4,70.0,-0.4199315628889988
7.6,70.0,-0.3559628296918764
7.8,70.0,-0.3031201430219918
8.0,70.0,-0.2592394824586281
8.2,70.0,-0.2226190424766473
8.4,70.0,-0.1919136631719061
8.6,70.0,-0.1660527495888611
8.8,70.0,-0.144180126427166
9.0,70.0,-0.1256055512790068
9.5,70.0,-0.0901876117052023
10.0,70.0,-0.0659110855877268
10.5,70.0,-0.0489375747815022
11.0,70.0,-0.0368579115902758
11.5,70.0,-0.0281210654201304
12.0,70.0,-0.0217093319961651
12.5,70.0,-0.0169408089082095
13.0,70.0,-0.0133506426526044
13.5,70.0,-0.0106181830880871
14.0,70.0,-0.0085156147891241
14.5,70.0,-0.0068825035228114
15.0,70.0,-0.0056031871827119
16.0,70.0,-0.0037872540608005
17.0,70.0,-0.0026198695963296
18.0,70.0,-0.0018499512050445
19.0,70.0,-0.0013293563259607
20.0,70.0,-0.0009707364272888
21.0,70.0,-0.0007183407768381
22.0,70.0,-0.0005377115234621
23.0,70.0,-0.0004062489577647
24.0,70.0,-0.0003098992168507
25.0,70.0,-0.0002383480253996
50.0,70.0,1.426594959667682e-05
100.0,70.0,0.0
2.5,75.0,859.9772080355442
2.6,75.0,585.6296550449347
2.7,75.0,390.6458201944554
2.8,75.0,255.02968005931305
2.9,75.0,161.80280587328136
3.0,75.0,98.5545099924197
3.1,75.0,55.47863214812667
3.2,75.0,27.26349891835226
3.3,75.0,9.03254467901164
3.4,75.0,-3.0080672623361395
3.5,75.0,-9.31522097707706
3.6,75.0,-13.096899000911568
3.7,75.0,-14.768549028302234
3.8,75.0,-15.182700071455782
3.9,75.0,-14.822907408178862
4.0,75.0,-14.014119253972156
4.1,75.0,-12.971098775873056
4.2,75.0,-11.836298838141568
4.3,75.0,-10.68947739575889
4.4,75.0,-9.586123341169284
4.5,75.0,-8.555347355055527
4.6,75.0,-7.611237290325646
4.7,75.0,-6.75833912562038
4.8,75.0,-5.99518084199888
4.9,75.0,-5.316844239302542
5.0,75.0,-4.716632701764558
5.1,75.0,-4.187136113408352
5.2,75.0,-3.720896716722565
5.3,75.0,-3.310752624501174
5.4,75.0,-2.9500706536146435
5.5,75.0,-2.632804711231286
5.6,75.0,-2.353552652766782
5.7,75.0,-2.1075240072784953
5.8,75.0,-1.8905028841251657
5.9,75.0,-1.6988054027994324
6.0,75.0,-1.529214722661972
6.2,75.0,-1.2455643945875452
6.4,75.0,-1.0213475751128362
6.6,75.0,-0.842876512892159
6.8,75.0,-0.699828215217745
7.0,75.0,-0.5844029971505398
7.2,75.0,-0.4906629675036739
7.4,75.0,-0.4140650045690346
7.6,75.0,-0.351109805647991
7.8,75.0,-0.29908224614495
8.0,75.0,-0.2558597904217883
8.2,75.0,-0.2197755274536059
8.4,75.0,-0.1895090990046446
8.6,75.0,-0.1640103172265342
8.8,75.0,-0.1424366209138104
9.0,75.0,-0.1241118059269437
9.5,75.0,-0.0891552017126916
10.0,75.0,-0.065182427416646
10.5,75.0,-0.048413907764169
11.0,75.0,-0.0364749266723103
11.5,75.0,-0.0278368442887692
12.0,75.0,-0.0214962222882417
12.5,75.0,-0.0167794920203566
13.0,75.0,-0.0132272955221607
13.5,75.0,-0.0105227097642777
14.0,75.0,-0.0084416526709047
14.5,75.0,-0.0068254397244247
15.0,75.0,-0.0055588517053361
16.0,75.0,-0.0037604781147385
17.0,75.0,-0.0026049424352518
18.0,75.0,-0.0018413897639332
19.0,75.0,-0.0013260658631656
20.0,75.0,-0.0009700752158077
21.0,75.0,-0.0007203150545151
22.0,75.0,-0.0005412234297249
23.0,75.0,-0.0004110739302234
24.0,75.0,-0.0003158220498818
25.0,75.0,-0.0002442739773528
50.0,75.0,6.805487979875125e-06
100.0,75.0,0.0
2.5,80.0,812.3111306716911
2.6,80.0,550.8010919107871
2.7,80.0,367.0458069430113
2.8,80.0,238.49930743330216
2.9,80.0,150.9402060111129
3.0,80.0,90.41380749633184
3.1,80.0,50.620058833864626
3.2,80.0,24.176327508194987
3.3,80.0,7.137864310651716
3.4,80.0,-3.643343824057742
3.5,80.0,-9.98335354899163
3.6,80.0,-13.315867962639444
3.7,80.0,-14.79528652741172
3.8,80.0,-15.094767780377364
3.9,80.0,-14.67172033635679
4.0,80.0,-13.833022617646664
4.1,80.0,-12.784332672151718
4.2,80.0,-11.649660466755115
4.3,80.0,-10.513438553187562
4.4,80.0,-9.424431337438795
4.5,80.0,-8.409630906870976
4.6,80.0,-7.481720482881759
4.7,80.0,-6.644257311504187
4.8,80.0,-5.895240878688699
4.9,80.0,-5.229573664970586
5.0,80.0,-4.64055796919816
5.1,80.0,-4.120874529595051
5.2,80.0,-3.663188499131252
5.3,80.0,-3.2604674788887595
5.4,80.0,-2.906206014954008
5.5,80.0,-2.594493222886423
5.6,80.0,-2.3200393203885628
5.7,80.0,-2.078149964815236
5.8,80.0,-1.8647060581530328
5.9,80.0,-1.676102070336179
6.0,80.0,-1.5091900795465665
6.2,80.0,-1.2298800808665713
6.4,80.0,-1.0089516501037148
6.6,80.0,-0.8329926956025603
6.8,80.0,-0.6918823588764612
7.0,80.0,-0.577964930667448
7.2,80.0,-0.4854067728781173
7.4,80.0,-0.409743990659048
7.6,80.0,-0.3475341267854503
7.8,80.0,-0.2961046361859752
8.0,80.0,-0.2533663432130739
8.2,80.0,-0.2176753763192555
8.4,80.0,-0.1877322335007149
8.6,80.0,-0.1624990154620795
8.8,80.0,-0.1411463290869092
9.0,80.0,-0.1230047757236546
9.5,80.0,-0.0883879219294867
10.0,80.0,-0.0646381318486717
10.5,80.0,-0.048020611689805
11.0,80.0,-0.0361847827079181
11.5,80.0,-0.0276204441180507
12.0,80.0,-0.0213316180565158
12.5,80.0,-0.0166528575460399
13.0,80.0,-0.0131287531790241
13.5,80.0,-0.0104447990907043
14.0,80.0,-0.0083802005491506
14.5,80.0,-0.0067756211820312
15.0,80.0,-0.0055180312531452
16.0,80.0,-0.0037330440761175
17.0,80.0,-0.0025856300697287
18.0,80.0,-0.0018277850258176
19.0,80.0,-0.0013157515878451
20.0,80.0,-0.0009623964296453
21.0,80.0,-0.0007139524534707
22.0,80.0,-0.0005366167818118
23.0,80.0,-0.0004073468183371
24.0,80.0,-0.0003120949379955
25.0,80.0,-0.0002414232825711
50.0,80.0,8.118554175808867e-06
100.0,80.0,0.0
2.5,85.0,784.2937401334192
2.6,85.0,530.5800262250768
2.7,85.0,352.3966468429727
2.8,85.0,228.66186720197572
2.9,85.0,144.27267407418796
3.0,85.0,86.32054243536803
3.1,85.0,47.75086567854986
3.2,85.0,22.35319631022466
3.3,85.0,5.363939544784084
3.4,85.0,-4.275624555077574
3.5,85.0,-10.29453192311747
3.6,85.0,-13.443430350583196
3.7,85.0,-14.8081172332778
3.8,85.0,-15.039252991523066
3.9,85.0,-14.58013708499357
4.0,85.0,-13.724549476897122
4.1,85.0,-12.667436972772247
4.2,85.0,-11.53477449783996
4.3,85.0,-10.405209468090828
4.4,85.0,-9.32537650862048
4.5,85.0,-8.3206982496055
4.6,85.0,-7.402811891475081
4.7,85.0,-6.5747606694276906
4.8,85.0,-5.834329864964191
4.9,85.0,-5.176360066730111
5.0,85.0,-4.59415576617598
5.1,85.0,-4.080446861975265
5.2,85.0,-3.627968308574124
5.3,85.0,-3.2297695600456353
5.4,85.0,-2.8794294513454615
5.5,85.0,-2.5711018343797343
5.6,85.0,-2.2995728694847513
5.7,85.0,-2.0602109854411164
5.8,85.0,-1.848953047054312
5.9,85.0,-1.6622363221073528
6.0,85.0,-1.4969600749542888
6.2,85.0,-1.2202980380018034
6.4,85.0,-1.0013767022141002
6.6,85.0,-0.8269531930532266
6.8,85.0,-0.6870278003229122
7.0,85.0,-0.5740297492512866
7.2,85.0,-0.4821945420056292
7.4,85.0,-0.4071041506046363
7.6,85.0,-0.3453501359066511
7.8,85.0,-0.29428584925036
8.0,85.0,-0.2518434078692584
8.2,85.0,-0.2163940857014789
8.4,85.0,-0.1866482490126793
8.6,85.0,-0.1615776609280928
8.8,85.0,-0.1403588542832324
9.0,85.0,-0.1223296725636198
9.5,85.0,-0.0879210972670725
10.0,85.0,-0.0643082621737389
10.5,85.0,-0.0477822605454832
11.0,85.0,-0.0360100825254173
11.5,85.0,-0.0274900762940036
12.0,85.0,-0.0212335123624704
12.5,85.0,-0.0165775792427025
13.0,85.0,-0.013070591520065
13.5,85.0,-0.0104000269642372
14.0,85.0,-0.0083444265128861
14.5,85.0,-0.0067479688188646
15.0,85.0,-0.0054956467493727
16.0,85.0,-0.0037187781265208
17.0,85.0,-0.0025764136549805
18.0,85.0,-0.0018216407493189
19.0,85.0,-0.0013120213570367
20.0,85.0,-0.0009599823839549
21.0,85.0,-0.000712414824885
22.0,85.0,-0.0005355189212394
23.0,85.0,-0.0004071253748693
24.0,85.0,-0.0003129713551001
25.0,85.0,-0.0002422996996757
50.0,85.0,6.802369057794522e-06
100.0,85.0,0.0
2.5,90.0,774.8621183675184
2.6,90.0,523.8749832212563
2.7,90.0,347.6580315604485
2.8,90.0,225.39220988155492
2.9,90.0,142.05980531416904
3.0,90.0,84.8640221013809
3.1,90.0,46.80226121279369
3.2,90.0,21.75040221787412
3.3,90.0,5.0040573372542285
3.4,90.0,-4.484608955213724
3.5,90.0,-10.384540882965895
3.6,90.0,-13.478548047122912
3.7,90.0,-14.80853160078974
3.8,90.0,-15.018766570161173
3.9,90.0,-14.546566464254576
4.0,90.0,-13.684818641967508
4.1,90.0,-12.626330031993607
4.2,90.0,-11.495121358378295
4.3,90.0,-10.368421130295404
4.4,90.0,-9.292003855222704
4.5,90.0,-8.290822706304136
4.6,90.0,-7.376321304951028
4.7,90.0,-6.551421738071475
4.8,90.0,-5.8138697797803465
4.9,90.0,-5.158474860691583
5.0,90.0,-4.578553533127401
5.1,90.0,-4.066852163669854
5.2,90.0,-3.616123041734021
5.3,90.0,-3.2194474499928156
5.4,90.0,-2.8704226531124735
5.5,90.0,-2.5632363027577143
5.6,90.0,-2.2926892681013675
5.7,90.0,-2.0541789464723217
5.8,90.0,-1.8436531750439384
5.9,90.0,-1.6575713877784604
6.0,90.0,-1.4928458019133373
6.2,90.0,-1.2170741735499546
6.4,90.0,-0.9988279440412084
6.6,90.0,-0.8249193190130889
6.8,90.0,-0.6853927147789224
7.0,90.0,-0.572704999573239
7.2,90.0,-0.4811131898878297
7.4,90.0,-0.4062144001080924
7.6,90.0,-0.3446135775059402
7.8,90.0,-0.2936728563046384
8.0,90.0,-0.2513296184781545
8.2,90.0,-0.2159612791221978
8.4,90.0,-0.1862815074409096
8.6,90.0,-0.161265787433565
8.8,90.0,-0.140092850775744
9.0,90.0,-0.1221011990455274
9.5,90.0,-0.087762197543832
10.0,90.0,-0.0641952324375378
10.5,90.0,-0.0477003981976336
11.0,90.0,-0.0359501649133268
11.5,90.0,-0.0274450827240688
12.0,90.0,-0.0211990545113239
12.5,90.0,-0.0165510216211862
13.0,90.0,-0.0130501812939695
13.5,90.0,-0.0103835652934958
14.0,90.0,-0.0083312584238618
14.5,90.0,-0.006736993332063
15.0,90.0,-0.0054870853082614
16.0,90.0,-0.003712633850022
17.0,90.0,-0.0025715855635998
18.0,90.0,-0.0018183471676017
19.0,90.0,-0.0013091675433329
20.0,90.0,-0.0009580081062779
21.0,90.0,-0.0007108771962992
22.0,90.0,-0.0005344210606671
23.0,90.0,-0.000406027514297
24.0,90.0,-0.0003112154019687
25.0,90.0,-0.0002407651900121
50.0,90.0,5.707627407502969e-06
100.0,90.0,0.0
