1.0,0.0,1337077.940134
1.1,0.0,766237.92051
1.2,0.0,509822.074317
1.3,0.0,410164.758114
1.4,0.0,411334.267842
1.5,0.0,512917.363985
1.6,0.0,769483.643555
1.7,0.0,1331671.210914
1.8,0.0,2657018.450674
1.9,0.0,6623746.494744
2.2,0.0,3670606.750996
2.3,0.0,1712641.260176
2.4,0.0,923173.622628
2.5,0.0,576121.018617
2.6,0.0,440836.421557
2.7,0.0,436853.569711
2.8,0.0,559287.687466
2.9,0.0,875076.344561
3.0,0.0,1586868.640458
3.1,0.0,3319447.527103
3.4,0.0,7546120.080294
3.5,0.0,2785669.774751
3.6,0.0,1304130.975885
3.7,0.0,662968.63016
3.8,0.0,359384.750034
3.9,0.0,210467.774279
4.0,0.0,137286.525807
4.1,0.0,102673.774231
4.2,0.0,87984.889743
4.3,0.0,83442.364368
4.4,0.0,83785.002662
4.5,0.0,86177.013951
4.6,0.0,89134.062753
4.7,0.0,40831.299514
4.8,0.0,30366.706595
4.9,0.0,22411.01197
5.0,0.0,16459.548528
5.1,0.0,12074.173895
5.2,0.0,8826.361356
5.3,0.0,6425.423343
5.4,0.0,4656.124028
5.5,0.0,3356.247087
5.6,0.0,2404.081085
5.7,0.0,1708.852697
5.8,0.0,1203.067545
5.9,0.0,836.59573
6.0,0.0,572.254642
6.2,0.0,247.080874
6.4,0.0,83.346449
6.6,0.0,3.694214
6.8,0.0,-32.71878
7.0,0.0,-47.273905
7.2,0.0,-51.11669
7.4,0.0,-49.984043
7.6,0.0,-46.756269
7.8,0.0,-42.846397
8.0,0.0,-38.9171
8.2,0.0,-35.268572
8.4,0.0,-32.025313
8.6,0.0,-29.210711
8.8,0.0,-26.794758
9.0,0.0,-24.723201
9.5,0.0,-20.697635
10.0,0.0,-17.829421
10.5,0.0,-15.712644
11.0,0.0,-14.084222
11.5,0.0,-12.793952
12.0,0.0,-11.746729
12.5,0.0,-10.877898
13.0,0.0,-10.140458
13.5,0.0,-9.505988
14.0,0.0,-8.950818
14.5,0.0,-8.459977
15.0,0.0,-8.02256
16.0,0.0,-7.271572
17.0,0.0,-6.648148
18.0,0.0,-6.118348
19.0,0.0,-5.662207
20.0,0.0,-5.263505
21.0,0.0,-4.912257
22.0,0.0,-4.599438
23.0,0.0,-4.317761
24.0,0.0,-4.064751
25.0,0.0,-3.834984
50.0,0.0,-1.23758
100.0,0.0,-0.02193
1.0,10.0,1056831.134176
1.1,10.0,631197.024104
1.2,10.0,432302.031723
1.3,10.0,349266.625257
1.4,10.0,333205.364448
1.5,10.0,365695.261364
1.6,10.0,442233.17342
1.7,10.0,573136.220044
1.8,10.0,754122.942623
1.9,10.0,926671.736511
2.0,10.0,986826.655883
2.1,10.0,884927.690043
2.2,10.0,691389.600533
2.3,10.0,505117.50587
2.4,10.0,370760.286081
2.5,10.0,287305.547772
2.6,10.0,240620.701204
2.7,10.0,218094.817182
2.8,10.0,211158.78179
2.9,10.0,215612.709051
3.0,10.0,228204.697337
3.1,10.0,242203.455253
3.2,10.0,247558.833365
3.3,10.0,236405.858123
3.4,10.0,208727.682967
3.5,10.0,172010.514555
3.6,10.0,135566.236739
3.7,10.0,105663.655672
3.8,10.0,84405.19282
3.9,10.0,70952.767857
4.0,10.0,63164.54045
4.1,10.0,58571.511039
4.2,10.0,54799.150459
4.3,10.0,49908.226455
4.4,10.0,43245.002901
4.5,10.0,35722.699299
4.6,10.0,28520.354185
4.7,10.0,22237.922137
4.8,10.0,17015.736923
4.9,10.0,12910.98759
5.0,10.0,9719.884738
5.1,10.0,7261.2203
5.2,10.0,5385.346743
5.3,10.0,3965.995784
5.4,10.0,2899.367548
5.5,10.0,2102.585553
5.6,10.0,1510.735069
5.7,10.0,1073.560683
5.8,10.0,752.488018
5.9,10.0,518.068521
6.0,10.0,347.968663
6.2,10.0,137.578676
6.4,10.0,31.480499
6.6,10.0,-19.560644
6.8,10.0,-41.998052
7.0,10.0,-49.913564
7.2,10.0,-50.758174
7.4,10.0,-48.410307
7.6,10.0,-44.825369
7.8,10.0,-40.946128
8.0,10.0,-37.206985
8.2,10.0,-33.799036
8.4,10.0,-30.787477
8.6,10.0,-28.177792
8.8,10.0,-25.933753
9.0,10.0,-24.001949
9.5,10.0,-20.223708
10.0,10.0,-17.508875
10.5,10.0,-15.488071
11.0,10.0,-13.920292
11.5,10.0,-12.670486
12.0,10.0,-11.650325
12.5,10.0,-10.801828
13.0,10.0,-10.078485
13.5,10.0,-9.454406
14.0,10.0,-8.908318
14.5,10.0,-8.424197
15.0,10.0,-7.990956
16.0,10.0,-7.248455
17.0,10.0,-6.629209
18.0,10.0,-6.102341
19.0,10.0,-5.649028
20.0,10.0,-5.253565
21.0,10.0,-4.903737
22.0,10.0,-4.591893
23.0,10.0,-4.310513
24.0,10.0,-4.058507
25.0,10.0,-3.828866
50.0,10.0,-1.238136
100.0,10.0,-0.020768
1.0,20.0,620103.030832
1.1,20.0,402454.952244
1.2,20.0,289875.777125
1.3,20.0,236750.938113
1.4,20.0,214098.513257
1.5,20.0,204345.015885
1.6,20.0,197470.814899
1.7,20.0,190387.733134
1.8,20.0,182911.954056
1.9,20.0,173747.381327
2.0,20.0,161948.984136
2.1,20.0,148395.363205
2.2,20.0,135564.179726
2.3,20.0,125880.010763
2.4,20.0,120517.794183
2.5,20.0,118661.817628
2.6,20.0,114741.11315
2.7,20.0,104837.622413
2.8,20.0,93681.611508
2.9,20.0,82413.95325
3.0,20.0,71847.856237
3.1,20.0,62493.402081
3.2,20.0,54530.857912
3.3,20.0,47906.945161
3.4,20.0,42427.966608
3.5,20.0,37881.942596
3.6,20.0,34042.676801
3.7,20.0,30657.289671
3.8,20.0,27523.197197
3.9,20.0,24503.064903
4.0,20.0,21536.783956
4.1,20.0,18631.62077
4.2,20.0,15821.4567
4.3,20.0,13174.355969
4.4,20.0,10827.899545
4.5,20.0,8784.577586
4.6,20.0,7033.71092
4.7,20.0,5562.537895
4.8,20.0,4348.381749
4.9,20.0,3362.18934
5.0,20.0,2571.78882
5.1,20.0,1945.872687
5.2,20.0,1455.513981
5.3,20.0,1075.177213
5.4,20.0,782.944289
5.5,20.0,560.428347
5.6,20.0,392.490398
5.7,20.0,266.848039
5.8,20.0,173.681706
5.9,20.0,105.235956
6.0,20.0,55.458693
6.2,20.0,-5.651694
6.4,20.0,-35.133887
6.6,20.0,-47.514505
6.8,20.0,-50.953602
7.0,20.0,-49.970885
7.2,20.0,-47.027751
7.4,20.0,-43.395679
7.6,20.0,-39.692912
7.8,20.0,-36.194807
8.0,20.0,-33.023407
8.2,20.0,-30.212278
8.4,20.0,-27.764865
8.6,20.0,-25.642899
8.8,20.0,-23.80398
9.0,20.0,-22.205446
9.5,20.0,-19.025437
10.0,20.0,-16.683905
10.5,20.0,-14.893432
11.0,20.0,-13.479428
11.5,20.0,-12.334217
12.0,20.0,-11.38785
12.5,20.0,-10.591215
13.0,20.0,-9.906053
13.5,20.0,-9.309226
14.0,20.0,-8.786857
14.5,20.0,-8.319504
15.0,20.0,-7.900227
16.0,20.0,-7.176663
17.0,20.0,-6.573409
18.0,20.0,-6.059086
19.0,20.0,-5.612555
20.0,20.0,-5.220731
21.0,20.0,-4.87589
22.0,20.0,-4.567017
23.0,20.0,-4.290588
24.0,20.0,-4.040725
25.0,20.0,-3.813476
50.0,20.0,-1.235994
100.0,20.0,-0.021699
1.0,30.0,328329.638889
1.1,30.0,230706.660456
1.2,30.0,176165.571686
1.3,30.0,148022.806609
1.4,30.0,133533.702194
1.5,30.0,124135.838494
1.6,30.0,115055.96789
1.7,30.0,104890.361875
1.8,30.0,94395.886913
1.9,30.0,84713.530982
2.0,30.0,76472.267221
2.1,30.0,69790.29808
2.2,30.0,64437.689415
2.3,30.0,60018.740003
2.4,30.0,56047.132379
2.5,30.0,51985.122524
2.6,30.0,47471.158297
2.7,30.0,42465.222162
2.8,30.0,37256.496482
2.9,30.0,32205.094574
3.0,30.0,27540.787106
3.1,30.0,23360.083982
3.2,30.0,19724.790154
3.3,30.0,16608.435356
3.4,30.0,13953.612626
3.5,30.0,11699.773544
3.6,30.0,9787.676509
3.7,30.0,8164.139041
3.8,30.0,6784.13552
3.9,30.0,5610.780165
4.0,30.0,4614.166369
4.1,30.0,3769.849223
4.2,30.0,3057.414192
4.3,30.0,2459.641365
4.4,30.0,1960.945712
4.5,30.0,1547.897522
4.6,30.0,1208.624322
4.7,30.0,932.316848
4.8,30.0,709.28816
4.9,30.0,530.900557
5.0,30.0,389.545163
5.1,30.0,278.59132
5.2,30.0,192.334153
5.3,30.0,125.943406
5.4,30.0,75.376869
5.5,30.0,37.310355
5.6,30.0,9.030564
5.7,30.0,-11.645989
5.8,30.0,-26.458387
5.9,30.0,-36.783242
6.0,30.0,-43.706309
6.2,30.0,-50.529358
6.4,30.0,-51.651821
6.6,30.0,-49.856346
6.8,30.0,-46.744774
7.0,30.0,-43.187945
7.2,30.0,-39.635691
7.4,30.0,-36.292983
7.6,30.0,-33.259231
7.8,30.0,-30.555098
8.0,30.0,-28.180008
8.2,30.0,-26.102642
8.4,30.0,-24.287427
8.6,30.0,-22.698494
8.8,30.0,-21.300525
9.0,30.0,-20.067234
9.5,30.0,-17.553529
10.0,30.0,-15.63127
10.5,30.0,-14.114093
11.0,30.0,-12.886664
11.5,30.0,-11.873516
12.0,30.0,-11.021111
12.5,30.0,-10.29182
13.0,30.0,-9.658984
13.5,30.0,-9.102158
14.0,30.0,-8.607244
14.5,30.0,-8.163914
15.0,30.0,-7.767625
16.0,30.0,-7.072846
17.0,30.0,-6.488425
18.0,30.0,-5.989057
19.0,30.0,-5.553432
20.0,30.0,-5.170614
21.0,30.0,-4.83168
22.0,30.0,-4.530039
23.0,30.0,-4.258371
24.0,30.0,-4.011056
25.0,30.0,-3.78644
50.0,30.0,-1.230231
100.0,30.0,-0.020299
1.0,40.0,180795.237286
1.1,40.0,136363.384456
1.2,40.0,110102.353608
1.3,40.0,94968.628025
1.4,40.0,85389.906847
1.5,40.0,77664.28416
1.6,40.0,69929.905776
1.7,40.0,61800.8528
1.8,40.0,53696.870253
1.9,40.0,46151.682668
2.0,40.0,39469.796845
2.1,40.0,33698.66218
2.2,40.0,28770.002697
2.3,40.0,24595.261905
2.4,40.0,21016.916706
2.5,40.0,17913.085529
2.6,40.0,15193.539789
2.7,40.0,12823.045285
2.8,40.0,10767.307677
2.9,40.0,8989.266414
3.0,40.0,7460.357713
3.1,40.0,6155.898685
3.2,40.0,5051.313554
3.3,40.0,4122.361561
3.4,40.0,3346.013423
3.5,40.0,2700.886385
3.6,40.0,2167.59304
3.7,40.0,1728.855052
3.8,40.0,1369.534681
3.9,40.0,1076.530369
4.0,40.0,838.6258
4.1,40.0,646.303278
4.2,40.0,491.55247
4.3,40.0,367.658189
4.4,40.0,269.009391
4.5,40.0,190.92787
4.6,40.0,129.534889
4.7,40.0,81.623004
4.8,40.0,44.551973
4.9,40.0,16.157936
5.0,40.0,-5.316528
5.1,40.0,-21.298616
5.2,40.0,-32.946437
5.3,40.0,-41.191848
5.4,40.0,-46.791888
5.5,40.0,-50.352598
5.6,40.0,-52.358539
5.7,40.0,-53.197397
5.8,40.0,-53.176901
5.9,40.0,-52.530321
6.0,40.0,-51.446073
6.2,40.0,-48.478827
6.4,40.0,-45.027662
6.6,40.0,-41.508897
6.8,40.0,-38.155871
7.0,40.0,-35.074397
7.2,40.0,-32.306419
7.4,40.0,-29.853441
7.6,40.0,-27.689416
7.8,40.0,-25.78532
8.0,40.0,-24.103088
8.2,40.0,-22.613483
8.4,40.0,-21.295672
8.6,40.0,-20.119239
8.8,40.0,-19.068712
9.0,40.0,-18.128929
9.5,40.0,-16.153996
10.0,40.0,-14.589157
10.5,40.0,-13.317717
11.0,40.0,-12.263361
11.5,40.0,-11.376551
12.0,40.0,-10.616011
12.5,40.0,-9.955579
13.0,40.0,-9.376496
13.5,40.0,-8.862124
14.0,40.0,-8.399162
14.5,40.0,-7.983924
15.0,40.0,-7.607318
16.0,40.0,-6.945026
17.0,40.0,-6.384799
18.0,40.0,-5.902417
19.0,40.0,-5.483254
20.0,40.0,-5.109955
21.0,40.0,-4.779365
22.0,40.0,-4.483969
23.0,40.0,-4.216687
24.0,40.0,-3.975496
25.0,40.0,-3.754473
50.0,40.0,-1.225004
100.0,40.0,-0.018794
1.0,50.0,116434.671872
1.1,50.0,93252.366177
1.2,50.0,78001.856097
1.3,50.0,67163.484935
1.4,50.0,58362.464294
1.5,50.0,50308.139623
1.6,50.0,42635.778779
1.7,50.0,35477.205487
1.8,50.0,29069.698806
1.9,50.0,23551.686988
2.0,50.0,18919.384803
2.1,50.0,15121.133458
2.2,50.0,12075.140891
2.3,50.0,9635.952845
2.4,50.0,7685.474588
2.5,50.0,6125.665053
2.6,50.0,4876.811998
2.7,50.0,3875.563836
2.8,50.0,3072.141428
2.9,50.0,2426.748819
3.0,50.0,1908.45273
3.1,50.0,1492.738917
3.2,50.0,1159.914882
3.3,50.0,894.101303
3.4,50.0,682.452937
3.5,50.0,514.503433
3.6,50.0,381.738754
3.7,50.0,277.22374
3.8,50.0,195.320518
3.9,50.0,131.470133
4.0,50.0,81.981248
4.1,50.0,43.888184
4.2,50.0,14.803984
4.3,50.0,-7.166864
4.4,50.0,-23.539142
4.5,50.0,-35.512144
4.6,50.0,-44.043124
4.7,50.0,-49.890306
4.8,50.0,-53.659749
4.9,50.0,-55.838537
5.0,50.0,-56.808243
5.1,50.0,-56.878763
5.2,50.0,-56.28879
5.3,50.0,-55.225072
5.4,50.0,-53.835654
5.5,50.0,-52.226208
5.6,50.0,-50.481552
5.7,50.0,-48.662203
5.8,50.0,-46.813701
5.9,50.0,-44.971051
6.0,50.0,-43.160848
6.2,50.0,-39.706688
6.4,50.0,-36.544517
6.6,50.0,-33.71112
6.8,50.0,-31.201267
7.0,50.0,-28.98554
7.2,50.0,-27.02676
7.4,50.0,-25.288842
7.6,50.0,-23.741372
7.8,50.0,-22.360224
8.0,50.0,-21.124269
8.2,50.0,-20.019488
8.4,50.0,-19.023129
8.6,50.0,-18.125288
8.8,50.0,-17.310458
9.0,50.0,-16.567288
9.5,50.0,-14.976509
10.0,50.0,-13.678447
10.5,50.0,-12.603243
11.0,50.0,-11.689838
11.5,50.0,-10.90743
12.0,50.0,-10.22627
12.5,50.0,-9.625803
13.0,50.0,-9.093535
13.5,50.0,-8.616158
14.0,50.0,-8.186356
14.5,50.0,-7.79462
15.0,50.0,-7.439856
16.0,50.0,-6.812138
17.0,50.0,-6.275108
18.0,50.0,-5.810996
19.0,50.0,-5.40363
20.0,50.0,-5.041722
21.0,50.0,-4.721221
22.0,50.0,-4.432461
23.0,50.0,-4.171096
24.0,50.0,-3.934502
25.0,50.0,-3.717
50.0,50.0,-1.217705
100.0,50.0,-0.018164
1.0,60.0,93634.012794
1.1,60.0,77538.315772
1.2,60.0,64909.645102
1.3,60.0,54157.978691
1.4,60.0,44602.861414
1.5,60.0,36109.611093
1.6,60.0,28722.443329
1.7,60.0,22495.044464
1.8,60.0,17392.241337
1.9,60.0,13280.700042
2.0,60.0,10052.518824
2.1,60.0,7566.407717
2.2,60.0,5662.622719
2.3,60.0,4214.833218
2.4,60.0,3119.736562
2.5,60.0,2294.854636
2.6,60.0,1675.700117
2.7,60.0,1212.491577
2.8,60.0,867.113196
2.9,60.0,610.488799
3.0,60.0,420.526267
3.1,60.0,280.479534
3.2,60.0,177.709869
3.3,60.0,102.699645
3.4,60.0,48.303066
3.5,60.0,9.179218
3.6,60.0,-18.655131
3.7,60.0,-38.148799
3.8,60.0,-51.487782
3.9,60.0,-60.29092
4.0,60.0,-65.750505
4.1,60.0,-68.760491
4.2,60.0,-69.979942
4.3,60.0,-69.909994
4.4,60.0,-68.927782
4.5,60.0,-67.318497
4.6,60.0,-65.299844
4.7,60.0,-63.030168
4.8,60.0,-60.626186
4.9,60.0,-58.168144
5.0,60.0,-55.713148
5.1,60.0,-53.298926
5.2,60.0,-50.952263
5.3,60.0,-48.687073
5.4,60.0,-46.515917
5.5,60.0,-44.449816
5.6,60.0,-42.491099
5.7,60.0,-40.641365
5.8,60.0,-38.904038
5.9,60.0,-37.274492
6.0,60.0,-35.751223
6.2,60.0,-33.003489
6.4,60.0,-30.607609
6.6,60.0,-28.511298
6.8,60.0,-26.661239
7.0,60.0,-25.018515
7.2,60.0,-23.553697
7.4,60.0,-22.239867
7.6,60.0,-21.061546
7.8,60.0,-19.998557
8.0,60.0,-19.041222
8.2,60.0,-18.168213
8.4,60.0,-17.379653
8.6,60.0,-16.655842
8.8,60.0,-15.992654
9.0,60.0,-15.382566
9.5,60.0,-14.051736
10.0,60.0,-12.946628
10.5,60.0,-12.006938
11.0,60.0,-11.200166
11.5,60.0,-10.495132
12.0,60.0,-9.876618
12.5,60.0,-9.325946
13.0,60.0,-8.833209
13.5,60.0,-8.387676
14.0,60.0,-7.984395
14.5,60.0,-7.616943
15.0,60.0,-7.279201
16.0,60.0,-6.680667
17.0,60.0,-6.167369
18.0,60.0,-5.717802
19.0,60.0,-5.322728
20.0,60.0,-4.973557
21.0,60.0,-4.661536
22.0,60.0,-4.379948
23.0,60.0,-4.124735
24.0,60.0,-3.890196
25.0,60.0,-3.678573
50.0,60.0,-1.209537
100.0,60.0,-0.015478
1.0,70.0,90789.973273
1.1,70.0,75421.085214
1.2,70.0,61664.498957
1.3,70.0,49376.06196
1.4,70.0,38695.756711
1.5,70.0,29785.912832
1.6,70.0,22593.442638
1.7,70.0,16918.447615
1.8,70.0,12499.591534
1.9,70.0,9148.630481
2.0,70.0,6636.394177
2.1,70.0,4766.467161
2.2,70.0,3385.746545
2.3,70.0,2374.225903
2.4,70.0,1638.699302
2.5,70.0,1108.037891
2.6,70.0,728.469966
2.7,70.0,459.589506
2.8,70.0,271.222027
2.9,70.0,140.960887
3.0,70.0,52.283826
3.1,70.0,-6.906813
3.2,70.0,-45.392352
3.3,70.0,-69.486663
3.4,70.0,-83.679174
3.5,70.0,-91.13846
3.6,70.0,-94.068173
3.7,70.0,-94.008407
3.8,70.0,-92.024089
3.9,70.0,-88.850728
4.0,70.0,-84.996515
4.1,70.0,-80.817247
4.2,70.0,-76.544877
4.3,70.0,-72.334191
4.4,70.0,-68.282327
4.5,70.0,-64.437856
4.6,70.0,-60.825177
4.7,70.0,-57.451837
4.8,70.0,-54.312062
4.9,70.0,-51.399549
5.0,70.0,-48.701738
5.1,70.0,-46.208512
5.2,70.0,-43.909181
5.3,70.0,-41.789378
5.4,70.0,-39.839872
5.5,70.0,-38.046409
5.6,70.0,-36.395688
5.7,70.0,-34.876518
5.8,70.0,-33.472801
5.9,70.0,-32.17348
6.0,70.0,-30.971683
6.2,70.0,-28.807658
6.4,70.0,-26.919446
6.6,70.0,-25.257516
6.8,70.0,-23.78242
7.0,70.0,-22.468899
7.2,70.0,-21.291835
7.4,70.0,-20.231252
7.6,70.0,-19.27424
7.8,70.0,-18.405002
8.0,70.0,-17.612151
8.2,70.0,-16.887449
8.4,70.0,-16.222469
8.6,70.0,-15.60957
8.8,70.0,-15.045733
9.0,70.0,-14.519927
9.5,70.0,-13.363275
10.0,70.0,-12.382296
10.5,70.0,-11.537978
11.0,70.0,-10.805213
11.5,70.0,-10.158851
12.0,70.0,-9.58559
12.5,70.0,-9.07243
13.0,70.0,-8.610248
13.5,70.0,-8.190718
14.0,70.0,-7.808155
14.5,70.0,-7.457794
15.0,70.0,-7.135236
16.0,70.0,-6.562368
17.0,70.0,-6.065267
18.0,70.0,-5.6318
19.0,70.0,-5.25047
20.0,70.0,-4.909662
21.0,70.0,-4.603312
22.0,70.0,-4.328431
23.0,70.0,-4.077617
24.0,70.0,-3.850509
25.0,70.0,-3.641051
50.0,70.0,-1.201207
100.0,70.0,-0.01479
1.0,80.0,97213.945341
1.1,80.0,79692.810411
1.2,80.0,63224.786791
1.3,80.0,48841.51187
1.4,80.0,36992.485042
1.5,80.0,27589.402323
1.6,80.0,20344.52783
1.7,80.0,14842.044273
1.8,80.0,10745.195443
1.9,80.0,7714.43287
2.0,80.0,5486.986289
2.1,80.0,3861.126521
2.2,80.0,2681.941875
2.3,80.0,1832.98616
2.4,80.0,1226.5759
2.5,80.0,797.287763
2.6,80.0,496.493916
2.7,80.0,288.254193
2.8,80.0,146.139601
2.9,80.0,50.848378
3.0,80.0,-11.603231
3.1,80.0,-51.272808
3.2,80.0,-75.322209
3.3,80.0,-88.785416
3.4,80.0,-95.183838
3.5,80.0,-96.946037
3.6,80.0,-95.734659
3.7,80.0,-92.693496
3.8,80.0,-88.596903
3.9,80.0,-83.972743
4.0,80.0,-79.170013
4.1,80.0,-74.412492
4.2,80.0,-69.837318
4.3,80.0,-65.519993
4.4,80.0,-61.495279
4.5,80.0,-57.773358
4.6,80.0,-54.345276
4.7,80.0,-51.201396
4.8,80.0,-48.321572
4.9,80.0,-45.6912
5.0,80.0,-43.293341
5.1,80.0,-41.106491
5.2,80.0,-39.115213
5.3,80.0,-37.297237
5.4,80.0,-35.639859
5.5,80.0,-34.123257
5.6,80.0,-32.734151
5.7,80.0,-31.451127
5.8,80.0,-30.268874
5.9,80.0,-29.173447
6.0,80.0,-28.154606
6.2,80.0,-26.319841
6.4,80.0,-24.71241
6.6,80.0,-23.292526
6.8,80.0,-22.0313
7.0,80.0,-20.904525
7.2,80.0,-19.888944
7.4,80.0,-18.972621
7.6,80.0,-18.137865
7.8,80.0,-17.380079
8.0,80.0,-16.681636
8.2,80.0,-16.041911
8.4,80.0,-15.451692
8.6,80.0,-14.905334
8.8,80.0,-14.397433
9.0,80.0,-13.923301
9.5,80.0,-12.868204
10.0,80.0,-11.969845
10.5,80.0,-11.189034
11.0,80.0,-10.502379
11.5,80.0,-9.897039
12.0,80.0,-9.355447
12.5,80.0,-8.868536
13.0,80.0,-8.428808
13.5,80.0,-8.028505
14.0,80.0,-7.660736
14.5,80.0,-7.323256
15.0,80.0,-7.013507
16.0,80.0,-6.458873
17.0,80.0,-5.976959
18.0,80.0,-5.554974
19.0,80.0,-5.182401
20.0,80.0,-4.849545
21.0,80.0,-4.550256
22.0,80.0,-4.281019
23.0,80.0,-4.035896
24.0,80.0,-3.810744
25.0,80.0,-3.605366
50.0,80.0,-1.193542
100.0,80.0,-0.013071
1.0,90.0,118021.420833
1.1,90.0,86243.577325
1.2,90.0,66399.742175
1.3,90.0,50032.766425
1.4,90.0,37238.528427
1.5,90.0,27442.29509
1.6,90.0,20023.956529
1.7,90.0,14527.065583
1.8,90.0,10472.411844
1.9,90.0,7494.013213
2.0,90.0,5317.972657
2.1,90.0,3736.617331
2.2,90.0,2593.845325
2.3,90.0,1773.233011
2.4,90.0,1188.257902
2.5,90.0,774.754338
2.6,90.0,485.272216
2.7,90.0,284.874493
2.8,90.0,147.980925
2.9,90.0,55.996624
3.0,90.0,-4.512207
3.1,90.0,-43.172066
3.2,90.0,-66.8272
3.3,90.0,-80.296618
3.4,90.0,-86.940789
3.5,90.0,-89.084159
3.6,90.0,-88.330391
3.7,90.0,-85.768165
3.8,90.0,-82.154549
3.9,90.0,-77.99535
4.0,90.0,-73.632744
4.1,90.0,-69.286036
4.2,90.0,-65.091575
4.3,90.0,-61.122496
4.4,90.0,-57.417348
4.5,90.0,-53.985204
4.6,90.0,-50.826925
4.7,90.0,-47.931011
4.8,90.0,-45.281981
4.9,90.0,-42.863997
5.0,90.0,-40.662165
5.1,90.0,-38.657808
5.2,90.0,-36.830053
5.3,90.0,-35.165605
5.4,90.0,-33.643272
5.5,90.0,-32.248837
5.6,90.0,-30.968218
5.7,90.0,-29.789098
5.8,90.0,-28.696712
5.9,90.0,-27.687889
6.0,90.0,-26.747835
6.2,90.0,-25.055737
6.4,90.0,-23.575737
6.6,90.0,-22.266134
6.8,90.0,-21.101877
7.0,90.0,-20.059894
7.2,90.0,-19.120824
7.4,90.0,-18.269776
7.6,90.0,-17.495954
7.8,90.0,-16.788266
8.0,90.0,-16.13792
8.2,90.0,-15.540557
8.4,90.0,-14.983054
8.6,90.0,-14.470957
8.8,90.0,-13.990723
9.0,90.0,-13.544126
9.5,90.0,-12.546307
10.0,90.0,-11.6909
10.5,90.0,-10.945813
11.0,90.0,-10.290804
11.5,90.0,-9.707248
12.0,90.0,-9.187049
12.5,90.0,-8.715795
13.0,90.0,-8.291693
13.5,90.0,-7.901913
14.0,90.0,-7.547469
14.5,90.0,-7.218516
15.0,90.0,-6.91607
16.0,90.0,-6.375083
17.0,90.0,-5.905054
18.0,90.0,-5.49391
19.0,90.0,-5.126077
20.0,90.0,-4.798642
21.0,90.0,-4.505958
22.0,90.0,-4.239933
23.0,90.0,-3.997588
24.0,90.0,-3.777797
25.0,90.0,-3.574634
50.0,90.0,-1.18508
100.0,90.0,-0.010639
1.0,100.0,102107.996969
1.1,100.0,83982.458684
1.2,100.0,66172.504172
1.3,100.0,50728.369086
1.4,100.0,38221.721897
1.5,100.0,28465.778347
1.6,100.0,21015.444212
1.7,100.0,15362.882469
1.8,100.0,11152.365674
1.9,100.0,8037.670515
2.0,100.0,5744.220095
2.1,100.0,4065.622408
2.2,100.0,2844.43284
2.3,100.0,1961.70808
2.4,100.0,1328.210903
2.5,100.0,877.28846
2.6,100.0,559.313209
2.7,100.0,337.508453
2.8,100.0,184.747725
2.9,100.0,81.159671
3.0,100.0,12.274809
3.1,100.0,-32.348547
3.2,100.0,-60.192658
3.3,100.0,-76.558433
3.4,100.0,-85.166873
3.5,100.0,-88.610064
3.6,100.0,-88.681552
3.7,100.0,-86.618199
3.8,100.0,-83.268724
3.9,100.0,-79.217048
4.0,100.0,-74.857782
4.1,100.0,-70.448459
4.2,100.0,-66.152921
4.3,100.0,-62.06968
4.4,100.0,-58.24172
4.5,100.0,-54.688421
4.6,100.0,-51.411551
4.7,100.0,-48.403952
4.8,100.0,-45.650665
4.9,100.0,-43.138185
5.0,100.0,-40.85015
5.1,100.0,-38.767768
5.2,100.0,-36.871373
5.3,100.0,-35.147685
5.4,100.0,-33.576662
5.5,100.0,-32.141296
5.6,100.0,-30.827113
5.7,100.0,-29.619671
5.8,100.0,-28.506403
5.9,100.0,-27.476114
6.0,100.0,-26.520972
6.2,100.0,-24.807382
6.4,100.0,-23.31006
6.6,100.0,-21.99395
6.8,100.0,-20.828628
7.0,100.0,-19.787566
7.2,100.0,-18.853449
7.4,100.0,-18.00916
7.6,100.0,-17.24382
7.8,100.0,-16.544716
8.0,100.0,-15.903147
8.2,100.0,-15.312528
8.4,100.0,-14.766814
8.6,100.0,-14.260146
8.8,100.0,-13.790738
9.0,100.0,-13.350848
9.5,100.0,-12.37039
10.0,100.0,-11.529814
10.5,100.0,-10.799698
11.0,100.0,-10.154379
11.5,100.0,-9.585934
12.0,100.0,-9.074971
12.5,100.0,-8.613083
13.0,100.0,-8.194122
13.5,100.0,-7.814025
14.0,100.0,-7.463761
14.5,100.0,-7.143519
15.0,100.0,-6.845004
16.0,100.0,-6.312219
17.0,100.0,-5.848769
18.0,100.0,-5.440606
19.0,100.0,-5.079766
20.0,100.0,-4.756397
21.0,100.0,-4.466554
22.0,100.0,-4.205884
23.0,100.0,-3.965195
24.0,100.0,-3.749547
25.0,100.0,-3.547008
50.0,100.0,-1.179967
100.0,100.0,-0.008572
1.0,110.0,94842.690806
1.1,110.0,79245.198924
1.2,110.0,64909.373982
1.3,110.0,51885.695502
1.4,110.0,40587.889702
1.5,110.0,31212.304603
1.6,110.0,23671.686592
1.7,110.0,17740.683337
1.8,110.0,13128.166849
1.9,110.0,9628.405799
2.0,110.0,7000.561744
2.1,110.0,5040.259131
2.2,110.0,3589.29221
2.3,110.0,2522.938536
2.4,110.0,1745.303735
2.5,110.0,1182.752019
2.6,110.0,779.43638
2.7,110.0,493.213075
2.8,110.0,292.46368
2.9,110.0,153.611177
3.0,110.0,59.190131
3.1,110.0,-3.643277
3.2,110.0,-44.255925
3.3,110.0,-69.411532
3.4,110.0,-83.948104
3.5,110.0,-91.288161
3.6,110.0,-93.822764
3.7,110.0,-93.221421
3.8,110.0,-90.635276
3.9,110.0,-86.866338
4.0,110.0,-82.456531
4.1,110.0,-77.782751
4.2,110.0,-73.087993
4.3,110.0,-68.528921
4.4,110.0,-64.1991
4.5,110.0,-60.146516
4.6,110.0,-56.386863
4.7,110.0,-52.920148
4.8,110.0,-49.735639
4.9,110.0,-46.819167
5.0,110.0,-44.149121
5.1,110.0,-41.71237
5.2,110.0,-39.489384
5.3,110.0,-37.464258
5.4,110.0,-35.620645
5.5,110.0,-33.940896
5.6,110.0,-32.408475
5.7,110.0,-31.010735
5.8,110.0,-29.729694
5.9,110.0,-28.554403
6.0,110.0,-27.474359
6.2,110.0,-25.551621
6.4,110.0,-23.894594
6.6,110.0,-22.454186
6.8,110.0,-21.187938
7.0,110.0,-20.067673
7.2,110.0,-19.067722
7.4,110.0,-18.170357
7.6,110.0,-17.361123
7.8,110.0,-16.625934
8.0,110.0,-15.955893
8.2,110.0,-15.341809
8.4,110.0,-14.775558
8.6,110.0,-14.254098
8.8,110.0,-13.770673
9.0,110.0,-13.321402
9.5,110.0,-12.323413
10.0,110.0,-11.472558
10.5,110.0,-10.737378
11.0,110.0,-10.093524
11.5,110.0,-9.522139
12.0,110.0,-9.011615
12.5,110.0,-8.55288
13.0,110.0,-8.136672
13.5,110.0,-7.756438
14.0,110.0,-7.410159
14.5,110.0,-7.088971
15.0,110.0,-6.795059
16.0,110.0,-6.267215
17.0,110.0,-5.808334
18.0,110.0,-5.402947
19.0,110.0,-5.046176
20.0,110.0,-4.726147
21.0,110.0,-4.437016
22.0,110.0,-4.17775
23.0,110.0,-3.940284
24.0,110.0,-3.72381
25.0,110.0,-3.525493
50.0,110.0,-1.173559
100.0,110.0,-0.007437
1.0,120.0,98845.061105
1.1,120.0,82173.956652
1.2,120.0,68964.679309
1.3,120.0,57452.945365
1.4,120.0,47102.274642
1.5,120.0,37896.222017
1.6,120.0,29953.728903
1.7,120.0,23318.144992
1.8,120.0,17917.505041
1.9,120.0,13587.775413
2.0,120.0,10214.846316
2.1,120.0,7621.898177
2.2,120.0,5643.313014
2.3,120.0,4145.002508
2.4,120.0,3017.991192
2.5,120.0,2175.364071
2.6,120.0,1548.963401
2.7,120.0,1086.05093
2.8,120.0,746.141359
2.9,120.0,498.298447
3.0,120.0,319.021677
3.1,120.0,190.53017
3.2,120.0,99.440927
3.3,120.0,35.721002
3.4,120.0,-8.1029
3.5,120.0,-37.564844
3.6,120.0,-56.737785
3.7,120.0,-68.591912
3.8,120.0,-75.287028
3.9,120.0,-78.37799
4.0,120.0,-78.98203
4.1,120.0,-77.90699
4.2,120.0,-75.725992
4.3,120.0,-72.85584
4.4,120.0,-69.591588
4.5,120.0,-66.146446
4.6,120.0,-62.662869
4.7,120.0,-59.246158
4.8,120.0,-55.960171
4.9,120.0,-52.838656
5.0,120.0,-49.900827
5.1,120.0,-47.156153
5.2,120.0,-44.596658
5.3,120.0,-42.218784
5.4,120.0,-40.012799
5.5,120.0,-37.970274
5.6,120.0,-36.083399
5.7,120.0,-34.343367
5.8,120.0,-32.739622
5.9,120.0,-31.263171
6.0,120.0,-29.90807
6.2,120.0,-27.517476
6.4,120.0,-25.490586
6.6,120.0,-23.758076
6.8,120.0,-22.262211
7.0,120.0,-20.954121
7.2,120.0,-19.800745
7.4,120.0,-18.775571
7.6,120.0,-17.86024
7.8,120.0,-17.036472
8.0,120.0,-16.292657
8.2,120.0,-15.618361
8.4,120.0,-15.0038
8.6,120.0,-14.437756
8.8,120.0,-13.919338
9.0,120.0,-13.441102
9.5,120.0,-12.389467
10.0,120.0,-11.505362
10.5,120.0,-10.747669
11.0,120.0,-10.088554
11.5,120.0,-9.507845
12.0,120.0,-8.990667
12.5,120.0,-8.527724
13.0,120.0,-8.108992
13.5,120.0,-7.728481
14.0,120.0,-7.379238
14.5,120.0,-7.059685
15.0,120.0,-6.764076
16.0,120.0,-6.237415
17.0,120.0,-5.779545
18.0,120.0,-5.377553
19.0,120.0,-5.021269
20.0,120.0,-4.703266
21.0,120.0,-4.415734
22.0,120.0,-4.157044
23.0,120.0,-3.919551
24.0,120.0,-3.705352
25.0,120.0,-3.507455
50.0,120.0,-1.166764
100.0,120.0,-0.005729
1.0,130.0,121762.84756
1.1,130.0,98650.941871
1.2,130.0,83545.976643
1.3,130.0,72173.086425
1.4,130.0,62194.805587
1.5,130.0,52789.556669
1.6,130.0,43966.524266
1.7,130.0,35987.761972
1.8,130.0,29054.851465
1.9,130.0,23215.3431
2.0,130.0,18380.999071
2.1,130.0,14495.029328
2.2,130.0,11411.01691
2.3,130.0,8972.096235
2.4,130.0,7047.077243
2.5,130.0,5528.599319
2.6,130.0,4330.438827
2.7,130.0,3384.365643
2.8,130.0,2636.727564
2.9,130.0,2045.622396
3.0,130.0,1578.375246
3.1,130.0,1209.407359
3.2,130.0,918.632649
3.3,130.0,690.137823
3.4,130.0,511.256733
3.5,130.0,371.839021
3.6,130.0,263.749181
3.7,130.0,180.453052
3.8,130.0,116.717328
3.9,130.0,68.349413
4.0,130.0,32.001464
4.1,130.0,5.010821
4.2,130.0,-14.731227
4.3,130.0,-28.891544
4.4,130.0,-38.769019
4.5,130.0,-45.383309
4.6,130.0,-49.519001
4.7,130.0,-51.796348
4.8,130.0,-52.693927
4.9,130.0,-52.585105
5.0,130.0,-51.761424
5.1,130.0,-50.443684
5.2,130.0,-48.809716
5.3,130.0,-46.982948
5.4,130.0,-45.062359
5.5,130.0,-43.114749
5.6,130.0,-41.182985
5.7,130.0,-39.302941
5.8,130.0,-37.48921
5.9,130.0,-35.757786
6.0,130.0,-34.114095
6.2,130.0,-31.108793
6.4,130.0,-28.481893
6.6,130.0,-26.218646
6.8,130.0,-24.275792
7.0,130.0,-22.60592
7.2,130.0,-21.162077
7.4,130.0,-19.904114
7.6,130.0,-18.793932
7.8,130.0,-17.812461
8.0,130.0,-16.939478
8.2,130.0,-16.156543
8.4,130.0,-15.451197
8.6,130.0,-14.814462
8.8,130.0,-14.236097
9.0,130.0,-13.706678
9.5,130.0,-12.56376
10.0,130.0,-11.617298
10.5,130.0,-10.817519
11.0,130.0,-10.131532
11.5,130.0,-9.532208
12.0,130.0,-9.001856
12.5,130.0,-8.530197
13.0,130.0,-8.106489
13.5,130.0,-7.71996
14.0,130.0,-7.36863
14.5,130.0,-7.04647
15.0,130.0,-6.749544
16.0,130.0,-6.220487
17.0,130.0,-5.762471
18.0,130.0,-5.359027
19.0,130.0,-5.003064
20.0,130.0,-4.685059
21.0,130.0,-4.400122
22.0,130.0,-4.139602
23.0,130.0,-3.906297
24.0,130.0,-3.690887
25.0,130.0,-3.495316
50.0,130.0,-1.16291
100.0,130.0,-0.003345
1.0,140.0,176175.517605
1.1,140.0,137204.995967
1.2,140.0,115400.338782
1.3,140.0,101955.165177
1.4,140.0,91429.077514
1.5,140.0,81281.350156
1.6,140.0,71009.493357
1.7,140.0,61054.061022
1.8,140.0,51953.965545
1.9,140.0,44006.842239
2.0,140.0,37254.121153
2.1,140.0,31573.527798
2.2,140.0,26856.397457
2.3,140.0,22907.87042
2.4,140.0,19559.302043
2.5,140.0,16677.650306
2.6,140.0,14161.082082
2.7,140.0,11972.32135
2.8,140.0,10072.878398
2.9,140.0,8423.19671
3.0,140.0,6997.028973
3.1,140.0,5772.527747
3.2,140.0,4728.630077
3.3,140.0,3845.78554
3.4,140.0,3104.835664
3.5,140.0,2487.645889
3.6,140.0,1977.340561
3.7,140.0,1558.444134
3.8,140.0,1217.017621
3.9,140.0,940.681636
4.0,140.0,718.602004
4.1,140.0,541.396956
4.2,140.0,401.051453
4.3,140.0,290.768238
4.4,140.0,204.823535
4.5,140.0,138.43922
4.6,140.0,87.660114
4.7,140.0,49.229544
4.8,140.0,20.505565
4.9,140.0,-0.64393
5.0,140.0,-15.928897
5.1,140.0,-26.704945
5.2,140.0,-34.041077
5.3,140.0,-38.778251
5.4,140.0,-41.578764
5.5,140.0,-42.948784
5.6,140.0,-43.28734
5.7,140.0,-42.899829
5.8,140.0,-42.010235
5.9,140.0,-40.794337
6.0,140.0,-39.378445
6.2,140.0,-36.290139
6.4,140.0,-33.199568
6.6,140.0,-30.324048
6.8,140.0,-27.743642
7.0,140.0,-25.478531
7.2,140.0,-23.514598
7.4,140.0,-21.818514
7.6,140.0,-20.356165
7.8,140.0,-19.090855
8.0,140.0,-17.988046
8.2,140.0,-17.019255
8.4,140.0,-16.168344
8.6,140.0,-15.409128
8.8,140.0,-14.731543
9.0,140.0,-14.122224
9.5,140.0,-12.836951
10.0,140.0,-11.799806
10.5,140.0,-10.939227
11.0,140.0,-10.211955
11.5,140.0,-9.584925
12.0,140.0,-9.037586
12.5,140.0,-8.551328
13.0,140.0,-8.118181
13.5,140.0,-7.725995
14.0,140.0,-7.369293
14.5,140.0,-7.043805
15.0,140.0,-6.744456
16.0,140.0,-6.21294
17.0,140.0,-5.750326
18.0,140.0,-5.34765
19.0,140.0,-4.991338
20.0,140.0,-4.672958
21.0,140.0,-4.388791
22.0,140.0,-4.128655
23.0,140.0,-3.89396
24.0,140.0,-3.680162
25.0,140.0,-3.484244
50.0,140.0,-1.159114
100.0,140.0,-0.003059
1.0,150.0,279294.353982
1.1,150.0,208475.060402
1.2,150.0,172540.401637
1.3,150.0,153288.483795
1.4,150.0,139523.544567
1.5,150.0,126146.48941
1.6,150.0,112473.570721
1.7,150.0,99480.971266
1.8,150.0,88027.33244
1.9,150.0,78498.504429
2.0,150.0,70941.550081
2.1,150.0,65162.868017
2.2,150.0,60803.493197
2.3,150.0,57407.981997
2.4,150.0,54382.266885
2.5,150.0,51201.532731
2.6,150.0,47516.242619
2.7,150.0,43231.629434
2.8,150.0,38505.636886
2.9,150.0,33638.137027
3.0,150.0,28909.685237
3.1,150.0,24535.820827
3.2,150.0,20642.935765
3.3,150.0,17244.652021
3.4,150.0,14320.564482
3.5,150.0,11829.563956
3.6,150.0,9720.636326
3.7,150.0,7943.681376
3.8,150.0,6452.930668
3.9,150.0,5207.851107
4.0,150.0,4172.982588
4.1,150.0,3317.749533
4.2,150.0,2614.701946
4.3,150.0,2041.012744
4.4,150.0,1576.143993
4.5,150.0,1202.643977
4.6,150.0,905.211978
4.7,150.0,670.608153
4.8,150.0,487.428816
4.9,150.0,345.939284
5.0,150.0,237.894822
5.1,150.0,156.390978
5.2,150.0,95.718645
5.3,150.0,51.206347
5.4,150.0,19.08993
5.5,150.0,-3.629905
5.6,150.0,-19.304496
5.7,150.0,-29.760682
5.8,150.0,-36.393468
5.9,150.0,-40.271082
6.0,150.0,-42.183222
6.2,150.0,-42.340818
6.4,150.0,-39.972116
6.6,150.0,-36.700627
6.8,150.0,-33.320451
7.0,150.0,-30.185764
7.2,150.0,-27.406704
7.4,150.0,-24.99903
7.6,150.0,-22.933221
7.8,150.0,-21.167172
8.0,150.0,-19.660928
8.2,150.0,-18.371477
8.4,150.0,-17.262217
8.6,150.0,-16.300705
8.8,150.0,-15.459743
9.0,150.0,-14.720099
9.5,150.0,-13.213469
10.0,150.0,-12.046086
10.5,150.0,-11.103358
11.0,150.0,-10.319371
11.5,150.0,-9.657236
12.0,150.0,-9.087109
12.5,150.0,-8.58311
13.0,150.0,-8.13776
13.5,150.0,-7.738071
14.0,150.0,-7.376261
14.5,150.0,-7.047839
15.0,150.0,-6.744785
16.0,150.0,-6.209934
17.0,150.0,-5.745939
18.0,150.0,-5.341401
19.0,150.0,-4.985088
20.0,150.0,-4.66705
21.0,150.0,-4.380108
22.0,150.0,-4.121939
23.0,150.0,-3.887732
24.0,150.0,-3.673613
25.0,150.0,-3.477493
50.0,150.0,-1.156327
100.0,150.0,-0.002398
1.0,160.0,441348.64616
1.1,160.0,316889.470828
1.2,160.0,259124.506866
1.3,160.0,232798.54871
1.4,160.0,218946.263777
1.5,160.0,210091.547967
1.6,160.0,204285.093774
1.7,160.0,199081.652195
1.8,160.0,190944.102953
1.9,160.0,177872.615922
2.0,160.0,161163.840714
2.1,160.0,144466.962185
2.2,160.0,131435.325392
2.3,160.0,124103.276032
2.4,160.0,122406.660243
2.5,160.0,124730.100164
2.6,160.0,128612.902192
2.7,160.0,128276.597216
2.8,160.0,114691.902553
2.9,160.0,99534.133945
3.0,160.0,85743.787885
3.1,160.0,73900.091739
3.2,160.0,63970.424096
3.3,160.0,55701.126197
3.4,160.0,48788.31798
3.5,160.0,42951.893165
3.6,160.0,37878.998346
3.7,160.0,33325.016565
3.8,160.0,29126.40341
3.9,160.0,25200.95147
4.0,160.0,21532.199804
4.1,160.0,18139.50476
4.2,160.0,15044.979308
4.3,160.0,12296.94319
4.4,160.0,9915.846085
4.5,160.0,7886.437594
4.6,160.0,6187.468012
4.7,160.0,4789.420916
4.8,160.0,3657.493799
4.9,160.0,2754.457833
5.0,160.0,2044.311445
5.1,160.0,1493.63883
5.2,160.0,1072.376878
5.3,160.0,754.415199
5.4,160.0,517.640844
5.5,160.0,343.747544
5.6,160.0,217.884032
5.7,160.0,128.220894
5.8,160.0,65.481778
5.9,160.0,22.509333
6.0,160.0,-6.14289
6.2,160.0,-35.841006
6.4,160.0,-45.151564
6.6,160.0,-45.37312
6.8,160.0,-42.058553
7.0,160.0,-37.777736
7.2,160.0,-33.613058
7.4,160.0,-29.936113
7.6,160.0,-26.815771
7.8,160.0,-24.216904
8.0,160.0,-22.061554
8.2,160.0,-20.271058
8.4,160.0,-18.770513
8.6,160.0,-17.502842
8.8,160.0,-16.424562
9.0,160.0,-15.497051
9.5,160.0,-13.672404
10.0,160.0,-12.326119
10.5,160.0,-11.28346
11.0,160.0,-10.438508
11.5,160.0,-9.736717
12.0,160.0,-9.137595
12.5,160.0,-8.618331
13.0,160.0,-8.161185
13.5,160.0,-7.754185
14.0,160.0,-7.386474
14.5,160.0,-7.054344
15.0,160.0,-6.74659
16.0,160.0,-6.208871
17.0,160.0,-5.743161
18.0,160.0,-5.33829
19.0,160.0,-4.980732
20.0,160.0,-4.66185
21.0,160.0,-4.37481
22.0,160.0,-4.117107
23.0,160.0,-3.883018
24.0,160.0,-3.668312
25.0,160.0,-3.47198
50.0,160.0,-1.153882
100.0,160.0,-0.001841
1.0,170.0,629974.872311
1.1,170.0,438425.115883
1.2,170.0,358581.811012
1.3,170.0,343294.123435
1.4,170.0,376453.903082
1.5,170.0,461239.790148
1.6,170.0,612549.193256
1.7,170.0,825371.556963
1.8,170.0,1032966.020837
1.9,170.0,1107670.272534
2.0,170.0,986156.729437
2.1,170.0,758333.054584
2.2,170.0,545543.620828
2.3,170.0,399028.387567
2.4,170.0,316331.720356
2.5,170.0,277435.433319
2.6,170.0,262852.328577
2.7,170.0,261656.687611
2.8,170.0,271105.54298
2.9,170.0,287582.89559
3.0,170.0,301624.800506
3.1,170.0,301124.406879
3.2,170.0,279899.096371
3.3,170.0,242794.755266
3.4,170.0,201450.134903
3.5,170.0,166161.894282
3.6,170.0,141721.820149
3.7,170.0,127895.751702
3.8,170.0,121462.611924
3.9,170.0,118010.428144
4.0,170.0,113205.890197
4.1,170.0,104391.095008
4.2,170.0,91853.555615
4.3,170.0,77657.774794
4.4,170.0,63638.223197
4.5,170.0,50854.02654
4.6,170.0,39783.67738
4.7,170.0,30546.286369
4.8,170.0,23095.024466
4.9,170.0,17218.359397
5.0,170.0,12671.484691
5.1,170.0,9212.429521
5.2,170.0,6619.717709
5.3,170.0,4701.118497
5.4,170.0,3297.660892
5.5,170.0,2282.33475
5.6,170.0,1555.663435
5.7,170.0,1041.032682
5.8,170.0,680.394258
5.9,170.0,430.428511
6.0,170.0,259.251281
6.2,170.0,67.051571
6.4,170.0,-13.641759
6.6,170.0,-42.301482
6.8,170.0,-48.426965
7.0,170.0,-45.991659
7.2,170.0,-41.031174
7.4,170.0,-35.888831
7.6,170.0,-31.375273
7.8,170.0,-27.64949
8.0,170.0,-24.647786
8.2,170.0,-22.245387
8.4,170.0,-20.301671
8.6,170.0,-18.702719
8.8,170.0,-17.365283
9.0,170.0,-16.240358
9.5,170.0,-14.100807
10.0,170.0,-12.581047
10.5,170.0,-11.437189
11.0,170.0,-10.536489
11.5,170.0,-9.799461
12.0,170.0,-9.178022
12.5,170.0,-8.64512
13.0,170.0,-8.180025
13.5,170.0,-7.765675
14.0,170.0,-7.393832
14.5,170.0,-7.057532
15.0,170.0,-6.752095
16.0,170.0,-6.209093
17.0,170.0,-5.743111
18.0,170.0,-5.336757
19.0,170.0,-4.97924
20.0,170.0,-4.65902
21.0,170.0,-4.373416
22.0,170.0,-4.113401
23.0,170.0,-3.88087
24.0,170.0,-3.665502
25.0,170.0,-3.470758
50.0,170.0,-1.15175
100.0,170.0,-0.000919
1.0,180.0,736697.783571
1.1,180.0,499963.765197
1.2,180.0,409366.248029
1.3,180.0,415322.543073
1.4,180.0,520224.058446
1.5,180.0,780589.756847
1.6,180.0,1354569.379904
1.7,180.0,2702186.635987
1.8,180.0,6726806.980686
2.1,180.0,3659813.614968
2.2,180.0,1740064.663356
2.3,180.0,964823.665598
2.4,180.0,625726.991124
2.5,180.0,501713.726977
2.6,180.0,521869.914369
2.7,180.0,698121.023175
2.8,180.0,1135480.603521
2.9,180.0,2141028.700174
3.0,180.0,4856299.556911
3.3,180.0,4793296.165002
3.4,180.0,2107358.812597
3.5,180.0,1071320.869017
3.6,180.0,653665.529933
3.7,180.0,453792.929528
3.8,180.0,387438.979508
3.9,180.0,428772.566525
4.0,180.0,649746.664332
4.1,180.0,1469988.870847
4.4,180.0,601754.737048
4.5,180.0,283489.399711
4.6,180.0,158363.759379
4.7,180.0,98000.502927
4.8,180.0,64476.433443
4.9,180.0,43891.440217
5.0,180.0,30380.92403
5.1,180.0,21150.904413
5.2,180.0,14717.632716
5.3,180.0,10199.143616
5.4,180.0,7024.203902
5.5,180.0,4800.445518
5.6,180.0,3250.227243
5.7,180.0,2175.110091
5.8,180.0,1434.443952
5.9,180.0,927.996806
6.0,180.0,584.537231
6.2,180.0,200.562482
6.4,180.0,36.053105
6.6,180.0,-27.71042
6.8,180.0,-47.168865
7.0,180.0,-48.842446
7.2,180.0,-44.519293
7.4,180.0,-38.915344
7.6,180.0,-33.710209
7.8,180.0,-29.378526
8.0,180.0,-25.916571
8.2,180.0,-23.180967
8.4,180.0,-21.004349
8.6,180.0,-19.239015
8.8,180.0,-17.778672
9.0,180.0,-16.560053
9.5,180.0,-14.282377
10.0,180.0,-12.689042
10.5,180.0,-11.500109
11.0,180.0,-10.575628
11.5,180.0,-9.823314
12.0,180.0,-9.195327
12.5,180.0,-8.655854
13.0,180.0,-8.184947
13.5,180.0,-7.768531
14.0,180.0,-7.396128
14.5,180.0,-7.059069
15.0,180.0,-6.751691
16.0,180.0,-6.208136
17.0,180.0,-5.741852
18.0,180.0,-5.334772
19.0,180.0,-4.976742
20.0,180.0,-4.657507
21.0,180.0,-4.3708
22.0,180.0,-4.113011
23.0,180.0,-3.877717
24.0,180.0,-3.664543
25.0,180.0,-3.467334
50.0,180.0,-1.150702
100.0,180.0,-0.0
