[[ 6.85292124e+10 -3.44066272e+10  7.30097888e+09 -7.93063276e+08
   4.80115511e+07 -1.66876123e+06  1.67823286e+04 -6.76741979e+01]
 [-1.64098009e+10  7.37789666e+09 -1.38032714e+09  1.45038284e+08
  -9.42535774e+06  3.72939122e+05 -7.98565979e+03 -9.03083510e-01]
 [ 6.95067888e+08 -4.86744986e+08  1.24986874e+08 -1.53340299e+07
   9.56856437e+05 -2.86221422e+04  2.79604003e+02  2.48211257e-02]
 [ 1.04530821e+11 -5.01603001e+10  1.00850087e+10 -1.03322921e+09
   5.85687190e+07 -1.80082734e+06  2.01493438e+04 -1.44513222e+01]
 [-5.05308762e+10  2.16606369e+10 -3.85795993e+09  3.80620314e+08
  -2.24814610e+07  7.62888005e+05 -1.75030750e+04 -4.14507852e+00]
 [ 3.25696102e+10 -1.40739377e+10  2.51463425e+09 -2.46243493e+08
   1.42837676e+07 -4.73205617e+05  1.05777962e+04  2.70304588e+00]
 [-4.47329008e+10  1.95933301e+10 -3.53635858e+09  3.46746235e+08
  -1.99919283e+07  6.57267424e+05 -1.45725369e+04 -3.50713598e+00]
 [ 3.11535593e+09 -1.51679588e+09  2.94532662e+08 -2.76241823e+07
   1.23004543e+06 -2.13427750e+04 -1.92809492e+01 -9.20430453e-02]
 [-2.59736719e+09  1.24733106e+09 -2.40243690e+08  2.25922899e+07
  -1.02958692e+06  1.95001844e+04 -3.48167005e+01  9.10029829e-02]
 [ 3.77413430e+09 -1.77059885e+09  3.34480282e+08 -3.11750484e+07
   1.43280330e+06 -2.84698440e+04  8.91239906e+01 -9.56893042e-02]
 [ 5.72959460e+10 -2.32475059e+10  3.94790945e+09 -3.30907534e+08
   1.46521814e+07 -3.19481709e+05  1.85028554e+03  5.71526548e-01]
 [-4.96874745e+10  1.90153311e+10 -2.94674345e+09  2.39960980e+08
  -1.11213475e+07  2.66874305e+05 -4.33673109e+03  2.60169449e-01]
 [ 4.15186833e+10 -1.62758472e+10  2.59515468e+09 -2.18562481e+08
   1.05039541e+07 -2.64590453e+05  4.39753568e+03 -1.15947501e-01]
 [-5.54327693e+10  2.21991017e+10 -3.62431973e+09  3.13420194e+08
  -1.54882837e+07  4.04142862e+05 -6.95702794e+03 -6.25625339e-02]
 [ 1.88162828e+10 -6.85127401e+09  9.94019178e+08 -7.32876279e+07
   2.88292738e+06 -5.86801997e+04  4.48082824e+02 -4.92402790e-02]
 [-9.83614907e+09  3.58912115e+09 -5.22333129e+08  3.86721932e+07
  -1.52966056e+06  3.13742780e+04 -2.42047136e+02  2.68646890e-02]
 [ 8.24680290e+09 -3.02546196e+09  4.43676942e+08 -3.31878127e+07
   1.33060647e+06 -2.78032447e+04  2.20461802e+02 -2.67761785e-02]
 [-8.44408895e+09  3.12626799e+09 -4.64198812e+08  3.52886834e+07
  -1.44407674e+06  3.09677887e+04 -2.54733561e+02  3.37939362e-02]
 [ 1.15785905e+10 -4.34279566e+09  6.55859795e+08 -5.09270815e+07
   2.13841380e+06 -4.72702446e+04  4.05675194e+02 -5.95441333e-02]
 [ 1.09873842e+10 -1.70898605e+09 -2.34517604e+08  8.11985435e+07
  -7.55233502e+06  3.09211758e+05 -5.26952252e+03  3.66467302e+00]
 [-3.67589028e+10  1.36941622e+10 -2.04451162e+09  1.59049892e+08
  -7.06016202e+06  1.69887174e+05 -3.01257143e+03 -4.66561285e-01]
 [ 2.43528564e+10 -8.89282465e+09  1.28316185e+09 -9.34270926e+07
   3.67912168e+06 -7.10712921e+04  9.08350176e+02  4.57393059e-02]
 [-2.24371859e+10  7.81925763e+09 -1.03418139e+09  6.15901716e+07
  -1.36628148e+06 -1.82353543e+04  1.25775188e+03  2.41569968e-01]
 [ 1.47864001e+10 -5.29800254e+09  7.49476162e+08 -5.30860030e+07
   1.95234286e+06 -3.51419915e+04  2.00590893e+02 -1.04689311e-02]
 [-9.20201429e+09  3.27200008e+09 -4.57196140e+08  3.17422384e+07
  -1.12737763e+06  1.89178214e+04 -8.55857779e+01 -5.54788911e-03]
 [ 7.05016825e+09 -2.47211000e+09  3.37491475e+08 -2.25234247e+07
   7.42313900e+05 -1.04110624e+04  1.17592846e+01  1.95806599e-02]
 [-5.73033513e+09  1.96041900e+09 -2.56275299e+08  1.57740501e+07
  -4.32396426e+05  2.73363499e+03  6.49712366e+01 -3.46577591e-02]
 [ 5.35609964e+09 -1.74639767e+09  2.07767858e+08 -1.02841584e+07
   1.03992854e+05  7.45257983e+03 -1.88749696e+02  5.90574762e-02]]