R,0,2,4,6,8,10,12,14,16,18,20,22,24,26,28,30,32,34,36
2.5,1401.3396212693947,1321.186149997307,169.1942405669439,179.70583765490542,71.27475709178681,-200.03734817627557,31.927072715508437,43.04549866309326,-316.5581816081647,-121.05875391006107,55.9692052577254,-193.65072511575298,-3.9605520147029143,217.9738561857032,-27.817577899836916,-158.76332670713816,78.3234905395373,133.4859624696256,15.618750642114579
2.6,933.6609595993853,927.1179984662034,112.16198216215116,94.85032920282877,36.46811925395814,-108.66199550722376,13.137411997598521,23.521025355279615,-169.9445046917468,-68.85172622967832,27.49800804477877,-101.25295339060986,0.2931945296752342,119.13280057637567,-12.91737371900428,-85.57664570924446,39.380771385988936,70.38228027749878,7.002426996190133
2.7,613.869923529044,644.7395947975176,75.04913283862388,46.93406404376398,17.77616397467602,-56.821894996946,3.7850917600743332,12.579717176408153,-87.45981535163962,-38.32759842077176,12.363887943456318,-50.336556265347596,1.5394978777547863,62.36031293542634,-5.092033980031684,-44.27532052231193,18.52612639750934,35.48513675191996,2.7600578813840975
2.8,395.9071048529985,443.5072478971862,50.714695624453576,20.880198793665492,8.080462444790912,-28.212691415080343,-0.3732842069531559,6.576113311302245,-42.466911452014756,-20.746709546415246,4.731673513624622,-23.312462307372062,1.5394579658704979,30.684004118675702,-1.289756307732549,-21.64608306025422,7.828751219169578,16.81440058571496,0.8664514279244493
2.9,248.18665394497629,301.02931185256153,34.59566296745524,7.46683169889962,3.2688718621864568,-12.977909512246036,-1.824804701431584,3.3594554392231273,-18.907150028288324,-10.806089757607284,1.1803171708835443,-9.683350056749628,1.1385673186421166,13.690466592705295,0.32205170799981664,-9.730884992087182,2.6676228893920886,7.261393962305659,0.1609236496703275
3.0,148.9321026609719,200.9206489863029,23.783509958185782,1.1376769565222522,1.018227742868227,-5.249238033119372,-1.9821980168135784,1.6810627163060112,-7.25540970140028,-5.316257738949706,-0.25183140419828587,-3.3040937600839255,0.7040582276146405,5.074097269314787,0.8145500575288269,-3.80352606721759,0.4067627508519364,2.67793644445666,0.0024516585243166593
3.1,83.0661205588162,131.2198787525791,16.426469408290945,-1.3916320341469435,0.05170387464480769,-1.5969950064799654,-1.6139307353812948,0.8296641488754594,-1.9741295535732173,-2.3781883283416563,-0.6575398285903522,-0.6635731798071549,0.36629475938457606,1.0787845267136587,0.7919099603631432,-1.1058517596608302,-0.4174466937836412,0.6934259563965762,0.05492401043603423
3.2,40.119149106039885,83.22054732383232,11.344693638117548,-2.0146085074290934,-0.30831534412336203,-0.062416654975404835,-1.111832616078661,0.40928019191018883,0.07510936006482566,-0.8744286994559047,-0.6220117490259892,0.18202660100056905,0.14772992816701966,-0.48651022868064075,0.5782569673996166,-0.06396961214596085,-0.5892046833111022,-0.010924524036556287,0.1556088357881802
3.3,12.811012315626627,50.60757723116458,7.783853349890442,-1.7863039543423012,-0.40521550274517565,0.4405816993408061,-0.6549081129477805,0.20553905168804315,0.6123739666106122,-0.15654167903114888,-0.4411015145504419,0.26347731192806334,0.028742176726095383,-0.8649683603670161,0.3345535019149025,0.19378238427801,-0.5082614829595004,-0.14270531748622842,0.23622207779919732
3.4,-3.919273997310752,28.819335813500427,5.25828243684022,-1.2661789725750128,-0.4021786596723159,0.49080801824231957,-0.3075631278570376,0.10635232385504374,0.5375189215372909,0.14543481702426148,-0.251001881903734,0.09396046892304673,-0.020977826427432875,-0.7354184778789266,0.13033024796759224,0.13033286967152197,-0.36352074116085137,-0.06245067311367907,0.2767764389381438
3.5,-13.582501895539911,14.576680023742407,3.451709928016494,-0.728316315603934,-0.3695713904835659,0.37976731014165155,-0.07695718936731753,0.0556450199945795,0.2895040120823914,0.2381633715210374,-0.1037706020023073,-0.09620016703864956,-0.029135808844359394,-0.44801578222693417,-0.01330419185804046,-0.023586231784161346,-0.23311443370854962,0.06045067073826847,0.2795125964293041
3.6,-18.60396139761209,5.535671578109744,2.15479484970964,-0.28832270148734096,-0.33299437193535764,0.24175110751007572,0.05469824260545929,0.026928675844874198,0.058233348165798705,0.23395400089124363,-0.010164722556454297,-0.22337279522219586,-0.016532998432482415,-0.1671103669797834,-0.09864403484950886,-0.16485320928141417,-0.1405675736210626,0.15750231403703915,0.2548738071661211
3.7,-20.64822840887728,0.031904856805987446,1.2260231491038474,0.02157642395231426,-0.298603927945271,0.12906622422591213,0.11287952355878121,0.008603620951882603,-0.09351627640620895,0.19157575444712413,0.03693067785403861,-0.273984198232025,0.003152813997356066,0.04363770504428478,-0.13742542528787685,-0.25718646372147413,-0.08520146765119792,0.210156784637895,0.21450710841094028
3.8,-20.847282962043412,-3.1073239092639757,0.567328717979875,0.2092687077734318,-0.2656611561025572,0.05428710328895553,0.12227303740590453,-0.003936424225082492,-0.16212500685540487,0.14009687916637453,0.050348593919964636,-0.2631627089495204,0.02203367660577823,0.17169115702385213,-0.14350361193942124,-0.2967301435220831,-0.0577606128967041,0.2220270494335456,0.1682144570095651
3.9,-19.96127384377509,-4.700651998330517,0.10892534075159642,0.29874138024646757,-0.23216552948086827,0.013059349383742355,0.1032373347950835,-0.012348373865801125,-0.16690557373187268,0.09259227797999277,0.04285369893212096,-0.21377631765641159,0.03634190194862567,0.22765267365306202,-0.12939258227608744,-0.2932495788053054,-0.04781290674500548,0.204457677791822,0.1230078529488846
4.0,-18.49201560387309,-5.313194945697113,-0.2001425436948375,0.31748775205999574,-0.19693785341748343,-0.004291543076798099,0.07089408737783982,-0.017270557467968444,-0.13208136077806432,0.05387326304506783,0.024812377605489478,-0.14687891158516264,0.044942706245857916,0.23016215239164647,-0.10495677194980618,-0.2603895849067368,-0.046755352793703756,0.16959669347196177,0.08319206557720178
4.1,-16.763119076902253,-5.3297323939436705,-0.3979237739916842,0.29050888301879296,-0.16002612519967133,-0.00738970013278346,0.03549576458356006,-0.01914276506309593,-0.07884204389440942,0.02474042919827847,0.0036304044128195115,-0.0782440767897585,0.04819507831037193,0.19830572088544884,-0.07722566990375537,-0.2110560928054882,-0.048613520119625254,0.1275225904387728,0.05087142843915958
4.2,-14.976466435689163,-5.007757738622499,-0.5133243599334764,0.2379832981998712,-0.1224329379428294,-0.003759335971857474,0.0033086876705190602,-0.018478289749175647,-0.0227024719052647,0.004248539639573301,-0.015992534444697976,-0.01791719406604765,0.047163992636547594,0.14826961248173195,-0.05073119968526432,-0.15558717003848185,-0.04984399964102073,0.08544396436055221,0.026561332604767226
4.3,-13.251870840092653,-4.515746600099489,-0.5685527477607066,0.17486307036286444,-0.08566285420401626,0.0015766068742960812,-0.022393506772093907,-0.015892465245380568,0.0265652968422869,-0.009141423160937892,-0.031504508919488146,0.028923094019074867,0.04312341625072471,0.0922845377281432,-0.028033029972517137,-0.10135832601260242,-0.04877751493128669,0.04786374111893337,0.009750923896611828
4.4,-11.654771650397,-3.960608643836152,-0.5807596354910038,0.11138664660906811,-0.051311986371225984,0.005775382130826913,-0.04042180331853615,-0.012043992806324113,0.06393020291879592,-0.01701644440101045,-0.041898446585881655,0.06069760092378172,0.037274730568306415,0.03871755549275541,-0.010257161361974012,-0.05305640148751929,-0.04501518180712606,0.017113668289097432,-0.000643488648037279
4.5,-10.21542359812848,-3.407252340495013,-0.5631820377548646,0.05394437871311433,-0.020776999697797494,0.007617527980147148,-0.05092679150282905,-0.00756283534504392,0.08781346359375049,-0.02078407467193934,-0.04718128914523579,0.07819291514675869,0.03061190884205055,-0.007336457307573656,0.002433091088729424,-0.0132057828687117,-0.038911900474749586,-0.006040312710808654,-0.0059457175030608106
4.6,-8.942054218142268,-2.892422572170015,-0.525976670196969,0.005998891350027407,0.004909558546992764,0.00694960648983725,-0.05483128858477582,-0.002994415008386183,0.09888429762405745,-0.02160369730583456,-0.047955185770384365,0.0835430302036584,0.023878969993548382,-0.04331450744387198,0.010462058916744683,0.01726628150204212,-0.03118784615499021,-0.02185695951165268,-0.007495693478736144
4.7,-7.829762924833071,-2.434399254174857,-0.4768524215195213,-0.03108252603979802,0.0251400521704675,0.004223871785624806,-0.05342462275418328,0.0012322037507455248,0.09908569749292721,-0.0203904810068066,-0.045112325025948245,0.07947261426312581,0.01758012596891038,-0.06847268048677067,0.014563436575619763,0.03852368715102275,-0.02266450090921285,-0.031190519731630797,-0.006513253979558722
4.8,-6.866432781640582,-2.039721118230464,-0.42156687219343086,-0.0573391483809022,0.03971924918168601,0.00016027696430556183,-0.04809047673524834,0.004814364172456799,0.09091919864450027,-0.017847641356832034,-0.03962811536085253,0.06878338759617741,0.01201584319460805,-0.08327779090059702,0.015586758062192688,0.05141079600920472,-0.014103626485681708,-0.035177529409926696,-0.004027499848096101
4.9,-6.036564417367488,-1.7077849463112877,-0.3643255984213046,-0.0736808712820481,0.04880721341786226,-0.004477758749416193,-0.04013797975470055,0.007569815341940455,0.0769632464163457,-0.014505498339837223,-0.03243205493974888,0.0540393387390305,0.007327938346904466,-0.08892631924930208,0.014372135005139357,0.05714110743271279,-0.006123192338463659,-0.035024631207161566,-0.0008518316215151144
5.0,-5.323680585382257,-1.4339387733774844,-0.30810792558959926,-0.08149172382039056,0.05284052099963659,-0.009015617565730138,-0.030708371983423827,0.009420740696194547,0.059579548015331614,-0.010757947874975896,-0.0243360004681637,0.03740125835147803,0.00354394132125292,-0.08698601789705075,0.011676641422819982,0.05707459850061539,0.0008337152820609843,-0.031876274806104256,0.0024115141058627877
5.1,-4.711761386400425,-1.2115168862023518,-0.25493427384789485,-0.08235040711091839,0.052448197808157695,-0.012932082742141403,-0.020734155774081133,0.010372935984922305,0.04075914062076748,-0.0068930892291319676,-0.016002400769214484,0.02056554124578315,0.0006157606065423493,-0.07914340310609334,0.008137683157401298,0.052567742267104194,0.006496516648725836,-0.026741383606722173,0.005349722765385185
5.2,-4.186034179094339,-1.0331391271298123,-0.2060854782713706,-0.07784364829884288,0.04837292923719661,-0.015878097428111963,-0.010932623393856318,0.01049389988882089,0.02206533180127664,-0.0031176104701278154,-0.007938661221142645,0.004770424684485666,-0.0015492687165866205,-0.06703658575967655,0.0042613923751349545,0.04487972327515944,0.010745918258585655,-0.020461020287179745,0.0077092651952868465
5.3,-3.7333443297686832,-0.8915053291701631,-0.1622818028350737,-0.06944998400944304,0.04140345725280916,-0.01766721061991692,-0.0018202329276430307,0.009892299554533173,0.004638980543862948,0.00042430782736921184,-0.0005072835570181869,-0.009158334999301613,-0.0030650840037276315,-0.05215344055356573,0.0004268339242904289,0.035120106274117734,0.013584083588111263,-0.013702834529366178,0.009363314990134987
5.4,-3.342262815244499,-0.7798489024760411,-0.12382783187513953,-0.05847491583217508,0.03232070792645532,-0.018250723154035114,0.006261830382176594,0.008700207261548687,-0.010759882446920143,0.0036364882211759957,0.006055590607162988,-0.020742376148979294,-0.004050528795135608,-0.03577761792912505,-0.0031007385552410537,0.02422575795274631,0.015102877687406301,-0.006971689749333025,0.01028045760606402
5.5,-3.0030367291479325,-0.6921651334735032,-0.09072846734063512,-0.04602206816944591,0.021857929284247315,-0.017686555291114375,0.013117494140311488,0.007058714968067863,-0.023692569761888382,0.00645961792360457,0.01161822226287608,-0.029779722613960422,-0.004618709076170078,-0.018968057244825493,-0.006152312017007085,0.012957441523494777,0.015454190018282648,-0.0006289480842303996,0.010496806555054698
5.6,-2.7074534220938586,-0.6232947900184796,-0.06278058812170352,-0.03298844733905305,0.010673736538624135,-0.016107650007848404,0.01866528770847901,0.0051069975190199245,-0.033976765807633716,0.00886262522116567,0.01613108887074107,-0.036276303839865305,-0.004870784014791154,-0.0025607822236631034,-0.008636376327613786,0.0019088603148249622,0.014824434561298845,0.005084662412279844,0.010092508626896477
5.7,-2.448664280061078,-0.5689185433949838,-0.03964438727219018,-0.02007489822254717,-0.0006637700611470711,-0.013693317505077202,0.0229100179093456,0.002974565098785572,-0.04162379837632729,0.010835923112105615,0.019606346820778026,-0.040384780453732214,-0.004893003623636548,0.012815467400931969,-0.010520976794279538,-0.008477106197653324,0.013414045912604766,0.010025834505502084,0.009172870349465807
5.8,-2.220997043866099,-0.525499850569388,-0.020897923155726025,-0.00780530930372692,-0.011683930070200178,-0.010645219754112692,0.025917967713729832,0.0007762692286046821,-0.0467825115311028,0.012386049946986666,0.022099910421885208,-0.04235289820549986,-0.004755987310648116,0.026715905163159553,-0.011817657635053814,-0.017888666460324984,0.01142198475808003,0.014127032926576596,0.00785387550130761
5.9,-2.0197739232362113,-0.49020131569709974,-0.006077973457291294,0.0034499500596801382,-0.0220135943747527,-0.007168553839960727,0.027796144964355982,-0.001390442225879447,-0.049691768417758214,0.013531374806025342,0.02369651147942674,-0.042481914051666056,-0.004515441911098486,0.03885296650978749,-0.012567806129306329,-0.026124374772896045,0.009034803815527681,0.017377403921806176,0.006251607326347841
6.0,-1.8411449758361154,-0.4607907162667996,0.00529014039776728,0.013449401284534463,-0.031372263839666334,-0.003458283433981101,0.02867559157706224,-0.0034465246027729807,-0.05064208673815425,0.014298635094321643,0.02449772447843592,-0.0410946087444459,-0.0042137130385019855,0.049069061333745695,-0.012831518936820394,-0.033072985600555736,0.006419599155779606,0.019806631112272478,0.004474974598094545
6.2,-1.539548221676183,-0.4131705627050739,0.01950728994093751,0.02921809448456011,-0.046467070306286266,0.003986233199028525,0.028008386019878557,-0.0070000452924437765,-0.04791603969226615,0.014831537268691602,0.024151422217109884,-0.03503628562196444,-0.0035410713599923786,0.0636046390802094,-0.01218335089200899,-0.04300544782076727,0.00105517113717308,0.022446681217252157,0.0007729124155906631
6.4,-1.296895343467508,-0.37346888700045766,0.025138200475937744,0.039291833366839155,-0.05622768115667287,0.010597556565641165,0.02503280482683756,-0.009589573063454482,-0.041019035384110836,0.014272877093173021,0.021915792552617556,-0.026469416948353145,-0.0028846981490131445,0.07073925676069572,-0.010447760155670284,-0.04794652815236925,-0.0038170232465315744,0.022660139328974982,-0.002650869710276521
6.6,-1.0997887104393684,-0.336962967978928,0.024986297153971455,0.04423376055212166,-0.06075565741993525,0.015716617070627017,0.02072174275897433,-0.011130454156068876,-0.03199707684331383,0.01291577353879252,0.018538417091686802,-0.017165432054026944,-0.0022989003112067006,0.07158957660969863,-0.008136410956898259,-0.04863430301970394,-0.007706426663607525,0.021119934482029253,-0.005428937065247318
6.8,-0.9386520110938121,-0.3016224515912924,0.02122865624548922,0.044969169961331636,-0.060674143780966236,0.019064539198311574,0.015832382788356313,-0.01168210277936184,-0.022380752328621092,0.011027852870721758,0.014608315389553162,-0.008328586312992993,-0.0017896245721209852,0.06754647464916413,-0.005644656387522105,-0.04599561107119654,-0.01041280847839959,0.018438637024445467,-0.007394053293986382
7.0,-0.8063903519508019,-0.2669136056283573,0.015470186817561257,0.04252097958021042,-0.056868809124457284,0.02064726068360406,0.010902027554901859,-0.011388475496974292,-0.013194907913883098,0.00883589908708773,0.010552709755129605,-0.0006658608388163369,-0.0013428820113587276,0.060007065895538204,-0.00324438612957959,-0.04096569412998956,-0.011939575911660404,0.01511805004853426,-0.008526669598314688
7.2,-0.697557689305558,-0.23303672750373225,0.00883834621912169,0.037855811644563454,-0.050300658390896175,0.020654984014710012,0.00627728133404398,-0.010431556428382,-0.005041294801089666,0.006520736997285968,0.0066573801974543845,0.005498968891716656,-0.0009406525307514986,0.0502253965784841,-0.0010998908934194275,-0.03438766929701593,-0.01241508349987382,0.011539101999004965,-0.008902452155334539
7.4,-0.60784755175229,-0.20047107286989188,0.0020856637359293446,0.03180688236748838,-0.04188458504641044,0.019376022446840592,0.0021550598971485585,-0.0089988610169647,0.0017968447258551287,0.004218537679155903,0.0030955064998129094,0.010108325720134613,-0.0005682437884490021,0.039244652838881545,0.0007078428424959132,-0.026966317940465386,-0.012030630965089217,0.0079722461163432,-0.008648550836817133
7.6,-0.5337809639447518,-0.1697247264347775,-0.004316280208898921,0.025046237218270238,-0.03242064733416265,0.01713204858111047,-0.0013764747403438686,-0.007263212450996773,0.0072555119035084,0.002025710022660459,-4.331717597351001e-05,0.013270540677062435,-0.00021654724301892932,0.027880959453524954,0.0021565267964462776,-0.019256196365649465,-0.010996540579425215,0.004596267313317872,-0.007911248846262412
7.8,-0.4725105570155059,-0.14121359399240754,-0.010098066583640038,0.018086136068660448,-0.02256375803310382,0.014234653364210518,-0.0043026492906576225,-0.005372036990650495,0.011407889162932701,5.392532094474e-06,-0.0027278170009546725,0.01518284318117132,0.00011832671985191968,0.016736861738139222,0.0032614805167238245,-0.011669607740613964,-0.009514117003110723,0.0015187312524122239,-0.006834422719899805
8.0,-0.42169144989043494,-0.11521703087957798,-0.015130141714092455,0.011295772202974064,-0.012819002528048701,0.010959801150002134,-0.006654523890691743,-0.003443381493706091,0.014402455549250702,-0.0018057444582437155,-0.0049648533870183175,0.016077167821571023,0.000436462021544126,0.006229571475795717,0.004059315785527814,-0.004494617291475322,-0.007759989500046201,-0.0012052910501423881,-0.005546856403506991
8.2,-0.37939012879688994,-0.09187561839522569,-0.0193756649463243,0.00492446070432308,-0.003552410016756808,0.00753574375771513,-0.00848848360191492,-0.0015662622945516159,0.016419725927108653,-0.0033911460660349785,-0.0067842651137623835,0.016185166484722475,0.0007357195283312643,-0.003375523691035615,0.00459628589243958,0.002083164575352569,-0.005879277186017843,-0.0035575781147346745,-0.004156115940001265
8.4,-0.3440152969915302,-0.07120950199209401,-0.02285608442328392,-0.0008740102318653406,0.004990267409695364,0.004140158258749104,-0.00987210957818368,0.00019649605886162475,0.0176442164787461,-0.004748853670551811,-0.008228067135015128,0.015717910351385134,0.0010130737557461041,-0.011931691042807927,0.004920577467014701,0.007958770922343343,-0.003984530353621746,-0.005544448551734117,-0.002746882607338803
8.6,-0.3142621393357834,-0.05314448296330633,-0.025626818038413636,-0.0060187614275594836,0.012661824102229281,0.0009030084617791793,-0.010874990502135048,0.001804240914671576,0.0182478857057096,-0.005886955376733962,-0.009343126832289047,0.014856012495648005,0.0012655654986626975,-0.019380986737134905,0.005077645400498128,0.013088055897513584,-0.002158093851651048,-0.0071875065535367474,-0.001382045194576858
8.8,-0.28906560283905347,-0.03753877039382025,-0.02776063089368343,-0.010482287787139229,0.01939208804538485,-0.0020874997089445043,-0.011563189264770492,0.003234152606472493,0.018381671371034025,-0.006819991947798734,-0.010176466301818869,0.013746631836423759,0.0014908784442382648,-0.025728964254892687,0.005107737631124044,0.017470765889919353,-0.00045620970233931877,-0.00851694927242671,-0.0001052916378463033
9.0,-0.267560472782087,-0.024206865778178103,-0.029336683020376432,-0.01427441910951401,0.025168412123804156,-0.004777695228855183,-0.011996275849071456,0.004477106944286048,0.018172388799290277,-0.007566222941578513,-0.010772458393429728,0.01250466237439018,0.0016876112452488088,-0.031024211140888224,0.005044897584262812,0.02113673006319655,0.0010862613109298735,-0.009566904685882345,0.0010556677331939883
9.5,-0.22568497924822375,0.0005697712386621034,-0.03134102226605688,-0.021079040065023726,0.03568523673742599,-0.010064647672085399,-0.012283547760540501,0.0067890695249015545,0.016770393482105656,-0.008746111583537775,-0.011476287309360065,0.009325697100090805,0.0020537264703317766,-0.04018820696574266,0.004649352390895259,0.02751340969837822,0.004155960431597881,-0.011195160860121678,0.0033758246166767604
10.0,-0.19518883025613368,0.01578812956154618,-0.03140682116382877,-0.024762282011809415,0.04147557507530322,-0.013399844150113105,-0.011882807576993542,0.008115432305902786,0.014878250881201404,-0.009187462118322779,-0.011433790712787481,0.006559477866855857,0.0022552052587064683,-0.04472103583033104,0.0041212626966010395,0.030702823915251216,0.0061408275171142114,-0.011785581046652158,0.004881647322486257
10.5,-0.17166357887458117,0.02437133137632766,-0.030321140768489074,-0.02622633911073878,0.043798656448101755,-0.015157005746026526,-0.011156165593211705,0.008701000374912875,0.013002988150691,-0.009145082134386128,-0.010975778464162051,0.004428218342963556,0.002324699664011483,-0.04604038635301424,0.0035992229023263066,0.03166724195879009,0.0072397029246820364,-0.011721512575008917,0.00571514106876501
11.0,-0.15260222141536586,0.028574895384794952,-0.028610832855945168,-0.026230440676994194,0.04378598559878941,-0.01577412474604502,-0.010304340061967445,0.008778381018274911,0.011336512952298643,-0.008808199004463042,-0.010307518115400082,0.0028994370093551086,0.0022990539629792854,-0.04529093180084822,0.003135868637136878,0.031191554316970422,0.007694230833842211,-0.011271875986426262,0.00605623033402293
11.5,-0.13657068933206534,0.030009739191868612,-0.026608874009285192,-0.02533973836527288,0.04231458351562445,-0.01563313554107373,-0.009431931280984393,0.008532907343894726,0.00991926146824936,-0.008307363640279446,-0.009550909547887142,0.0018528926349302964,0.00221098927769515,-0.043306270706009974,0.0027422066518232847,0.029851356387831204,0.00771706999606466,-0.010614291279108484,0.0060658599581448576
12.0,-0.12273139702825714,0.029769261596431566,-0.0245168756235093,-0.023945331963443416,0.04000860071191382,-0.015025452028587138,-0.008590032166870381,0.008098734933548778,0.008730367544000132,-0.007728078978253625,-0.00877577783767775,0.0011594771875402218,0.0020860174380631165,-0.040654968733256656,0.002412315461127723,0.028041319109531535,0.007471065429018161,-0.00986115537318437,0.00586843239691394
12.5,-0.11057694846637144,0.02856867771232996,-0.022451913304048093,-0.02230429261488479,0.03728681075473274,-0.014156344551301898,-0.0078012931516118645,0.007566981453507799,0.007731206858380478,-0.007123960668427155,-0.008020540937687112,0.0007109270068900654,0.0019423939153026554,-0.037706303194870505,0.0021353620928018856,0.02601887745629976,0.007071196047780995,-0.009080994549331972,0.0055523236394603975
13.0,-0.0997838732749617,0.026862134720044974,-0.020478394371603464,-0.02057850585644144,0.03441712503426788,-0.013162434512119812,-0.00707379404858368,0.006996542128221928,0.0068836317883118,-0.006527174078185874,-0.007305093020062361,0.0004261071537342225,0.0017923555732812337,-0.03468994208421222,0.0019006604436251602,0.023944747121530597,0.006594196804656567,-0.008313926930966066,0.005176765062515287
13.5,-0.09013293296977717,0.024930285232481888,-0.018628685743779082,-0.01886561416286265,0.031563228409616985,-0.01213045928205113,-0.006408424210483692,0.006423778180077771,0.006155976264055896,-0.005955965878491433,-0.006638588954417789,0.00024799962047229756,0.0016436399020338826,-0.03174219314047769,0.0016993432170567672,0.021914676716655264,0.006088988793886584,-0.007582169801158194,0.0047796313091251425
14.0,-0.08146569211249093,0.022941602893315018,-0.016916082840075116,-0.017221438351344712,0.028819792054173066,-0.011112940004329379,-0.005802701735824161,0.005869999873615446,0.005523830374317511,-0.005419807188841068,-0.006024067101272678,0.00013814878827652678,0.001500837555985209,-0.0289390315787637,0.0015245780525934946,0.01998228510665588,0.0055854044173993716,-0.006896913327829336,0.0043840656358875825
14.5,-0.07366066827919227,0.020993561010284174,-0.015342812195151555,-0.015675345653961118,0.02623726907710425,-0.010139864911621404,-0.005252707280480084,0.0053468070260770705,0.004968963228647503,-0.0049227811121612735,-0.005461166991124865,7.13359360526552e-05,0.0013664418911997413,-0.02631853689883409,0.0013712659698245089,0.018174652924218673,0.005100694321587939,-0.006262705808639335,0.004003467029974067
15.0,-0.06662003308062964,0.019139511669407392,-0.013904902746138955,-0.014240405163643987,0.023838592202173117,-0.009226853904385442,-0.004754042789383608,0.004859717377171448,0.004477859821154715,-0.004465757174304517,-0.00494771592894051,3.135014462258261e-05,0.001241602343514459,-0.02389562871750008,0.0012356312013670784,0.016502600131649964,0.004644073362310931,-0.0056802009278102954,0.003644995078059626
16.0,-0.05451646938658785,0.015802948965040236,-0.01140468504196023,-0.011711578355029565,0.019608342339916325,-0.007602566949096609,-0.003893243539572526,0.0039989507795323105,0.0036489339170863192,-0.003666811811688934,-0.004056536405337225,-5.3777006690865845e-06,0.0010213785522782618,-0.01963958551809942,0.0010067933066341412,0.013564381193903238,0.003828983724748521,-0.004662953241798196,0.003005195111553105
17.0,-0.044624559863711416,0.012987608826284898,-0.00934484114976938,-0.00960812263046196,0.016087768922157603,-0.006242443580814804,-0.0031878239939095282,0.003281560531694144,0.002980976491395341,-0.0030060414311805306,-0.0033232902796367894,-1.6042957811206656e-05,0.0008380429547793028,-0.016107544896877227,0.0008224551168002069,0.011125319870855466,0.0031448718123320224,-0.0038222817607986748,0.0024682480612565837
18.0,-0.03653198697398934,0.010651557041787484,-0.007653658947198577,-0.0078736751647387,0.013184071281000055,-0.005117550873457967,-0.0026100711106981514,0.002689491098912939,0.002438178698268996,-0.002462582582298076,-0.0027216417012358132,-1.746635268706621e-05,0.0006868033630719193,-0.013198100718163047,0.0006726817842777375,0.009115943984270023,0.0025784981300051874,-0.0031311078725560484,0.0020237243857360388
19.0,-0.029908585713144847,0.008727472518782498,-0.006267297715843474,-0.006449080906809746,0.010798828390670551,-0.004192362004108664,-0.0021369803969520824,0.002202994715534429,0.0019953057152397174,-0.0020167245827912715,-0.0022285712822677998,-1.5904775310281344e-05,0.0005625556125543756,-0.010809513470007743,0.0005504897541918186,0.0074661988629004744,0.0021124614577151942,-0.0025641562450627983,0.0016579552117122966
20.0,-0.024486613415301464,0.0071479247663226025,-0.0051316015945498585,-0.005281041686096036,0.008843037895032517,-0.0034333254393039457,-0.0017496238623187336,0.0018040377742119082,0.0016332827487533501,-0.0016513506115052431,-0.001824702515501075,-1.3614481958671271e-05,0.00046067334684273453,-0.008851489993923307,0.0004506083146614285,0.0061138000748612404,0.0017300410374970568,-0.00209958256501343,0.001357813659975321
21.0,-0.020047773034061606,0.005853137133687627,-0.004201536970388434,-0.004324112489494411,0.007240695201338404,-0.0028113043887083755,-0.0014324752614390042,0.0014771605662681141,0.0013370949706783893,-0.0013520837616393363,-0.0014939777995990164,-1.1365210752690214e-05,0.00037720126673592547,-0.007247505964405579,0.000368891962484969,0.005005922048831525,0.00141662349141362,-0.001719077098890731,0.0011118292801835363
22.0,-0.016413665811009243,0.004792478835444002,-0.003439977902827058,-0.003540416868346132,0.005928411109214849,-0.0023018248291016108,-0.0011728131403520295,0.001209448097657265,0.0010946751105147946,-0.001107019143100887,-0.0012231794428652217,-9.385595519821076e-06,0.00030883873872555715,-0.005933947039905969,0.0003020103180819915,0.004098637036967726,0.0011599016017754885,-0.0014074923038250326,0.0009103424015740893
23.0,-0.01343835001847614,0.0039238732627765996,-0.002816434230947638,-0.002898697115795134,0.004853857617580618,-0.0018846202273127008,-0.0009602187646899196,0.0009902312399282724,0.0008962273567978735,-0.0009063604005494803,-0.0010014597285496923,-7.713935257958615e-06,0.0002528603610537288,-0.004858375232013144,0.00024726039181497685,0.0033557297659751375,0.0009496722850650644,-0.0011523686461695892,0.0007453450432413127
24.0,-0.011002381996591811,0.003212641139119295,-0.0023059081364545813,-0.0023732704839211118,0.003974033828467821,-0.0015430132652474188,-0.000786160843989191,0.0008107397196745627,0.0007337627056437507,-0.0007420687332793855,-0.0008199277543074546,-6.326553336830357e-06,0.00020702624242652468,-0.003977727082189171,0.00020243794037370328,0.0027474574020480654,0.0007775351694155639,-0.0009434838483326382,0.0006102441672554147
25.0,-0.00900798539704563,0.0026303048134647166,-0.0018879204131303532,-0.0019430761576345501,0.003253675235509707,-0.0012633185677563205,-0.0006436541373967767,0.0006637800988485984,0.0006007518131166726,-0.0006075558173475494,-0.0006713007580179601,-5.18376140980781e-06,0.00016949937274689095,-0.0032566970079619846,0.00016574152457820435,0.002249434580367378,0.0006365953637450873,-0.0007724607864322458,0.000499628337597548
50.0,-6.069531113604111e-05,1.772294632928807e-05,-1.2720721471258733e-05,-1.309238060545249e-05,2.1923154670593824e-05,-8.512207399563067e-06,-4.33690788847979e-06,4.472529189010007e-06,4.047821338914865e-06,-4.093686179118149e-06,-4.523192722594732e-06,-3.4950004667171437e-08,1.142081207056685e-06,-2.1943504170173796e-05,1.1167540726202542e-06,1.5156607890542967e-05,4.289364566573122e-06,-5.204808331372816e-06,3.3664839458215262e-06
100.0,-2.755562865127344e-09,8.046205131589382e-10,-5.775198588387721e-10,-5.943931409155223e-10,9.953096527526216e-10,-3.8645362666084287e-10,-1.9689529930894112e-10,2.0305254842304075e-10,1.8377078319810768e-10,-1.8585303561233796e-10,-2.0535265580526713e-10,-1.5867313844907648e-12,5.1850399824593306e-11,-9.962335795327807e-10,5.0700638070376375e-11,6.881088225890703e-10,1.947368628833685e-10,-2.362979150506778e-10,1.528381873368385e-10
