1.0,0.0,1270660.013058
1.1,0.0,722406.974189
1.2,0.0,477303.178373
1.3,0.0,385747.877166
1.7,0.0,1462503.505998
1.9,0.0,8311643.629274
2.2,0.0,3101488.865767
4.7,0.0,18342.777775
4.8,0.0,13416.611519
4.9,0.0,9730.75935
5.0,0.0,6988.764547
5.1,0.0,5006.377843
5.2,0.0,3553.491634
5.3,0.0,2492.529427
5.4,0.0,1724.841821
5.5,0.0,1175.113085
5.6,0.0,785.785929
5.7,0.0,513.382626
5.8,0.0,325.368863
5.9,0.0,197.599539
6.0,0.0,112.302971
6.2,0.0,21.003799
6.4,0.0,-13.757651
6.6,0.0,-23.95558
6.8,0.0,-24.372541
7.0,0.0,-21.475635
7.2,0.0,-17.908141
7.4,0.0,-14.625694
7.6,0.0,-11.882974
7.8,0.0,-9.669597
8.0,0.0,-7.902271
8.2,0.0,-6.492461
8.4,0.0,-5.374271
8.6,0.0,-4.496503
8.8,0.0,-3.810935
9.0,0.0,-3.269877
9.5,0.0,-2.334075
10.0,0.0,-1.760348
10.5,0.0,-1.388703
11.0,0.0,-1.130371
11.5,0.0,-0.946572
12.0,0.0,-0.815293
12.5,0.0,-0.719865
13.0,0.0,-0.646188
13.5,0.0,-0.588881
14.0,0.0,-0.541206
14.5,0.0,-0.502051
15.0,0.0,-0.46881
16.0,0.0,-0.414282
17.0,0.0,-0.3712
18.0,0.0,-0.337236
19.0,0.0,-0.308056
20.0,0.0,-0.283043
21.0,0.0,-0.261781
22.0,0.0,-0.243324
23.0,0.0,-0.228004
24.0,0.0,-0.212182
25.0,0.0,-0.199584
50.0,0.0,-0.063864
100.0,0.0,-0.009013
1.0,10.0,1016310.206449
1.2,10.0,408741.033422
1.3,10.0,327499.278269
1.5,10.0,349189.409135
1.6,10.0,435958.209829
1.7,10.0,581514.940525
1.8,10.0,771631.887225
1.9,10.0,934975.966683
2.0,10.0,964325.323074
2.1,10.0,830645.239975
2.2,10.0,622818.316537
2.3,10.0,436643.485939
2.4,10.0,308629.622832
2.5,10.0,234523.005067
2.8,10.0,171371.026279
4.2,10.0,26781.282395
4.3,10.0,23398.189178
4.4,10.0,19604.637952
4.5,10.0,15677.353672
4.6,10.0,11878.769835
5.7,10.0,312.560466
5.8,10.0,193.393213
5.9,10.0,113.093902
6.0,10.0,59.449159
6.2,10.0,2.399403
6.4,10.0,-18.209746
6.6,10.0,-23.385278
6.8,10.0,-22.329841
7.0,10.0,-19.575755
7.2,10.0,-16.047871
7.4,10.0,-13.07921
7.6,10.0,-10.66827
7.8,10.0,-8.73902
8.0,10.0,-7.19293
8.2,10.0,-5.948698
8.4,10.0,-4.957309
8.6,10.0,-4.17339
8.8,10.0,-3.555177
9.0,10.0,-3.064614
9.5,10.0,-2.209075
10.0,10.0,-1.683229
10.5,10.0,-1.338252
11.0,10.0,-1.094812
11.5,10.0,-0.921767
12.0,10.0,-0.797885
12.5,10.0,-0.708408
13.0,10.0,-0.637661
13.5,10.0,-0.581269
14.0,10.0,-0.53611
14.5,10.0,-0.497665
15.0,10.0,-0.465495
16.0,10.0,-0.410902
17.0,10.0,-0.370123
18.0,10.0,-0.335019
19.0,10.0,-0.306099
20.0,10.0,-0.281441
21.0,10.0,-0.260713
22.0,10.0,-0.242913
23.0,10.0,-0.227114
24.0,10.0,-0.212034
25.0,10.0,-0.199445
50.0,10.0,-0.064768
100.0,10.0,-0.009522
1.0,20.0,599117.027825
1.1,20.0,384867.50077
1.5,20.0,179745.533305
1.6,20.0,169273.462665
1.7,20.0,160706.962406
1.8,20.0,152012.553239
1.9,20.0,140890.752338
2.0,20.0,126429.004212
2.1,20.0,109936.488017
2.2,20.0,94223.207853
2.3,20.0,81861.51034
2.4,20.0,74139.256758
2.5,20.0,70809.42245
4.3,20.0,2709.098833
4.4,20.0,1324.335804
4.5,20.0,160.213771
5.3,20.0,452.654981
5.4,20.0,303.919412
5.5,20.0,197.071893
5.6,20.0,122.729693
5.7,20.0,72.133846
5.8,20.0,37.112102
5.9,20.0,14.038524
6.0,20.0,-1.084258
6.2,20.0,-15.857032
6.4,20.0,-19.770915
6.6,20.0,-19.3442
6.8,20.0,-17.621207
7.0,20.0,-14.439544
7.2,20.0,-11.85852
7.4,20.0,-9.772173
7.6,20.0,-8.086938
7.8,20.0,-6.721441
8.0,20.0,-5.606641
8.2,20.0,-4.704001
8.4,20.0,-3.98086
8.6,20.0,-3.404714
8.8,20.0,-2.942498
9.0,20.0,-2.569242
9.5,20.0,-1.910078
10.0,20.0,-1.493968
10.5,20.0,-1.208069
11.0,20.0,-1.00726
11.5,20.0,-0.861142
12.0,20.0,-0.755394
12.5,20.0,-0.672576
13.0,20.0,-0.610721
13.5,20.0,-0.559907
14.0,20.0,-0.5186
14.5,20.0,-0.482495
15.0,20.0,-0.451894
16.0,20.0,-0.4015
17.0,20.0,-0.3608
18.0,20.0,-0.327776
19.0,20.0,-0.301165
20.0,20.0,-0.276853
21.0,20.0,-0.257175
22.0,20.0,-0.238295
23.0,20.0,-0.22251
24.0,20.0,-0.208933
25.0,20.0,-0.196658
50.0,20.0,-0.063999
100.0,20.0,-0.009415
1.0,30.0,314806.361422
1.1,30.0,217557.6689
1.5,30.0,107826.915533
1.6,30.0,94067.294656
1.7,30.0,80505.433682
1.8,30.0,67858.085835
1.9,30.0,56777.312798
2.0,30.0,47559.258122
2.1,30.0,40214.080792
2.2,30.0,34542.42072
2.3,30.0,30252.273909
2.4,30.0,26977.001167
2.5,30.0,24276.104956
2.6,30.0,21752.204338
2.7,30.0,19065.281112
2.8,30.0,16041.646326
4.9,30.0,339.362827
5.1,30.0,161.359676
5.2,30.0,106.207696
5.3,30.0,66.47582
5.4,30.0,38.419289
5.5,30.0,18.351163
5.6,30.0,4.516511
5.7,30.0,-4.567759
5.8,30.0,-10.32801
5.9,30.0,-13.799021
6.0,30.0,-15.614677
6.2,30.0,-16.499715
6.4,30.0,-16.042228
6.6,30.0,-13.452818
6.8,30.0,-11.261599
7.0,30.0,-9.415297
7.2,30.0,-7.8779
7.4,30.0,-6.600077
7.6,30.0,-5.5434
7.8,30.0,-4.679572
8.0,30.0,-3.977839
8.2,30.0,-3.414799
8.4,30.0,-2.958938
8.6,30.0,-2.588453
8.8,30.0,-2.284909
9.0,30.0,-2.034564
9.5,30.0,-1.577602
10.0,30.0,-1.270645
10.5,30.0,-1.053914
11.0,30.0,-0.8975
11.5,30.0,-0.783766
12.0,30.0,-0.696167
12.5,30.0,-0.629034
13.0,30.0,-0.575522
13.5,30.0,-0.530694
14.0,30.0,-0.492897
14.5,30.0,-0.460176
15.0,30.0,-0.432185
16.0,30.0,-0.386671
17.0,30.0,-0.348878
18.0,30.0,-0.318423
19.0,30.0,-0.291784
20.0,30.0,-0.269615
21.0,30.0,-0.249163
22.0,30.0,-0.232854
23.0,30.0,-0.216805
24.0,30.0,-0.203397
25.0,30.0,-0.19134
50.0,30.0,-0.063383
100.0,30.0,-0.009938
1.6,40.0,59259.915795
1.7,40.0,49727.527077
1.8,40.0,40683.213967
1.9,40.0,32533.91014
2.0,40.0,25486.292977
2.1,40.0,19555.566851
2.2,40.0,14655.565138
2.3,40.0,10665.992281
2.4,40.0,7409.263224
2.8,40.0,9836.680656
2.9,40.0,8307.69953
3.0,40.0,6969.665186
3.1,40.0,5805.076275
3.2,40.0,4798.764692
3.3,40.0,3936.157466
3.9,40.0,1007.514975
4.0,40.0,777.824357
4.1,40.0,593.836211
4.3,40.0,333.605478
4.4,40.0,244.429358
4.5,40.0,175.536641
4.6,40.0,123.440185
4.7,40.0,83.842129
4.8,40.0,53.22878
4.9,40.0,32.153532
5.0,40.0,16.249135
5.1,40.0,4.99993
5.2,40.0,-2.838128
5.3,40.0,-8.084721
5.4,40.0,-11.929558
5.5,40.0,-13.535839
5.6,40.0,-14.535406
5.7,40.0,-14.657612
5.8,40.0,-15.417501
5.9,40.0,-14.501748
6.0,40.0,-13.563535
6.2,40.0,-11.710198
6.4,40.0,-9.982525
6.6,40.0,-8.448192
6.8,40.0,-7.123905
7.0,40.0,-6.007765
7.2,40.0,-5.086302
7.4,40.0,-4.33434
7.6,40.0,-3.725824
7.8,40.0,-3.22907
8.0,40.0,-2.82317
8.2,40.0,-2.486401
8.4,40.0,-2.206679
8.6,40.0,-1.97258
8.8,40.0,-1.777333
9.0,40.0,-1.611141
9.5,40.0,-1.293278
10.0,40.0,-1.070305
10.5,40.0,-0.910454
11.0,40.0,-0.793292
11.5,40.0,-0.702853
12.0,40.0,-0.635551
12.5,40.0,-0.580318
13.0,40.0,-0.534402
13.5,40.0,-0.495605
14.0,40.0,-0.463802
14.5,40.0,-0.434885
15.0,40.0,-0.40952
16.0,40.0,-0.367291
17.0,40.0,-0.333099
18.0,40.0,-0.304975
19.0,40.0,-0.279077
20.0,40.0,-0.260004
21.0,40.0,-0.24019
22.0,40.0,-0.224231
23.0,40.0,-0.209476
24.0,40.0,-0.197324
25.0,40.0,-0.184735
50.0,40.0,-0.061415
100.0,40.0,-0.008964
2.1,50.0,13891.980123
2.2,50.0,10922.340703
2.3,50.0,8593.357471
2.4,50.0,6766.80281
2.5,50.0,5332.68434
2.6,50.0,4204.179936
2.7,50.0,3313.695229
2.8,50.0,2609.119376
2.9,50.0,2049.930588
3.0,50.0,1606.531258
3.1,50.0,1254.93974
3.2,50.0,974.265328
3.3,50.0,751.686071
3.4,50.0,575.191955
3.5,50.0,436.668715
3.6,50.0,327.820857
3.7,50.0,242.764491
3.8,50.0,176.651962
3.9,50.0,125.678462
4.0,50.0,86.672673
4.1,50.0,57.079641
4.2,50.0,34.864949
4.3,50.0,18.416185
4.4,50.0,6.423181
4.5,50.0,-2.436722
4.6,50.0,-8.218418
4.7,50.0,-12.178929
4.8,50.0,-14.735494
4.9,50.0,-15.951802
5.0,50.0,-17.168089
5.1,50.0,-16.825987
5.2,50.0,-16.203247
5.3,50.0,-15.402944
5.4,50.0,-14.501844
5.5,50.0,-13.555947
5.6,50.0,-12.604737
5.7,50.0,-11.670845
5.8,50.0,-10.772428
5.9,50.0,-9.919119
6.0,50.0,-9.11618
6.2,50.0,-7.674606
6.4,50.0,-6.455961
6.6,50.0,-5.453178
6.8,50.0,-4.639965
7.0,50.0,-3.984837
7.2,50.0,-3.456538
7.4,50.0,-3.021618
7.6,50.0,-2.662359
7.8,50.0,-2.361669
8.0,50.0,-2.10708
8.2,50.0,-1.891635
8.4,50.0,-1.710338
8.6,50.0,-1.551651
8.8,50.0,-1.417325
9.0,50.0,-1.300208
9.5,50.0,-1.070984
10.0,50.0,-0.907783
10.5,50.0,-0.790247
11.0,50.0,-0.701422
11.5,50.0,-0.63244
12.0,50.0,-0.577492
12.5,50.0,-0.530568
13.0,50.0,-0.493333
13.5,50.0,-0.458823
14.0,50.0,-0.432561
14.5,50.0,-0.406474
15.0,50.0,-0.383723
16.0,50.0,-0.34576
17.0,50.0,-0.316508
18.0,50.0,-0.287863
19.0,50.0,-0.264861
20.0,50.0,-0.245875
21.0,50.0,-0.228864
22.0,50.0,-0.213065
23.0,50.0,-0.200506
24.0,50.0,-0.188339
25.0,50.0,-0.177176
50.0,50.0,-0.059722
100.0,50.0,-0.008792
1.8,60.0,17189.569377
1.9,60.0,12969.492776
2.0,60.0,9707.560749
2.1,60.0,7222.578709
2.2,60.0,5339.305457
2.3,60.0,3923.283374
2.4,60.0,2863.651157
2.5,60.0,2074.632877
2.6,60.0,1493.221505
2.7,60.0,1065.08185
2.8,60.0,751.475382
2.9,60.0,523.217204
3.0,60.0,358.106872
3.1,60.0,239.405209
3.2,60.0,154.636889
3.3,60.0,94.57197
3.4,60.0,52.414393
3.5,60.0,23.185092
3.6,60.0,3.253745
3.7,60.0,-10.018929
3.8,60.0,-18.544352
3.9,60.0,-23.699843
4.0,60.0,-26.481683
4.1,60.0,-27.608614
4.2,60.0,-27.600734
4.3,60.0,-26.834671
4.4,60.0,-25.586266
4.5,60.0,-24.05688
4.6,60.0,-22.389206
4.7,60.0,-20.682284
4.8,60.0,-19.008278
4.9,60.0,-17.40366
5.0,60.0,-15.89324
5.1,60.0,-14.486617
5.2,60.0,-13.187153
5.3,60.0,-11.993731
5.4,60.0,-10.899597
5.5,60.0,-9.90134
5.6,60.0,-8.997332
5.7,60.0,-8.177369
5.8,60.0,-7.439437
5.9,60.0,-6.778454
6.0,60.0,-6.186202
6.2,60.0,-5.191134
6.4,60.0,-4.403888
6.6,60.0,-3.781091
6.8,60.0,-3.282897
7.0,60.0,-2.874285
7.2,60.0,-2.538322
7.4,60.0,-2.255761
7.6,60.0,-2.017163
7.8,60.0,-1.814674
8.0,60.0,-1.642334
8.2,60.0,-1.493195
8.4,60.0,-1.365271
8.6,60.0,-1.252869
8.8,60.0,-1.156243
9.0,60.0,-1.072458
9.5,60.0,-0.905288
10.0,60.0,-0.784763
10.5,60.0,-0.695441
11.0,60.0,-0.624121
11.5,60.0,-0.569421
12.0,60.0,-0.523182
12.5,60.0,-0.482915
13.0,60.0,-0.450583
13.5,60.0,-0.422411
14.0,60.0,-0.397792
14.5,60.0,-0.375319
15.0,60.0,-0.355239
16.0,60.0,-0.322408
17.0,60.0,-0.294328
18.0,60.0,-0.269556
19.0,60.0,-0.249007
20.0,60.0,-0.232276
21.0,60.0,-0.21505
22.0,60.0,-0.20113
23.0,60.0,-0.188968
24.0,60.0,-0.177346
25.0,60.0,-0.16839
50.0,60.0,-0.056196
100.0,60.0,-0.008118
1.8,70.0,12488.104772
1.9,70.0,9108.7177
2.0,70.0,6588.520932
2.1,70.0,4721.235148
2.2,70.0,3348.606182
2.3,70.0,2348.543541
2.4,70.0,1624.945955
2.5,70.0,1106.19289
2.6,70.0,737.812956
2.7,70.0,478.919689
2.8,70.0,299.10727
2.9,70.0,175.921687
3.0,70.0,92.90497
3.1,70.0,38.085917
3.2,70.0,2.833702
3.3,70.0,-19.011231
3.4,70.0,-31.783803
3.5,70.0,-38.509785
3.6,70.0,-41.26903
3.7,70.0,-41.481191
3.8,70.0,-40.114492
3.9,70.0,-37.819507
4.0,70.0,-35.039335
4.1,70.0,-32.07528
4.2,70.0,-29.112408
4.3,70.0,-26.273937
4.4,70.0,-23.62627
4.5,70.0,-21.197114
4.6,70.0,-18.996432
4.7,70.0,-17.012781
4.8,70.0,-15.234556
4.9,70.0,-13.645216
5.0,70.0,-12.224856
5.1,70.0,-10.96227
5.2,70.0,-9.841811
5.3,70.0,-8.85328
5.4,70.0,-7.977938
5.5,70.0,-7.209388
5.6,70.0,-6.533121
5.7,70.0,-5.940762
5.8,70.0,-5.417696
5.9,70.0,-4.95695
6.0,70.0,-4.546832
6.2,70.0,-3.864513
6.4,70.0,-3.318934
6.6,70.0,-2.879318
6.8,70.0,-2.522662
7.0,70.0,-2.2285
7.2,70.0,-1.984331
7.4,70.0,-1.778005
7.6,70.0,-1.60496
7.8,70.0,-1.455972
8.0,70.0,-1.330058
8.2,70.0,-1.22011
8.4,70.0,-1.12504
8.6,70.0,-1.043113
8.8,70.0,-0.972217
9.0,70.0,-0.908476
9.5,70.0,-0.78161
10.0,70.0,-0.686011
10.5,70.0,-0.613651
11.0,70.0,-0.557328
11.5,70.0,-0.510315
12.0,70.0,-0.471359
12.5,70.0,-0.43801
13.0,70.0,-0.410025
13.5,70.0,-0.385038
14.0,70.0,-0.362649
14.5,70.0,-0.343837
15.0,70.0,-0.327407
16.0,70.0,-0.297736
17.0,70.0,-0.271149
18.0,70.0,-0.250219
19.0,70.0,-0.231368
20.0,70.0,-0.215387
21.0,70.0,-0.200265
22.0,70.0,-0.18897
23.0,70.0,-0.177351
24.0,70.0,-0.166516
25.0,70.0,-0.157317
50.0,70.0,-0.053879
100.0,70.0,-0.007481
1.9,80.0,7573.211913
2.0,80.0,5395.541699
2.1,80.0,3806.689877
2.2,80.0,2656.34905
2.3,80.0,1829.718056
2.4,80.0,1241.232744
2.5,80.0,826.307177
2.6,80.0,536.28301
2.7,80.0,335.965677
2.8,80.0,199.46832
2.9,80.0,107.938238
3.0,80.0,47.763892
3.1,80.0,9.212877
3.2,80.0,-14.610255
3.3,80.0,-28.530162
3.4,80.0,-35.88685
3.5,80.0,-38.972972
3.6,80.0,-39.340944
3.7,80.0,-38.040835
3.8,80.0,-35.780716
3.9,80.0,-33.033357
4.0,80.0,-30.106069
4.1,80.0,-27.200743
4.2,80.0,-24.430884
4.3,80.0,-21.857807
4.4,80.0,-19.513322
4.5,80.0,-17.394941
4.6,80.0,-15.496338
4.7,80.0,-13.804291
4.8,80.0,-12.300807
4.9,80.0,-10.972142
5.0,80.0,-9.800337
5.1,80.0,-8.772282
5.2,80.0,-7.87128
5.3,80.0,-7.084402
5.4,80.0,-6.398572
5.5,80.0,-5.797342
5.6,80.0,-5.270938
5.7,80.0,-4.808523
5.8,80.0,-4.40082
5.9,80.0,-4.040074
6.0,80.0,-3.718088
6.2,80.0,-3.17587
6.4,80.0,-2.739583
6.6,80.0,-2.386123
6.8,80.0,-2.095948
7.0,80.0,-1.857806
7.2,80.0,-1.659233
7.4,80.0,-1.492709
7.6,80.0,-1.352196
7.8,80.0,-1.233511
8.0,80.0,-1.130932
8.2,80.0,-1.043183
8.4,80.0,-0.966132
8.6,80.0,-0.898952
8.8,80.0,-0.84216
9.0,80.0,-0.788646
9.5,80.0,-0.684321
10.0,80.0,-0.605254
10.5,80.0,-0.544593
11.0,80.0,-0.496082
11.5,80.0,-0.455427
12.0,80.0,-0.421952
12.5,80.0,-0.393267
13.0,80.0,-0.367923
13.5,80.0,-0.346679
14.0,80.0,-0.327167
14.5,80.0,-0.311197
15.0,80.0,-0.29527
16.0,80.0,-0.269567
17.0,80.0,-0.246809
18.0,80.0,-0.229024
19.0,80.0,-0.211961
20.0,80.0,-0.197008
21.0,80.0,-0.184477
22.0,80.0,-0.173326
23.0,80.0,-0.163709
24.0,80.0,-0.154385
25.0,80.0,-0.14568
50.0,80.0,-0.051569
100.0,80.0,-0.00572
1.0,90.0,71689.562982
1.1,90.0,61008.790728
1.8,90.0,9941.431561
1.9,90.0,7116.660886
2.0,90.0,5052.065273
2.1,90.0,3552.093961
2.2,90.0,2470.784386
2.3,90.0,1697.154516
2.4,90.0,1148.388824
2.5,90.0,762.352417
2.6,90.0,493.54593
2.7,90.0,308.478477
2.8,90.0,182.72048
2.9,90.0,98.58332
3.0,90.0,43.384223
3.1,90.0,8.080334
3.2,90.0,-13.698722
3.3,90.0,-26.399555
3.4,90.0,-33.092797
3.5,90.0,-35.876342
3.6,90.0,-36.174846
3.7,90.0,-34.951284
3.8,90.0,-32.855671
3.9,90.0,-30.317463
4.0,90.0,-27.619711
4.1,90.0,-24.945347
4.2,90.0,-22.396695
4.3,90.0,-20.03109
4.4,90.0,-17.870001
4.5,90.0,-15.917874
4.6,90.0,-14.169856
4.7,90.0,-12.611165
4.8,90.0,-11.230658
4.9,90.0,-10.013454
5.0,90.0,-8.941449
5.1,90.0,-8.004136
5.2,90.0,-7.184547
5.3,90.0,-6.468396
5.4,90.0,-5.841112
5.5,90.0,-5.292246
5.6,90.0,-4.809393
5.7,90.0,-4.384582
5.8,90.0,-4.006815
5.9,90.0,-3.673563
6.0,90.0,-3.376876
6.2,90.0,-2.877695
6.4,90.0,-2.477768
6.6,90.0,-2.153981
6.8,90.0,-1.889354
7.0,90.0,-1.671171
7.2,90.0,-1.489467
7.4,90.0,-1.338102
7.6,90.0,-1.210076
7.8,90.0,-1.10169
8.0,90.0,-1.008177
8.2,90.0,-0.928259
8.4,90.0,-0.858178
8.6,90.0,-0.799562
8.8,90.0,-0.745284
9.0,90.0,-0.699386
9.5,90.0,-0.605727
10.0,90.0,-0.535741
10.5,90.0,-0.480452
11.0,90.0,-0.437372
11.5,90.0,-0.401667
12.0,90.0,-0.370612
12.5,90.0,-0.346499
13.0,90.0,-0.324268
13.5,90.0,-0.306108
14.0,90.0,-0.290013
14.5,90.0,-0.274936
15.0,90.0,-0.263018
16.0,90.0,-0.239067
17.0,90.0,-0.219475
18.0,90.0,-0.203681
19.0,90.0,-0.189593
20.0,90.0,-0.177562
21.0,90.0,-0.167182
22.0,90.0,-0.157357
23.0,90.0,-0.148719
24.0,90.0,-0.140769
25.0,90.0,-0.132558
50.0,90.0,-0.047024
100.0,90.0,-0.005657
1.0,100.0,66257.379443
1.1,100.0,52958.553922
1.2,100.0,41355.81573
1.3,100.0,31162.062331
1.8,100.0,10364.689208
1.9,100.0,7452.99778
2.0,100.0,5313.724835
2.1,100.0,3752.114663
2.2,100.0,2621.223573
2.3,100.0,1807.501159
2.4,100.0,1228.638153
2.5,100.0,819.622825
2.6,100.0,533.509249
2.7,100.0,335.620718
2.8,100.0,200.522949
2.9,100.0,109.711019
3.0,100.0,49.817714
3.1,100.0,11.279825
3.2,100.0,-12.674763
3.3,100.0,-26.798623
3.4,100.0,-34.379748
3.5,100.0,-37.679365
3.6,100.0,-38.236825
3.7,100.0,-37.099331
3.8,100.0,-34.975068
3.9,100.0,-32.337593
4.0,100.0,-29.499875
4.1,100.0,-26.665161
4.2,100.0,-23.950553
4.3,100.0,-21.420275
4.4,100.0,-19.105936
4.5,100.0,-17.009474
4.6,100.0,-15.125856
4.7,100.0,-13.44346
4.8,100.0,-11.948717
4.9,100.0,-10.627535
5.0,100.0,-9.465076
5.1,100.0,-8.443662
5.2,100.0,-7.551952
5.3,100.0,-6.772425
5.4,100.0,-6.092815
5.5,100.0,-5.499601
5.6,100.0,-4.978543
5.7,100.0,-4.520856
5.8,100.0,-4.116209
5.9,100.0,-3.758767
6.0,100.0,-3.440183
6.2,100.0,-2.904712
6.4,100.0,-2.476913
6.6,100.0,-2.130921
6.8,100.0,-1.852354
7.0,100.0,-1.6239
7.2,100.0,-1.434247
7.4,100.0,-1.277628
7.6,100.0,-1.145633
7.8,100.0,-1.034773
8.0,100.0,-0.939369
8.2,100.0,-0.858691
8.4,100.0,-0.788666
8.6,100.0,-0.728526
8.8,100.0,-0.675685
9.0,100.0,-0.629878
9.5,100.0,-0.53744
10.0,100.0,-0.468922
10.5,100.0,-0.418614
11.0,100.0,-0.378751
11.5,100.0,-0.347088
12.0,100.0,-0.320677
12.5,100.0,-0.298971
13.0,100.0,-0.280468
13.5,100.0,-0.263778
14.0,100.0,-0.250655
14.5,100.0,-0.23818
15.0,100.0,-0.226594
16.0,100.0,-0.207462
17.0,100.0,-0.19226
18.0,100.0,-0.179111
19.0,100.0,-0.166923
20.0,100.0,-0.156946
21.0,100.0,-0.14715
22.0,100.0,-0.140931
23.0,100.0,-0.132165
24.0,100.0,-0.125355
25.0,100.0,-0.119249
50.0,100.0,-0.043968
100.0,100.0,-0.004465
1.0,110.0,62514.23782
1.1,110.0,49756.059502
1.2,110.0,39518.935399
1.3,110.0,30767.533572
1.4,110.0,23081.632437
1.5,110.0,16351.586885
1.8,110.0,12224.96815
1.9,110.0,8943.013231
2.0,110.0,6488.878202
2.1,110.0,4665.507766
2.2,110.0,3322.342436
2.3,110.0,2340.540227
2.4,110.0,1627.33587
2.5,110.0,1115.38844
2.6,110.0,750.046473
2.7,110.0,491.906004
2.8,110.0,311.521933
2.9,110.0,187.070141
3.0,110.0,102.4928
3.1,110.0,46.066009
3.2,110.0,9.313521
3.3,110.0,-13.848412
3.4,110.0,-27.727769
3.5,110.0,-35.351366
3.6,110.0,-38.817299
3.7,110.0,-39.57819
3.8,110.0,-38.626381
3.9,110.0,-36.643939
4.0,110.0,-34.095489
4.1,110.0,-31.292697
4.2,110.0,-28.445369
4.3,110.0,-25.677581
4.4,110.0,-23.070049
4.5,110.0,-20.662404
4.6,110.0,-18.465776
4.7,110.0,-16.478562
4.8,110.0,-14.692112
4.9,110.0,-13.09133
5.0,110.0,-11.662577
5.1,110.0,-10.390506
5.2,110.0,-9.264682
5.3,110.0,-8.268467
5.4,110.0,-7.392789
5.5,110.0,-6.623225
5.6,110.0,-5.945866
5.7,110.0,-5.355445
5.8,110.0,-4.834216
5.9,110.0,-4.377272
6.0,110.0,-3.97374
6.2,110.0,-3.302147
6.4,110.0,-2.771976
6.6,110.0,-2.349279
6.8,110.0,-2.01027
7.0,110.0,-1.735106
7.2,110.0,-1.508432
7.4,110.0,-1.323633
7.6,110.0,-1.167608
7.8,110.0,-1.037417
8.0,110.0,-0.928283
8.2,110.0,-0.834852
8.4,110.0,-0.755022
8.6,110.0,-0.686536
8.8,110.0,-0.629522
9.0,110.0,-0.578007
9.5,110.0,-0.481597
10.0,110.0,-0.409723
10.5,110.0,-0.357614
11.0,110.0,-0.320169
11.5,110.0,-0.291059
12.0,110.0,-0.268419
12.5,110.0,-0.248632
13.0,110.0,-0.232286
13.5,110.0,-0.219595
14.0,110.0,-0.207047
14.5,110.0,-0.197762
15.0,110.0,-0.190006
16.0,110.0,-0.174406
17.0,110.0,-0.162585
18.0,110.0,-0.151087
19.0,110.0,-0.14258
20.0,110.0,-0.134995
21.0,110.0,-0.128391
22.0,110.0,-0.121538
23.0,110.0,-0.114952
24.0,110.0,-0.110721
25.0,110.0,-0.105275
50.0,110.0,-0.040401
100.0,110.0,-0.003745
1.0,120.0,69202.478643
1.1,120.0,54256.442682
1.2,120.0,43792.808125
1.3,120.0,35585.133016
1.4,120.0,28485.056049
1.5,120.0,22375.324037
1.6,120.0,16368.479331
1.7,120.0,11206.788057
1.8,120.0,17001.515845
1.9,120.0,12910.446599
2.0,120.0,9728.973889
2.1,120.0,7285.444071
2.2,120.0,5421.031672
2.3,120.0,4009.177538
2.4,120.0,2946.661786
2.5,120.0,2150.635294
2.6,120.0,1557.251717
2.7,120.0,1117.122021
2.8,120.0,792.373763
2.9,120.0,554.104701
3.0,120.0,380.38061
3.1,120.0,254.604055
3.2,120.0,164.287263
3.3,120.0,100.05156
3.4,120.0,54.901731
3.5,120.0,23.623809
3.6,120.0,2.377631
3.7,120.0,-11.666022
3.8,120.0,-20.571473
3.9,120.0,-25.837108
4.0,120.0,-28.547425
4.1,120.0,-29.489284
4.2,120.0,-29.230636
4.3,120.0,-28.189076
4.4,120.0,-26.655624
4.5,120.0,-24.85055
4.6,120.0,-22.928186
4.7,120.0,-20.993467
4.8,120.0,-19.114786
4.9,120.0,-17.334808
5.0,120.0,-15.67155
5.1,120.0,-14.136544
5.2,120.0,-12.728758
5.3,120.0,-11.444283
5.4,120.0,-10.276618
5.5,120.0,-9.217706
5.6,120.0,-8.262623
5.7,120.0,-7.404503
5.8,120.0,-6.637156
5.9,120.0,-5.955059
6.0,120.0,-5.349583
6.2,120.0,-4.341241
6.4,120.0,-3.557755
6.6,120.0,-2.94621
6.8,120.0,-2.463726
7.0,120.0,-2.077301
7.2,120.0,-1.767714
7.4,120.0,-1.51435
7.6,120.0,-1.305579
7.8,120.0,-1.132427
8.0,120.0,-0.990776
8.2,120.0,-0.870438
8.4,120.0,-0.769884
8.6,120.0,-0.684401
8.8,120.0,-0.613017
9.0,120.0,-0.55125
9.5,120.0,-0.435018
10.0,120.0,-0.356403
10.5,120.0,-0.300784
11.0,120.0,-0.261904
11.5,120.0,-0.234261
12.0,120.0,-0.211729
12.5,120.0,-0.194482
13.0,120.0,-0.182665
13.5,120.0,-0.171751
14.0,120.0,-0.162488
14.5,120.0,-0.155945
15.0,120.0,-0.149362
16.0,120.0,-0.13877
17.0,120.0,-0.130278
18.0,120.0,-0.123995
19.0,120.0,-0.117543
20.0,120.0,-0.112283
21.0,120.0,-0.106373
22.0,120.0,-0.102354
23.0,120.0,-0.098732
24.0,120.0,-0.095152
25.0,120.0,-0.089537
50.0,120.0,-0.037134
100.0,120.0,-0.003783
1.0,130.0,93954.697935
1.1,130.0,71885.602421
1.2,130.0,58633.077492
1.3,130.0,49823.374752
1.4,130.0,42745.741749
1.6,130.0,30114.062049
1.7,130.0,23803.009094
1.8,130.0,28225.452626
1.9,130.0,22657.231546
2.0,130.0,18044.616159
2.1,130.0,14321.22082
2.2,130.0,11346.313299
2.3,130.0,8976.226479
2.4,130.0,7088.266695
2.5,130.0,5586.229694
2.6,130.0,4392.200835
2.7,130.0,3442.968216
2.8,130.0,2688.791421
2.9,130.0,2090.226674
3.0,130.0,1616.016483
3.1,130.0,1241.286711
3.2,130.0,946.199286
3.3,130.0,714.81766
3.4,130.0,534.311534
3.5,130.0,394.3029
3.6,130.0,286.413487
3.7,130.0,203.881284
3.8,130.0,141.266842
3.9,130.0,94.20811
4.0,130.0,59.225974
4.1,130.0,33.550027
4.2,130.0,14.994123
4.3,130.0,1.846773
4.4,130.0,-7.217962
4.5,130.0,-13.230003
4.6,130.0,-16.978065
4.7,130.0,-19.067664
4.8,130.0,-19.961009
4.9,130.0,-20.010666
5.0,130.0,-19.4839
5.1,130.0,-18.582847
5.2,130.0,-17.458262
5.3,130.0,-16.218828
5.4,130.0,-14.93891
5.5,130.0,-13.672144
5.6,130.0,-12.449845
5.7,130.0,-11.291672
5.8,130.0,-10.210584
5.9,130.0,-9.207786
6.0,130.0,-8.287582
6.2,130.0,-6.684325
6.4,130.0,-5.38025
6.6,130.0,-4.342937
6.8,130.0,-3.525503
7.0,130.0,-2.886453
7.2,130.0,-2.383061
7.4,130.0,-1.98167
7.6,130.0,-1.661299
7.8,130.0,-1.4001
8.0,130.0,-1.187755
8.2,130.0,-1.014671
8.4,130.0,-0.872338
8.6,130.0,-0.754372
8.8,130.0,-0.655472
9.0,130.0,-0.572184
9.5,130.0,-0.419545
10.0,130.0,-0.31952
10.5,130.0,-0.252117
11.0,130.0,-0.208615
11.5,130.0,-0.178979
12.0,130.0,-0.15861
12.5,130.0,-0.142141
13.0,130.0,-0.132418
13.5,130.0,-0.123514
14.0,130.0,-0.117128
14.5,130.0,-0.113588
15.0,130.0,-0.109882
16.0,130.0,-0.102171
17.0,130.0,-0.0992
18.0,130.0,-0.09467
19.0,130.0,-0.092194
20.0,130.0,-0.088726
21.0,130.0,-0.087432
22.0,130.0,-0.084236
23.0,130.0,-0.082298
24.0,130.0,-0.078826
25.0,130.0,-0.076756
50.0,130.0,-0.033593
100.0,130.0,-0.001497
1.0,140.0,149232.086731
1.1,140.0,110938.732381
1.2,140.0,90449.946698
1.3,140.0,79142.495847
1.4,140.0,71430.825779
1.6,140.0,57111.270174
1.7,140.0,49027.983146
1.9,140.0,43911.292788
2.0,140.0,37462.660676
2.1,140.0,31976.465499
2.2,140.0,27320.35327
2.3,140.0,23319.335502
2.4,140.0,19849.316283
2.5,140.0,16820.626771
2.6,140.0,14166.516045
2.7,140.0,11865.021612
2.8,140.0,9882.020521
2.9,140.0,8179.360627
3.0,140.0,6724.613612
3.1,140.0,5489.868121
3.2,140.0,4449.546592
3.3,140.0,3579.544583
3.4,140.0,2857.53487
3.5,140.0,2262.99674
3.6,140.0,1777.263211
3.7,140.0,1383.530943
3.8,140.0,1066.884578
3.9,140.0,814.254949
4.0,140.0,614.319244
4.1,140.0,457.398067
4.2,140.0,335.310081
4.3,140.0,241.203157
4.4,140.0,169.382872
4.5,140.0,115.161912
4.6,140.0,74.715714
4.7,140.0,44.956018
4.8,140.0,23.406198
4.9,140.0,8.108523
5.0,140.0,-2.475074
5.1,140.0,-9.538873
5.2,140.0,-14.009651
5.3,140.0,-16.592786
5.4,140.0,-17.824079
5.5,140.0,-18.11591
5.6,140.0,-17.769713
5.7,140.0,-17.01206
5.8,140.0,-16.003277
5.9,140.0,-14.863653
6.0,140.0,-13.67245
6.2,140.0,-11.337778
6.4,140.0,-9.243125
6.6,140.0,-7.467073
6.8,140.0,-6.004302
7.0,140.0,-4.822123
7.2,140.0,-3.878655
7.4,140.0,-3.131975
7.6,140.0,-2.544128
7.8,140.0,-2.078877
8.0,140.0,-1.706622
8.2,140.0,-1.409954
8.4,140.0,-1.172206
8.6,140.0,-0.978035
8.8,140.0,-0.823677
9.0,140.0,-0.697397
9.5,140.0,-0.470614
10.0,140.0,-0.32486
10.5,140.0,-0.232364
11.0,140.0,-0.172941
11.5,140.0,-0.134879
12.0,140.0,-0.110848
12.5,140.0,-0.095248
13.0,140.0,-0.08534
13.5,140.0,-0.078056
14.0,140.0,-0.073529
14.5,140.0,-0.071769
15.0,140.0,-0.069822
16.0,140.0,-0.06939
17.0,140.0,-0.068249
18.0,140.0,-0.068319
19.0,140.0,-0.06739
20.0,140.0,-0.067431
21.0,140.0,-0.067716
22.0,140.0,-0.066318
23.0,140.0,-0.065018
24.0,140.0,-0.064769
25.0,140.0,-0.06382
50.0,140.0,-0.030345
100.0,140.0,-0.001298
1.0,150.0,251727.006543
1.1,150.0,181625.545787
1.3,150.0,130210.000374
1.4,150.0,120139.469431
1.5,150.0,110888.157199
1.6,150.0,100511.869161
1.7,150.0,94418.940291
1.9,150.0,72202.861427
2.0,150.0,64319.168779
2.1,150.0,57967.150477
2.2,150.0,52847.792853
2.3,150.0,48569.549447
2.4,150.0,44609.449719
3.4,150.0,13060.994775
3.5,150.0,10737.709341
3.6,150.0,8772.685379
3.7,150.0,7121.577456
3.8,150.0,5741.656999
3.9,150.0,4596.241524
4.0,150.0,3651.000917
4.1,150.0,2875.907292
4.2,150.0,2244.676514
4.3,150.0,1734.458674
4.4,150.0,1325.435106
4.5,150.0,1000.479029
4.6,150.0,744.818381
4.7,150.0,545.786128
4.8,150.0,392.581731
4.9,150.0,276.078438
5.0,150.0,188.64102
5.1,150.0,123.953684
5.2,150.0,76.850754
5.3,150.0,43.164751
5.4,150.0,19.585695
5.5,150.0,3.50918
5.6,150.0,-7.077045
5.7,150.0,-13.705833
5.8,150.0,-17.528528
5.9,150.0,-19.399402
6.0,150.0,-19.946644
6.2,150.0,-18.755414
6.4,150.0,-16.22823
6.6,150.0,-13.459548
6.8,150.0,-10.924946
7.0,150.0,-8.776307
7.2,150.0,-7.023378
7.4,150.0,-5.613932
7.6,150.0,-4.488773
7.8,150.0,-3.596237
8.0,150.0,-2.886709
8.2,150.0,-2.327344
8.4,150.0,-1.883121
8.6,150.0,-1.529362
8.8,150.0,-1.247708
9.0,150.0,-1.021324
9.5,150.0,-0.63718
10.0,150.0,-0.40479
10.5,150.0,-0.259987
11.0,150.0,-0.168254
11.5,150.0,-0.111231
12.0,150.0,-0.076509
12.5,150.0,-0.05626
13.0,150.0,-0.043607
13.5,150.0,-0.037921
14.0,150.0,-0.035274
14.5,150.0,-0.0336
15.0,150.0,-0.034175
16.0,150.0,-0.036659
17.0,150.0,-0.040049
18.0,150.0,-0.044375
19.0,150.0,-0.047214
20.0,150.0,-0.049459
21.0,150.0,-0.050569
22.0,150.0,-0.052358
23.0,150.0,-0.051544
24.0,150.0,-0.052743
25.0,150.0,-0.051129
50.0,150.0,-0.02815
100.0,150.0,-0.000713
1.2,160.0,232350.579272
1.4,160.0,198425.751621
1.5,160.0,192910.160801
1.8,160.0,180808.790736
1.9,160.0,167793.918421
2.0,160.0,150428.900974
2.1,160.0,132352.343608
2.2,160.0,117163.643949
2.3,160.0,106841.515909
2.4,160.0,101358.721825
2.5,160.0,99323.07908
2.6,160.0,98821.475717
2.7,160.0,96464.301929
2.8,160.0,83285.007005
2.9,160.0,70943.011711
3.0,160.0,60159.986694
3.1,160.0,51040.326202
3.2,160.0,43452.397304
3.3,160.0,37131.924058
3.4,160.0,31816.843711
3.5,160.0,27317.285074
3.6,160.0,23391.278287
3.7,160.0,19834.123169
4.1,160.0,17137.31986
4.2,160.0,14147.131179
4.3,160.0,11509.512607
4.4,160.0,9235.420709
4.5,160.0,7307.116002
4.6,160.0,5700.485358
4.7,160.0,4386.603107
4.8,160.0,3328.81018
4.9,160.0,2490.52719
5.0,160.0,1836.194847
5.1,160.0,1332.916482
5.2,160.0,951.366237
5.3,160.0,666.221764
5.4,160.0,456.182477
5.5,160.0,303.755049
5.6,160.0,194.85854
5.7,160.0,118.390913
5.8,160.0,65.733161
5.9,160.0,30.311115
6.0,160.0,7.176213
6.2,160.0,-15.918531
6.4,160.0,-22.452293
6.6,160.0,-22.003978
6.8,160.0,-19.091135
7.0,160.0,-15.697629
7.2,160.0,-12.599844
7.4,160.0,-10.009639
7.6,160.0,-7.919551
7.8,160.0,-6.263883
8.0,160.0,-4.965592
8.2,160.0,-3.946628
8.4,160.0,-3.144904
8.6,160.0,-2.511181
8.8,160.0,-2.012119
9.0,160.0,-1.617037
9.5,160.0,-0.948639
10.0,160.0,-0.564878
10.5,160.0,-0.337459
11.0,160.0,-0.1998
11.5,160.0,-0.113712
12.0,160.0,-0.062857
12.5,160.0,-0.034274
13.0,160.0,-0.016379
13.5,160.0,-0.009124
14.0,160.0,-0.005615
14.5,160.0,-0.004779
15.0,160.0,-0.006037
16.0,160.0,-0.011958
17.0,160.0,-0.018677
18.0,160.0,-0.025606
19.0,160.0,-0.02985
20.0,160.0,-0.033203
21.0,160.0,-0.035773
22.0,160.0,-0.038428
23.0,160.0,-0.040578
24.0,160.0,-0.041623
25.0,160.0,-0.043177
50.0,160.0,-0.026946
100.0,160.0,-0.000226
1.0,170.0,594930.237533
1.1,170.0,406145.668475
1.4,170.0,351918.720618
1.6,170.0,601230.714858
1.7,170.0,816441.827631
1.8,170.0,1025208.414454
2.0,170.0,977946.320722
2.1,170.0,749096.533169
2.2,170.0,534316.294994
2.3,170.0,384715.431295
2.5,170.0,256603.497215
2.6,170.0,239855.276886
2.7,170.0,238778.758642
2.8,170.0,250068.518449
2.9,170.0,268484.414563
3.0,170.0,283236.773726
3.1,170.0,282047.656157
3.2,170.0,259580.706539
3.3,170.0,221685.085035
3.4,170.0,180359.39997
3.5,170.0,145635.361919
3.6,170.0,121899.194691
3.7,170.0,108717.833637
3.8,170.0,102973.369386
3.9,170.0,100563.301469
4.0,170.0,97324.239583
4.1,170.0,90174.981795
4.5,170.0,48920.840508
4.6,170.0,38112.035135
4.7,170.0,29127.762459
4.8,170.0,21910.154086
4.9,170.0,16245.441588
5.0,170.0,11886.098948
5.1,170.0,8588.241781
5.2,170.0,6132.567402
5.3,170.0,4327.390848
5.4,170.0,3016.412462
5.5,170.0,2075.35655
5.6,170.0,1407.45809
5.7,170.0,938.67928
5.8,170.0,613.315811
5.9,170.0,390.099162
6.0,170.0,238.896575
6.2,170.0,71.851668
6.4,170.0,3.421807
6.6,170.0,-20.245801
6.8,170.0,-25.127379
7.0,170.0,-23.152132
7.2,170.0,-19.289113
7.4,170.0,-15.391603
7.6,170.0,-12.066374
7.8,170.0,-9.408269
8.0,170.0,-7.343607
8.2,170.0,-5.762913
8.4,170.0,-4.549755
8.6,170.0,-3.605692
8.8,170.0,-2.861451
9.0,170.0,-2.277811
9.5,170.0,-1.31034
10.0,170.0,-0.757902
10.5,170.0,-0.435692
11.0,170.0,-0.248228
11.5,170.0,-0.133531
12.0,170.0,-0.063725
12.5,170.0,-0.025026
13.0,170.0,-0.001738
13.5,170.0,0.008833
14.0,170.0,0.013044
14.5,170.0,0.014197
15.0,170.0,0.011122
16.0,170.0,0.004299
17.0,170.0,-0.004977
18.0,170.0,-0.012321
19.0,170.0,-0.018043
20.0,170.0,-0.023519
21.0,170.0,-0.027771
22.0,170.0,-0.030838
23.0,170.0,-0.033861
24.0,170.0,-0.035531
25.0,170.0,-0.037326
50.0,170.0,-0.025486
100.0,170.0,-0.000485
1.0,180.0,691924.305337
1.5,180.0,752045.711685
1.6,180.0,1320779.269924
1.7,180.0,2659102.862198
1.8,180.0,6699279.778822
2.1,180.0,3643171.792104
2.2,180.0,1719418.902997
2.3,180.0,942420.160072
2.4,180.0,603027.550925
2.5,180.0,481051.770959
2.6,180.0,507466.655499
3.4,180.0,1927790.263274
4.1,180.0,1522426.261732
4.4,180.0,578636.0954
4.5,180.0,272909.774002
4.6,180.0,152100.328712
4.7,180.0,93658.037535
4.8,180.0,61244.231853
4.9,180.0,41426.699263
5.0,180.0,28492.139129
5.1,180.0,19710.776497
5.2,180.0,13629.650679
5.3,180.0,9386.63651
5.4,180.0,6424.852157
5.5,180.0,4363.714644
5.6,180.0,2937.014937
5.7,180.0,1954.961016
5.8,180.0,1283.839182
5.9,180.0,828.897385
6.0,180.0,523.218367
6.2,180.0,186.262112
6.4,180.0,45.003516
6.6,180.0,-8.49273
6.8,180.0,-24.429816
7.0,180.0,-25.752879
7.2,180.0,-22.33842
7.4,180.0,-17.998391
7.6,180.0,-14.05636
7.8,180.0,-10.868136
8.0,180.0,-8.415865
8.2,180.0,-6.560374
8.4,180.0,-5.156802
8.6,180.0,-4.07632
8.8,180.0,-3.228953
9.0,180.0,-2.56456
9.5,180.0,-1.471764
10.0,180.0,-0.850401
10.5,180.0,-0.483858
11.0,180.0,-0.271635
11.5,180.0,-0.144994
12.0,180.0,-0.068154
12.5,180.0,-0.023206
13.0,180.0,0.00247
13.5,180.0,0.01473
14.0,180.0,0.020371
14.5,180.0,0.019776
15.0,180.0,0.017846
16.0,180.0,0.009195
17.0,180.0,0.001702
18.0,180.0,-0.006465
19.0,180.0,-0.013572
20.0,180.0,-0.019456
21.0,180.0,-0.024177
22.0,180.0,-0.027688
23.0,180.0,-0.030762
24.0,180.0,-0.032429
25.0,180.0,-0.03463
50.0,180.0,-0.024983
100.0,180.0,0.0
