1270660.0130580000113696,-105913365340.9568481445312500
722406.9741889999713749,-69565778458.3515319824218750
477303.1783730000024661,-45628347356.1313095092773438
385747.8771660000202246,-29882379918.1069755554199219
1462503.5059980000369251,-5399286101.3015718460083008
8311643.6292740004137158,-2271344482.1088366508483887
3101488.8657669997774065,-603253110.3810961246490479
18342.7777749999986554,1588.0732914738800901
13416.6115190000000439,1224.1262099247614969
9730.7593500000002678,886.2098519233404659
6988.7645469999997658,619.6279481655810741
5006.3778430000002118,384.6180075502634281
3553.4916339999999764,223.5917475348483094
2492.5294269999999415,123.1132390783664050
1724.8418209999999817,63.7834842281733927
1175.1130849999999555,30.6275050119274965
785.7859290000000101,13.3288169843549440
513.3826259999999593,5.0696932015646325
325.3688629999999762,1.5711102969144690
197.5995389999999929,0.3257309283254983
112.3029709999999994,0.0009233231247805
21.0037990000000008,-0.0056496641804422
-13.7576509999999992,0.0098082903553856
-23.9555800000000012,-0.0002997545596735
-24.3725409999999982,-0.0057740791761987
-21.4756350000000005,-0.0070201484145365
-17.9081410000000005,-0.0031165572647680
-14.6256939999999993,0.0052978121261660
-11.8829740000000008,0.0141828305044385
-9.6695969999999996,0.0150992431121910
-7.9022709999999998,0.0054989198488311
-6.4924609999999996,-0.0126249260296634
-5.3742710000000002,-0.0267607189255488
-4.4965029999999997,-0.0257269429316205
-3.8109350000000002,-0.0094728164210820
-3.2698770000000001,0.0115673858584371
-2.3340749999999999,0.0449906265471300
-1.7603480000000000,0.0420697800061260
-1.3887030000000000,0.0183342333490595
-1.1303710000000000,-0.0156506613231016
-0.9465720000000000,-0.0436327717035674
-0.8152930000000000,-0.0578960446988350
-0.7198650000000000,-0.0593468309688351
-0.6461880000000000,-0.0537793830264693
-0.5888810000000000,-0.0421456151925751
-0.5412060000000000,-0.0287334441114176
-0.5020510000000000,-0.0132069715026433
-0.4688100000000000,0.0027652966042760
-0.4142820000000000,0.0327956264309338
-0.3712000000000000,0.0588631287936934
-0.3372360000000000,0.0815082691205319
-0.3080560000000000,0.0986793216749765
-0.2830430000000000,0.1116178510423077
-0.2617810000000000,0.1214291335571092
-0.2433240000000000,0.1284132890721523
-0.2280040000000000,0.1339229447505651
-0.2121820000000000,0.1351549008716703
-0.1995840000000000,0.1365195280312512
-0.0638640000000000,0.0634390748354552
-0.0090130000000000,0.0090129807084274
1016310.2064490000484511,-77845696277.5933532714843750
408741.0334220000077039,-33652015564.7941970825195312
327499.2782690000021830,-22082152954.2719841003417969
349189.4091350000235252,-9465360690.7082157135009766
435958.2098289999994449,-6181428164.7066993713378906
581514.9405249999836087,-4029284071.4412722587585449
771631.8872249999549240,-2621132414.4023108482360840
934975.9666829999769107,-1701344188.3517684936523438
964325.3230739999562502,-1101581565.6351158618927002
830645.2399750000331551,-711205088.9298307895660400
622818.3165370000060648,-457673292.1427606344223022
436643.4859389999764971,-293458361.1555703878402710
308629.6228320000227541,-187418389.7788676917552948
234523.0050669999909587,-119171578.7340580075979233
171371.0262790000124369,-29676736.0434909611940384
26781.2823949999983597,3956.3058999075692554
23398.1891780000005383,4661.8603534879548533
19604.6379520000009506,4170.2494097125563712
15677.3536719999992783,3543.3341998584637622
11878.7698349999991478,3158.5005761861157225
312.5604660000000194,1.6728781496346414
193.3932130000000029,0.7635331800167933
113.0939019999999999,0.0250854063695698
59.4491590000000016,-0.0741004519848616
2.3994030000000000,0.1224932727417456
-18.2097459999999991,-0.0770991526304208
-23.3852779999999996,-0.0404469832437826
-22.3298409999999983,-0.0577851048234912
-19.5757550000000009,0.2082688232842749
-16.0478710000000007,-0.0345815916438426
-13.0792099999999998,-0.0656491740086462
-10.6682699999999997,-0.0372601611684296
-8.7390200000000000,-0.0029919351346965
-7.1929299999999996,0.0126272420775679
-5.9486980000000003,0.0069085266771953
-4.9573090000000004,-0.0011019575712465
-4.1733900000000004,-0.0020106896028231
-3.5551770000000000,0.0053211680533027
-3.0646140000000002,0.0162343462973547
-2.2090749999999999,0.0291364038820481
-1.6832290000000001,0.0218178571733540
-1.3382520000000000,-0.0000342011486949
-1.0948119999999999,-0.0296701208658701
-0.9217670000000000,-0.0508286163424734
-0.7978850000000000,-0.0589756904176095
-0.7084080000000000,-0.0549508474205361
-0.6376610000000000,-0.0468665696710774
-0.5812690000000000,-0.0348967276767397
-0.5361100000000000,-0.0197292954317305
-0.4976650000000000,-0.0043821674895965
-0.4654950000000000,0.0117058214703465
-0.4109020000000000,0.0397529225484825
-0.3701230000000000,0.0663708470533405
-0.3350190000000000,0.0863666593204881
-0.3060990000000000,0.1025328845363510
-0.2814410000000000,0.1147797701644673
-0.2607130000000000,0.1242639658999301
-0.2429130000000000,0.1311985705027847
-0.2271140000000000,0.1356501756316286
-0.2120340000000000,0.1371498325315497
-0.1994450000000000,0.1381350578548534
-0.0647680000000000,0.0643548970163551
-0.0095220000000000,0.0095219812451536
599117.0278249999973923,-63564387305.3640975952148438
384867.5007699999841861,-41760585221.1183624267578125
179745.5333049999899231,-7681906091.3930549621582031
169273.4626649999991059,-5012644261.5981359481811523
160706.9624060000060126,-3265428433.3242101669311523
152012.5532390000007581,-2123410553.8263444900512695
140890.7523379999911413,-1378120683.1898567676544189
126429.0042119999998249,-892548336.9169114828109741
109936.4880169999960344,-576754960.2714686393737793
94223.2078529999998864,-371776652.5243812203407288
81861.5103399999934481,-239008102.3046066164970398
74139.2567580000031739,-153208995.7619267702102661
70809.4224499999982072,-97901905.0101492255926132
2709.0988330000000133,-4417.6685830244296085
1324.3358040000000528,-41.6348237488170980
160.2137710000000084,2261.5617225907203647
452.6549810000000207,-13.8576394898764192
303.9194120000000225,-6.0261178490354723
197.0718929999999887,-1.4921778414368134
122.7296929999999975,0.0469290179544544
72.1338460000000055,-0.1602196257519921
37.1121020000000001,0.1269938027220476
14.0385240000000007,-0.0012970558416967
-1.0842579999999999,0.0669462191113406
-15.8570320000000002,-0.0487879889365246
-19.7709149999999987,-0.1888604561810148
-19.3442000000000007,-0.0495627199189528
-17.6212069999999983,0.4807373813918261
-14.4395439999999997,-0.0686106915244835
-11.8585200000000004,-0.1741078504309339
-9.7721730000000004,-0.1246146379806561
-8.0869380000000000,-0.0434243001679526
-6.7214410000000004,0.0192042499714056
-5.6066409999999998,0.0448292293577213
-4.7040009999999999,0.0472801316554516
-3.9808599999999998,0.0410786182047014
-3.4047139999999998,0.0335761948483522
-2.9424980000000001,0.0241712420137490
-2.5692420000000000,0.0137316764483861
-1.9100779999999999,-0.0102683690774426
-1.4939680000000000,-0.0298763995629738
-1.2080690000000001,-0.0500897489254544
-1.0072600000000000,-0.0607296156414039
-0.8611420000000000,-0.0630179242106398
-0.7553940000000000,-0.0551138698583248
-0.6725760000000000,-0.0449985081197132
-0.6107210000000000,-0.0288159861295946
-0.5599070000000000,-0.0127502984352857
-0.5185999999999999,0.0041497010432142
-0.4824950000000000,0.0192848488436601
-0.4518940000000000,0.0341662667527611
-0.4015000000000000,0.0607961355794147
-0.3608000000000000,0.0823410915210573
-0.3277760000000000,0.0999734141931401
-0.3011650000000000,0.1147227018318925
-0.2768530000000000,0.1242315709027607
-0.2571750000000000,0.1322282160204142
-0.2382950000000000,0.1360005676273908
-0.2225100000000000,0.1387596328000234
-0.2089330000000000,0.1403644516594212
-0.1966580000000000,0.1405189874271800
-0.0639990000000000,0.0636207392251359
-0.0094150000000000,0.0094149828269874
314806.3614219999872148,-3174156418.4407672882080078
217557.6688999999896623,-2079485327.3874967098236084
107826.9155330000066897,-377167726.5533001422882080
94067.2946559999982128,-245018552.6542943418025970
80505.4336820000025909,-158826553.3904825747013092
67858.0858350000053179,-102710681.6161296665668488
56777.3127979999990202,-66248055.7266351133584976
47559.2581219999992754,-42606735.2412375435233116
40214.0807920000006561,-27314764.3841647878289223
34542.4207200000018929,-17449320.4452958665788174
30252.2739089999995485,-11103195.8906155806034803
26977.0011669999985315,-7034048.1808682139962912
24276.1049559999992198,-4434110.5675575891509652
21752.2043379999995523,-2779311.6563187269493937
19065.2811120000005758,-1730420.6040490400046110
16041.6463260000000446,-1068516.3332369888667017
339.3628269999999816,-4.2171864752978649
161.3596760000000074,-0.4699004474174728
106.2076959999999985,-0.0063337777536248
66.4758199999999988,0.0801051905123984
38.4192889999999991,-0.1808212086913059
18.3511629999999997,0.0030762716685047
4.5165110000000004,0.1652357980240593
-4.5677589999999997,0.1047375520451492
-10.3280100000000008,-0.0155279306891956
-13.7990209999999998,-0.1001904100410407
-15.6146770000000004,-0.2080261698049775
-16.4997149999999984,-0.1606880873990733
-16.0422280000000015,0.5963702833507867
-13.4528180000000006,-0.0413788629247485
-11.2615990000000004,-0.1759358380482041
-9.4152970000000007,-0.1364317825181498
-7.8779000000000003,-0.0553912420814697
-6.6000769999999997,0.0068008057336666
-5.5434000000000001,0.0374717214065425
-4.6795720000000003,0.0465274889505682
-3.9778389999999999,0.0423333104949557
-3.4147989999999999,0.0366217707696852
-2.9589379999999998,0.0274394277056991
-2.5884529999999999,0.0169394236885556
-2.2849089999999999,0.0056613695781680
-2.0345640000000000,-0.0053194235723066
-1.5776019999999999,-0.0263365780941747
-1.2706450000000000,-0.0446895397521314
-1.0539140000000000,-0.0578960962816653
-0.8975000000000000,-0.0624524473352209
-0.7837660000000000,-0.0573800040585911
-0.6961670000000000,-0.0484157713047390
-0.6290340000000000,-0.0347000505869287
-0.5755220000000000,-0.0189861985417578
-0.5306940000000000,-0.0035547067138361
-0.4928970000000000,0.0117291412910994
-0.4601760000000000,0.0261596475154225
-0.4321850000000000,0.0402990268869652
-0.3866710000000000,0.0665832922365323
-0.3488780000000000,0.0870932940102951
-0.3184230000000000,0.1041953701762980
-0.2917840000000000,0.1164273971963021
-0.2696150000000000,0.1260592007553339
-0.2491630000000000,0.1316346214877395
-0.2328540000000000,0.1366318043333183
-0.2168050000000000,0.1380256291803310
-0.2033970000000000,0.1388981639098216
-0.1913400000000000,0.1385329140935620
-0.0633830000000000,0.0630271891748811
-0.0099380000000000,0.0099379838462135
59259.9157950000007986,302347044.0799723267555237
49727.5270769999988261,193449729.2423888146877289
40683.2139670000033220,123420058.4300390928983688
32533.9101399999999558,78500233.7650718986988068
25486.2929770000009739,49765580.5525819957256317
19555.5668509999995877,31438256.8128072135150433
14655.5651379999999335,19785662.7111996151506901
10665.9922810000007303,12401968.6350933481007814
7409.2632240000002639,7740362.9983623009175062
9836.6806560000004538,1109121.6724828085862100
8307.6995299999998679,671777.3679071163060144
6969.6651860000001761,403751.1039797271369025
5805.0762750000003507,240591.7984718695224728
4798.7646919999997408,142004.6781162647821475
3936.1574660000001131,82924.0613936891313642
1007.5149750000000495,2372.3900190838180606
777.8243569999999636,1207.4914175210346912
593.8362110000000484,591.6546620518959116
333.6054780000000051,120.5349362905128601
244.4293580000000077,47.9414112473203602
175.5366410000000030,16.5491393825403463
123.4401849999999996,3.9031947720435909
83.8421289999999999,-0.0494665025703540
53.2287800000000004,0.2326091435121853
32.1535319999999984,-0.3150638604222351
16.2491349999999990,0.0226318752517933
4.9999300000000000,0.1066783455456806
-2.8381280000000002,0.0708932411067424
-8.0847210000000000,-0.0640574216026639
-11.9295580000000001,0.2852550762818069
-13.5358389999999993,-0.1921620976278735
-14.5354060000000000,-0.2392750662772887
-14.6576120000000003,-0.4219412606444823
-15.4175009999999997,0.5452664607258892
-14.5017479999999992,0.1736679003382733
-13.5635349999999999,-0.0144927647368824
-11.7101980000000001,-0.1028316754518652
-9.9825250000000008,-0.0572397737205623
-8.4481920000000006,-0.0053672267493798
-7.1239049999999997,0.0143230394817149
-6.0077650000000000,0.0088551245688864
-5.0863019999999999,-0.0031699638555205
-4.3343400000000001,-0.0111684847270848
-3.7258239999999998,-0.0094226222193399
-3.2290700000000001,-0.0037686020185110
-2.8231700000000002,0.0052381940299950
-2.4864009999999999,0.0118569606311993
-2.2066789999999998,0.0167217299666071
-1.9725800000000000,0.0187223921495465
-1.7773330000000001,0.0195969021036122
-1.6111409999999999,0.0166489369469687
-1.2932779999999999,-0.0002112931274156
-1.0703050000000001,-0.0238366464473816
-0.9104540000000000,-0.0432077691794962
-0.7932920000000000,-0.0537371646461892
-0.7028530000000000,-0.0575203053251239
-0.6355510000000000,-0.0507661264682675
-0.5803180000000000,-0.0407045634114555
-0.5344020000000000,-0.0280728024905311
-0.4956050000000000,-0.0139499236207828
-0.4638020000000000,0.0022339142215655
-0.4348850000000000,0.0168686591144821
-0.4095200000000000,0.0310248679054468
-0.3672910000000000,0.0571372657404666
-0.3330990000000000,0.0790565915127031
-0.3049750000000000,0.0969396067590244
-0.2790770000000000,0.1087355990093166
-0.2600040000000000,0.1205340817100533
-0.2401900000000000,0.1259993876711639
-0.2242310000000000,0.1307387808417081
-0.2094760000000000,0.1329307296753530
-0.1973240000000000,0.1346539168506874
-0.1847350000000000,0.1334250327579671
-0.0614150000000000,0.0610692759241655
-0.0089640000000000,0.0089639843041512
13891.9801229999993666,582238.8426251827040687
10922.3407029999998485,351074.3402306635980494
8593.3574709999993502,209931.9453527717560064
6766.8028100000001359,124374.9692188379121944
5332.6843399999997928,72926.1507438158441801
4204.1799360000004526,42263.0927526009691064
3313.6952289999999266,24170.5606767021199630
2609.1193760000001021,13615.5327342870295979
2049.9305880000001707,7537.3053119149744816
1606.5312579999999798,4087.8373519029000818
1254.9397400000000289,2163.2274592677367764
974.2653279999999540,1112.6116526903028898
751.6860709999999699,552.3617870944657398
575.1919550000000072,262.7555280942527816
436.6687150000000202,117.7808322351321522
327.8208569999999895,48.8348333195546047
242.7644909999999925,18.0712590661692332
176.6519619999999975,5.5946834911904944
125.6784619999999961,1.1972489512881026
86.6726730000000032,0.0266879053037741
57.0796410000000023,-0.0773822222490637
34.8649490000000029,0.0223636869506976
18.4161849999999987,0.0464885606876706
6.4231809999999996,-0.0168976444887079
-2.4367220000000001,0.1729789119363487
-8.2184179999999998,-0.0910584463353583
-12.1789290000000001,-0.1583816798570368
-14.7354939999999992,-0.0986641020870902
-15.9518020000000007,-0.2384123675822956
-17.1680889999999984,0.4527159636010190
-16.8259870000000014,0.1734794327574782
-16.2032470000000011,0.0143093037662041
-15.4029439999999997,-0.0635914890629454
-14.5018440000000002,-0.0887446668231355
-13.5559469999999997,-0.0814988625514275
-12.6047370000000001,-0.0562382908640782
-11.6708449999999999,-0.0270593149184286
-10.7724279999999997,0.0002862581749330
-9.9191190000000002,0.0209122790015215
-9.1161799999999999,0.0322833526828870
-7.6746059999999998,0.0311634595658230
-6.4559610000000003,0.0117754727843771
-5.4531780000000003,-0.0047271159419280
-4.6399650000000001,-0.0109383207315927
-3.9848370000000002,-0.0063778785909157
-3.4565380000000001,0.0053343211529726
-3.0216180000000001,0.0136235593857448
-2.6623589999999999,0.0193319646111241
-2.3616690000000000,0.0203140634936618
-2.1070799999999998,0.0161257155963273
-1.8916350000000000,0.0094996916688790
-1.7103379999999999,0.0032676431338154
-1.5516509999999999,-0.0077729377140907
-1.4173249999999999,-0.0167384144846112
-1.3002080000000000,-0.0266228940073132
-1.0709839999999999,-0.0465496070574003
-0.9077830000000000,-0.0572401799545429
-0.7902470000000000,-0.0573770760294557
-0.7014220000000000,-0.0513824141003038
-0.6324400000000000,-0.0408590071551791
-0.5774920000000000,-0.0273370500927900
-0.5305680000000000,-0.0142272500248092
-0.4933330000000000,0.0017889418640696
-0.4588230000000000,0.0148620167180823
-0.4325610000000000,0.0313146899304030
-0.4064740000000000,0.0436829572025009
-0.3837230000000000,0.0556154753342682
-0.3457600000000000,0.0772692609040184
-0.3165080000000000,0.0967363951454666
-0.2878630000000000,0.1079472124400326
-0.2648610000000000,0.1175649337546675
-0.2458750000000000,0.1252815589927965
-0.2288640000000000,0.1301313114149005
-0.2130650000000000,0.1322298305907040
-0.2005060000000000,0.1343238780178439
-0.1883390000000000,0.1341537044713373
-0.1771760000000000,0.1328128480086221
-0.0597220000000000,0.0594230835201073
-0.0087920000000000,0.0087919864292128
17189.5693769999998040,28272.3413668688590406
12969.4927759999991395,16438.0622609323545475
9707.5607490000002144,9429.8876035393514030
7222.5787090000003445,5319.0965426593438679
5339.3054570000003878,2944.0300218320353451
3923.2833740000000944,1592.4629407128545608
2863.6511569999997846,838.9278173478469398
2074.6328770000000077,429.0907627513888656
1493.2215049999999792,209.7998308506071226
1065.0818500000000313,97.5145693553656656
751.4753819999999678,42.5722768944596055
523.2172040000000379,17.0803375297050479
358.1068720000000098,6.0573620342580625
239.4052090000000135,1.7598037175590662
154.6368889999999965,0.3416737285973284
94.5719699999999932,0.0040796371552432
52.4143929999999969,-0.0152438959483305
23.1850920000000009,0.0102726584930544
3.2537449999999999,0.0131117822926519
-10.0189290000000000,-0.0006409269589565
-18.5443519999999999,-0.0121849590766665
-23.6998430000000013,-0.0139634222964560
-26.4816830000000003,-0.0053647910905994
-27.6086139999999993,0.0073452478134364
-27.6007339999999992,0.0167978641764606
-26.8346710000000002,0.0172136234631068
-25.5862659999999984,0.0089289625764657
-24.0568799999999996,-0.0033242697109301
-22.3892060000000015,-0.0153488911574087
-20.6822839999999992,-0.0238920839224619
-19.0082780000000007,-0.0213662035315849
-17.4036599999999986,-0.0132371787730001
-15.8932400000000005,-0.0003748644528336
-14.4866170000000007,0.0126654048975965
-13.1871530000000003,0.0231241182440307
-11.9937310000000004,0.0292349157016218
-10.8995970000000000,0.0272047578014245
-9.9013399999999994,0.0188540505068158
-8.9973320000000001,0.0091046205507848
-8.1773690000000006,-0.0050449125011607
-7.4394369999999999,-0.0182088570528247
-6.7784540000000000,-0.0281756741435872
-6.1862019999999998,-0.0361695660170405
-5.1911339999999999,-0.0371591854376936
-4.4038880000000002,-0.0247376673187825
-3.7810910000000000,-0.0033629316492156
-3.2828970000000002,0.0187722870933862
-2.8742850000000000,0.0320562569959026
-2.5383220000000000,0.0397959441927105
-2.2557610000000001,0.0387960167397519
-2.0171630000000000,0.0323177959865113
-1.8146739999999999,0.0225451336668427
-1.6423340000000000,0.0114491563424708
-1.4931950000000001,-0.0016504319961343
-1.3652709999999999,-0.0137839468167162
-1.2528690000000000,-0.0267230993997567
-1.1562429999999999,-0.0371080357062763
-1.0724579999999999,-0.0454107838474331
-0.9052880000000000,-0.0590715662115467
-0.7847630000000000,-0.0609634106808442
-0.6954410000000000,-0.0543757261420458
-0.6241210000000000,-0.0454123936577712
-0.5694210000000000,-0.0311929125669961
-0.5231820000000000,-0.0172216407421367
-0.4829150000000000,-0.0042596162957175
-0.4505830000000000,0.0108386999142971
-0.4224110000000000,0.0251511161693737
-0.3977920000000000,0.0387173912686246
-0.3753190000000000,0.0506433275548986
-0.3552390000000000,0.0615976307102448
-0.3224080000000000,0.0821194924133119
-0.2943280000000000,0.0976418697513457
-0.2695560000000000,0.1085396466097919
-0.2490070000000000,0.1171840566148150
-0.2322760000000000,0.1243507405114647
-0.2150500000000000,0.1266890933696828
-0.2011300000000000,0.1287865106621718
-0.1889680000000000,0.1297382716482358
-0.1773460000000000,0.1288528407815882
-0.1683900000000000,0.1286871742701511
-0.0561960000000000,0.0559284845471743
-0.0081180000000000,0.0081179878548172
12488.1047720000005938,5539.0151379920334875
9108.7176999999992404,3135.3066920952878718
6588.5209320000003572,1734.2014936493496862
4721.2351479999997537,934.1603299086782499
3348.6061819999999898,487.4029151164099858
2348.5435410000000047,243.7346623711623579
1624.9459549999999126,115.9095920785816816
1106.1928900000000340,51.5553151489405082
737.8129559999999856,20.9204340826388488
478.9196890000000053,7.4322929717770876
299.1072700000000282,2.1314217921856198
175.9216869999999915,0.3974013650053791
92.9049700000000058,0.0029716824987958
38.0859170000000020,-0.0127049713236431
2.8337020000000002,0.0123793519076401
-19.0112309999999987,0.0104003252262679
-31.7838029999999989,-0.0079409660322654
-38.5097850000000008,-0.0159717138495594
-41.2690300000000008,-0.0082852840568322
-41.4811910000000026,0.0063441692401582
-40.1144919999999985,0.0191566184678322
-37.8195070000000015,0.0189043608510389
-35.0393350000000012,0.0063713016019449
-32.0752799999999993,-0.0071698305857524
-29.1124079999999985,-0.0216509257753152
-26.2739370000000001,-0.0269992920270354
-23.6262700000000017,-0.0213540440620257
-21.1971139999999991,-0.0091786230283049
-18.9964319999999987,0.0084190558943256
-17.0127810000000004,0.0222535376089787
-15.2345559999999995,0.0310009029655056
-13.6452159999999996,0.0328508770938232
-12.2248560000000008,0.0247139092914335
-10.9622700000000002,0.0127579131352107
-9.8418109999999999,-0.0016813951775081
-8.8532799999999998,-0.0127693616066171
-7.9779380000000000,-0.0244561444567051
-7.2093879999999997,-0.0297187662872478
-6.5331210000000004,-0.0310299813876505
-5.9407620000000003,-0.0260607171347349
-5.4176960000000003,-0.0199649284478740
-4.9569500000000000,-0.0113899593983771
-4.5468320000000002,-0.0047237377376668
-3.8645130000000001,0.0136916139952779
-3.3189340000000001,0.0255760455776772
-2.8793180000000000,0.0323078829675816
-2.5226620000000000,0.0354750806081170
-2.2284999999999999,0.0334751164239888
-1.9843310000000001,0.0283333865342683
-1.7780050000000001,0.0191326882589258
-1.6049599999999999,0.0100319160239151
-1.4559720000000000,-0.0013970098070768
-1.3300580000000000,-0.0108234038856427
-1.2201100000000000,-0.0211879246378426
-1.1250400000000000,-0.0303012235716635
-1.0431130000000000,-0.0373141972222875
-0.9722170000000000,-0.0422962303205831
-0.9084760000000000,-0.0475046474345663
-0.7816100000000000,-0.0525219431126112
-0.6860110000000000,-0.0510753444463816
-0.6136509999999999,-0.0431013821544651
-0.5573280000000000,-0.0310030227929532
-0.5103150000000000,-0.0185622457950534
-0.4713590000000000,-0.0051472921769820
-0.4380100000000000,0.0080581642725527
-0.4100250000000000,0.0217075907228587
-0.3850380000000000,0.0341032740637789
-0.3626490000000000,0.0453673448982343
-0.3438370000000000,0.0569031600880633
-0.3274070000000000,0.0678714881671394
-0.2977360000000000,0.0853308253121221
-0.2711490000000000,0.0972772036810223
-0.2502190000000000,0.1078761083565278
-0.2313680000000000,0.1148316400947526
-0.2153870000000000,0.1199766196637019
-0.2002650000000000,0.1221501465241121
-0.1889700000000000,0.1250151727201193
-0.1773510000000000,0.1249892916790206
-0.1665160000000000,0.1236458869117444
-0.1573170000000000,0.1222179302514442
-0.0538790000000000,0.0536425043845250
-0.0074810000000000,0.0074809892631157
7573.2119130000000951,1839.2069541892788038
5395.5416990000003352,987.1238331394461056
3806.6898769999997967,512.8727980082585418
2656.3490499999998065,255.9660979770087579
1829.7180559999999332,121.8043800397913401
1241.2327439999999115,54.3250166540183272
826.3071770000000242,21.9541517259171997
536.2830099999999902,7.8123996896217704
335.9656770000000279,2.2656787804251621
199.4683200000000056,0.4366054708845297
107.9382379999999984,0.0057973873320947
47.7638919999999985,-0.0183600435884230
9.2128770000000006,0.0093444710220822
-14.6102550000000004,0.0126044260013902
-28.5301620000000007,-0.0000124490748838
-35.8868500000000026,-0.0095355239396966
-38.9729719999999986,-0.0058341564969950
-39.3409440000000004,0.0028439402271871
-38.0408350000000013,0.0074637340653183
-35.7807159999999982,0.0049267009282588
-33.0333570000000023,-0.0025288478935934
-30.1060690000000015,-0.0124728142427486
-27.2007429999999992,-0.0146301630702901
-24.4308839999999989,-0.0103865489315851
-21.8578070000000011,-0.0020056264287192
-19.5133219999999987,0.0124590078811728
-17.3949409999999993,0.0222622380026927
-15.4963379999999997,0.0261663274320423
-13.8042909999999992,0.0238112372769326
-12.3008070000000007,0.0141397855560825
-10.9721419999999998,0.0020128314229950
-9.8003370000000007,-0.0117707534408122
-8.7722820000000006,-0.0223225839566688
-7.8712799999999996,-0.0296091773511558
-7.0844019999999999,-0.0313399195381985
-6.3985719999999997,-0.0269552050731789
-5.7973420000000004,-0.0208200466859854
-5.2709380000000001,-0.0120861603406928
-4.8085230000000001,-0.0023056724204826
-4.4008200000000004,0.0073276975414664
-4.0400739999999997,0.0160771867161467
-3.7180879999999998,0.0218292641938111
-3.1758700000000002,0.0301844898195038
-2.7395830000000001,0.0320514447805196
-2.3861230000000000,0.0300648382175992
-2.0959479999999999,0.0241182818293524
-1.8578060000000001,0.0177231384462675
-1.6592330000000000,0.0097020290814265
-1.4927090000000001,0.0012184048029840
-1.3521960000000000,-0.0070456285755829
-1.2335110000000000,-0.0140449042834518
-1.1309320000000000,-0.0214150908097757
-1.0431830000000000,-0.0272253661129254
-0.9661320000000000,-0.0330821217202618
-0.8989520000000000,-0.0378168375878972
-0.8421600000000000,-0.0393310760171064
-0.7886460000000000,-0.0434778919543590
-0.6843210000000000,-0.0441516680934173
-0.6052540000000000,-0.0398232111444866
-0.5445930000000000,-0.0309423293257066
-0.4960820000000000,-0.0199252742142255
-0.4554270000000000,-0.0086810585859400
-0.4219520000000000,0.0036602008720683
-0.3932670000000000,0.0157605460791191
-0.3679230000000000,0.0269248755894517
-0.3466790000000000,0.0384803087249868
-0.3271670000000000,0.0485067131249067
-0.3111970000000000,0.0591806406923923
-0.2952700000000000,0.0673119923705712
-0.2695670000000000,0.0829997716535170
-0.2468090000000000,0.0940858779138498
-0.2290240000000000,0.1039941155094324
-0.2119610000000000,0.1095985758714430
-0.1970080000000000,0.1132019795330630
-0.1844770000000000,0.1158628909897498
-0.1733260000000000,0.1171496869667644
-0.1637090000000000,0.1177157867464121
-0.1543850000000000,0.1167289646141833
-0.1456800000000000,0.1148498541542812
-0.0515690000000000,0.0513612681572951
-0.0057200000000000,0.0057199905689889
71689.5629820000031032,275053.4745390527532436
61008.7907279999999446,167797.0082968721108045
9941.4315609999994194,3457.8088408098410582
7116.6608859999996639,1893.5485546280488052
5052.0652730000001611,1008.4442103486326232
3552.0939610000000357,520.0491510777546864
2470.7843859999998131,257.5726756589501747
1697.1545160000000578,121.3100620512750538
1148.3888240000001133,53.3687640413786539
762.3524169999999458,21.5049275272222076
493.5459299999999985,7.6319449075936632
308.4784769999999980,2.2099897599894689
182.7204800000000091,0.4234584780519697
98.5833200000000005,0.0064988705655651
43.3842229999999986,-0.0198525826470544
8.0803340000000006,0.0087015331399840
-13.6987220000000001,0.0130203847552330
-26.3995549999999994,0.0017579349259087
-33.0927969999999974,-0.0058986035659316
-35.8763420000000011,-0.0050887770138885
-36.1748460000000023,-0.0004546955214479
-34.9512840000000011,0.0016730045022086
-32.8556710000000010,0.0005951239877291
-30.3174630000000001,-0.0047730406438795
-27.6197109999999988,-0.0103754468666786
-24.9453470000000017,-0.0086161857316931
-22.3966950000000011,-0.0022407801858577
-20.0310899999999990,0.0080481502270793
-17.8700009999999985,0.0166096412161814
-15.9178739999999994,0.0206109664645577
-14.1698559999999993,0.0201693974201120
-12.6111649999999997,0.0126003696771306
-11.2306580000000000,0.0025795651196852
-10.0134539999999994,-0.0074501795186741
-8.9414490000000004,-0.0181614851456420
-8.0041360000000008,-0.0233630292024376
-7.1845470000000002,-0.0245244868630525
-6.4683960000000003,-0.0218546560830948
-5.8411119999999999,-0.0173322097216770
-5.2922459999999996,-0.0102656351951271
-4.8093930000000000,-0.0032822726972261
-4.3845820000000000,0.0041794033147635
-4.0068149999999996,0.0085376850142187
-3.6735630000000001,0.0136927271190035
-3.3768760000000002,0.0172593258139342
-2.8776950000000001,0.0227288133247141
-2.4777680000000002,0.0246778901841531
-2.1539809999999999,0.0234381132833623
-1.8893540000000000,0.0197244565386854
-1.6711710000000000,0.0142678948995896
-1.4894670000000001,0.0073967814572651
-1.3381019999999999,0.0009058009337837
-1.2100759999999999,-0.0060496311018072
-1.1016900000000001,-0.0123669665343031
-1.0081770000000001,-0.0190501711219500
-0.9282589999999999,-0.0244164800748545
-0.8581780000000000,-0.0298865800651374
-0.7995620000000000,-0.0319819788655862
-0.7452839999999999,-0.0363607627712469
-0.6993860000000000,-0.0378119937959160
-0.6057270000000000,-0.0385380046754812
-0.5357410000000000,-0.0341376327517261
-0.4804520000000000,-0.0276357979401364
-0.4373720000000000,-0.0179642485808594
-0.4016670000000000,-0.0077600070479222
-0.3706120000000000,0.0016665921129809
-0.3464990000000000,0.0135635033241494
-0.3242680000000000,0.0235510900971959
-0.3061080000000000,0.0343279628741450
-0.2900130000000000,0.0442878877767380
-0.2749360000000000,0.0527098212627143
-0.2630180000000000,0.0620087079610182
-0.2390670000000000,0.0745574999626091
-0.2194750000000000,0.0848090039311687
-0.2036810000000000,0.0934342247244505
-0.1895930000000000,0.0993336620122319
-0.1775620000000000,0.1036650379734318
-0.1671820000000000,0.1066807012526211
-0.1573570000000000,0.1078228792796096
-0.1487190000000000,0.1081639483631778
-0.1407690000000000,0.1075653527475089
-0.1325580000000000,0.1053731604996125
-0.0470240000000000,0.0468408300341545
-0.0056570000000000,0.0056569916840964
66257.3794429999979911,228858.2995973498327658
52958.5539219999991474,145856.3003017778391950
41355.8157300000020768,92904.4962710008258000
31162.0623310000009951,59720.1440638047279208
10364.6892079999997804,2921.3881156268998893
7452.9977799999996932,1612.8453807103123836
5313.7248349999999846,865.4921196743434848
3752.1146629999998368,449.3416090931837061
2621.2235730000002150,223.6648632217743398
1807.5011589999999160,106.5365219646951118
1228.6381530000001021,46.9980695266319799
819.6228250000000344,18.9066362587460617
533.5092489999999543,6.6622663063432128
335.6207180000000108,1.8999242490652932
200.5229490000000112,0.3569379178059364
109.7110189999999932,0.0040220891947911
49.8177140000000023,-0.0133011862022769
11.2798250000000007,0.0089715515620856
-12.6747630000000004,0.0069652454914504
-26.7986229999999992,-0.0027732007579218
-34.3797479999999993,-0.0070381701674975
-37.6793649999999971,-0.0014811056949497
-38.2368250000000032,0.0056817447265587
-37.0993309999999994,0.0080674874079065
-34.9750680000000003,0.0037301724987131
-32.3375929999999983,-0.0057977018151831
-29.4998749999999994,-0.0152247875671208
-26.6651610000000012,-0.0162532431745603
-23.9505529999999993,-0.0100722151674653
-21.4202750000000002,0.0007693871018013
-19.1059359999999998,0.0151739581690258
-17.0094740000000009,0.0243919662923453
-15.1258560000000006,0.0264690839727564
-13.4434600000000000,0.0210326025801741
-11.9487170000000003,0.0101919382390108
-10.6275350000000000,-0.0024918591701599
-9.4650759999999998,-0.0137964354950508
-8.4436619999999998,-0.0238935507804108
-7.5519520000000000,-0.0277247237895466
-6.7724250000000001,-0.0277996119732187
-6.0928149999999999,-0.0228664256403288
-5.4996010000000002,-0.0144168643209754
-4.9785430000000002,-0.0060790817672860
-4.5208560000000002,0.0026635127639700
-4.1162089999999996,0.0095950439813048
-3.7587670000000002,0.0159370481007728
-3.4401830000000002,0.0194647705476010
-2.9047120000000000,0.0237055460804445
-2.4769130000000001,0.0238848571317138
-2.1309209999999998,0.0199783242723734
-1.8523540000000001,0.0170466048905082
-1.6238999999999999,0.0124804564054617
-1.4342470000000000,0.0061547274533933
-1.2776280000000000,0.0008705842638230
-1.1456329999999999,-0.0051757245920221
-1.0347729999999999,-0.0103469356081209
-0.9393690000000000,-0.0163203246887166
-0.8586910000000000,-0.0206847748145822
-0.7886660000000000,-0.0250352910109216
-0.7285260000000000,-0.0281760542104168
-0.6756850000000000,-0.0311302025524869
-0.6298780000000000,-0.0329141328223872
-0.5374400000000000,-0.0348493714090975
-0.4689220000000000,-0.0327251892283987
-0.4186140000000000,-0.0256982217214869
-0.3787510000000000,-0.0175627908045947
-0.3470880000000000,-0.0080942348891975
-0.3206770000000000,0.0013436478132474
-0.2989710000000000,0.0112575088708829
-0.2804680000000000,0.0208754407957710
-0.2637780000000000,0.0293360197485854
-0.2506550000000000,0.0387930639306714
-0.2381800000000000,0.0466425368087380
-0.2265940000000000,0.0533824118369670
-0.2074620000000000,0.0657385410423349
-0.1922600000000000,0.0762597343883806
-0.1791110000000000,0.0841501671819004
-0.1669230000000000,0.0891801116934177
-0.1569460000000000,0.0932971483778963
-0.1471500000000000,0.0950393315581889
-0.1409310000000000,0.0982666152498845
-0.1321650000000000,0.0972344378262230
-0.1253550000000000,0.0967563045727055
-0.1192490000000000,0.0958343796087482
-0.0439680000000000,0.0438102335895660
-0.0044650000000000,0.0044649928374160
62514.2378200000021025,193195.8698612278094515
49756.0595019999964279,130366.4525925230118446
39518.9353990000017802,87363.1579291867674328
30767.5335720000002766,58602.2524697221233509
23081.6324370000002091,39850.1160016593639739
16351.5868850000006205,27942.8645914349217492
12224.9681500000006054,3132.2885317601685529
8943.0132310000008147,1810.0690792318182503
6488.8782019999998738,1020.3765901598198980
4665.5077659999997195,559.9736464314373734
3322.3424359999999069,296.9656372051977087
2340.5402269999999589,150.8110556513729534
1627.3358700000001136,73.4817990726282915
1115.3884399999999459,32.8698810145940570
750.0464729999999918,13.3670139058511950
491.9060039999999958,4.7345524050329573
311.5219329999999900,1.3437906142536349
187.0701410000000067,0.2438637170976676
102.4928000000000026,0.0002911191565715
46.0660090000000011,-0.0042836273890217
9.3135209999999997,0.0089090579592526
-13.8484119999999997,0.0036183531945646
-27.7277689999999986,-0.0093627860160410
-35.3513659999999987,-0.0118915100045527
-38.8172989999999984,-0.0044139858735974
-39.5781899999999993,0.0092792363713485
-38.6263810000000021,0.0174298127142265
-36.6439390000000031,0.0159040733321092
-34.0954890000000006,0.0058916335290249
-31.2926970000000004,-0.0088923200096005
-28.4453689999999995,-0.0186333688802627
-25.6775810000000000,-0.0248016779212925
-23.0700490000000009,-0.0213603188515989
-20.6624039999999987,-0.0090268622539433
-18.4657760000000017,0.0057606775527326
-16.4785620000000002,0.0185887980486150
-14.6921119999999998,0.0272214888840381
-13.0913299999999992,0.0284218994266023
-11.6625770000000006,0.0233070527776977
-10.3905060000000002,0.0124949690405725
-9.2646820000000005,0.0016347035019262
-8.2684669999999993,-0.0103862556724845
-7.3927889999999996,-0.0180690599635591
-6.6232249999999997,-0.0224269685806338
-5.9458659999999997,-0.0252015060163773
-5.3554449999999996,-0.0207350055994295
-4.8342159999999996,-0.0170423639199928
-4.3772719999999996,-0.0104150389799758
-3.9737399999999998,-0.0041334379585813
-3.3021470000000002,0.0084699117763041
-2.7719760000000000,0.0172636095038836
-2.3492790000000001,0.0218206255801858
-2.0102699999999998,0.0238399732351828
-1.7351060000000000,0.0228499070855279
-1.5084320000000000,0.0182461386796127
-1.3236330000000001,0.0146825411952936
-1.1676080000000000,0.0077038722653768
-1.0374170000000000,0.0010362956401795
-0.9282830000000000,-0.0049297409922688
-0.8348520000000000,-0.0115202779484275
-0.7550220000000000,-0.0176800575171997
-0.6865360000000000,-0.0231777868316974
-0.6295220000000000,-0.0259140849186258
-0.5780070000000000,-0.0302922989503326
-0.4815970000000000,-0.0324557255872908
-0.4097230000000000,-0.0336837210859226
-0.3576140000000000,-0.0305499088362209
-0.3201690000000000,-0.0231961827560102
-0.2910590000000000,-0.0148852857273780
-0.2684190000000000,-0.0055417807117051
-0.2486320000000000,0.0024783343819032
-0.2322860000000000,0.0106084132921979
-0.2195950000000000,0.0196498475570139
-0.2070470000000000,0.0265152015030183
-0.1977620000000000,0.0346440879693043
-0.1900060000000000,0.0425526831418387
-0.1744060000000000,0.0538114323800947
-0.1625850000000000,0.0638983230888228
-0.1510870000000000,0.0703067647866515
-0.1425800000000000,0.0764492043863454
-0.1349950000000000,0.0808540628577550
-0.1283910000000000,0.0840650248853657
-0.1215380000000000,0.0852472829440455
-0.1149520000000000,0.0852397923245340
-0.1107210000000000,0.0863947454015564
-0.1052750000000000,0.0853583632804573
-0.0404010000000000,0.0402668028455009
-0.0037450000000000,0.0037449939074586
69202.4786429999949178,869317.9286361677804962
54256.4426820000007865,557243.7434423607774079
43792.8081250000032014,355392.8778072196291760
35585.1330159999997704,225664.5512700625404250
28485.0560489999988931,143046.2853633569320664
22375.3240369999984978,90698.2963983869412914
16368.4793310000004567,58523.8836230284869089
11206.7880569999997533,38668.6473828693560790
17001.5158450000017183,16416.8897237779601710
12910.4465990000007878,9629.1776798302907991
9728.9738890000007814,5577.9614076317375293
7285.4440709999998944,3181.2355717493755947
5421.0316720000000714,1782.8147137375963212
4009.1775379999999132,977.9565293333407681
2946.6617860000001201,522.2577751346925652
2150.6352940000001581,270.0570901918376876
1557.2517170000000988,134.1221902437230256
1117.1220209999999042,63.2699486064141183
792.3737630000000536,27.8907046277289510
554.1047009999999773,11.2053812500298591
380.3806099999999901,3.9278057265442499
254.6040549999999882,1.1042023724215539
164.2872629999999958,0.1954365122347212
100.0515599999999949,-0.0001484861625443
54.9017309999999981,-0.0047257888623449
23.6238090000000014,0.0112801332166903
2.3776310000000000,0.0051266502887284
-11.6660219999999999,-0.0090551145497422
-20.5714730000000010,-0.0155091111969412
-25.8371080000000006,-0.0096884225896936
-28.5474250000000005,0.0032253931717463
-29.4892840000000014,0.0164028991786616
-29.2306360000000005,0.0216589707498898
-28.1890760000000000,0.0206772339658556
-26.6556239999999995,0.0066224852359937
-24.8505499999999984,-0.0112005848822889
-22.9281860000000002,-0.0256443196423000
-20.9934669999999990,-0.0323412459326136
-19.1147859999999987,-0.0296015738417381
-17.3348079999999989,-0.0170640213999960
-15.6715499999999999,-0.0016240183469876
-14.1365440000000007,0.0155590636672560
-12.7287579999999991,0.0291877840235450
-11.4442830000000004,0.0367460859430278
-10.2766179999999991,0.0367828807348118
-9.2177059999999997,0.0285159276368976
-8.2626229999999996,0.0155098796717752
-7.4045030000000001,-0.0000998204481011
-6.6371560000000001,-0.0154636491298694
-5.9550590000000003,-0.0273376814004180
-5.3495830000000000,-0.0360496582524359
-4.3412410000000001,-0.0409648019226516
-3.5577549999999998,-0.0303556754183822
-2.9462100000000002,-0.0127964963062630
-2.4637259999999999,0.0043028146318389
-2.0773009999999998,0.0159391955292967
-1.7677140000000000,0.0248208507569598
-1.5143500000000001,0.0274365778564223
-1.3055790000000000,0.0254742059991242
-1.1324270000000001,0.0203300251594747
-0.9907760000000000,0.0159709486920105
-0.8704380000000000,0.0085248030036698
-0.7698840000000000,0.0014088693057195
-0.6844010000000000,-0.0062051390523539
-0.6130170000000000,-0.0122290343219612
-0.5512500000000000,-0.0187266730049512
-0.4350180000000000,-0.0292987654533324
-0.3564030000000000,-0.0336050794274945
-0.3007840000000000,-0.0343341414101671
-0.2619040000000000,-0.0307727678145331
-0.2342610000000000,-0.0242726323849715
-0.2117290000000000,-0.0184367404683536
-0.1944820000000000,-0.0115206982031505
-0.1826650000000000,-0.0023744679856516
-0.1717510000000000,0.0051396571168975
-0.1624880000000000,0.0122262618242644
-0.1559450000000000,0.0202812769023644
-0.1493620000000000,0.0267890169179605
-0.1387700000000000,0.0385807934159514
-0.1302780000000000,0.0483105562130390
-0.1239950000000000,0.0569079639420318
-0.1175430000000000,0.0626249496505202
-0.1122830000000000,0.0673229065333053
-0.1063730000000000,0.0695638932002035
-0.1023540000000000,0.0722176584483744
-0.0987320000000000,0.0740585997886873
-0.0951520000000000,0.0749511834209927
-0.0895370000000000,0.0729979904459064
-0.0371340000000000,0.0370225611413507
-0.0037830000000000,0.0037829949406836
93954.6979350000037812,7499876.5562965739518404
71885.6024210000032326,4792538.9763036193326116
58633.0774919999967096,3051611.8754587746225297
49823.3747520000033546,1935474.5548814695794135
42745.7417490000007092,1222699.8723918884061277
30114.0620490000001155,482761.0533390050986782
23803.0090940000009141,302743.9365074730594642
28225.4526259999984177,179969.0982386393006891
22657.2315459999990708,110434.4146067236433737
18044.6161590000010619,67401.1929666541691404
14321.2208200000004581,40876.1343767236321582
11346.3132989999994606,24609.0340497553697787
8976.2264790000008361,14693.9067031621634669
7088.2666950000002544,8693.5930787592697015
5586.2296939999996539,5089.6147297254301520
4392.2008349999996426,2943.0578772736516839
3442.9682160000002114,1677.3682453370347503
2688.7914209999999002,939.6811849618143242
2090.2266740000000027,515.6481871601777129
1616.0164830000001075,275.9438661230381058
1241.2867109999999684,143.1904989622846642
946.1992860000000292,71.4954872234766299
714.8176600000000462,33.9850313450236854
534.3115340000000515,15.1348053036072088
394.3029000000000224,6.1605987119893939
286.4134869999999751,2.1955264682189863
203.8812839999999937,0.6287351582766689
141.2668419999999969,0.1142761979812406
94.2081100000000049,0.0002961614232930
59.2259740000000008,-0.0028830928279930
33.5500270000000000,0.0047168994705729
14.9941230000000001,0.0028034815147233
1.8467730000000000,-0.0026710040250129
-7.2179620000000000,-0.0073450458278908
-13.2300030000000000,-0.0051825082192476
-16.9780650000000009,0.0011239874519937
-19.0676640000000006,0.0078954721658704
-19.9610090000000007,0.0110744811116028
-20.0106660000000005,0.0089116331576555
-19.4838999999999984,0.0017645094314354
-18.5828470000000010,-0.0072039408187905
-17.4582620000000013,-0.0137129824845665
-16.2188279999999985,-0.0152555046087421
-14.9389099999999999,-0.0129474474788758
-13.6721439999999994,-0.0054593729003010
-12.4498449999999998,0.0035367352047864
-11.2916720000000002,0.0115043136479311
-10.2105840000000008,0.0185212590713331
-9.2077860000000005,0.0195771616284244
-8.2875820000000004,0.0174260249287066
-6.6843250000000003,0.0014134883824237
-5.3802500000000002,-0.0169769269265068
-4.3429370000000000,-0.0248554993438832
-3.5255030000000001,-0.0232201334076927
-2.8864529999999999,-0.0122880026310144
-2.3830610000000001,0.0001253836992094
-1.9816700000000000,0.0088399976407176
-1.6612990000000001,0.0155945504951189
-1.4000999999999999,0.0164233984930118
-1.1877549999999999,0.0149738772868622
-1.0146710000000001,0.0125178426446582
-0.8723379999999999,0.0089900903209325
-0.7543720000000000,0.0045777766383798
-0.6554720000000001,-0.0008937052236880
-0.5721840000000000,-0.0068648580080266
-0.4195450000000000,-0.0175897691387152
-0.3195200000000000,-0.0245307519670053
-0.2521170000000000,-0.0283929230010232
-0.2086150000000000,-0.0266711284431632
-0.1789790000000000,-0.0227295547598006
-0.1586100000000000,-0.0171348877022086
-0.1421410000000000,-0.0127792234282607
-0.1324180000000000,-0.0052739076708789
-0.1235140000000000,0.0004326821604016
-0.1171280000000000,0.0066738130858255
-0.1135880000000000,0.0141996161638295
-0.1098820000000000,0.0202881756978479
-0.1021710000000000,0.0291263291300155
-0.0992000000000000,0.0395096236019312
-0.0946700000000000,0.0458414315207404
-0.0921940000000000,0.0522319208165225
-0.0887260000000000,0.0560134721412943
-0.0874320000000000,0.0606513280195731
-0.0842360000000000,0.0623106056922360
-0.0822980000000000,0.0643472869987231
-0.0788260000000000,0.0641293028192937
-0.0767560000000000,0.0647234001595417
-0.0335930000000000,0.0335119251895418
-0.0014970000000000,0.0014969963192093
149232.0867309999885038,154290713.6906270980834961
110938.7323809999943478,98892123.8007420897483826
90449.9466979999997420,63209534.9852501228451729
79142.4958469999983208,40282515.4082357063889503
71430.8257790000061505,25590709.1786199621856213
57111.2701739999974961,10224155.0163856539875269
49027.9831459999986691,6428747.2417916459962726
43911.2927879999988363,2504369.3035718295723200
37462.6606759999995120,1554146.4161884072236717
31976.4654990000017278,959811.9386306462110952
27320.3532699999996112,589658.8879605466499925
23319.3355020000017248,360211.7146720765740611
19849.3162830000001122,218706.8451454784080852
16820.6267709999992803,131921.3171960000472609
14166.5160450000003038,79022.0618858526286203
11865.0216120000004594,46973.1042053877026774
9882.0205210000003717,27685.0896939297381323
8179.3606270000000222,16164.5013217307514424
6724.6136120000001029,9340.6242494857760903
5489.8681210000004285,5335.4455961334433596
4449.5465919999996913,3008.1745462636899902
3579.5445829999998750,1671.0823947700919234
2857.5348699999999553,912.6178998769187274
2262.9967400000000453,488.5842990237279082
1777.2632109999999557,255.4519240772958710
1383.5309429999999793,129.7734227326427572
1066.8845779999999195,63.6034155350441779
814.2549490000000105,29.7643374168560513
614.3192440000000261,13.0996634157344261
457.3980670000000259,5.2987145737130845
335.3100810000000251,1.8955155501008107
241.2031570000000045,0.5552915705576993
169.3828719999999919,0.1085552658371114
115.1619120000000009,0.0013508039485259
74.7157140000000055,-0.0044792578873967
44.9560180000000003,0.0021697433593957
23.4061979999999998,0.0038291428625215
8.1085229999999999,0.0004327148236172
-2.4750740000000002,-0.0023619474515231
-9.5388730000000006,-0.0038388699099485
-14.0096509999999999,-0.0009123779388513
-16.5927860000000003,0.0023663493006616
-17.8240790000000011,0.0016016507904908
-18.1159099999999995,0.0017757319836811
-17.7697129999999994,0.0003641933358551
-17.0120600000000017,-0.0000959512734831
-16.0032770000000006,-0.0020900763059544
-14.8636529999999993,-0.0016700104331839
-13.6724499999999995,-0.0009875442099450
-11.3377780000000001,0.0009486993137742
-9.2431249999999991,0.0028227566709411
-7.4670730000000001,0.0043852359515881
-6.0043020000000000,0.0015416403972237
-4.8221230000000004,-0.0033947716070779
-3.8786550000000002,-0.0071237802599859
-3.1319750000000002,-0.0072942754386385
-2.5441280000000002,-0.0029789306340833
-2.0788769999999999,0.0018756776373881
-1.7066220000000001,0.0036609626377384
-1.4099539999999999,0.0055224271326693
-1.1722060000000001,0.0068950689373739
-0.9780350000000000,0.0049972179012316
-0.8236770000000000,0.0058566679834373
-0.6973970000000000,0.0053822834695190
-0.4706140000000000,0.0006194985040509
-0.3248600000000000,-0.0091676411066599
-0.2323640000000000,-0.0160654840399132
-0.1729410000000000,-0.0198944318785275
-0.1348790000000000,-0.0205378222405811
-0.1108480000000000,-0.0183581199010525
-0.0952480000000000,-0.0148028183956323
-0.0853400000000000,-0.0101090915316194
-0.0780560000000000,-0.0058204343646446
-0.0735290000000000,-0.0008626235829417
-0.0717690000000000,0.0053649159539227
-0.0698220000000000,0.0102864051791999
-0.0693900000000000,0.0211484470833551
-0.0682490000000000,0.0289363358961855
-0.0683190000000000,0.0362001518230134
-0.0673900000000000,0.0411181681405995
-0.0674310000000000,0.0459305818375086
-0.0677160000000000,0.0501163070207780
-0.0663180000000000,0.0519098261094201
-0.0650180000000000,0.0532220395729718
-0.0647690000000000,0.0551114516719500
-0.0638200000000000,0.0559131297038228
-0.0303450000000000,0.0302917242652304
-0.0012980000000000,0.0012979975812854
251727.0065429999958724,1984959218.0989637374877930
181625.5457870000100229,1275119070.6302738189697266
130210.0003739999956451,521978914.2209628224372864
120139.4694310000049882,332503252.3170757293701172
110888.1571989999938523,211132294.2199392020702362
100511.8691609999950742,133610887.0158660709857941
94418.9402910000062548,84244304.5841537117958069
72202.8614269999961834,33105493.2986875437200069
64319.1687789999996312,20621375.1681764461100101
57967.1504770000028657,12786262.9652396347373724
52847.7928529999990133,7889565.8730420414358377
48569.5494469999975991,4842994.1429720735177398
44609.4497189999965485,2956735.4636209849268198
13060.9947749999992084,14529.0934833730643732
10737.7093409999997675,8313.8321531040437549
8772.6853790000004665,4758.9001760304927302
7121.5774559999999838,2729.8640013899594123
5741.6569989999998143,1572.1093003921205309
4596.2415240000000267,908.7108085296476929
3651.0009169999998448,526.4859959052969316
2875.9072919999998703,304.7151663036152058
2244.6765140000002248,175.2480190303945164
1734.4586739999999736,99.4438710980518863
1325.4351059999999052,55.1938216707649190
1000.4790289999999686,29.6458044150189153
744.8183810000000449,15.2112782557059063
545.7861279999999624,7.3282912243095097
392.5817309999999907,3.2351114466866306
276.0784380000000056,1.2588099605235357
188.6410199999999975,0.4009963778375436
123.9536839999999955,0.0850455390437759
76.8507539999999949,0.0009445266258439
43.1647510000000025,-0.0035103937282486
19.5856950000000012,0.0022780828227056
3.5091800000000002,0.0030573093859618
-7.0770450000000000,-0.0000661297058091
-13.7058330000000002,-0.0026866570484092
-17.5285280000000014,-0.0028809998014374
-19.3994019999999985,-0.0012331554598646
-19.9466439999999992,0.0021481690762037
-18.7554139999999983,0.0057334171014425
-16.2282299999999999,0.0017350723351193
-13.4595479999999998,-0.0058466545343290
-10.9249460000000003,-0.0061117759192264
-8.7763069999999992,-0.0012978030725765
-7.0233780000000001,0.0060960068723768
-5.6139320000000001,0.0077284776654460
-4.4887730000000001,0.0036481278127480
-3.5962369999999999,-0.0007220889703659
-2.8867090000000002,-0.0062289712802759
-2.3273440000000001,-0.0063144736508574
-1.8831210000000000,-0.0049993622171751
-1.5293620000000001,-0.0028367424328652
-1.2477080000000000,0.0005531683881830
-1.0213239999999999,0.0029353083291734
-0.6371800000000000,0.0137183430301713
-0.4047900000000000,0.0121855082181487
-0.2599870000000000,0.0035922251761787
-0.1682540000000000,-0.0067237117879490
-0.1112310000000000,-0.0141423379535857
-0.0765090000000000,-0.0178269668490719
-0.0562600000000000,-0.0179733552997902
-0.0436070000000000,-0.0170526403552771
-0.0379210000000000,-0.0131383428805512
-0.0352740000000000,-0.0086646969802697
-0.0336000000000000,-0.0048150863909217
-0.0341750000000000,0.0002153440193259
-0.0366590000000000,0.0095744233444466
-0.0400490000000000,0.0181335739506111
-0.0443750000000000,0.0265264990438277
-0.0472140000000000,0.0326353260250080
-0.0494590000000000,0.0375356034689713
-0.0505690000000000,0.0408115752145310
-0.0523580000000000,0.0443709953627746
-0.0515440000000000,0.0450054180875976
-0.0527430000000000,0.0473898914673179
-0.0511290000000000,0.0467463298375613
-0.0281500000000000,0.0281204702647047
-0.0007130000000000,0.0007129986593521
232350.5792720000026748,-29900689042.5898857116699219
198425.7516210000030696,-12949448830.2524204254150391
192910.1608009999908973,-8506850202.5662202835083008
180808.7907359999953769,-2391952356.0054492950439453
167793.9184210000094026,-1562157392.5321953296661377
150428.9009739999892190,-1018407012.6212139129638672
132352.3436079999955837,-662634310.3032932281494141
117163.6439490000047954,-430236829.3583449125289917
106841.5159089999942807,-278702613.3204178214073181
101358.7218250000005355,-180088425.6620785295963287
99323.0790799999958836,-116049978.4111722856760025
98821.4757169999938924,-74561007.2732622772455215
96464.3019289999938337,-47747516.3446654155850410
83285.0070050000067567,-30457112.2316203750669956
70943.0117109999991953,-19346138.7532238177955151
60159.9866939999992610,-12230668.5860415734350681
51040.3262019999965560,-7691357.5535081848502159
43452.3973039999982575,-4807922.9600341795012355
37131.9240579999968759,-2985124.5561644798144698
31816.8437110000013490,-1839059.3171864193864167
27317.2850739999994403,-1122932.2577109395060688
23391.2782870000010007,-678531.3116693629417568
19834.1231689999985974,-404851.9023359599523246
17137.3198599999996077,-49707.8268145977999666
14147.1311789999999746,-28298.7913719353600754
11509.5126070000005711,-15862.8011783404017478
9235.4207089999999880,-8743.7382089433122019
7307.1160019999997530,-4728.4896673815801478
5700.4853579999999056,-2501.4577463505906962
4386.6031069999999090,-1291.2287006424867286
3328.8101799999999457,-647.5403111132327467
2490.5271899999997913,-313.8219475328937733
1836.1948469999999816,-145.9174118529324460
1332.9164820000000873,-64.4363307879177682
951.3662369999999555,-26.6204216051187359
666.2217640000000074,-10.0508307164126336
456.1824770000000058,-3.3313396568798339
303.7550489999999854,-0.8973689482650116
194.8585400000000050,-0.1575930591472741
118.3909129999999976,-0.0014910242673807
65.7331609999999955,0.0053696452735181
30.3111150000000009,-0.0039449606966855
7.1762129999999997,-0.0027778178830644
-15.9185309999999998,0.0033076160559116
-22.4522930000000009,0.0009240650322191
-22.0039780000000000,0.0021944116911676
-19.0911350000000013,-0.0024050541790146
-15.6976289999999992,-0.0076565747514223
-12.5998439999999992,-0.0009297204007446
-10.0096390000000000,0.0072876542822033
-7.9195510000000002,0.0063213365423689
-6.2638829999999999,0.0011549836576084
-4.9655920000000000,-0.0010710917596288
-3.9466280000000000,-0.0026085722733091
-3.1449039999999999,-0.0037487518022838
-2.5111810000000001,-0.0054144720999578
-2.0121190000000002,-0.0037703573108003
-1.6170370000000001,-0.0009815393747297
-0.9486390000000000,0.0075349439847887
-0.5648780000000000,0.0116483572992376
-0.3374590000000000,0.0084271314249551
-0.1998000000000000,0.0013532456085904
-0.1137120000000000,-0.0080671268637090
-0.0628570000000000,-0.0135092438866320
-0.0342740000000000,-0.0149179693666470
-0.0163790000000000,-0.0163566802241378
-0.0091240000000000,-0.0135003644493336
-0.0056150000000000,-0.0106835861606793
-0.0047790000000000,-0.0074716051126879
-0.0060370000000000,-0.0035495899235397
-0.0119580000000000,0.0054671201175971
-0.0186770000000000,0.0138567543377077
-0.0256060000000000,0.0218400177093652
-0.0298500000000000,0.0268327976907299
-0.0332030000000000,0.0307569864846927
-0.0357730000000000,0.0337792853097067
-0.0384280000000000,0.0367989598117048
-0.0405780000000000,0.0392454589327320
-0.0416230000000000,0.0405324505052121
-0.0431770000000000,0.0422842964739744
-0.0269460000000000,0.0269399859063174
-0.0002260000000000,0.0002259997269606
594930.2375329999485984,-428950341516.1088256835937500
406145.6684750000131316,-282567501571.2766113281250000
351918.7206180000212044,-80238756816.3963470458984375
601230.7148580000502989,-34444812610.5248489379882812
816441.8276309999637306,-22518347553.9407844543457031
1025208.4144539999542758,-14697557686.4788417816162109
977946.3207219999749213,-6227278063.7904577255249023
749096.5331689999438822,-4041034832.3307189941406250
534316.2949939999962226,-2616325825.2065310478210449
384715.4312950000166893,-1689694913.7981026172637939
256603.4972150000103284,-698849772.1512026786804199
239855.2768860000069253,-447302650.1745538711547852
238778.7586420000006910,-285269245.3616334795951843
250068.5184489999955986,-181216503.3089503049850464
268484.4145630000275560,-114624058.3058499246835709
283236.7737259999848902,-72160343.7251764088869095
282047.6561569999903440,-45183222.2379533946514130
259580.7065390000061598,-28110332.4450377561151981
221685.0850349999964237,-17353186.4681896120309830
180359.3999699999985751,-10614224.7022974453866482
145635.3619189999881200,-6424404.4797369670122862
121899.1946909999969648,-3844409.3894778275862336
108717.8336370000033639,-2274198.2067452291958034
102973.3693860000057612,-1331466.8467137212865055
100563.3014689999981783,-773602.6097903815098107
97324.2395830000023125,-447339.7486775155412033
90174.9817949999996927,-257051.7607598403119482
48920.8405080000011367,-29184.4394162986245647
38112.0351349999982631,-16381.2102620966797986
29127.7624590000013995,-9059.5415476138587110
21910.1540859999986424,-4932.0695515376173717
16245.4415879999996832,-2631.8423274239539751
11886.0989480000007461,-1367.9379508448600973
8588.2417810000006284,-686.1471657959464210
6132.5674019999996744,-328.9661411854149264
4327.3908480000000054,-147.4362697043052322
3016.4124619999997776,-59.1033274308770160
2075.3565499999999702,-18.9284658533197216
1407.4580900000000838,-2.6958777352278958
938.6792799999999488,2.3939506021011994
613.3158110000000534,2.8903867663874507
390.0991619999999784,1.9560165072740006
238.8965750000000128,0.9426617650596256
71.8516680000000036,0.0014600927871555
3.4218069999999998,-0.0108990259610011
-20.2458010000000002,0.0273137993386072
-25.1273790000000012,-0.0187654391434648
-23.1521320000000017,-0.0180321030778430
-19.2891130000000004,0.0117035543169308
-15.3916029999999999,0.0169904371570411
-12.0663739999999997,0.0081071235795172
-9.4082690000000007,-0.0060023940378944
-7.3436070000000004,-0.0153425315390940
-5.7629130000000002,-0.0103511938005596
-4.5497550000000002,0.0009280396342541
-3.6056919999999999,0.0066504720041420
-2.8614510000000002,0.0033508174573589
-2.2778109999999998,0.0009907072282540
-1.3103400000000001,0.0074020737077682
-0.7579020000000000,0.0055829866485333
-0.4356920000000000,0.0005369299348635
-0.2482280000000000,-0.0016990267270046
-0.1335310000000000,-0.0072139550708926
-0.0637250000000000,-0.0123911223720130
-0.0250260000000000,-0.0128909335050295
-0.0017380000000000,-0.0137862369922970
0.0088330000000000,-0.0114543467059574
0.0130440000000000,-0.0084590932140200
0.0141970000000000,-0.0058115367474292
0.0111220000000000,-0.0009546877169457
0.0042990000000000,0.0064013003843164
-0.0049770000000000,0.0146162331176219
-0.0123210000000000,0.0205372552024901
-0.0180430000000000,0.0248894745102234
-0.0235190000000000,0.0291684688913854
-0.0277710000000000,0.0324126127788675
-0.0308380000000000,0.0346442008511427
-0.0338610000000000,0.0369794505345742
-0.0355310000000000,0.0380849796871588
-0.0373260000000000,0.0394173191169644
-0.0254860000000000,0.0255000928326414
-0.0004850000000000,0.0004850006398136
691924.3053370000561699,175885016313.5628967285156250
752045.7116849999874830,24435850948.1129302978515625
1320779.2699239999055862,16483646377.4598178863525391
2659102.8621979998424649,11122859852.1893482208251953
6699279.7788220001384616,7505168416.2182369232177734
3643171.7921040002256632,2315413041.8938879966735840
1719418.9029969999101013,1567301012.3730828762054443
942420.1600719999987632,1061230245.8992738723754883
603027.5509249999886379,718880831.3106662034988403
481051.7709589999867603,487177779.5788103342056274
507466.6554989999858662,330234434.4858893752098083
1927790.2632740000262856,13247520.9809118844568729
1522426.2617319999262691,-465058.6666581237222999
578636.0953999999910593,-239633.8365411043050699
272909.7740019999910146,-40980.9786728415056132
152100.3287119999877177,6489.2763234346930403
93658.0375349999958416,14698.1601472386537353
61244.2318529999974999,12710.2585012612325954
41426.6992630000022473,8976.4643039257789496
28492.1391289999992296,5797.0407905254724028
19710.7764969999989262,3562.2092275006325508
13629.6506790000003093,2120.6573145285856299
9386.6365100000002712,1234.1694210308196489
6424.8521570000002612,704.8448149982486939
4363.7146439999996801,395.5465490852402581
2937.0149369999999180,217.4508598056136179
1954.9610159999999723,116.9876253242530311
1283.8391819999999370,61.1667963674228758
828.8973849999999857,30.6558989208760977
523.2183669999999438,14.3963581720098546
186.2621120000000019,2.1561395147923292
45.0035159999999976,0.0007575701805820
-8.4927299999999999,-0.0062149930689586
-24.4298159999999989,0.0184183909236530
-25.7528790000000001,-0.0203962143899297
-22.3384199999999993,-0.0027846360835646
-17.9983910000000016,0.0148353336176399
-14.0563599999999997,0.0060799821908315
-10.8681359999999998,-0.0073205616384833
-8.4158650000000002,-0.0095079848973274
-6.5603740000000004,-0.0031483760217785
-5.1568019999999999,0.0076971515829731
-4.0763199999999999,0.0096655618609116
-3.2289530000000002,-0.0005711698610602
-2.5645600000000002,-0.0105348271806540
-1.4717640000000001,-0.0029003315750022
-0.8504010000000000,0.0060875694908742
-0.4838580000000000,0.0054349212369360
-0.2716350000000000,0.0055084517440260
-0.1449940000000000,0.0013791900246113
-0.0681540000000000,-0.0052603024092900
-0.0232060000000000,-0.0103339057400441
0.0024700000000000,-0.0136480174626158
0.0147300000000000,-0.0136325966875715
0.0203710000000000,-0.0127936112903898
0.0197760000000000,-0.0090356754726323
0.0178460000000000,-0.0058267382606669
0.0091950000000000,0.0027008530751710
0.0017020000000000,0.0087736294335152
-0.0064650000000000,0.0153078964496187
-0.0135720000000000,0.0209088151339410
-0.0194560000000000,0.0254982712820347
-0.0241770000000000,0.0291369606449462
-0.0276880000000000,0.0317536306616183
-0.0307620000000000,0.0340924046510569
-0.0324290000000000,0.0351563470831844
-0.0346300000000000,0.0368631991130875
-0.0249830000000000,0.0249980484751562
0.0000000000000000,0.0000000006831997
