T	0->0	1->1	2->2	3->3	4->4	5->5	
1.000000000000000000e+00 1.822933781758147904e-09 2.036007539196128184e-09 1.595322898936746716e-09 1.143706144309879353e-09 5.860431167286943582e-10 1.729317954184128466e-10
2.000000000000000000e+00 2.044222652573047675e-09 2.297409272845565502e-09 2.204504976023312499e-09 2.074394527989165730e-09 1.755472876428181326e-09 1.092677235633961336e-09
3.000000000000000000e+00 2.183513216866602940e-09 2.449003940539807206e-09 2.453570906253474382e-09 2.452450031840717649e-09 2.362529998148869990e-09 1.852713365429881528e-09
4.000000000000000000e+00 2.291699471739636280e-09 2.561041815297152226e-09 2.599166900961794408e-09 2.650032372991783452e-09 2.680089298336314154e-09 2.336254995078755134e-09
5.000000000000000000e+00 2.380335830062617476e-09 2.648147325514881236e-09 2.698627888693276447e-09 2.772230691665331732e-09 2.863843418555351644e-09 2.644229418483105418e-09
6.000000000000000000e+00 2.453191791442504343e-09 2.715831770323277015e-09 2.770462922777030342e-09 2.854272950270326779e-09 2.977834827832646643e-09 2.845951146424490745e-09
7.000000000000000000e+00 2.511785328104696519e-09 2.766986320389922520e-09 2.822286687098935028e-09 2.910350441120962783e-09 3.050249937295318778e-09 2.980117525244408586e-09
8.000000000000000000e+00 2.557210347449613792e-09 2.803711942058942281e-09 2.858130370760620002e-09 2.947391266915736488e-09 3.095008593383524571e-09 3.068739510135608798e-09
9.000000000000000000e+00 2.590701074810435111e-09 2.827930220188785283e-09 2.880771572645444299e-09 2.969574520527757347e-09 3.119968541972200455e-09 3.125190363037217362e-09
1.000000000000000000e+01 2.613679458439019699e-09 2.841510495013300108e-09 2.892481557458622651e-09 2.979902760179390565e-09 3.130167610671664102e-09 3.158197078510118606e-09
1.100000000000000000e+01 2.627644903486824514e-09 2.846232626215617197e-09 2.895235926376569952e-09 2.980756801604477030e-09 3.129162595802435977e-09 3.173804460030248294e-09
1.200000000000000000e+01 2.634056853120788390e-09 2.843724606120140191e-09 2.890759550481818143e-09 2.974096783058394461e-09 3.119617751976388566e-09 3.176382262307617066e-09
1.300000000000000000e+01 2.634254691396853783e-09 2.835420759493055114e-09 2.880534282043587979e-09 2.961546015944680487e-09 3.103589977827432812e-09 3.169177726559731048e-09
1.400000000000000000e+01 2.629416939371903378e-09 2.822546690660387788e-09 2.865807940479636518e-09 2.944439476644131541e-09 3.082686895775927421e-09 3.154643863877903782e-09
1.500000000000000000e+01 2.620549465719903567e-09 2.806124575167823402e-09 2.847611753081945087e-09 2.923862867287642550e-09 3.058168073616101403e-09 3.134650338812446977e-09
1.600000000000000000e+01 2.608491717745090105e-09 2.786990679093998421e-09 2.826784200529313420e-09 2.900688844527992093e-09 3.031017811666956816e-09 3.110628136251199294e-09
1.700000000000000000e+01 2.593932543361351505e-09 2.765818644828793394e-09 2.803997662950801972e-09 2.875611037931523870e-09 3.002001349540629579e-09 3.083673762624197573e-09
1.800000000000000000e+01 2.577429994670614963e-09 2.743144235599318871e-09 2.779784966665113519e-09 2.849175131262228291e-09 2.971709785412183729e-09 3.054626798517952946e-09
1.900000000000000000e+01 2.559431722210497014e-09 2.719388998604144862e-09 2.754564012277887411e-09 2.821806357034389293e-09 2.940596404589897057e-09 3.024128799220551854e-09
2.000000000000000000e+01 2.540294100802273571e-09 2.694881543768552503e-09 2.728659561930139591e-09 2.793833137682480205e-09 2.909006073530828857e-09 2.992668550728768577e-09
2.100000000000000000e+01 2.520299207920058557e-09 2.669875924826147967e-09 2.702321878503531766e-09 2.765506946861881231e-09 2.877198910871328746e-09 2.960617050499266312e-09
2.200000000000000000e+01 2.499669364890134985e-09 2.644567075972971606e-09 2.675742283544294316e-09 2.737018685722540155e-09 2.845369222043901987e-09 2.928254613585355384e-09
2.300000000000000000e+01 2.478579282358942539e-09 2.619103508628282156e-09 2.649065901623912055e-09 2.708511982277390269e-09 2.813660536165408133e-09 2.895791885433780551e-09
2.400000000000000000e+01 2.457166019828217497e-09 2.593597588745710505e-09 2.622401946865031969e-09 2.680093858100154550e-09 2.782177463188556536e-09 2.863386117754981419e-09
2.500000000000000000e+01 2.435537039221921754e-09 2.568133750389833119e-09 2.595831926955908173e-09 2.651843194640465203e-09 2.750994980993269882e-09 2.831153756027680474e-09
2.600000000000000000e+01 2.413776646312665899e-09 2.542774991636384519e-09 2.569416121443183761e-09 2.623817393288843541e-09 2.720165663450047321e-09 2.799180155569119507e-09
2.700000000000000000e+01 2.391951097675113903e-09 2.517567966643746797e-09 2.543198653848971531e-09 2.596057573618692212e-09 2.689725272082412921e-09 2.767527064743130550e-09
2.800000000000000000e+01 2.370112620596136955e-09 2.492546946432356266e-09 2.517211433009478487e-09 2.568592602022751612e-09 2.659697056555986330e-09 2.736238374784540495e-09
2.900000000000000000e+01 2.348302558354073615e-09 2.467736878182229409e-09 2.491477194729878979e-09 2.541442193357701778e-09 2.630095042964597611e-09 2.705344526601317319e-09
3.000000000000000000e+01 2.326553818610990925e-09 2.443155732786358588e-09 2.466011833926484849e-09 2.514619283748248018e-09 2.600926533256449271e-09 2.674865879154648853e-09
3.100000000000000000e+01 2.304892770925344641e-09 2.418816294855666357e-09 2.440826181448045505e-09 2.488131834328442847e-09 2.572193993189255832e-09 2.644815276640018033e-09
3.200000000000000000e+01 2.283340711666310009e-09 2.394727518959010339e-09 2.415927349151830024e-09 2.461984193441627693e-09 2.543896468741661074e-09 2.615199998842001143e-09
3.300000000000000000e+01 2.261914991122411917e-09 2.370895550497517685e-09 2.391319741349915384e-09 2.436178118223828218e-09 2.516030640701022751e-09 2.586023237667089788e-09
3.400000000000000000e+01 2.240629878123277146e-09 2.347324488804909780e-09 2.367005809924646975e-09 2.410713534883569336e-09 2.488591603008634641e-09 2.557285210551618553e-09
3.500000000000000000e+01 2.219497221601894876e-09 2.324016953240748329e-09 2.342986613611184750e-09 2.385589099628025928e-09 2.461573431297347578e-09 2.528983996267403446e-09
3.600000000000000000e+01 2.198526955711621038e-09 2.300974499583654721e-09 2.319262228522015519e-09 2.360802608361922032e-09 2.434969592966136038e-09 2.501116159072929883e-09
3.700000000000000000e+01 2.177727484877621886e-09 2.278197923355019429e-09 2.295832046351440480e-09 2.336351292361112467e-09 2.408773238306082693e-09 2.473677211967249181e-09
3.800000000000000000e+01 2.157105977048469120e-09 2.255687478294173703e-09 2.272694988325759593e-09 2.312232028542600542e-09 2.382977402961190347e-09 2.446661958036676426e-09
3.900000000000000000e+01 2.136668587020440375e-09 2.233443031621139736e-09 2.249849656412699432e-09 2.288441486249327179e-09 2.357575144834361449e-09 2.420064739784838367e-09
4.000000000000000000e+01 2.116420626695364372e-09 2.211464172593463818e-09 2.227294438201324293e-09 2.264976227255186557e-09 2.332559632995794920e-09 2.393879619311135537e-09
4.100000000000000000e+01 2.096366695221679990e-09 2.189750286885942990e-09 2.205027577908231621e-09 2.241832771659149811e-09 2.307924201867491882e-09 2.368100506787031686e-09
4.200000000000000000e+01 2.076510778927739894e-09 2.168300606250793613e-09 2.183047222912169011e-09 2.219007639223842374e-09 2.283662380664406155e-09 2.342721250511278617e-09
4.300000000000000000e+01 2.056856328601137348e-09 2.147114240553964417e-09 2.161351452871141666e-09 2.196497373321777514e-09 2.259767905549925406e-09 2.317735698622101329e-09
4.400000000000000000e+01 2.037406319849408920e-09 2.126190197474552799e-09 2.139938296677855956e-09 2.174298552821472311e-09 2.236234720037418524e-09 2.293137740087166294e-09
4.500000000000000000e+01 2.018163300878159966e-09 2.105527393774680757e-09 2.118805741137721682e-09 2.152407795849971315e-09 2.213056967704894904e-09 2.268921330710537794e-09
4.600000000000000000e+01 1.999129430949341175e-09 2.085124660999794190e-09 2.097951734212170182e-09 2.130821758308948219e-09 2.190228980180673823e-09 2.245080508457990440e-09
4.700000000000000000e+01 1.980306511961941846e-09 2.064980747677879719e-09 2.077374184882958662e-09 2.109537129221345495e-09 2.167745262521953399e-09 2.221609401305814982e-09
4.800000000000000000e+01 1.961696014972340828e-09 2.045094319491369773e-09 2.057070961101572083e-09 2.088550624384294297e-09 2.145600477481480482e-09 2.198502229984722817e-09
4.900000000000000000e+01 1.943299102997428559e-09 2.025463958451458351e-09 2.037039886846047132e-09 2.067858979355266414e-09 2.123789429690815095e-09 2.175753307358619280e-09
5.000000000000000000e+01 1.925116651085335652e-09 2.006088161775391108e-09 2.017278738979946985e-09 2.047458942465781269e-09 2.102307050443714820e-09 2.153357035700855887e-09
5.100000000000000000e+01 1.907149264369326801e-09 1.986965340925587952e-09 1.997785244367644616e-09 2.027347268312791094e-09 2.081148383510698671e-09 2.131307902771757233e-09
5.200000000000000000e+01 1.889397294619129398e-09 1.968093821093843823e-09 1.978557077525147220e-09 2.007520712000516222e-09 2.060308572233184096e-09 2.109600477332831287e-09
5.300000000000000000e+01 1.871860855654456584e-09 1.949471841288098282e-09 1.959591858960438972e-09 1.987976024278554545e-09 2.039782848015495111e-09 2.088229404533598835e-09
5.400000000000000000e+01 1.854539837875384528e-09 1.931097555090817862e-09 1.940887154269166643e-09 1.968709947632904290e-09 2.019566520242239112e-09 2.067189401459837698e-09
5.500000000000000000e+01 1.837433922083859684e-09 1.912969032097354373e-09 1.922440473990992658e-09 1.949719213325449036e-09 1.999654967586997344e-09 2.046475253024644934e-09
5.600000000000000000e+01 1.820542592712617182e-09 1.895084260002472431e-09 1.904249274191885168e-09 1.931000539337125971e-09 1.980043630638144984e-09 2.026081808306196834e-09
5.700000000000000000e+01 1.803865150536611090e-09 1.877441147278049735e-09 1.886310957712446915e-09 1.912550629144825622e-09 1.960728005743333259e-09 2.006003977381096806e-09
5.800000000000000000e+01 1.787400724913279081e-09 1.860037526370564198e-09 1.868622876008075284e-09 1.894366171247908292e-09 1.941703639961048590e-09 1.986236728664024388e-09
5.900000000000000000e+01 1.771148285578427282e-09 1.842871157340295312e-09 1.851182331500033569e-09 1.876443839353776654e-09 1.922966127002670886e-09 1.966775086738652615e-09
6.000000000000000000e+01 1.755106654011693538e-09 1.825939731862813263e-09 1.833986580355196791e-09 1.858780293131016670e-09 1.904511104048911798e-09 1.947614130648260672e-09
6.100000000000000000e+01 1.739274514377553707e-09 1.809240877515572999e-09 1.817032835614497375e-09 1.841372179441235374e-09 1.886334249328760872e-09 1.928748992604585194e-09
6.200000000000000000e+01 1.723650424043325162e-09 1.792772162277024440e-09 1.800318270594706454e-09 1.824216133965836652e-09 1.868431280355626704e-09 1.910174857068371375e-09
6.300000000000000000e+01 1.708232823673478240e-09 1.776531099171592063e-09 1.783840022494184053e-09 1.807308783150376073e-09 1.850797952723337305e-09 1.891886960153367011e-09
6.400000000000000000e+01 1.693020046899078169e-09 1.760515151000626471e-09 1.767595196139999408e-09 1.790646746396399048e-09 1.833430059373329213e-09 1.873880589306112189e-09
6.500000000000000000e+01 1.678010329561743892e-09 1.744721735106336884e-09 1.751580867820805924e-09 1.774226638438083764e-09 1.816323430253191266e-09 1.856151083216040480e-09
6.600000000000000000e+01 1.663201818532708200e-09 1.729148228122638269e-09 1.735794089156850956e-09 1.758045071848439617e-09 1.799473932295460448e-09 1.838693831913515347e-09
6.700000000000000000e+01 1.648592580109147833e-09 1.713791970673451392e-09 1.720231890965123016e-09 1.742098659626888437e-09 1.782877469653869426e-09 1.821504277017077323e-09
6.800000000000000000e+01 1.634180607991636558e-09 1.698650271985153115e-09 1.704891287083963400e-09 1.726384017826748695e-09 1.766529984142091008e-09 1.804577912095116538e-09
6.900000000000000000e+01 1.619963830848298904e-09 1.683720414385603060e-09 1.689769278127190245e-09 1.710897768187277268e-09 1.750427455827237748e-09 1.787910283111110747e-09
7.000000000000000000e+01 1.605940119472873422e-09 1.668999657667300691e-09 1.674862855143055246e-09 1.695636540740556648e-09 1.734565903736971714e-09 1.771496988925445613e-09
7.100000000000000000e+01 1.592107293545345033e-09 1.654485243296850789e-09 1.660169003158048563e-09 1.680596976368534584e-09 1.718941386645054542e-09 1.755333681830471939e-09
7.200000000000000000e+01 1.578463128005124325e-09 1.640174398457001160e-09 1.645684704589733531e-09 1.665775729290045371e-09 1.703550003905488569e-09 1.739416068098870165e-09
7.300000000000000000e+01 1.565005359047838565e-09 1.626064339911101003e-09 1.631406942516482641e-09 1.651169469461599010e-09 1.688387896310173884e-09 1.723739908528513827e-09
7.400000000000000000e+01 1.551731689757709139e-09 1.612152277682933188e-09 1.617332703795172345e-09 1.636774884879226327e-09 1.673451246949192704e-09 1.708301018969848269e-09
7.500000000000000000e+01 1.538639795388188200e-09 1.598435418547549407e-09 1.603458982020666339e-09 1.622588683771670201e-09 1.658736282056506428e-09 1.693095270824319495e-09
7.600000000000000000e+01 1.525727328304092554e-09 1.584910969331041915e-09 1.589782780323296141e-09 1.608607596677876346e-09 1.644239271827111026e-09 1.678118591504666470e-09
7.700000000000000000e+01 1.512991922598799276e-09 1.571576140019078957e-09 1.576301114002552871e-09 1.594828378403927280e-09 1.629956531194439576e-09 1.663366964849821679e-09
7.800000000000000000e+01 1.500431198400326506e-09 1.558428146675684362e-09 1.563011012996906704e-09 1.581247809856521034e-09 1.615884420559259552e-09 1.648836431488931394e-09
7.900000000000000000e+01 1.488042765880204725e-09 1.545464214175055687e-09 1.549909524191099386e-09 1.567862699751686206e-09 1.602019346463375038e-09 1.634523089150467695e-09
8.000000000000000000e+01 1.475824228979008283e-09 1.532681578750294840e-09 1.536993713563386615e-09 1.554669886198769555e-09 1.588357762203210691e-09 1.620423092913703989e-09
8.100000000000000000e+01 1.463773188862328403e-09 1.520077490363824612e-09 1.524260668176203807e-09 1.541666238160877969e-09 1.574896168379873619e-09 1.606532655400919318e-09
8.200000000000000000e+01 1.451887247120740822e-09 1.507649214904930455e-09 1.511707498014447831e-09 1.528848656793836961e-09 1.561631113383565437e-09 1.592848046909610150e-09
8.300000000000000000e+01 1.440164008727077185e-09 1.495394036220398315e-09 1.499331337676176695e-09 1.516214076666511201e-09 1.548559193811270434e-09 1.579365595484775421e-09
8.400000000000000000e+01 1.428601084763964615e-09 1.483309257984605179e-09 1.487129347920990524e-09 1.503759466865873356e-09 1.535677054817547973e-09 1.566081686931970683e-09
8.500000000000000000e+01 1.417196094934258480e-09 1.471392205415696952e-09 1.475098717081674631e-09 1.491481831990718285e-09 1.522981390398992881e-09 1.552992764772367798e-09
8.600000000000000000e+01 1.405946669866559578e-09 1.459640226844644412e-09 1.463236662344926358e-09 1.479378213038223224e-09 1.510468943613508406e-09 1.540095330141464394e-09
8.700000000000000000e+01 1.394850453227608639e-09 1.448050695144056474e-09 1.451540430907113336e-09 1.467445688187823845e-09 1.498136506736038074e-09 1.527385941633437013e-09
8.800000000000000000e+01 1.383905103652881615e-09 1.436621009023654217e-09 1.440007301011101369e-09 1.455681373487046031e-09 1.485980921352767487e-09 1.514861215093382087e-09
8.900000000000000000e+01 1.373108296506270647e-09 1.425348594199246662e-09 1.428634582870171958e-09 1.444082423444024866e-09 1.473999078396115935e-09 1.502517823359890505e-09
9.000000000000000000e+01 1.362457725479264690e-09 1.414230904441980428e-09 1.417419619485031281e-09 1.432646031531496683e-09 1.462187918123055569e-09 1.490352495960544644e-09
9.100000000000000000e+01 1.351951104039567964e-09 1.403265422514480917e-09 1.406359787359797049e-09 1.421369430607032043e-09 1.450544430039445062e-09 1.478362018763003251e-09
9.200000000000000000e+01 1.341586166738653715e-09 1.392449661000361441e-09 1.395452497122769849e-09 1.410249893254250426e-09 1.439065652773198415e-09 1.466543233584408617e-09
9.300000000000000000e+01 1.331360670387268931e-09 1.381781163033376520e-09 1.384695194057605519e-09 1.399284732049663529e-09 1.427748673899141045e-09 1.454893037761864149e-09
9.400000000000000000e+01 1.321272395107479865e-09 1.371257502932304098e-09 1.374085358550382280e-09 1.388471299759711750e-09 1.416590629718466473e-09 1.443408383686709975e-09
9.500000000000000000e+01 1.311319145269386869e-09 1.360876286747413102e-09 1.363620506457843964e-09 1.377806989472421159e-09 1.405588704995673042e-09 1.432086278305311380e-09
9.600000000000000000e+01 1.301498750320229034e-09 1.350635152724152987e-09 1.353298189401920161e-09 1.367289234667983293e-09 1.394740132655853033e-09 1.420923782589011806e-09
9.700000000000000000e+01 1.291809065513165875e-09 1.340531771689464028e-09 1.343115994995423267e-09 1.356915509232394341e-09 1.384042193445148051e-09 1.409918010975834537e-09
9.800000000000000000e+01 1.282247972542649233e-09 1.330563847365877658e-09 1.333071547003613201e-09 1.346683327418162816e-09 1.373492215557121676e-09 1.399066130786450172e-09
9.900000000000000000e+01 1.272813380092883526e-09 1.320729116618332893e-09 1.323162505446110810e-09 1.336590243755889121e-09 1.363087574227725927e-09 1.388365361616829191e-09
1.000000000000000000e+02 1.263503224305528755e-09 1.311025349638405168e-09 1.313386566643441667e-09 1.326633852920399188e-09 1.352825691301443171e-09 1.377812974709917829e-09
